,Iteration,Time,Fitness,FEvals,max_iters,restarts,init_state,algorithm,activation,bias,early_stopping,clip_max,hidden_layer_sizes,learning_rate_init,max_attempts,current_restart
0,0,0.01199360005557537,1.9094713142024167,1.0,100,15,"[0.9340596780273533, 0.09446449835144466, 0.9453687199297687, 0.4296319873487293, 0.3954576491945416, -0.5678210088392472, 0.9525489095524835, -0.9875394895908203, -0.4940352752331121, -0.13041693519110842, 0.5587658435875049, -0.6046298507994938, 0.7259864711984445, 0.9668013543506255, -0.6723155171906026, 0.19466788786571843, -0.98202780466489, -0.22685743471274122, -0.9116798841370009, 0.9133059354284718, -0.1277067062404047, 0.8979546135631256, 0.5726119718701219, 0.7325785971633969, -0.6536691570081037, -0.850102825973786, 0.2014854427555386, -0.6640556325631923, 0.4667603350211398, -0.18311227969597055, 0.05581764683584067, 0.875143167901884, 0.043392244889916, -0.7836132342255386, -0.6835531856304011, 0.09040530340642561, 0.04880816013694678, 0.2752204882519873, -0.1970091128194542, 0.2996102180386846, -0.20619999419653467, 0.24783222709644614, 0.5348099341802477, -0.6420521799177383, -0.24884846282491524, 0.005066118653868745, 0.3733341598326916, -0.4926407026772337, 0.10948172588511706, 0.24986168812819542, 0.7910023321122921, -0.27429282313374714, 0.2751141460374733, -0.6171071957620733, -0.004411770765388567, -0.6351091908575863, 0.8367660782795254, -0.13635585731754474, 0.6603762041966925, -0.16644739064327485, 0.8093351774867339, -0.19034956537818792, -0.33765099381775454, 0.14427754054549724, 0.6908872981882266, 0.7220286235061439, 0.19137623413666893, -0.8306767779591795, 0.19453321463834983, -0.5090925828337958, 0.46518689717993555, 0.7893025846334776, 0.0294679418262902, 0.20712702072041278, -0.8698643752343853, 0.08014945928561268, -0.7416264326591246, 0.22912569270066396, -0.2726993059103242, 0.5355160686614915, -0.902931727160895, -0.7803637637643119, 0.36804643024725525, 0.029307394167312983, 0.1432827432294983, 0.6874139879813108, -0.024524721700651453, 0.6202888442522898, 0.020487258589880097, 0.8534413864805024, 0.333855543079252, -0.7025463211318861, -0.27089364934848836, 0.7315498318881986, -0.29942957828896866, -0.6219484810876903, -0.0547573816684539, -0.21443765035574014, 0.23785985328818726, -0.12646741612097356, -0.47815568541100895, -0.17505557667448635, -0.16193193089539926, 0.8048437117522818, 0.9592325240809707, 0.24713767881382775, -0.8336317548582777, 0.46599743519199, 0.357370804957968, 0.6520457340504391, -0.3050973265778887, -0.8822398116837538, 0.2236436329105842, -0.751970763373456, 0.5190590583266628, 0.5888466351532844, -0.18274642650020412, 0.8875950117660911, -0.6524404124894483, 0.8851716994539605]",rhc,relu,False,False,100,[10],0.1,100,0
1,1,0.03315600007772446,1.9094713142024167,3.0,100,15,"[0.9340596780273533, 0.09446449835144466, 0.9453687199297687, 0.4296319873487293, 0.3954576491945416, -0.5678210088392472, 0.9525489095524835, -0.9875394895908203, -0.4940352752331121, -0.13041693519110842, 0.5587658435875049, -0.6046298507994938, 0.7259864711984445, 0.9668013543506255, -0.6723155171906026, 0.19466788786571843, -0.98202780466489, -0.22685743471274122, -0.9116798841370009, 0.9133059354284718, -0.1277067062404047, 0.8979546135631256, 0.5726119718701219, 0.7325785971633969, -0.6536691570081037, -0.850102825973786, 0.2014854427555386, -0.6640556325631923, 0.4667603350211398, -0.18311227969597055, 0.05581764683584067, 0.875143167901884, 0.043392244889916, -0.7836132342255386, -0.6835531856304011, 0.09040530340642561, 0.04880816013694678, 0.2752204882519873, -0.1970091128194542, 0.2996102180386846, -0.20619999419653467, 0.24783222709644614, 0.5348099341802477, -0.6420521799177383, -0.24884846282491524, 0.005066118653868745, 0.3733341598326916, -0.4926407026772337, 0.10948172588511706, 0.24986168812819542, 0.7910023321122921, -0.27429282313374714, 0.2751141460374733, -0.6171071957620733, -0.004411770765388567, -0.6351091908575863, 0.8367660782795254, -0.13635585731754474, 0.6603762041966925, -0.16644739064327485, 0.8093351774867339, -0.19034956537818792, -0.33765099381775454, 0.14427754054549724, 0.6908872981882266, 0.7220286235061439, 0.19137623413666893, -0.8306767779591795, 0.19453321463834983, -0.5090925828337958, 0.46518689717993555, 0.7893025846334776, 0.0294679418262902, 0.20712702072041278, -0.8698643752343853, 0.08014945928561268, -0.7416264326591246, 0.22912569270066396, -0.2726993059103242, 0.5355160686614915, -0.902931727160895, -0.7803637637643119, 0.36804643024725525, 0.029307394167312983, 0.1432827432294983, 0.6874139879813108, -0.024524721700651453, 0.6202888442522898, 0.020487258589880097, 0.8534413864805024, 0.333855543079252, -0.7025463211318861, -0.27089364934848836, 0.7315498318881986, -0.29942957828896866, -0.6219484810876903, -0.0547573816684539, -0.21443765035574014, 0.23785985328818726, -0.12646741612097356, -0.47815568541100895, -0.17505557667448635, -0.16193193089539926, 0.8048437117522818, 0.9592325240809707, 0.24713767881382775, -0.8336317548582777, 0.46599743519199, 0.357370804957968, 0.6520457340504391, -0.3050973265778887, -0.8822398116837538, 0.2236436329105842, -0.751970763373456, 0.5190590583266628, 0.5888466351532844, -0.18274642650020412, 0.8875950117660911, -0.6524404124894483, 0.8851716994539605]",rhc,relu,False,False,100,[10],0.1,100,0
2,2,0.03611099999397993,1.900685676009422,5.0,100,15,"[0.9340596780273533, 0.09446449835144466, 0.9453687199297687, 0.4296319873487293, 0.3954576491945416, -0.5678210088392472, 0.9525489095524835, -0.9875394895908203, -0.4940352752331121, -0.13041693519110842, 0.5587658435875049, -0.6046298507994938, 0.7259864711984445, 0.9668013543506255, -0.6723155171906026, 0.19466788786571843, -0.98202780466489, -0.22685743471274122, -0.9116798841370009, 0.9133059354284718, -0.1277067062404047, 0.8979546135631256, 0.5726119718701219, 0.7325785971633969, -0.6536691570081037, -0.850102825973786, 0.2014854427555386, -0.6640556325631923, 0.4667603350211398, -0.18311227969597055, 0.05581764683584067, 0.875143167901884, 0.043392244889916, -0.7836132342255386, -0.6835531856304011, 0.09040530340642561, 0.04880816013694678, 0.2752204882519873, -0.1970091128194542, 0.2996102180386846, -0.20619999419653467, 0.24783222709644614, 0.5348099341802477, -0.6420521799177383, -0.24884846282491524, 0.005066118653868745, 0.3733341598326916, -0.4926407026772337, 0.10948172588511706, 0.24986168812819542, 0.7910023321122921, -0.27429282313374714, 0.2751141460374733, -0.6171071957620733, -0.004411770765388567, -0.6351091908575863, 0.8367660782795254, -0.13635585731754474, 0.6603762041966925, -0.16644739064327485, 0.8093351774867339, -0.19034956537818792, -0.33765099381775454, 0.14427754054549724, 0.6908872981882266, 0.7220286235061439, 0.19137623413666893, -0.8306767779591795, 0.19453321463834983, -0.5090925828337958, 0.46518689717993555, 0.7893025846334776, 0.0294679418262902, 0.20712702072041278, -0.8698643752343853, 0.08014945928561268, -0.7416264326591246, 0.22912569270066396, -0.2726993059103242, 0.5355160686614915, -0.902931727160895, -0.7803637637643119, 0.36804643024725525, 0.029307394167312983, 0.1432827432294983, 0.6874139879813108, -0.024524721700651453, 0.6202888442522898, 0.020487258589880097, 0.8534413864805024, 0.333855543079252, -0.7025463211318861, -0.27089364934848836, 0.7315498318881986, -0.29942957828896866, -0.6219484810876903, -0.0547573816684539, -0.21443765035574014, 0.23785985328818726, -0.12646741612097356, -0.47815568541100895, -0.17505557667448635, -0.16193193089539926, 0.8048437117522818, 0.9592325240809707, 0.24713767881382775, -0.8336317548582777, 0.46599743519199, 0.357370804957968, 0.6520457340504391, -0.3050973265778887, -0.8822398116837538, 0.2236436329105842, -0.751970763373456, 0.5190590583266628, 0.5888466351532844, -0.18274642650020412, 0.8875950117660911, -0.6524404124894483, 0.8851716994539605]",rhc,relu,False,False,100,[10],0.1,100,0
3,3,0.03751040005590767,1.900685676009422,6.0,100,15,"[0.9340596780273533, 0.09446449835144466, 0.9453687199297687, 0.4296319873487293, 0.3954576491945416, -0.5678210088392472, 0.9525489095524835, -0.9875394895908203, -0.4940352752331121, -0.13041693519110842, 0.5587658435875049, -0.6046298507994938, 0.7259864711984445, 0.9668013543506255, -0.6723155171906026, 0.19466788786571843, -0.98202780466489, -0.22685743471274122, -0.9116798841370009, 0.9133059354284718, -0.1277067062404047, 0.8979546135631256, 0.5726119718701219, 0.7325785971633969, -0.6536691570081037, -0.850102825973786, 0.2014854427555386, -0.6640556325631923, 0.4667603350211398, -0.18311227969597055, 0.05581764683584067, 0.875143167901884, 0.043392244889916, -0.7836132342255386, -0.6835531856304011, 0.09040530340642561, 0.04880816013694678, 0.2752204882519873, -0.1970091128194542, 0.2996102180386846, -0.20619999419653467, 0.24783222709644614, 0.5348099341802477, -0.6420521799177383, -0.24884846282491524, 0.005066118653868745, 0.3733341598326916, -0.4926407026772337, 0.10948172588511706, 0.24986168812819542, 0.7910023321122921, -0.27429282313374714, 0.2751141460374733, -0.6171071957620733, -0.004411770765388567, -0.6351091908575863, 0.8367660782795254, -0.13635585731754474, 0.6603762041966925, -0.16644739064327485, 0.8093351774867339, -0.19034956537818792, -0.33765099381775454, 0.14427754054549724, 0.6908872981882266, 0.7220286235061439, 0.19137623413666893, -0.8306767779591795, 0.19453321463834983, -0.5090925828337958, 0.46518689717993555, 0.7893025846334776, 0.0294679418262902, 0.20712702072041278, -0.8698643752343853, 0.08014945928561268, -0.7416264326591246, 0.22912569270066396, -0.2726993059103242, 0.5355160686614915, -0.902931727160895, -0.7803637637643119, 0.36804643024725525, 0.029307394167312983, 0.1432827432294983, 0.6874139879813108, -0.024524721700651453, 0.6202888442522898, 0.020487258589880097, 0.8534413864805024, 0.333855543079252, -0.7025463211318861, -0.27089364934848836, 0.7315498318881986, -0.29942957828896866, -0.6219484810876903, -0.0547573816684539, -0.21443765035574014, 0.23785985328818726, -0.12646741612097356, -0.47815568541100895, -0.17505557667448635, -0.16193193089539926, 0.8048437117522818, 0.9592325240809707, 0.24713767881382775, -0.8336317548582777, 0.46599743519199, 0.357370804957968, 0.6520457340504391, -0.3050973265778887, -0.8822398116837538, 0.2236436329105842, -0.751970763373456, 0.5190590583266628, 0.5888466351532844, -0.18274642650020412, 0.8875950117660911, -0.6524404124894483, 0.8851716994539605]",rhc,relu,False,False,100,[10],0.1,100,0
4,4,0.0403158999979496,1.9005118820410398,8.0,100,15,"[0.9340596780273533, 0.09446449835144466, 0.9453687199297687, 0.4296319873487293, 0.3954576491945416, -0.5678210088392472, 0.9525489095524835, -0.9875394895908203, -0.4940352752331121, -0.13041693519110842, 0.5587658435875049, -0.6046298507994938, 0.7259864711984445, 0.9668013543506255, -0.6723155171906026, 0.19466788786571843, -0.98202780466489, -0.22685743471274122, -0.9116798841370009, 0.9133059354284718, -0.1277067062404047, 0.8979546135631256, 0.5726119718701219, 0.7325785971633969, -0.6536691570081037, -0.850102825973786, 0.2014854427555386, -0.6640556325631923, 0.4667603350211398, -0.18311227969597055, 0.05581764683584067, 0.875143167901884, 0.043392244889916, -0.7836132342255386, -0.6835531856304011, 0.09040530340642561, 0.04880816013694678, 0.2752204882519873, -0.1970091128194542, 0.2996102180386846, -0.20619999419653467, 0.24783222709644614, 0.5348099341802477, -0.6420521799177383, -0.24884846282491524, 0.005066118653868745, 0.3733341598326916, -0.4926407026772337, 0.10948172588511706, 0.24986168812819542, 0.7910023321122921, -0.27429282313374714, 0.2751141460374733, -0.6171071957620733, -0.004411770765388567, -0.6351091908575863, 0.8367660782795254, -0.13635585731754474, 0.6603762041966925, -0.16644739064327485, 0.8093351774867339, -0.19034956537818792, -0.33765099381775454, 0.14427754054549724, 0.6908872981882266, 0.7220286235061439, 0.19137623413666893, -0.8306767779591795, 0.19453321463834983, -0.5090925828337958, 0.46518689717993555, 0.7893025846334776, 0.0294679418262902, 0.20712702072041278, -0.8698643752343853, 0.08014945928561268, -0.7416264326591246, 0.22912569270066396, -0.2726993059103242, 0.5355160686614915, -0.902931727160895, -0.7803637637643119, 0.36804643024725525, 0.029307394167312983, 0.1432827432294983, 0.6874139879813108, -0.024524721700651453, 0.6202888442522898, 0.020487258589880097, 0.8534413864805024, 0.333855543079252, -0.7025463211318861, -0.27089364934848836, 0.7315498318881986, -0.29942957828896866, -0.6219484810876903, -0.0547573816684539, -0.21443765035574014, 0.23785985328818726, -0.12646741612097356, -0.47815568541100895, -0.17505557667448635, -0.16193193089539926, 0.8048437117522818, 0.9592325240809707, 0.24713767881382775, -0.8336317548582777, 0.46599743519199, 0.357370804957968, 0.6520457340504391, -0.3050973265778887, -0.8822398116837538, 0.2236436329105842, -0.751970763373456, 0.5190590583266628, 0.5888466351532844, -0.18274642650020412, 0.8875950117660911, -0.6524404124894483, 0.8851716994539605]",rhc,relu,False,False,100,[10],0.1,100,0
5,5,0.041674000094644725,1.9005118820410398,9.0,100,15,"[0.9340596780273533, 0.09446449835144466, 0.9453687199297687, 0.4296319873487293, 0.3954576491945416, -0.5678210088392472, 0.9525489095524835, -0.9875394895908203, -0.4940352752331121, -0.13041693519110842, 0.5587658435875049, -0.6046298507994938, 0.7259864711984445, 0.9668013543506255, -0.6723155171906026, 0.19466788786571843, -0.98202780466489, -0.22685743471274122, -0.9116798841370009, 0.9133059354284718, -0.1277067062404047, 0.8979546135631256, 0.5726119718701219, 0.7325785971633969, -0.6536691570081037, -0.850102825973786, 0.2014854427555386, -0.6640556325631923, 0.4667603350211398, -0.18311227969597055, 0.05581764683584067, 0.875143167901884, 0.043392244889916, -0.7836132342255386, -0.6835531856304011, 0.09040530340642561, 0.04880816013694678, 0.2752204882519873, -0.1970091128194542, 0.2996102180386846, -0.20619999419653467, 0.24783222709644614, 0.5348099341802477, -0.6420521799177383, -0.24884846282491524, 0.005066118653868745, 0.3733341598326916, -0.4926407026772337, 0.10948172588511706, 0.24986168812819542, 0.7910023321122921, -0.27429282313374714, 0.2751141460374733, -0.6171071957620733, -0.004411770765388567, -0.6351091908575863, 0.8367660782795254, -0.13635585731754474, 0.6603762041966925, -0.16644739064327485, 0.8093351774867339, -0.19034956537818792, -0.33765099381775454, 0.14427754054549724, 0.6908872981882266, 0.7220286235061439, 0.19137623413666893, -0.8306767779591795, 0.19453321463834983, -0.5090925828337958, 0.46518689717993555, 0.7893025846334776, 0.0294679418262902, 0.20712702072041278, -0.8698643752343853, 0.08014945928561268, -0.7416264326591246, 0.22912569270066396, -0.2726993059103242, 0.5355160686614915, -0.902931727160895, -0.7803637637643119, 0.36804643024725525, 0.029307394167312983, 0.1432827432294983, 0.6874139879813108, -0.024524721700651453, 0.6202888442522898, 0.020487258589880097, 0.8534413864805024, 0.333855543079252, -0.7025463211318861, -0.27089364934848836, 0.7315498318881986, -0.29942957828896866, -0.6219484810876903, -0.0547573816684539, -0.21443765035574014, 0.23785985328818726, -0.12646741612097356, -0.47815568541100895, -0.17505557667448635, -0.16193193089539926, 0.8048437117522818, 0.9592325240809707, 0.24713767881382775, -0.8336317548582777, 0.46599743519199, 0.357370804957968, 0.6520457340504391, -0.3050973265778887, -0.8822398116837538, 0.2236436329105842, -0.751970763373456, 0.5190590583266628, 0.5888466351532844, -0.18274642650020412, 0.8875950117660911, -0.6524404124894483, 0.8851716994539605]",rhc,relu,False,False,100,[10],0.1,100,0
6,6,0.04435340000782162,1.8994630958415049,11.0,100,15,"[0.9340596780273533, 0.09446449835144466, 0.9453687199297687, 0.4296319873487293, 0.3954576491945416, -0.5678210088392472, 0.9525489095524835, -0.9875394895908203, -0.4940352752331121, -0.13041693519110842, 0.5587658435875049, -0.6046298507994938, 0.7259864711984445, 0.9668013543506255, -0.6723155171906026, 0.19466788786571843, -0.98202780466489, -0.22685743471274122, -0.9116798841370009, 0.9133059354284718, -0.1277067062404047, 0.8979546135631256, 0.5726119718701219, 0.7325785971633969, -0.6536691570081037, -0.850102825973786, 0.2014854427555386, -0.6640556325631923, 0.4667603350211398, -0.18311227969597055, 0.05581764683584067, 0.875143167901884, 0.043392244889916, -0.7836132342255386, -0.6835531856304011, 0.09040530340642561, 0.04880816013694678, 0.2752204882519873, -0.1970091128194542, 0.2996102180386846, -0.20619999419653467, 0.24783222709644614, 0.5348099341802477, -0.6420521799177383, -0.24884846282491524, 0.005066118653868745, 0.3733341598326916, -0.4926407026772337, 0.10948172588511706, 0.24986168812819542, 0.7910023321122921, -0.27429282313374714, 0.2751141460374733, -0.6171071957620733, -0.004411770765388567, -0.6351091908575863, 0.8367660782795254, -0.13635585731754474, 0.6603762041966925, -0.16644739064327485, 0.8093351774867339, -0.19034956537818792, -0.33765099381775454, 0.14427754054549724, 0.6908872981882266, 0.7220286235061439, 0.19137623413666893, -0.8306767779591795, 0.19453321463834983, -0.5090925828337958, 0.46518689717993555, 0.7893025846334776, 0.0294679418262902, 0.20712702072041278, -0.8698643752343853, 0.08014945928561268, -0.7416264326591246, 0.22912569270066396, -0.2726993059103242, 0.5355160686614915, -0.902931727160895, -0.7803637637643119, 0.36804643024725525, 0.029307394167312983, 0.1432827432294983, 0.6874139879813108, -0.024524721700651453, 0.6202888442522898, 0.020487258589880097, 0.8534413864805024, 0.333855543079252, -0.7025463211318861, -0.27089364934848836, 0.7315498318881986, -0.29942957828896866, -0.6219484810876903, -0.0547573816684539, -0.21443765035574014, 0.23785985328818726, -0.12646741612097356, -0.47815568541100895, -0.17505557667448635, -0.16193193089539926, 0.8048437117522818, 0.9592325240809707, 0.24713767881382775, -0.8336317548582777, 0.46599743519199, 0.357370804957968, 0.6520457340504391, -0.3050973265778887, -0.8822398116837538, 0.2236436329105842, -0.751970763373456, 0.5190590583266628, 0.5888466351532844, -0.18274642650020412, 0.8875950117660911, -0.6524404124894483, 0.8851716994539605]",rhc,relu,False,False,100,[10],0.1,100,0
7,7,0.04734460008330643,1.8928455765983743,13.0,100,15,"[0.9340596780273533, 0.09446449835144466, 0.9453687199297687, 0.4296319873487293, 0.3954576491945416, -0.5678210088392472, 0.9525489095524835, -0.9875394895908203, -0.4940352752331121, -0.13041693519110842, 0.5587658435875049, -0.6046298507994938, 0.7259864711984445, 0.9668013543506255, -0.6723155171906026, 0.19466788786571843, -0.98202780466489, -0.22685743471274122, -0.9116798841370009, 0.9133059354284718, -0.1277067062404047, 0.8979546135631256, 0.5726119718701219, 0.7325785971633969, -0.6536691570081037, -0.850102825973786, 0.2014854427555386, -0.6640556325631923, 0.4667603350211398, -0.18311227969597055, 0.05581764683584067, 0.875143167901884, 0.043392244889916, -0.7836132342255386, -0.6835531856304011, 0.09040530340642561, 0.04880816013694678, 0.2752204882519873, -0.1970091128194542, 0.2996102180386846, -0.20619999419653467, 0.24783222709644614, 0.5348099341802477, -0.6420521799177383, -0.24884846282491524, 0.005066118653868745, 0.3733341598326916, -0.4926407026772337, 0.10948172588511706, 0.24986168812819542, 0.7910023321122921, -0.27429282313374714, 0.2751141460374733, -0.6171071957620733, -0.004411770765388567, -0.6351091908575863, 0.8367660782795254, -0.13635585731754474, 0.6603762041966925, -0.16644739064327485, 0.8093351774867339, -0.19034956537818792, -0.33765099381775454, 0.14427754054549724, 0.6908872981882266, 0.7220286235061439, 0.19137623413666893, -0.8306767779591795, 0.19453321463834983, -0.5090925828337958, 0.46518689717993555, 0.7893025846334776, 0.0294679418262902, 0.20712702072041278, -0.8698643752343853, 0.08014945928561268, -0.7416264326591246, 0.22912569270066396, -0.2726993059103242, 0.5355160686614915, -0.902931727160895, -0.7803637637643119, 0.36804643024725525, 0.029307394167312983, 0.1432827432294983, 0.6874139879813108, -0.024524721700651453, 0.6202888442522898, 0.020487258589880097, 0.8534413864805024, 0.333855543079252, -0.7025463211318861, -0.27089364934848836, 0.7315498318881986, -0.29942957828896866, -0.6219484810876903, -0.0547573816684539, -0.21443765035574014, 0.23785985328818726, -0.12646741612097356, -0.47815568541100895, -0.17505557667448635, -0.16193193089539926, 0.8048437117522818, 0.9592325240809707, 0.24713767881382775, -0.8336317548582777, 0.46599743519199, 0.357370804957968, 0.6520457340504391, -0.3050973265778887, -0.8822398116837538, 0.2236436329105842, -0.751970763373456, 0.5190590583266628, 0.5888466351532844, -0.18274642650020412, 0.8875950117660911, -0.6524404124894483, 0.8851716994539605]",rhc,relu,False,False,100,[10],0.1,100,0
8,8,0.049982900032773614,1.8902146098582726,15.0,100,15,"[0.9340596780273533, 0.09446449835144466, 0.9453687199297687, 0.4296319873487293, 0.3954576491945416, -0.5678210088392472, 0.9525489095524835, -0.9875394895908203, -0.4940352752331121, -0.13041693519110842, 0.5587658435875049, -0.6046298507994938, 0.7259864711984445, 0.9668013543506255, -0.6723155171906026, 0.19466788786571843, -0.98202780466489, -0.22685743471274122, -0.9116798841370009, 0.9133059354284718, -0.1277067062404047, 0.8979546135631256, 0.5726119718701219, 0.7325785971633969, -0.6536691570081037, -0.850102825973786, 0.2014854427555386, -0.6640556325631923, 0.4667603350211398, -0.18311227969597055, 0.05581764683584067, 0.875143167901884, 0.043392244889916, -0.7836132342255386, -0.6835531856304011, 0.09040530340642561, 0.04880816013694678, 0.2752204882519873, -0.1970091128194542, 0.2996102180386846, -0.20619999419653467, 0.24783222709644614, 0.5348099341802477, -0.6420521799177383, -0.24884846282491524, 0.005066118653868745, 0.3733341598326916, -0.4926407026772337, 0.10948172588511706, 0.24986168812819542, 0.7910023321122921, -0.27429282313374714, 0.2751141460374733, -0.6171071957620733, -0.004411770765388567, -0.6351091908575863, 0.8367660782795254, -0.13635585731754474, 0.6603762041966925, -0.16644739064327485, 0.8093351774867339, -0.19034956537818792, -0.33765099381775454, 0.14427754054549724, 0.6908872981882266, 0.7220286235061439, 0.19137623413666893, -0.8306767779591795, 0.19453321463834983, -0.5090925828337958, 0.46518689717993555, 0.7893025846334776, 0.0294679418262902, 0.20712702072041278, -0.8698643752343853, 0.08014945928561268, -0.7416264326591246, 0.22912569270066396, -0.2726993059103242, 0.5355160686614915, -0.902931727160895, -0.7803637637643119, 0.36804643024725525, 0.029307394167312983, 0.1432827432294983, 0.6874139879813108, -0.024524721700651453, 0.6202888442522898, 0.020487258589880097, 0.8534413864805024, 0.333855543079252, -0.7025463211318861, -0.27089364934848836, 0.7315498318881986, -0.29942957828896866, -0.6219484810876903, -0.0547573816684539, -0.21443765035574014, 0.23785985328818726, -0.12646741612097356, -0.47815568541100895, -0.17505557667448635, -0.16193193089539926, 0.8048437117522818, 0.9592325240809707, 0.24713767881382775, -0.8336317548582777, 0.46599743519199, 0.357370804957968, 0.6520457340504391, -0.3050973265778887, -0.8822398116837538, 0.2236436329105842, -0.751970763373456, 0.5190590583266628, 0.5888466351532844, -0.18274642650020412, 0.8875950117660911, -0.6524404124894483, 0.8851716994539605]",rhc,relu,False,False,100,[10],0.1,100,0
9,9,0.05281060002744198,1.887970684149225,17.0,100,15,"[0.9340596780273533, 0.09446449835144466, 0.9453687199297687, 0.4296319873487293, 0.3954576491945416, -0.5678210088392472, 0.9525489095524835, -0.9875394895908203, -0.4940352752331121, -0.13041693519110842, 0.5587658435875049, -0.6046298507994938, 0.7259864711984445, 0.9668013543506255, -0.6723155171906026, 0.19466788786571843, -0.98202780466489, -0.22685743471274122, -0.9116798841370009, 0.9133059354284718, -0.1277067062404047, 0.8979546135631256, 0.5726119718701219, 0.7325785971633969, -0.6536691570081037, -0.850102825973786, 0.2014854427555386, -0.6640556325631923, 0.4667603350211398, -0.18311227969597055, 0.05581764683584067, 0.875143167901884, 0.043392244889916, -0.7836132342255386, -0.6835531856304011, 0.09040530340642561, 0.04880816013694678, 0.2752204882519873, -0.1970091128194542, 0.2996102180386846, -0.20619999419653467, 0.24783222709644614, 0.5348099341802477, -0.6420521799177383, -0.24884846282491524, 0.005066118653868745, 0.3733341598326916, -0.4926407026772337, 0.10948172588511706, 0.24986168812819542, 0.7910023321122921, -0.27429282313374714, 0.2751141460374733, -0.6171071957620733, -0.004411770765388567, -0.6351091908575863, 0.8367660782795254, -0.13635585731754474, 0.6603762041966925, -0.16644739064327485, 0.8093351774867339, -0.19034956537818792, -0.33765099381775454, 0.14427754054549724, 0.6908872981882266, 0.7220286235061439, 0.19137623413666893, -0.8306767779591795, 0.19453321463834983, -0.5090925828337958, 0.46518689717993555, 0.7893025846334776, 0.0294679418262902, 0.20712702072041278, -0.8698643752343853, 0.08014945928561268, -0.7416264326591246, 0.22912569270066396, -0.2726993059103242, 0.5355160686614915, -0.902931727160895, -0.7803637637643119, 0.36804643024725525, 0.029307394167312983, 0.1432827432294983, 0.6874139879813108, -0.024524721700651453, 0.6202888442522898, 0.020487258589880097, 0.8534413864805024, 0.333855543079252, -0.7025463211318861, -0.27089364934848836, 0.7315498318881986, -0.29942957828896866, -0.6219484810876903, -0.0547573816684539, -0.21443765035574014, 0.23785985328818726, -0.12646741612097356, -0.47815568541100895, -0.17505557667448635, -0.16193193089539926, 0.8048437117522818, 0.9592325240809707, 0.24713767881382775, -0.8336317548582777, 0.46599743519199, 0.357370804957968, 0.6520457340504391, -0.3050973265778887, -0.8822398116837538, 0.2236436329105842, -0.751970763373456, 0.5190590583266628, 0.5888466351532844, -0.18274642650020412, 0.8875950117660911, -0.6524404124894483, 0.8851716994539605]",rhc,relu,False,False,100,[10],0.1,100,0
10,10,0.054268900072202086,1.887970684149225,18.0,100,15,"[0.9340596780273533, 0.09446449835144466, 0.9453687199297687, 0.4296319873487293, 0.3954576491945416, -0.5678210088392472, 0.9525489095524835, -0.9875394895908203, -0.4940352752331121, -0.13041693519110842, 0.5587658435875049, -0.6046298507994938, 0.7259864711984445, 0.9668013543506255, -0.6723155171906026, 0.19466788786571843, -0.98202780466489, -0.22685743471274122, -0.9116798841370009, 0.9133059354284718, -0.1277067062404047, 0.8979546135631256, 0.5726119718701219, 0.7325785971633969, -0.6536691570081037, -0.850102825973786, 0.2014854427555386, -0.6640556325631923, 0.4667603350211398, -0.18311227969597055, 0.05581764683584067, 0.875143167901884, 0.043392244889916, -0.7836132342255386, -0.6835531856304011, 0.09040530340642561, 0.04880816013694678, 0.2752204882519873, -0.1970091128194542, 0.2996102180386846, -0.20619999419653467, 0.24783222709644614, 0.5348099341802477, -0.6420521799177383, -0.24884846282491524, 0.005066118653868745, 0.3733341598326916, -0.4926407026772337, 0.10948172588511706, 0.24986168812819542, 0.7910023321122921, -0.27429282313374714, 0.2751141460374733, -0.6171071957620733, -0.004411770765388567, -0.6351091908575863, 0.8367660782795254, -0.13635585731754474, 0.6603762041966925, -0.16644739064327485, 0.8093351774867339, -0.19034956537818792, -0.33765099381775454, 0.14427754054549724, 0.6908872981882266, 0.7220286235061439, 0.19137623413666893, -0.8306767779591795, 0.19453321463834983, -0.5090925828337958, 0.46518689717993555, 0.7893025846334776, 0.0294679418262902, 0.20712702072041278, -0.8698643752343853, 0.08014945928561268, -0.7416264326591246, 0.22912569270066396, -0.2726993059103242, 0.5355160686614915, -0.902931727160895, -0.7803637637643119, 0.36804643024725525, 0.029307394167312983, 0.1432827432294983, 0.6874139879813108, -0.024524721700651453, 0.6202888442522898, 0.020487258589880097, 0.8534413864805024, 0.333855543079252, -0.7025463211318861, -0.27089364934848836, 0.7315498318881986, -0.29942957828896866, -0.6219484810876903, -0.0547573816684539, -0.21443765035574014, 0.23785985328818726, -0.12646741612097356, -0.47815568541100895, -0.17505557667448635, -0.16193193089539926, 0.8048437117522818, 0.9592325240809707, 0.24713767881382775, -0.8336317548582777, 0.46599743519199, 0.357370804957968, 0.6520457340504391, -0.3050973265778887, -0.8822398116837538, 0.2236436329105842, -0.751970763373456, 0.5190590583266628, 0.5888466351532844, -0.18274642650020412, 0.8875950117660911, -0.6524404124894483, 0.8851716994539605]",rhc,relu,False,False,100,[10],0.1,100,0
11,11,0.05699730000924319,1.8847563222644874,20.0,100,15,"[0.9340596780273533, 0.09446449835144466, 0.9453687199297687, 0.4296319873487293, 0.3954576491945416, -0.5678210088392472, 0.9525489095524835, -0.9875394895908203, -0.4940352752331121, -0.13041693519110842, 0.5587658435875049, -0.6046298507994938, 0.7259864711984445, 0.9668013543506255, -0.6723155171906026, 0.19466788786571843, -0.98202780466489, -0.22685743471274122, -0.9116798841370009, 0.9133059354284718, -0.1277067062404047, 0.8979546135631256, 0.5726119718701219, 0.7325785971633969, -0.6536691570081037, -0.850102825973786, 0.2014854427555386, -0.6640556325631923, 0.4667603350211398, -0.18311227969597055, 0.05581764683584067, 0.875143167901884, 0.043392244889916, -0.7836132342255386, -0.6835531856304011, 0.09040530340642561, 0.04880816013694678, 0.2752204882519873, -0.1970091128194542, 0.2996102180386846, -0.20619999419653467, 0.24783222709644614, 0.5348099341802477, -0.6420521799177383, -0.24884846282491524, 0.005066118653868745, 0.3733341598326916, -0.4926407026772337, 0.10948172588511706, 0.24986168812819542, 0.7910023321122921, -0.27429282313374714, 0.2751141460374733, -0.6171071957620733, -0.004411770765388567, -0.6351091908575863, 0.8367660782795254, -0.13635585731754474, 0.6603762041966925, -0.16644739064327485, 0.8093351774867339, -0.19034956537818792, -0.33765099381775454, 0.14427754054549724, 0.6908872981882266, 0.7220286235061439, 0.19137623413666893, -0.8306767779591795, 0.19453321463834983, -0.5090925828337958, 0.46518689717993555, 0.7893025846334776, 0.0294679418262902, 0.20712702072041278, -0.8698643752343853, 0.08014945928561268, -0.7416264326591246, 0.22912569270066396, -0.2726993059103242, 0.5355160686614915, -0.902931727160895, -0.7803637637643119, 0.36804643024725525, 0.029307394167312983, 0.1432827432294983, 0.6874139879813108, -0.024524721700651453, 0.6202888442522898, 0.020487258589880097, 0.8534413864805024, 0.333855543079252, -0.7025463211318861, -0.27089364934848836, 0.7315498318881986, -0.29942957828896866, -0.6219484810876903, -0.0547573816684539, -0.21443765035574014, 0.23785985328818726, -0.12646741612097356, -0.47815568541100895, -0.17505557667448635, -0.16193193089539926, 0.8048437117522818, 0.9592325240809707, 0.24713767881382775, -0.8336317548582777, 0.46599743519199, 0.357370804957968, 0.6520457340504391, -0.3050973265778887, -0.8822398116837538, 0.2236436329105842, -0.751970763373456, 0.5190590583266628, 0.5888466351532844, -0.18274642650020412, 0.8875950117660911, -0.6524404124894483, 0.8851716994539605]",rhc,relu,False,False,100,[10],0.1,100,0
12,12,0.05975670006591827,1.8833030320202317,22.0,100,15,"[0.9340596780273533, 0.09446449835144466, 0.9453687199297687, 0.4296319873487293, 0.3954576491945416, -0.5678210088392472, 0.9525489095524835, -0.9875394895908203, -0.4940352752331121, -0.13041693519110842, 0.5587658435875049, -0.6046298507994938, 0.7259864711984445, 0.9668013543506255, -0.6723155171906026, 0.19466788786571843, -0.98202780466489, -0.22685743471274122, -0.9116798841370009, 0.9133059354284718, -0.1277067062404047, 0.8979546135631256, 0.5726119718701219, 0.7325785971633969, -0.6536691570081037, -0.850102825973786, 0.2014854427555386, -0.6640556325631923, 0.4667603350211398, -0.18311227969597055, 0.05581764683584067, 0.875143167901884, 0.043392244889916, -0.7836132342255386, -0.6835531856304011, 0.09040530340642561, 0.04880816013694678, 0.2752204882519873, -0.1970091128194542, 0.2996102180386846, -0.20619999419653467, 0.24783222709644614, 0.5348099341802477, -0.6420521799177383, -0.24884846282491524, 0.005066118653868745, 0.3733341598326916, -0.4926407026772337, 0.10948172588511706, 0.24986168812819542, 0.7910023321122921, -0.27429282313374714, 0.2751141460374733, -0.6171071957620733, -0.004411770765388567, -0.6351091908575863, 0.8367660782795254, -0.13635585731754474, 0.6603762041966925, -0.16644739064327485, 0.8093351774867339, -0.19034956537818792, -0.33765099381775454, 0.14427754054549724, 0.6908872981882266, 0.7220286235061439, 0.19137623413666893, -0.8306767779591795, 0.19453321463834983, -0.5090925828337958, 0.46518689717993555, 0.7893025846334776, 0.0294679418262902, 0.20712702072041278, -0.8698643752343853, 0.08014945928561268, -0.7416264326591246, 0.22912569270066396, -0.2726993059103242, 0.5355160686614915, -0.902931727160895, -0.7803637637643119, 0.36804643024725525, 0.029307394167312983, 0.1432827432294983, 0.6874139879813108, -0.024524721700651453, 0.6202888442522898, 0.020487258589880097, 0.8534413864805024, 0.333855543079252, -0.7025463211318861, -0.27089364934848836, 0.7315498318881986, -0.29942957828896866, -0.6219484810876903, -0.0547573816684539, -0.21443765035574014, 0.23785985328818726, -0.12646741612097356, -0.47815568541100895, -0.17505557667448635, -0.16193193089539926, 0.8048437117522818, 0.9592325240809707, 0.24713767881382775, -0.8336317548582777, 0.46599743519199, 0.357370804957968, 0.6520457340504391, -0.3050973265778887, -0.8822398116837538, 0.2236436329105842, -0.751970763373456, 0.5190590583266628, 0.5888466351532844, -0.18274642650020412, 0.8875950117660911, -0.6524404124894483, 0.8851716994539605]",rhc,relu,False,False,100,[10],0.1,100,0
13,13,0.06276760005857795,1.8725947658148727,24.0,100,15,"[0.9340596780273533, 0.09446449835144466, 0.9453687199297687, 0.4296319873487293, 0.3954576491945416, -0.5678210088392472, 0.9525489095524835, -0.9875394895908203, -0.4940352752331121, -0.13041693519110842, 0.5587658435875049, -0.6046298507994938, 0.7259864711984445, 0.9668013543506255, -0.6723155171906026, 0.19466788786571843, -0.98202780466489, -0.22685743471274122, -0.9116798841370009, 0.9133059354284718, -0.1277067062404047, 0.8979546135631256, 0.5726119718701219, 0.7325785971633969, -0.6536691570081037, -0.850102825973786, 0.2014854427555386, -0.6640556325631923, 0.4667603350211398, -0.18311227969597055, 0.05581764683584067, 0.875143167901884, 0.043392244889916, -0.7836132342255386, -0.6835531856304011, 0.09040530340642561, 0.04880816013694678, 0.2752204882519873, -0.1970091128194542, 0.2996102180386846, -0.20619999419653467, 0.24783222709644614, 0.5348099341802477, -0.6420521799177383, -0.24884846282491524, 0.005066118653868745, 0.3733341598326916, -0.4926407026772337, 0.10948172588511706, 0.24986168812819542, 0.7910023321122921, -0.27429282313374714, 0.2751141460374733, -0.6171071957620733, -0.004411770765388567, -0.6351091908575863, 0.8367660782795254, -0.13635585731754474, 0.6603762041966925, -0.16644739064327485, 0.8093351774867339, -0.19034956537818792, -0.33765099381775454, 0.14427754054549724, 0.6908872981882266, 0.7220286235061439, 0.19137623413666893, -0.8306767779591795, 0.19453321463834983, -0.5090925828337958, 0.46518689717993555, 0.7893025846334776, 0.0294679418262902, 0.20712702072041278, -0.8698643752343853, 0.08014945928561268, -0.7416264326591246, 0.22912569270066396, -0.2726993059103242, 0.5355160686614915, -0.902931727160895, -0.7803637637643119, 0.36804643024725525, 0.029307394167312983, 0.1432827432294983, 0.6874139879813108, -0.024524721700651453, 0.6202888442522898, 0.020487258589880097, 0.8534413864805024, 0.333855543079252, -0.7025463211318861, -0.27089364934848836, 0.7315498318881986, -0.29942957828896866, -0.6219484810876903, -0.0547573816684539, -0.21443765035574014, 0.23785985328818726, -0.12646741612097356, -0.47815568541100895, -0.17505557667448635, -0.16193193089539926, 0.8048437117522818, 0.9592325240809707, 0.24713767881382775, -0.8336317548582777, 0.46599743519199, 0.357370804957968, 0.6520457340504391, -0.3050973265778887, -0.8822398116837538, 0.2236436329105842, -0.751970763373456, 0.5190590583266628, 0.5888466351532844, -0.18274642650020412, 0.8875950117660911, -0.6524404124894483, 0.8851716994539605]",rhc,relu,False,False,100,[10],0.1,100,0
14,14,0.06632550002541393,1.8703184560987143,26.0,100,15,"[0.9340596780273533, 0.09446449835144466, 0.9453687199297687, 0.4296319873487293, 0.3954576491945416, -0.5678210088392472, 0.9525489095524835, -0.9875394895908203, -0.4940352752331121, -0.13041693519110842, 0.5587658435875049, -0.6046298507994938, 0.7259864711984445, 0.9668013543506255, -0.6723155171906026, 0.19466788786571843, -0.98202780466489, -0.22685743471274122, -0.9116798841370009, 0.9133059354284718, -0.1277067062404047, 0.8979546135631256, 0.5726119718701219, 0.7325785971633969, -0.6536691570081037, -0.850102825973786, 0.2014854427555386, -0.6640556325631923, 0.4667603350211398, -0.18311227969597055, 0.05581764683584067, 0.875143167901884, 0.043392244889916, -0.7836132342255386, -0.6835531856304011, 0.09040530340642561, 0.04880816013694678, 0.2752204882519873, -0.1970091128194542, 0.2996102180386846, -0.20619999419653467, 0.24783222709644614, 0.5348099341802477, -0.6420521799177383, -0.24884846282491524, 0.005066118653868745, 0.3733341598326916, -0.4926407026772337, 0.10948172588511706, 0.24986168812819542, 0.7910023321122921, -0.27429282313374714, 0.2751141460374733, -0.6171071957620733, -0.004411770765388567, -0.6351091908575863, 0.8367660782795254, -0.13635585731754474, 0.6603762041966925, -0.16644739064327485, 0.8093351774867339, -0.19034956537818792, -0.33765099381775454, 0.14427754054549724, 0.6908872981882266, 0.7220286235061439, 0.19137623413666893, -0.8306767779591795, 0.19453321463834983, -0.5090925828337958, 0.46518689717993555, 0.7893025846334776, 0.0294679418262902, 0.20712702072041278, -0.8698643752343853, 0.08014945928561268, -0.7416264326591246, 0.22912569270066396, -0.2726993059103242, 0.5355160686614915, -0.902931727160895, -0.7803637637643119, 0.36804643024725525, 0.029307394167312983, 0.1432827432294983, 0.6874139879813108, -0.024524721700651453, 0.6202888442522898, 0.020487258589880097, 0.8534413864805024, 0.333855543079252, -0.7025463211318861, -0.27089364934848836, 0.7315498318881986, -0.29942957828896866, -0.6219484810876903, -0.0547573816684539, -0.21443765035574014, 0.23785985328818726, -0.12646741612097356, -0.47815568541100895, -0.17505557667448635, -0.16193193089539926, 0.8048437117522818, 0.9592325240809707, 0.24713767881382775, -0.8336317548582777, 0.46599743519199, 0.357370804957968, 0.6520457340504391, -0.3050973265778887, -0.8822398116837538, 0.2236436329105842, -0.751970763373456, 0.5190590583266628, 0.5888466351532844, -0.18274642650020412, 0.8875950117660911, -0.6524404124894483, 0.8851716994539605]",rhc,relu,False,False,100,[10],0.1,100,0
15,15,0.06922320008743554,1.8703184560987143,27.0,100,15,"[0.9340596780273533, 0.09446449835144466, 0.9453687199297687, 0.4296319873487293, 0.3954576491945416, -0.5678210088392472, 0.9525489095524835, -0.9875394895908203, -0.4940352752331121, -0.13041693519110842, 0.5587658435875049, -0.6046298507994938, 0.7259864711984445, 0.9668013543506255, -0.6723155171906026, 0.19466788786571843, -0.98202780466489, -0.22685743471274122, -0.9116798841370009, 0.9133059354284718, -0.1277067062404047, 0.8979546135631256, 0.5726119718701219, 0.7325785971633969, -0.6536691570081037, -0.850102825973786, 0.2014854427555386, -0.6640556325631923, 0.4667603350211398, -0.18311227969597055, 0.05581764683584067, 0.875143167901884, 0.043392244889916, -0.7836132342255386, -0.6835531856304011, 0.09040530340642561, 0.04880816013694678, 0.2752204882519873, -0.1970091128194542, 0.2996102180386846, -0.20619999419653467, 0.24783222709644614, 0.5348099341802477, -0.6420521799177383, -0.24884846282491524, 0.005066118653868745, 0.3733341598326916, -0.4926407026772337, 0.10948172588511706, 0.24986168812819542, 0.7910023321122921, -0.27429282313374714, 0.2751141460374733, -0.6171071957620733, -0.004411770765388567, -0.6351091908575863, 0.8367660782795254, -0.13635585731754474, 0.6603762041966925, -0.16644739064327485, 0.8093351774867339, -0.19034956537818792, -0.33765099381775454, 0.14427754054549724, 0.6908872981882266, 0.7220286235061439, 0.19137623413666893, -0.8306767779591795, 0.19453321463834983, -0.5090925828337958, 0.46518689717993555, 0.7893025846334776, 0.0294679418262902, 0.20712702072041278, -0.8698643752343853, 0.08014945928561268, -0.7416264326591246, 0.22912569270066396, -0.2726993059103242, 0.5355160686614915, -0.902931727160895, -0.7803637637643119, 0.36804643024725525, 0.029307394167312983, 0.1432827432294983, 0.6874139879813108, -0.024524721700651453, 0.6202888442522898, 0.020487258589880097, 0.8534413864805024, 0.333855543079252, -0.7025463211318861, -0.27089364934848836, 0.7315498318881986, -0.29942957828896866, -0.6219484810876903, -0.0547573816684539, -0.21443765035574014, 0.23785985328818726, -0.12646741612097356, -0.47815568541100895, -0.17505557667448635, -0.16193193089539926, 0.8048437117522818, 0.9592325240809707, 0.24713767881382775, -0.8336317548582777, 0.46599743519199, 0.357370804957968, 0.6520457340504391, -0.3050973265778887, -0.8822398116837538, 0.2236436329105842, -0.751970763373456, 0.5190590583266628, 0.5888466351532844, -0.18274642650020412, 0.8875950117660911, -0.6524404124894483, 0.8851716994539605]",rhc,relu,False,False,100,[10],0.1,100,0
16,16,0.07063110009767115,1.8703184560987143,28.0,100,15,"[0.9340596780273533, 0.09446449835144466, 0.9453687199297687, 0.4296319873487293, 0.3954576491945416, -0.5678210088392472, 0.9525489095524835, -0.9875394895908203, -0.4940352752331121, -0.13041693519110842, 0.5587658435875049, -0.6046298507994938, 0.7259864711984445, 0.9668013543506255, -0.6723155171906026, 0.19466788786571843, -0.98202780466489, -0.22685743471274122, -0.9116798841370009, 0.9133059354284718, -0.1277067062404047, 0.8979546135631256, 0.5726119718701219, 0.7325785971633969, -0.6536691570081037, -0.850102825973786, 0.2014854427555386, -0.6640556325631923, 0.4667603350211398, -0.18311227969597055, 0.05581764683584067, 0.875143167901884, 0.043392244889916, -0.7836132342255386, -0.6835531856304011, 0.09040530340642561, 0.04880816013694678, 0.2752204882519873, -0.1970091128194542, 0.2996102180386846, -0.20619999419653467, 0.24783222709644614, 0.5348099341802477, -0.6420521799177383, -0.24884846282491524, 0.005066118653868745, 0.3733341598326916, -0.4926407026772337, 0.10948172588511706, 0.24986168812819542, 0.7910023321122921, -0.27429282313374714, 0.2751141460374733, -0.6171071957620733, -0.004411770765388567, -0.6351091908575863, 0.8367660782795254, -0.13635585731754474, 0.6603762041966925, -0.16644739064327485, 0.8093351774867339, -0.19034956537818792, -0.33765099381775454, 0.14427754054549724, 0.6908872981882266, 0.7220286235061439, 0.19137623413666893, -0.8306767779591795, 0.19453321463834983, -0.5090925828337958, 0.46518689717993555, 0.7893025846334776, 0.0294679418262902, 0.20712702072041278, -0.8698643752343853, 0.08014945928561268, -0.7416264326591246, 0.22912569270066396, -0.2726993059103242, 0.5355160686614915, -0.902931727160895, -0.7803637637643119, 0.36804643024725525, 0.029307394167312983, 0.1432827432294983, 0.6874139879813108, -0.024524721700651453, 0.6202888442522898, 0.020487258589880097, 0.8534413864805024, 0.333855543079252, -0.7025463211318861, -0.27089364934848836, 0.7315498318881986, -0.29942957828896866, -0.6219484810876903, -0.0547573816684539, -0.21443765035574014, 0.23785985328818726, -0.12646741612097356, -0.47815568541100895, -0.17505557667448635, -0.16193193089539926, 0.8048437117522818, 0.9592325240809707, 0.24713767881382775, -0.8336317548582777, 0.46599743519199, 0.357370804957968, 0.6520457340504391, -0.3050973265778887, -0.8822398116837538, 0.2236436329105842, -0.751970763373456, 0.5190590583266628, 0.5888466351532844, -0.18274642650020412, 0.8875950117660911, -0.6524404124894483, 0.8851716994539605]",rhc,relu,False,False,100,[10],0.1,100,0
17,17,0.07200020004529506,1.8703184560987143,29.0,100,15,"[0.9340596780273533, 0.09446449835144466, 0.9453687199297687, 0.4296319873487293, 0.3954576491945416, -0.5678210088392472, 0.9525489095524835, -0.9875394895908203, -0.4940352752331121, -0.13041693519110842, 0.5587658435875049, -0.6046298507994938, 0.7259864711984445, 0.9668013543506255, -0.6723155171906026, 0.19466788786571843, -0.98202780466489, -0.22685743471274122, -0.9116798841370009, 0.9133059354284718, -0.1277067062404047, 0.8979546135631256, 0.5726119718701219, 0.7325785971633969, -0.6536691570081037, -0.850102825973786, 0.2014854427555386, -0.6640556325631923, 0.4667603350211398, -0.18311227969597055, 0.05581764683584067, 0.875143167901884, 0.043392244889916, -0.7836132342255386, -0.6835531856304011, 0.09040530340642561, 0.04880816013694678, 0.2752204882519873, -0.1970091128194542, 0.2996102180386846, -0.20619999419653467, 0.24783222709644614, 0.5348099341802477, -0.6420521799177383, -0.24884846282491524, 0.005066118653868745, 0.3733341598326916, -0.4926407026772337, 0.10948172588511706, 0.24986168812819542, 0.7910023321122921, -0.27429282313374714, 0.2751141460374733, -0.6171071957620733, -0.004411770765388567, -0.6351091908575863, 0.8367660782795254, -0.13635585731754474, 0.6603762041966925, -0.16644739064327485, 0.8093351774867339, -0.19034956537818792, -0.33765099381775454, 0.14427754054549724, 0.6908872981882266, 0.7220286235061439, 0.19137623413666893, -0.8306767779591795, 0.19453321463834983, -0.5090925828337958, 0.46518689717993555, 0.7893025846334776, 0.0294679418262902, 0.20712702072041278, -0.8698643752343853, 0.08014945928561268, -0.7416264326591246, 0.22912569270066396, -0.2726993059103242, 0.5355160686614915, -0.902931727160895, -0.7803637637643119, 0.36804643024725525, 0.029307394167312983, 0.1432827432294983, 0.6874139879813108, -0.024524721700651453, 0.6202888442522898, 0.020487258589880097, 0.8534413864805024, 0.333855543079252, -0.7025463211318861, -0.27089364934848836, 0.7315498318881986, -0.29942957828896866, -0.6219484810876903, -0.0547573816684539, -0.21443765035574014, 0.23785985328818726, -0.12646741612097356, -0.47815568541100895, -0.17505557667448635, -0.16193193089539926, 0.8048437117522818, 0.9592325240809707, 0.24713767881382775, -0.8336317548582777, 0.46599743519199, 0.357370804957968, 0.6520457340504391, -0.3050973265778887, -0.8822398116837538, 0.2236436329105842, -0.751970763373456, 0.5190590583266628, 0.5888466351532844, -0.18274642650020412, 0.8875950117660911, -0.6524404124894483, 0.8851716994539605]",rhc,relu,False,False,100,[10],0.1,100,0
18,18,0.07342060003429651,1.8703184560987143,30.0,100,15,"[0.9340596780273533, 0.09446449835144466, 0.9453687199297687, 0.4296319873487293, 0.3954576491945416, -0.5678210088392472, 0.9525489095524835, -0.9875394895908203, -0.4940352752331121, -0.13041693519110842, 0.5587658435875049, -0.6046298507994938, 0.7259864711984445, 0.9668013543506255, -0.6723155171906026, 0.19466788786571843, -0.98202780466489, -0.22685743471274122, -0.9116798841370009, 0.9133059354284718, -0.1277067062404047, 0.8979546135631256, 0.5726119718701219, 0.7325785971633969, -0.6536691570081037, -0.850102825973786, 0.2014854427555386, -0.6640556325631923, 0.4667603350211398, -0.18311227969597055, 0.05581764683584067, 0.875143167901884, 0.043392244889916, -0.7836132342255386, -0.6835531856304011, 0.09040530340642561, 0.04880816013694678, 0.2752204882519873, -0.1970091128194542, 0.2996102180386846, -0.20619999419653467, 0.24783222709644614, 0.5348099341802477, -0.6420521799177383, -0.24884846282491524, 0.005066118653868745, 0.3733341598326916, -0.4926407026772337, 0.10948172588511706, 0.24986168812819542, 0.7910023321122921, -0.27429282313374714, 0.2751141460374733, -0.6171071957620733, -0.004411770765388567, -0.6351091908575863, 0.8367660782795254, -0.13635585731754474, 0.6603762041966925, -0.16644739064327485, 0.8093351774867339, -0.19034956537818792, -0.33765099381775454, 0.14427754054549724, 0.6908872981882266, 0.7220286235061439, 0.19137623413666893, -0.8306767779591795, 0.19453321463834983, -0.5090925828337958, 0.46518689717993555, 0.7893025846334776, 0.0294679418262902, 0.20712702072041278, -0.8698643752343853, 0.08014945928561268, -0.7416264326591246, 0.22912569270066396, -0.2726993059103242, 0.5355160686614915, -0.902931727160895, -0.7803637637643119, 0.36804643024725525, 0.029307394167312983, 0.1432827432294983, 0.6874139879813108, -0.024524721700651453, 0.6202888442522898, 0.020487258589880097, 0.8534413864805024, 0.333855543079252, -0.7025463211318861, -0.27089364934848836, 0.7315498318881986, -0.29942957828896866, -0.6219484810876903, -0.0547573816684539, -0.21443765035574014, 0.23785985328818726, -0.12646741612097356, -0.47815568541100895, -0.17505557667448635, -0.16193193089539926, 0.8048437117522818, 0.9592325240809707, 0.24713767881382775, -0.8336317548582777, 0.46599743519199, 0.357370804957968, 0.6520457340504391, -0.3050973265778887, -0.8822398116837538, 0.2236436329105842, -0.751970763373456, 0.5190590583266628, 0.5888466351532844, -0.18274642650020412, 0.8875950117660911, -0.6524404124894483, 0.8851716994539605]",rhc,relu,False,False,100,[10],0.1,100,0
19,19,0.07618380000349134,1.803291542387934,32.0,100,15,"[0.9340596780273533, 0.09446449835144466, 0.9453687199297687, 0.4296319873487293, 0.3954576491945416, -0.5678210088392472, 0.9525489095524835, -0.9875394895908203, -0.4940352752331121, -0.13041693519110842, 0.5587658435875049, -0.6046298507994938, 0.7259864711984445, 0.9668013543506255, -0.6723155171906026, 0.19466788786571843, -0.98202780466489, -0.22685743471274122, -0.9116798841370009, 0.9133059354284718, -0.1277067062404047, 0.8979546135631256, 0.5726119718701219, 0.7325785971633969, -0.6536691570081037, -0.850102825973786, 0.2014854427555386, -0.6640556325631923, 0.4667603350211398, -0.18311227969597055, 0.05581764683584067, 0.875143167901884, 0.043392244889916, -0.7836132342255386, -0.6835531856304011, 0.09040530340642561, 0.04880816013694678, 0.2752204882519873, -0.1970091128194542, 0.2996102180386846, -0.20619999419653467, 0.24783222709644614, 0.5348099341802477, -0.6420521799177383, -0.24884846282491524, 0.005066118653868745, 0.3733341598326916, -0.4926407026772337, 0.10948172588511706, 0.24986168812819542, 0.7910023321122921, -0.27429282313374714, 0.2751141460374733, -0.6171071957620733, -0.004411770765388567, -0.6351091908575863, 0.8367660782795254, -0.13635585731754474, 0.6603762041966925, -0.16644739064327485, 0.8093351774867339, -0.19034956537818792, -0.33765099381775454, 0.14427754054549724, 0.6908872981882266, 0.7220286235061439, 0.19137623413666893, -0.8306767779591795, 0.19453321463834983, -0.5090925828337958, 0.46518689717993555, 0.7893025846334776, 0.0294679418262902, 0.20712702072041278, -0.8698643752343853, 0.08014945928561268, -0.7416264326591246, 0.22912569270066396, -0.2726993059103242, 0.5355160686614915, -0.902931727160895, -0.7803637637643119, 0.36804643024725525, 0.029307394167312983, 0.1432827432294983, 0.6874139879813108, -0.024524721700651453, 0.6202888442522898, 0.020487258589880097, 0.8534413864805024, 0.333855543079252, -0.7025463211318861, -0.27089364934848836, 0.7315498318881986, -0.29942957828896866, -0.6219484810876903, -0.0547573816684539, -0.21443765035574014, 0.23785985328818726, -0.12646741612097356, -0.47815568541100895, -0.17505557667448635, -0.16193193089539926, 0.8048437117522818, 0.9592325240809707, 0.24713767881382775, -0.8336317548582777, 0.46599743519199, 0.357370804957968, 0.6520457340504391, -0.3050973265778887, -0.8822398116837538, 0.2236436329105842, -0.751970763373456, 0.5190590583266628, 0.5888466351532844, -0.18274642650020412, 0.8875950117660911, -0.6524404124894483, 0.8851716994539605]",rhc,relu,False,False,100,[10],0.1,100,0
20,20,0.07762070000171661,1.803291542387934,33.0,100,15,"[0.9340596780273533, 0.09446449835144466, 0.9453687199297687, 0.4296319873487293, 0.3954576491945416, -0.5678210088392472, 0.9525489095524835, -0.9875394895908203, -0.4940352752331121, -0.13041693519110842, 0.5587658435875049, -0.6046298507994938, 0.7259864711984445, 0.9668013543506255, -0.6723155171906026, 0.19466788786571843, -0.98202780466489, -0.22685743471274122, -0.9116798841370009, 0.9133059354284718, -0.1277067062404047, 0.8979546135631256, 0.5726119718701219, 0.7325785971633969, -0.6536691570081037, -0.850102825973786, 0.2014854427555386, -0.6640556325631923, 0.4667603350211398, -0.18311227969597055, 0.05581764683584067, 0.875143167901884, 0.043392244889916, -0.7836132342255386, -0.6835531856304011, 0.09040530340642561, 0.04880816013694678, 0.2752204882519873, -0.1970091128194542, 0.2996102180386846, -0.20619999419653467, 0.24783222709644614, 0.5348099341802477, -0.6420521799177383, -0.24884846282491524, 0.005066118653868745, 0.3733341598326916, -0.4926407026772337, 0.10948172588511706, 0.24986168812819542, 0.7910023321122921, -0.27429282313374714, 0.2751141460374733, -0.6171071957620733, -0.004411770765388567, -0.6351091908575863, 0.8367660782795254, -0.13635585731754474, 0.6603762041966925, -0.16644739064327485, 0.8093351774867339, -0.19034956537818792, -0.33765099381775454, 0.14427754054549724, 0.6908872981882266, 0.7220286235061439, 0.19137623413666893, -0.8306767779591795, 0.19453321463834983, -0.5090925828337958, 0.46518689717993555, 0.7893025846334776, 0.0294679418262902, 0.20712702072041278, -0.8698643752343853, 0.08014945928561268, -0.7416264326591246, 0.22912569270066396, -0.2726993059103242, 0.5355160686614915, -0.902931727160895, -0.7803637637643119, 0.36804643024725525, 0.029307394167312983, 0.1432827432294983, 0.6874139879813108, -0.024524721700651453, 0.6202888442522898, 0.020487258589880097, 0.8534413864805024, 0.333855543079252, -0.7025463211318861, -0.27089364934848836, 0.7315498318881986, -0.29942957828896866, -0.6219484810876903, -0.0547573816684539, -0.21443765035574014, 0.23785985328818726, -0.12646741612097356, -0.47815568541100895, -0.17505557667448635, -0.16193193089539926, 0.8048437117522818, 0.9592325240809707, 0.24713767881382775, -0.8336317548582777, 0.46599743519199, 0.357370804957968, 0.6520457340504391, -0.3050973265778887, -0.8822398116837538, 0.2236436329105842, -0.751970763373456, 0.5190590583266628, 0.5888466351532844, -0.18274642650020412, 0.8875950117660911, -0.6524404124894483, 0.8851716994539605]",rhc,relu,False,False,100,[10],0.1,100,0
21,21,0.07905250007752329,1.803291542387934,34.0,100,15,"[0.9340596780273533, 0.09446449835144466, 0.9453687199297687, 0.4296319873487293, 0.3954576491945416, -0.5678210088392472, 0.9525489095524835, -0.9875394895908203, -0.4940352752331121, -0.13041693519110842, 0.5587658435875049, -0.6046298507994938, 0.7259864711984445, 0.9668013543506255, -0.6723155171906026, 0.19466788786571843, -0.98202780466489, -0.22685743471274122, -0.9116798841370009, 0.9133059354284718, -0.1277067062404047, 0.8979546135631256, 0.5726119718701219, 0.7325785971633969, -0.6536691570081037, -0.850102825973786, 0.2014854427555386, -0.6640556325631923, 0.4667603350211398, -0.18311227969597055, 0.05581764683584067, 0.875143167901884, 0.043392244889916, -0.7836132342255386, -0.6835531856304011, 0.09040530340642561, 0.04880816013694678, 0.2752204882519873, -0.1970091128194542, 0.2996102180386846, -0.20619999419653467, 0.24783222709644614, 0.5348099341802477, -0.6420521799177383, -0.24884846282491524, 0.005066118653868745, 0.3733341598326916, -0.4926407026772337, 0.10948172588511706, 0.24986168812819542, 0.7910023321122921, -0.27429282313374714, 0.2751141460374733, -0.6171071957620733, -0.004411770765388567, -0.6351091908575863, 0.8367660782795254, -0.13635585731754474, 0.6603762041966925, -0.16644739064327485, 0.8093351774867339, -0.19034956537818792, -0.33765099381775454, 0.14427754054549724, 0.6908872981882266, 0.7220286235061439, 0.19137623413666893, -0.8306767779591795, 0.19453321463834983, -0.5090925828337958, 0.46518689717993555, 0.7893025846334776, 0.0294679418262902, 0.20712702072041278, -0.8698643752343853, 0.08014945928561268, -0.7416264326591246, 0.22912569270066396, -0.2726993059103242, 0.5355160686614915, -0.902931727160895, -0.7803637637643119, 0.36804643024725525, 0.029307394167312983, 0.1432827432294983, 0.6874139879813108, -0.024524721700651453, 0.6202888442522898, 0.020487258589880097, 0.8534413864805024, 0.333855543079252, -0.7025463211318861, -0.27089364934848836, 0.7315498318881986, -0.29942957828896866, -0.6219484810876903, -0.0547573816684539, -0.21443765035574014, 0.23785985328818726, -0.12646741612097356, -0.47815568541100895, -0.17505557667448635, -0.16193193089539926, 0.8048437117522818, 0.9592325240809707, 0.24713767881382775, -0.8336317548582777, 0.46599743519199, 0.357370804957968, 0.6520457340504391, -0.3050973265778887, -0.8822398116837538, 0.2236436329105842, -0.751970763373456, 0.5190590583266628, 0.5888466351532844, -0.18274642650020412, 0.8875950117660911, -0.6524404124894483, 0.8851716994539605]",rhc,relu,False,False,100,[10],0.1,100,0
22,22,0.08195150003302842,1.7825177891945552,36.0,100,15,"[0.9340596780273533, 0.09446449835144466, 0.9453687199297687, 0.4296319873487293, 0.3954576491945416, -0.5678210088392472, 0.9525489095524835, -0.9875394895908203, -0.4940352752331121, -0.13041693519110842, 0.5587658435875049, -0.6046298507994938, 0.7259864711984445, 0.9668013543506255, -0.6723155171906026, 0.19466788786571843, -0.98202780466489, -0.22685743471274122, -0.9116798841370009, 0.9133059354284718, -0.1277067062404047, 0.8979546135631256, 0.5726119718701219, 0.7325785971633969, -0.6536691570081037, -0.850102825973786, 0.2014854427555386, -0.6640556325631923, 0.4667603350211398, -0.18311227969597055, 0.05581764683584067, 0.875143167901884, 0.043392244889916, -0.7836132342255386, -0.6835531856304011, 0.09040530340642561, 0.04880816013694678, 0.2752204882519873, -0.1970091128194542, 0.2996102180386846, -0.20619999419653467, 0.24783222709644614, 0.5348099341802477, -0.6420521799177383, -0.24884846282491524, 0.005066118653868745, 0.3733341598326916, -0.4926407026772337, 0.10948172588511706, 0.24986168812819542, 0.7910023321122921, -0.27429282313374714, 0.2751141460374733, -0.6171071957620733, -0.004411770765388567, -0.6351091908575863, 0.8367660782795254, -0.13635585731754474, 0.6603762041966925, -0.16644739064327485, 0.8093351774867339, -0.19034956537818792, -0.33765099381775454, 0.14427754054549724, 0.6908872981882266, 0.7220286235061439, 0.19137623413666893, -0.8306767779591795, 0.19453321463834983, -0.5090925828337958, 0.46518689717993555, 0.7893025846334776, 0.0294679418262902, 0.20712702072041278, -0.8698643752343853, 0.08014945928561268, -0.7416264326591246, 0.22912569270066396, -0.2726993059103242, 0.5355160686614915, -0.902931727160895, -0.7803637637643119, 0.36804643024725525, 0.029307394167312983, 0.1432827432294983, 0.6874139879813108, -0.024524721700651453, 0.6202888442522898, 0.020487258589880097, 0.8534413864805024, 0.333855543079252, -0.7025463211318861, -0.27089364934848836, 0.7315498318881986, -0.29942957828896866, -0.6219484810876903, -0.0547573816684539, -0.21443765035574014, 0.23785985328818726, -0.12646741612097356, -0.47815568541100895, -0.17505557667448635, -0.16193193089539926, 0.8048437117522818, 0.9592325240809707, 0.24713767881382775, -0.8336317548582777, 0.46599743519199, 0.357370804957968, 0.6520457340504391, -0.3050973265778887, -0.8822398116837538, 0.2236436329105842, -0.751970763373456, 0.5190590583266628, 0.5888466351532844, -0.18274642650020412, 0.8875950117660911, -0.6524404124894483, 0.8851716994539605]",rhc,relu,False,False,100,[10],0.1,100,0
23,23,0.08453910006210208,1.7822012123952866,38.0,100,15,"[0.9340596780273533, 0.09446449835144466, 0.9453687199297687, 0.4296319873487293, 0.3954576491945416, -0.5678210088392472, 0.9525489095524835, -0.9875394895908203, -0.4940352752331121, -0.13041693519110842, 0.5587658435875049, -0.6046298507994938, 0.7259864711984445, 0.9668013543506255, -0.6723155171906026, 0.19466788786571843, -0.98202780466489, -0.22685743471274122, -0.9116798841370009, 0.9133059354284718, -0.1277067062404047, 0.8979546135631256, 0.5726119718701219, 0.7325785971633969, -0.6536691570081037, -0.850102825973786, 0.2014854427555386, -0.6640556325631923, 0.4667603350211398, -0.18311227969597055, 0.05581764683584067, 0.875143167901884, 0.043392244889916, -0.7836132342255386, -0.6835531856304011, 0.09040530340642561, 0.04880816013694678, 0.2752204882519873, -0.1970091128194542, 0.2996102180386846, -0.20619999419653467, 0.24783222709644614, 0.5348099341802477, -0.6420521799177383, -0.24884846282491524, 0.005066118653868745, 0.3733341598326916, -0.4926407026772337, 0.10948172588511706, 0.24986168812819542, 0.7910023321122921, -0.27429282313374714, 0.2751141460374733, -0.6171071957620733, -0.004411770765388567, -0.6351091908575863, 0.8367660782795254, -0.13635585731754474, 0.6603762041966925, -0.16644739064327485, 0.8093351774867339, -0.19034956537818792, -0.33765099381775454, 0.14427754054549724, 0.6908872981882266, 0.7220286235061439, 0.19137623413666893, -0.8306767779591795, 0.19453321463834983, -0.5090925828337958, 0.46518689717993555, 0.7893025846334776, 0.0294679418262902, 0.20712702072041278, -0.8698643752343853, 0.08014945928561268, -0.7416264326591246, 0.22912569270066396, -0.2726993059103242, 0.5355160686614915, -0.902931727160895, -0.7803637637643119, 0.36804643024725525, 0.029307394167312983, 0.1432827432294983, 0.6874139879813108, -0.024524721700651453, 0.6202888442522898, 0.020487258589880097, 0.8534413864805024, 0.333855543079252, -0.7025463211318861, -0.27089364934848836, 0.7315498318881986, -0.29942957828896866, -0.6219484810876903, -0.0547573816684539, -0.21443765035574014, 0.23785985328818726, -0.12646741612097356, -0.47815568541100895, -0.17505557667448635, -0.16193193089539926, 0.8048437117522818, 0.9592325240809707, 0.24713767881382775, -0.8336317548582777, 0.46599743519199, 0.357370804957968, 0.6520457340504391, -0.3050973265778887, -0.8822398116837538, 0.2236436329105842, -0.751970763373456, 0.5190590583266628, 0.5888466351532844, -0.18274642650020412, 0.8875950117660911, -0.6524404124894483, 0.8851716994539605]",rhc,relu,False,False,100,[10],0.1,100,0
24,24,0.08600310003384948,1.7822012123952866,39.0,100,15,"[0.9340596780273533, 0.09446449835144466, 0.9453687199297687, 0.4296319873487293, 0.3954576491945416, -0.5678210088392472, 0.9525489095524835, -0.9875394895908203, -0.4940352752331121, -0.13041693519110842, 0.5587658435875049, -0.6046298507994938, 0.7259864711984445, 0.9668013543506255, -0.6723155171906026, 0.19466788786571843, -0.98202780466489, -0.22685743471274122, -0.9116798841370009, 0.9133059354284718, -0.1277067062404047, 0.8979546135631256, 0.5726119718701219, 0.7325785971633969, -0.6536691570081037, -0.850102825973786, 0.2014854427555386, -0.6640556325631923, 0.4667603350211398, -0.18311227969597055, 0.05581764683584067, 0.875143167901884, 0.043392244889916, -0.7836132342255386, -0.6835531856304011, 0.09040530340642561, 0.04880816013694678, 0.2752204882519873, -0.1970091128194542, 0.2996102180386846, -0.20619999419653467, 0.24783222709644614, 0.5348099341802477, -0.6420521799177383, -0.24884846282491524, 0.005066118653868745, 0.3733341598326916, -0.4926407026772337, 0.10948172588511706, 0.24986168812819542, 0.7910023321122921, -0.27429282313374714, 0.2751141460374733, -0.6171071957620733, -0.004411770765388567, -0.6351091908575863, 0.8367660782795254, -0.13635585731754474, 0.6603762041966925, -0.16644739064327485, 0.8093351774867339, -0.19034956537818792, -0.33765099381775454, 0.14427754054549724, 0.6908872981882266, 0.7220286235061439, 0.19137623413666893, -0.8306767779591795, 0.19453321463834983, -0.5090925828337958, 0.46518689717993555, 0.7893025846334776, 0.0294679418262902, 0.20712702072041278, -0.8698643752343853, 0.08014945928561268, -0.7416264326591246, 0.22912569270066396, -0.2726993059103242, 0.5355160686614915, -0.902931727160895, -0.7803637637643119, 0.36804643024725525, 0.029307394167312983, 0.1432827432294983, 0.6874139879813108, -0.024524721700651453, 0.6202888442522898, 0.020487258589880097, 0.8534413864805024, 0.333855543079252, -0.7025463211318861, -0.27089364934848836, 0.7315498318881986, -0.29942957828896866, -0.6219484810876903, -0.0547573816684539, -0.21443765035574014, 0.23785985328818726, -0.12646741612097356, -0.47815568541100895, -0.17505557667448635, -0.16193193089539926, 0.8048437117522818, 0.9592325240809707, 0.24713767881382775, -0.8336317548582777, 0.46599743519199, 0.357370804957968, 0.6520457340504391, -0.3050973265778887, -0.8822398116837538, 0.2236436329105842, -0.751970763373456, 0.5190590583266628, 0.5888466351532844, -0.18274642650020412, 0.8875950117660911, -0.6524404124894483, 0.8851716994539605]",rhc,relu,False,False,100,[10],0.1,100,0
25,25,0.08905609999783337,1.7782186560637523,41.0,100,15,"[0.9340596780273533, 0.09446449835144466, 0.9453687199297687, 0.4296319873487293, 0.3954576491945416, -0.5678210088392472, 0.9525489095524835, -0.9875394895908203, -0.4940352752331121, -0.13041693519110842, 0.5587658435875049, -0.6046298507994938, 0.7259864711984445, 0.9668013543506255, -0.6723155171906026, 0.19466788786571843, -0.98202780466489, -0.22685743471274122, -0.9116798841370009, 0.9133059354284718, -0.1277067062404047, 0.8979546135631256, 0.5726119718701219, 0.7325785971633969, -0.6536691570081037, -0.850102825973786, 0.2014854427555386, -0.6640556325631923, 0.4667603350211398, -0.18311227969597055, 0.05581764683584067, 0.875143167901884, 0.043392244889916, -0.7836132342255386, -0.6835531856304011, 0.09040530340642561, 0.04880816013694678, 0.2752204882519873, -0.1970091128194542, 0.2996102180386846, -0.20619999419653467, 0.24783222709644614, 0.5348099341802477, -0.6420521799177383, -0.24884846282491524, 0.005066118653868745, 0.3733341598326916, -0.4926407026772337, 0.10948172588511706, 0.24986168812819542, 0.7910023321122921, -0.27429282313374714, 0.2751141460374733, -0.6171071957620733, -0.004411770765388567, -0.6351091908575863, 0.8367660782795254, -0.13635585731754474, 0.6603762041966925, -0.16644739064327485, 0.8093351774867339, -0.19034956537818792, -0.33765099381775454, 0.14427754054549724, 0.6908872981882266, 0.7220286235061439, 0.19137623413666893, -0.8306767779591795, 0.19453321463834983, -0.5090925828337958, 0.46518689717993555, 0.7893025846334776, 0.0294679418262902, 0.20712702072041278, -0.8698643752343853, 0.08014945928561268, -0.7416264326591246, 0.22912569270066396, -0.2726993059103242, 0.5355160686614915, -0.902931727160895, -0.7803637637643119, 0.36804643024725525, 0.029307394167312983, 0.1432827432294983, 0.6874139879813108, -0.024524721700651453, 0.6202888442522898, 0.020487258589880097, 0.8534413864805024, 0.333855543079252, -0.7025463211318861, -0.27089364934848836, 0.7315498318881986, -0.29942957828896866, -0.6219484810876903, -0.0547573816684539, -0.21443765035574014, 0.23785985328818726, -0.12646741612097356, -0.47815568541100895, -0.17505557667448635, -0.16193193089539926, 0.8048437117522818, 0.9592325240809707, 0.24713767881382775, -0.8336317548582777, 0.46599743519199, 0.357370804957968, 0.6520457340504391, -0.3050973265778887, -0.8822398116837538, 0.2236436329105842, -0.751970763373456, 0.5190590583266628, 0.5888466351532844, -0.18274642650020412, 0.8875950117660911, -0.6524404124894483, 0.8851716994539605]",rhc,relu,False,False,100,[10],0.1,100,0
26,26,0.09043240000028163,1.7782186560637523,42.0,100,15,"[0.9340596780273533, 0.09446449835144466, 0.9453687199297687, 0.4296319873487293, 0.3954576491945416, -0.5678210088392472, 0.9525489095524835, -0.9875394895908203, -0.4940352752331121, -0.13041693519110842, 0.5587658435875049, -0.6046298507994938, 0.7259864711984445, 0.9668013543506255, -0.6723155171906026, 0.19466788786571843, -0.98202780466489, -0.22685743471274122, -0.9116798841370009, 0.9133059354284718, -0.1277067062404047, 0.8979546135631256, 0.5726119718701219, 0.7325785971633969, -0.6536691570081037, -0.850102825973786, 0.2014854427555386, -0.6640556325631923, 0.4667603350211398, -0.18311227969597055, 0.05581764683584067, 0.875143167901884, 0.043392244889916, -0.7836132342255386, -0.6835531856304011, 0.09040530340642561, 0.04880816013694678, 0.2752204882519873, -0.1970091128194542, 0.2996102180386846, -0.20619999419653467, 0.24783222709644614, 0.5348099341802477, -0.6420521799177383, -0.24884846282491524, 0.005066118653868745, 0.3733341598326916, -0.4926407026772337, 0.10948172588511706, 0.24986168812819542, 0.7910023321122921, -0.27429282313374714, 0.2751141460374733, -0.6171071957620733, -0.004411770765388567, -0.6351091908575863, 0.8367660782795254, -0.13635585731754474, 0.6603762041966925, -0.16644739064327485, 0.8093351774867339, -0.19034956537818792, -0.33765099381775454, 0.14427754054549724, 0.6908872981882266, 0.7220286235061439, 0.19137623413666893, -0.8306767779591795, 0.19453321463834983, -0.5090925828337958, 0.46518689717993555, 0.7893025846334776, 0.0294679418262902, 0.20712702072041278, -0.8698643752343853, 0.08014945928561268, -0.7416264326591246, 0.22912569270066396, -0.2726993059103242, 0.5355160686614915, -0.902931727160895, -0.7803637637643119, 0.36804643024725525, 0.029307394167312983, 0.1432827432294983, 0.6874139879813108, -0.024524721700651453, 0.6202888442522898, 0.020487258589880097, 0.8534413864805024, 0.333855543079252, -0.7025463211318861, -0.27089364934848836, 0.7315498318881986, -0.29942957828896866, -0.6219484810876903, -0.0547573816684539, -0.21443765035574014, 0.23785985328818726, -0.12646741612097356, -0.47815568541100895, -0.17505557667448635, -0.16193193089539926, 0.8048437117522818, 0.9592325240809707, 0.24713767881382775, -0.8336317548582777, 0.46599743519199, 0.357370804957968, 0.6520457340504391, -0.3050973265778887, -0.8822398116837538, 0.2236436329105842, -0.751970763373456, 0.5190590583266628, 0.5888466351532844, -0.18274642650020412, 0.8875950117660911, -0.6524404124894483, 0.8851716994539605]",rhc,relu,False,False,100,[10],0.1,100,0
27,27,0.09306690003722906,1.7671739285535117,44.0,100,15,"[0.9340596780273533, 0.09446449835144466, 0.9453687199297687, 0.4296319873487293, 0.3954576491945416, -0.5678210088392472, 0.9525489095524835, -0.9875394895908203, -0.4940352752331121, -0.13041693519110842, 0.5587658435875049, -0.6046298507994938, 0.7259864711984445, 0.9668013543506255, -0.6723155171906026, 0.19466788786571843, -0.98202780466489, -0.22685743471274122, -0.9116798841370009, 0.9133059354284718, -0.1277067062404047, 0.8979546135631256, 0.5726119718701219, 0.7325785971633969, -0.6536691570081037, -0.850102825973786, 0.2014854427555386, -0.6640556325631923, 0.4667603350211398, -0.18311227969597055, 0.05581764683584067, 0.875143167901884, 0.043392244889916, -0.7836132342255386, -0.6835531856304011, 0.09040530340642561, 0.04880816013694678, 0.2752204882519873, -0.1970091128194542, 0.2996102180386846, -0.20619999419653467, 0.24783222709644614, 0.5348099341802477, -0.6420521799177383, -0.24884846282491524, 0.005066118653868745, 0.3733341598326916, -0.4926407026772337, 0.10948172588511706, 0.24986168812819542, 0.7910023321122921, -0.27429282313374714, 0.2751141460374733, -0.6171071957620733, -0.004411770765388567, -0.6351091908575863, 0.8367660782795254, -0.13635585731754474, 0.6603762041966925, -0.16644739064327485, 0.8093351774867339, -0.19034956537818792, -0.33765099381775454, 0.14427754054549724, 0.6908872981882266, 0.7220286235061439, 0.19137623413666893, -0.8306767779591795, 0.19453321463834983, -0.5090925828337958, 0.46518689717993555, 0.7893025846334776, 0.0294679418262902, 0.20712702072041278, -0.8698643752343853, 0.08014945928561268, -0.7416264326591246, 0.22912569270066396, -0.2726993059103242, 0.5355160686614915, -0.902931727160895, -0.7803637637643119, 0.36804643024725525, 0.029307394167312983, 0.1432827432294983, 0.6874139879813108, -0.024524721700651453, 0.6202888442522898, 0.020487258589880097, 0.8534413864805024, 0.333855543079252, -0.7025463211318861, -0.27089364934848836, 0.7315498318881986, -0.29942957828896866, -0.6219484810876903, -0.0547573816684539, -0.21443765035574014, 0.23785985328818726, -0.12646741612097356, -0.47815568541100895, -0.17505557667448635, -0.16193193089539926, 0.8048437117522818, 0.9592325240809707, 0.24713767881382775, -0.8336317548582777, 0.46599743519199, 0.357370804957968, 0.6520457340504391, -0.3050973265778887, -0.8822398116837538, 0.2236436329105842, -0.751970763373456, 0.5190590583266628, 0.5888466351532844, -0.18274642650020412, 0.8875950117660911, -0.6524404124894483, 0.8851716994539605]",rhc,relu,False,False,100,[10],0.1,100,0
28,28,0.0945393000729382,1.7671739285535117,45.0,100,15,"[0.9340596780273533, 0.09446449835144466, 0.9453687199297687, 0.4296319873487293, 0.3954576491945416, -0.5678210088392472, 0.9525489095524835, -0.9875394895908203, -0.4940352752331121, -0.13041693519110842, 0.5587658435875049, -0.6046298507994938, 0.7259864711984445, 0.9668013543506255, -0.6723155171906026, 0.19466788786571843, -0.98202780466489, -0.22685743471274122, -0.9116798841370009, 0.9133059354284718, -0.1277067062404047, 0.8979546135631256, 0.5726119718701219, 0.7325785971633969, -0.6536691570081037, -0.850102825973786, 0.2014854427555386, -0.6640556325631923, 0.4667603350211398, -0.18311227969597055, 0.05581764683584067, 0.875143167901884, 0.043392244889916, -0.7836132342255386, -0.6835531856304011, 0.09040530340642561, 0.04880816013694678, 0.2752204882519873, -0.1970091128194542, 0.2996102180386846, -0.20619999419653467, 0.24783222709644614, 0.5348099341802477, -0.6420521799177383, -0.24884846282491524, 0.005066118653868745, 0.3733341598326916, -0.4926407026772337, 0.10948172588511706, 0.24986168812819542, 0.7910023321122921, -0.27429282313374714, 0.2751141460374733, -0.6171071957620733, -0.004411770765388567, -0.6351091908575863, 0.8367660782795254, -0.13635585731754474, 0.6603762041966925, -0.16644739064327485, 0.8093351774867339, -0.19034956537818792, -0.33765099381775454, 0.14427754054549724, 0.6908872981882266, 0.7220286235061439, 0.19137623413666893, -0.8306767779591795, 0.19453321463834983, -0.5090925828337958, 0.46518689717993555, 0.7893025846334776, 0.0294679418262902, 0.20712702072041278, -0.8698643752343853, 0.08014945928561268, -0.7416264326591246, 0.22912569270066396, -0.2726993059103242, 0.5355160686614915, -0.902931727160895, -0.7803637637643119, 0.36804643024725525, 0.029307394167312983, 0.1432827432294983, 0.6874139879813108, -0.024524721700651453, 0.6202888442522898, 0.020487258589880097, 0.8534413864805024, 0.333855543079252, -0.7025463211318861, -0.27089364934848836, 0.7315498318881986, -0.29942957828896866, -0.6219484810876903, -0.0547573816684539, -0.21443765035574014, 0.23785985328818726, -0.12646741612097356, -0.47815568541100895, -0.17505557667448635, -0.16193193089539926, 0.8048437117522818, 0.9592325240809707, 0.24713767881382775, -0.8336317548582777, 0.46599743519199, 0.357370804957968, 0.6520457340504391, -0.3050973265778887, -0.8822398116837538, 0.2236436329105842, -0.751970763373456, 0.5190590583266628, 0.5888466351532844, -0.18274642650020412, 0.8875950117660911, -0.6524404124894483, 0.8851716994539605]",rhc,relu,False,False,100,[10],0.1,100,0
29,29,0.09622690000105649,1.7671739285535117,46.0,100,15,"[0.9340596780273533, 0.09446449835144466, 0.9453687199297687, 0.4296319873487293, 0.3954576491945416, -0.5678210088392472, 0.9525489095524835, -0.9875394895908203, -0.4940352752331121, -0.13041693519110842, 0.5587658435875049, -0.6046298507994938, 0.7259864711984445, 0.9668013543506255, -0.6723155171906026, 0.19466788786571843, -0.98202780466489, -0.22685743471274122, -0.9116798841370009, 0.9133059354284718, -0.1277067062404047, 0.8979546135631256, 0.5726119718701219, 0.7325785971633969, -0.6536691570081037, -0.850102825973786, 0.2014854427555386, -0.6640556325631923, 0.4667603350211398, -0.18311227969597055, 0.05581764683584067, 0.875143167901884, 0.043392244889916, -0.7836132342255386, -0.6835531856304011, 0.09040530340642561, 0.04880816013694678, 0.2752204882519873, -0.1970091128194542, 0.2996102180386846, -0.20619999419653467, 0.24783222709644614, 0.5348099341802477, -0.6420521799177383, -0.24884846282491524, 0.005066118653868745, 0.3733341598326916, -0.4926407026772337, 0.10948172588511706, 0.24986168812819542, 0.7910023321122921, -0.27429282313374714, 0.2751141460374733, -0.6171071957620733, -0.004411770765388567, -0.6351091908575863, 0.8367660782795254, -0.13635585731754474, 0.6603762041966925, -0.16644739064327485, 0.8093351774867339, -0.19034956537818792, -0.33765099381775454, 0.14427754054549724, 0.6908872981882266, 0.7220286235061439, 0.19137623413666893, -0.8306767779591795, 0.19453321463834983, -0.5090925828337958, 0.46518689717993555, 0.7893025846334776, 0.0294679418262902, 0.20712702072041278, -0.8698643752343853, 0.08014945928561268, -0.7416264326591246, 0.22912569270066396, -0.2726993059103242, 0.5355160686614915, -0.902931727160895, -0.7803637637643119, 0.36804643024725525, 0.029307394167312983, 0.1432827432294983, 0.6874139879813108, -0.024524721700651453, 0.6202888442522898, 0.020487258589880097, 0.8534413864805024, 0.333855543079252, -0.7025463211318861, -0.27089364934848836, 0.7315498318881986, -0.29942957828896866, -0.6219484810876903, -0.0547573816684539, -0.21443765035574014, 0.23785985328818726, -0.12646741612097356, -0.47815568541100895, -0.17505557667448635, -0.16193193089539926, 0.8048437117522818, 0.9592325240809707, 0.24713767881382775, -0.8336317548582777, 0.46599743519199, 0.357370804957968, 0.6520457340504391, -0.3050973265778887, -0.8822398116837538, 0.2236436329105842, -0.751970763373456, 0.5190590583266628, 0.5888466351532844, -0.18274642650020412, 0.8875950117660911, -0.6524404124894483, 0.8851716994539605]",rhc,relu,False,False,100,[10],0.1,100,0
30,30,0.09977780003100634,1.7634357371882108,48.0,100,15,"[0.9340596780273533, 0.09446449835144466, 0.9453687199297687, 0.4296319873487293, 0.3954576491945416, -0.5678210088392472, 0.9525489095524835, -0.9875394895908203, -0.4940352752331121, -0.13041693519110842, 0.5587658435875049, -0.6046298507994938, 0.7259864711984445, 0.9668013543506255, -0.6723155171906026, 0.19466788786571843, -0.98202780466489, -0.22685743471274122, -0.9116798841370009, 0.9133059354284718, -0.1277067062404047, 0.8979546135631256, 0.5726119718701219, 0.7325785971633969, -0.6536691570081037, -0.850102825973786, 0.2014854427555386, -0.6640556325631923, 0.4667603350211398, -0.18311227969597055, 0.05581764683584067, 0.875143167901884, 0.043392244889916, -0.7836132342255386, -0.6835531856304011, 0.09040530340642561, 0.04880816013694678, 0.2752204882519873, -0.1970091128194542, 0.2996102180386846, -0.20619999419653467, 0.24783222709644614, 0.5348099341802477, -0.6420521799177383, -0.24884846282491524, 0.005066118653868745, 0.3733341598326916, -0.4926407026772337, 0.10948172588511706, 0.24986168812819542, 0.7910023321122921, -0.27429282313374714, 0.2751141460374733, -0.6171071957620733, -0.004411770765388567, -0.6351091908575863, 0.8367660782795254, -0.13635585731754474, 0.6603762041966925, -0.16644739064327485, 0.8093351774867339, -0.19034956537818792, -0.33765099381775454, 0.14427754054549724, 0.6908872981882266, 0.7220286235061439, 0.19137623413666893, -0.8306767779591795, 0.19453321463834983, -0.5090925828337958, 0.46518689717993555, 0.7893025846334776, 0.0294679418262902, 0.20712702072041278, -0.8698643752343853, 0.08014945928561268, -0.7416264326591246, 0.22912569270066396, -0.2726993059103242, 0.5355160686614915, -0.902931727160895, -0.7803637637643119, 0.36804643024725525, 0.029307394167312983, 0.1432827432294983, 0.6874139879813108, -0.024524721700651453, 0.6202888442522898, 0.020487258589880097, 0.8534413864805024, 0.333855543079252, -0.7025463211318861, -0.27089364934848836, 0.7315498318881986, -0.29942957828896866, -0.6219484810876903, -0.0547573816684539, -0.21443765035574014, 0.23785985328818726, -0.12646741612097356, -0.47815568541100895, -0.17505557667448635, -0.16193193089539926, 0.8048437117522818, 0.9592325240809707, 0.24713767881382775, -0.8336317548582777, 0.46599743519199, 0.357370804957968, 0.6520457340504391, -0.3050973265778887, -0.8822398116837538, 0.2236436329105842, -0.751970763373456, 0.5190590583266628, 0.5888466351532844, -0.18274642650020412, 0.8875950117660911, -0.6524404124894483, 0.8851716994539605]",rhc,relu,False,False,100,[10],0.1,100,0
31,31,0.10406230005901307,1.762191041755445,50.0,100,15,"[0.9340596780273533, 0.09446449835144466, 0.9453687199297687, 0.4296319873487293, 0.3954576491945416, -0.5678210088392472, 0.9525489095524835, -0.9875394895908203, -0.4940352752331121, -0.13041693519110842, 0.5587658435875049, -0.6046298507994938, 0.7259864711984445, 0.9668013543506255, -0.6723155171906026, 0.19466788786571843, -0.98202780466489, -0.22685743471274122, -0.9116798841370009, 0.9133059354284718, -0.1277067062404047, 0.8979546135631256, 0.5726119718701219, 0.7325785971633969, -0.6536691570081037, -0.850102825973786, 0.2014854427555386, -0.6640556325631923, 0.4667603350211398, -0.18311227969597055, 0.05581764683584067, 0.875143167901884, 0.043392244889916, -0.7836132342255386, -0.6835531856304011, 0.09040530340642561, 0.04880816013694678, 0.2752204882519873, -0.1970091128194542, 0.2996102180386846, -0.20619999419653467, 0.24783222709644614, 0.5348099341802477, -0.6420521799177383, -0.24884846282491524, 0.005066118653868745, 0.3733341598326916, -0.4926407026772337, 0.10948172588511706, 0.24986168812819542, 0.7910023321122921, -0.27429282313374714, 0.2751141460374733, -0.6171071957620733, -0.004411770765388567, -0.6351091908575863, 0.8367660782795254, -0.13635585731754474, 0.6603762041966925, -0.16644739064327485, 0.8093351774867339, -0.19034956537818792, -0.33765099381775454, 0.14427754054549724, 0.6908872981882266, 0.7220286235061439, 0.19137623413666893, -0.8306767779591795, 0.19453321463834983, -0.5090925828337958, 0.46518689717993555, 0.7893025846334776, 0.0294679418262902, 0.20712702072041278, -0.8698643752343853, 0.08014945928561268, -0.7416264326591246, 0.22912569270066396, -0.2726993059103242, 0.5355160686614915, -0.902931727160895, -0.7803637637643119, 0.36804643024725525, 0.029307394167312983, 0.1432827432294983, 0.6874139879813108, -0.024524721700651453, 0.6202888442522898, 0.020487258589880097, 0.8534413864805024, 0.333855543079252, -0.7025463211318861, -0.27089364934848836, 0.7315498318881986, -0.29942957828896866, -0.6219484810876903, -0.0547573816684539, -0.21443765035574014, 0.23785985328818726, -0.12646741612097356, -0.47815568541100895, -0.17505557667448635, -0.16193193089539926, 0.8048437117522818, 0.9592325240809707, 0.24713767881382775, -0.8336317548582777, 0.46599743519199, 0.357370804957968, 0.6520457340504391, -0.3050973265778887, -0.8822398116837538, 0.2236436329105842, -0.751970763373456, 0.5190590583266628, 0.5888466351532844, -0.18274642650020412, 0.8875950117660911, -0.6524404124894483, 0.8851716994539605]",rhc,relu,False,False,100,[10],0.1,100,0
32,32,0.1062065000878647,1.762191041755445,51.0,100,15,"[0.9340596780273533, 0.09446449835144466, 0.9453687199297687, 0.4296319873487293, 0.3954576491945416, -0.5678210088392472, 0.9525489095524835, -0.9875394895908203, -0.4940352752331121, -0.13041693519110842, 0.5587658435875049, -0.6046298507994938, 0.7259864711984445, 0.9668013543506255, -0.6723155171906026, 0.19466788786571843, -0.98202780466489, -0.22685743471274122, -0.9116798841370009, 0.9133059354284718, -0.1277067062404047, 0.8979546135631256, 0.5726119718701219, 0.7325785971633969, -0.6536691570081037, -0.850102825973786, 0.2014854427555386, -0.6640556325631923, 0.4667603350211398, -0.18311227969597055, 0.05581764683584067, 0.875143167901884, 0.043392244889916, -0.7836132342255386, -0.6835531856304011, 0.09040530340642561, 0.04880816013694678, 0.2752204882519873, -0.1970091128194542, 0.2996102180386846, -0.20619999419653467, 0.24783222709644614, 0.5348099341802477, -0.6420521799177383, -0.24884846282491524, 0.005066118653868745, 0.3733341598326916, -0.4926407026772337, 0.10948172588511706, 0.24986168812819542, 0.7910023321122921, -0.27429282313374714, 0.2751141460374733, -0.6171071957620733, -0.004411770765388567, -0.6351091908575863, 0.8367660782795254, -0.13635585731754474, 0.6603762041966925, -0.16644739064327485, 0.8093351774867339, -0.19034956537818792, -0.33765099381775454, 0.14427754054549724, 0.6908872981882266, 0.7220286235061439, 0.19137623413666893, -0.8306767779591795, 0.19453321463834983, -0.5090925828337958, 0.46518689717993555, 0.7893025846334776, 0.0294679418262902, 0.20712702072041278, -0.8698643752343853, 0.08014945928561268, -0.7416264326591246, 0.22912569270066396, -0.2726993059103242, 0.5355160686614915, -0.902931727160895, -0.7803637637643119, 0.36804643024725525, 0.029307394167312983, 0.1432827432294983, 0.6874139879813108, -0.024524721700651453, 0.6202888442522898, 0.020487258589880097, 0.8534413864805024, 0.333855543079252, -0.7025463211318861, -0.27089364934848836, 0.7315498318881986, -0.29942957828896866, -0.6219484810876903, -0.0547573816684539, -0.21443765035574014, 0.23785985328818726, -0.12646741612097356, -0.47815568541100895, -0.17505557667448635, -0.16193193089539926, 0.8048437117522818, 0.9592325240809707, 0.24713767881382775, -0.8336317548582777, 0.46599743519199, 0.357370804957968, 0.6520457340504391, -0.3050973265778887, -0.8822398116837538, 0.2236436329105842, -0.751970763373456, 0.5190590583266628, 0.5888466351532844, -0.18274642650020412, 0.8875950117660911, -0.6524404124894483, 0.8851716994539605]",rhc,relu,False,False,100,[10],0.1,100,0
33,33,0.10762970009818673,1.762191041755445,52.0,100,15,"[0.9340596780273533, 0.09446449835144466, 0.9453687199297687, 0.4296319873487293, 0.3954576491945416, -0.5678210088392472, 0.9525489095524835, -0.9875394895908203, -0.4940352752331121, -0.13041693519110842, 0.5587658435875049, -0.6046298507994938, 0.7259864711984445, 0.9668013543506255, -0.6723155171906026, 0.19466788786571843, -0.98202780466489, -0.22685743471274122, -0.9116798841370009, 0.9133059354284718, -0.1277067062404047, 0.8979546135631256, 0.5726119718701219, 0.7325785971633969, -0.6536691570081037, -0.850102825973786, 0.2014854427555386, -0.6640556325631923, 0.4667603350211398, -0.18311227969597055, 0.05581764683584067, 0.875143167901884, 0.043392244889916, -0.7836132342255386, -0.6835531856304011, 0.09040530340642561, 0.04880816013694678, 0.2752204882519873, -0.1970091128194542, 0.2996102180386846, -0.20619999419653467, 0.24783222709644614, 0.5348099341802477, -0.6420521799177383, -0.24884846282491524, 0.005066118653868745, 0.3733341598326916, -0.4926407026772337, 0.10948172588511706, 0.24986168812819542, 0.7910023321122921, -0.27429282313374714, 0.2751141460374733, -0.6171071957620733, -0.004411770765388567, -0.6351091908575863, 0.8367660782795254, -0.13635585731754474, 0.6603762041966925, -0.16644739064327485, 0.8093351774867339, -0.19034956537818792, -0.33765099381775454, 0.14427754054549724, 0.6908872981882266, 0.7220286235061439, 0.19137623413666893, -0.8306767779591795, 0.19453321463834983, -0.5090925828337958, 0.46518689717993555, 0.7893025846334776, 0.0294679418262902, 0.20712702072041278, -0.8698643752343853, 0.08014945928561268, -0.7416264326591246, 0.22912569270066396, -0.2726993059103242, 0.5355160686614915, -0.902931727160895, -0.7803637637643119, 0.36804643024725525, 0.029307394167312983, 0.1432827432294983, 0.6874139879813108, -0.024524721700651453, 0.6202888442522898, 0.020487258589880097, 0.8534413864805024, 0.333855543079252, -0.7025463211318861, -0.27089364934848836, 0.7315498318881986, -0.29942957828896866, -0.6219484810876903, -0.0547573816684539, -0.21443765035574014, 0.23785985328818726, -0.12646741612097356, -0.47815568541100895, -0.17505557667448635, -0.16193193089539926, 0.8048437117522818, 0.9592325240809707, 0.24713767881382775, -0.8336317548582777, 0.46599743519199, 0.357370804957968, 0.6520457340504391, -0.3050973265778887, -0.8822398116837538, 0.2236436329105842, -0.751970763373456, 0.5190590583266628, 0.5888466351532844, -0.18274642650020412, 0.8875950117660911, -0.6524404124894483, 0.8851716994539605]",rhc,relu,False,False,100,[10],0.1,100,0
34,34,0.10928710002917796,1.762191041755445,53.0,100,15,"[0.9340596780273533, 0.09446449835144466, 0.9453687199297687, 0.4296319873487293, 0.3954576491945416, -0.5678210088392472, 0.9525489095524835, -0.9875394895908203, -0.4940352752331121, -0.13041693519110842, 0.5587658435875049, -0.6046298507994938, 0.7259864711984445, 0.9668013543506255, -0.6723155171906026, 0.19466788786571843, -0.98202780466489, -0.22685743471274122, -0.9116798841370009, 0.9133059354284718, -0.1277067062404047, 0.8979546135631256, 0.5726119718701219, 0.7325785971633969, -0.6536691570081037, -0.850102825973786, 0.2014854427555386, -0.6640556325631923, 0.4667603350211398, -0.18311227969597055, 0.05581764683584067, 0.875143167901884, 0.043392244889916, -0.7836132342255386, -0.6835531856304011, 0.09040530340642561, 0.04880816013694678, 0.2752204882519873, -0.1970091128194542, 0.2996102180386846, -0.20619999419653467, 0.24783222709644614, 0.5348099341802477, -0.6420521799177383, -0.24884846282491524, 0.005066118653868745, 0.3733341598326916, -0.4926407026772337, 0.10948172588511706, 0.24986168812819542, 0.7910023321122921, -0.27429282313374714, 0.2751141460374733, -0.6171071957620733, -0.004411770765388567, -0.6351091908575863, 0.8367660782795254, -0.13635585731754474, 0.6603762041966925, -0.16644739064327485, 0.8093351774867339, -0.19034956537818792, -0.33765099381775454, 0.14427754054549724, 0.6908872981882266, 0.7220286235061439, 0.19137623413666893, -0.8306767779591795, 0.19453321463834983, -0.5090925828337958, 0.46518689717993555, 0.7893025846334776, 0.0294679418262902, 0.20712702072041278, -0.8698643752343853, 0.08014945928561268, -0.7416264326591246, 0.22912569270066396, -0.2726993059103242, 0.5355160686614915, -0.902931727160895, -0.7803637637643119, 0.36804643024725525, 0.029307394167312983, 0.1432827432294983, 0.6874139879813108, -0.024524721700651453, 0.6202888442522898, 0.020487258589880097, 0.8534413864805024, 0.333855543079252, -0.7025463211318861, -0.27089364934848836, 0.7315498318881986, -0.29942957828896866, -0.6219484810876903, -0.0547573816684539, -0.21443765035574014, 0.23785985328818726, -0.12646741612097356, -0.47815568541100895, -0.17505557667448635, -0.16193193089539926, 0.8048437117522818, 0.9592325240809707, 0.24713767881382775, -0.8336317548582777, 0.46599743519199, 0.357370804957968, 0.6520457340504391, -0.3050973265778887, -0.8822398116837538, 0.2236436329105842, -0.751970763373456, 0.5190590583266628, 0.5888466351532844, -0.18274642650020412, 0.8875950117660911, -0.6524404124894483, 0.8851716994539605]",rhc,relu,False,False,100,[10],0.1,100,0
35,35,0.11070370010565966,1.762191041755445,54.0,100,15,"[0.9340596780273533, 0.09446449835144466, 0.9453687199297687, 0.4296319873487293, 0.3954576491945416, -0.5678210088392472, 0.9525489095524835, -0.9875394895908203, -0.4940352752331121, -0.13041693519110842, 0.5587658435875049, -0.6046298507994938, 0.7259864711984445, 0.9668013543506255, -0.6723155171906026, 0.19466788786571843, -0.98202780466489, -0.22685743471274122, -0.9116798841370009, 0.9133059354284718, -0.1277067062404047, 0.8979546135631256, 0.5726119718701219, 0.7325785971633969, -0.6536691570081037, -0.850102825973786, 0.2014854427555386, -0.6640556325631923, 0.4667603350211398, -0.18311227969597055, 0.05581764683584067, 0.875143167901884, 0.043392244889916, -0.7836132342255386, -0.6835531856304011, 0.09040530340642561, 0.04880816013694678, 0.2752204882519873, -0.1970091128194542, 0.2996102180386846, -0.20619999419653467, 0.24783222709644614, 0.5348099341802477, -0.6420521799177383, -0.24884846282491524, 0.005066118653868745, 0.3733341598326916, -0.4926407026772337, 0.10948172588511706, 0.24986168812819542, 0.7910023321122921, -0.27429282313374714, 0.2751141460374733, -0.6171071957620733, -0.004411770765388567, -0.6351091908575863, 0.8367660782795254, -0.13635585731754474, 0.6603762041966925, -0.16644739064327485, 0.8093351774867339, -0.19034956537818792, -0.33765099381775454, 0.14427754054549724, 0.6908872981882266, 0.7220286235061439, 0.19137623413666893, -0.8306767779591795, 0.19453321463834983, -0.5090925828337958, 0.46518689717993555, 0.7893025846334776, 0.0294679418262902, 0.20712702072041278, -0.8698643752343853, 0.08014945928561268, -0.7416264326591246, 0.22912569270066396, -0.2726993059103242, 0.5355160686614915, -0.902931727160895, -0.7803637637643119, 0.36804643024725525, 0.029307394167312983, 0.1432827432294983, 0.6874139879813108, -0.024524721700651453, 0.6202888442522898, 0.020487258589880097, 0.8534413864805024, 0.333855543079252, -0.7025463211318861, -0.27089364934848836, 0.7315498318881986, -0.29942957828896866, -0.6219484810876903, -0.0547573816684539, -0.21443765035574014, 0.23785985328818726, -0.12646741612097356, -0.47815568541100895, -0.17505557667448635, -0.16193193089539926, 0.8048437117522818, 0.9592325240809707, 0.24713767881382775, -0.8336317548582777, 0.46599743519199, 0.357370804957968, 0.6520457340504391, -0.3050973265778887, -0.8822398116837538, 0.2236436329105842, -0.751970763373456, 0.5190590583266628, 0.5888466351532844, -0.18274642650020412, 0.8875950117660911, -0.6524404124894483, 0.8851716994539605]",rhc,relu,False,False,100,[10],0.1,100,0
36,36,0.1138131000334397,1.7361125085765137,56.0,100,15,"[0.9340596780273533, 0.09446449835144466, 0.9453687199297687, 0.4296319873487293, 0.3954576491945416, -0.5678210088392472, 0.9525489095524835, -0.9875394895908203, -0.4940352752331121, -0.13041693519110842, 0.5587658435875049, -0.6046298507994938, 0.7259864711984445, 0.9668013543506255, -0.6723155171906026, 0.19466788786571843, -0.98202780466489, -0.22685743471274122, -0.9116798841370009, 0.9133059354284718, -0.1277067062404047, 0.8979546135631256, 0.5726119718701219, 0.7325785971633969, -0.6536691570081037, -0.850102825973786, 0.2014854427555386, -0.6640556325631923, 0.4667603350211398, -0.18311227969597055, 0.05581764683584067, 0.875143167901884, 0.043392244889916, -0.7836132342255386, -0.6835531856304011, 0.09040530340642561, 0.04880816013694678, 0.2752204882519873, -0.1970091128194542, 0.2996102180386846, -0.20619999419653467, 0.24783222709644614, 0.5348099341802477, -0.6420521799177383, -0.24884846282491524, 0.005066118653868745, 0.3733341598326916, -0.4926407026772337, 0.10948172588511706, 0.24986168812819542, 0.7910023321122921, -0.27429282313374714, 0.2751141460374733, -0.6171071957620733, -0.004411770765388567, -0.6351091908575863, 0.8367660782795254, -0.13635585731754474, 0.6603762041966925, -0.16644739064327485, 0.8093351774867339, -0.19034956537818792, -0.33765099381775454, 0.14427754054549724, 0.6908872981882266, 0.7220286235061439, 0.19137623413666893, -0.8306767779591795, 0.19453321463834983, -0.5090925828337958, 0.46518689717993555, 0.7893025846334776, 0.0294679418262902, 0.20712702072041278, -0.8698643752343853, 0.08014945928561268, -0.7416264326591246, 0.22912569270066396, -0.2726993059103242, 0.5355160686614915, -0.902931727160895, -0.7803637637643119, 0.36804643024725525, 0.029307394167312983, 0.1432827432294983, 0.6874139879813108, -0.024524721700651453, 0.6202888442522898, 0.020487258589880097, 0.8534413864805024, 0.333855543079252, -0.7025463211318861, -0.27089364934848836, 0.7315498318881986, -0.29942957828896866, -0.6219484810876903, -0.0547573816684539, -0.21443765035574014, 0.23785985328818726, -0.12646741612097356, -0.47815568541100895, -0.17505557667448635, -0.16193193089539926, 0.8048437117522818, 0.9592325240809707, 0.24713767881382775, -0.8336317548582777, 0.46599743519199, 0.357370804957968, 0.6520457340504391, -0.3050973265778887, -0.8822398116837538, 0.2236436329105842, -0.751970763373456, 0.5190590583266628, 0.5888466351532844, -0.18274642650020412, 0.8875950117660911, -0.6524404124894483, 0.8851716994539605]",rhc,relu,False,False,100,[10],0.1,100,0
37,37,0.1166854000184685,1.7329920201469566,58.0,100,15,"[0.9340596780273533, 0.09446449835144466, 0.9453687199297687, 0.4296319873487293, 0.3954576491945416, -0.5678210088392472, 0.9525489095524835, -0.9875394895908203, -0.4940352752331121, -0.13041693519110842, 0.5587658435875049, -0.6046298507994938, 0.7259864711984445, 0.9668013543506255, -0.6723155171906026, 0.19466788786571843, -0.98202780466489, -0.22685743471274122, -0.9116798841370009, 0.9133059354284718, -0.1277067062404047, 0.8979546135631256, 0.5726119718701219, 0.7325785971633969, -0.6536691570081037, -0.850102825973786, 0.2014854427555386, -0.6640556325631923, 0.4667603350211398, -0.18311227969597055, 0.05581764683584067, 0.875143167901884, 0.043392244889916, -0.7836132342255386, -0.6835531856304011, 0.09040530340642561, 0.04880816013694678, 0.2752204882519873, -0.1970091128194542, 0.2996102180386846, -0.20619999419653467, 0.24783222709644614, 0.5348099341802477, -0.6420521799177383, -0.24884846282491524, 0.005066118653868745, 0.3733341598326916, -0.4926407026772337, 0.10948172588511706, 0.24986168812819542, 0.7910023321122921, -0.27429282313374714, 0.2751141460374733, -0.6171071957620733, -0.004411770765388567, -0.6351091908575863, 0.8367660782795254, -0.13635585731754474, 0.6603762041966925, -0.16644739064327485, 0.8093351774867339, -0.19034956537818792, -0.33765099381775454, 0.14427754054549724, 0.6908872981882266, 0.7220286235061439, 0.19137623413666893, -0.8306767779591795, 0.19453321463834983, -0.5090925828337958, 0.46518689717993555, 0.7893025846334776, 0.0294679418262902, 0.20712702072041278, -0.8698643752343853, 0.08014945928561268, -0.7416264326591246, 0.22912569270066396, -0.2726993059103242, 0.5355160686614915, -0.902931727160895, -0.7803637637643119, 0.36804643024725525, 0.029307394167312983, 0.1432827432294983, 0.6874139879813108, -0.024524721700651453, 0.6202888442522898, 0.020487258589880097, 0.8534413864805024, 0.333855543079252, -0.7025463211318861, -0.27089364934848836, 0.7315498318881986, -0.29942957828896866, -0.6219484810876903, -0.0547573816684539, -0.21443765035574014, 0.23785985328818726, -0.12646741612097356, -0.47815568541100895, -0.17505557667448635, -0.16193193089539926, 0.8048437117522818, 0.9592325240809707, 0.24713767881382775, -0.8336317548582777, 0.46599743519199, 0.357370804957968, 0.6520457340504391, -0.3050973265778887, -0.8822398116837538, 0.2236436329105842, -0.751970763373456, 0.5190590583266628, 0.5888466351532844, -0.18274642650020412, 0.8875950117660911, -0.6524404124894483, 0.8851716994539605]",rhc,relu,False,False,100,[10],0.1,100,0
38,38,0.11806140001863241,1.7329920201469566,59.0,100,15,"[0.9340596780273533, 0.09446449835144466, 0.9453687199297687, 0.4296319873487293, 0.3954576491945416, -0.5678210088392472, 0.9525489095524835, -0.9875394895908203, -0.4940352752331121, -0.13041693519110842, 0.5587658435875049, -0.6046298507994938, 0.7259864711984445, 0.9668013543506255, -0.6723155171906026, 0.19466788786571843, -0.98202780466489, -0.22685743471274122, -0.9116798841370009, 0.9133059354284718, -0.1277067062404047, 0.8979546135631256, 0.5726119718701219, 0.7325785971633969, -0.6536691570081037, -0.850102825973786, 0.2014854427555386, -0.6640556325631923, 0.4667603350211398, -0.18311227969597055, 0.05581764683584067, 0.875143167901884, 0.043392244889916, -0.7836132342255386, -0.6835531856304011, 0.09040530340642561, 0.04880816013694678, 0.2752204882519873, -0.1970091128194542, 0.2996102180386846, -0.20619999419653467, 0.24783222709644614, 0.5348099341802477, -0.6420521799177383, -0.24884846282491524, 0.005066118653868745, 0.3733341598326916, -0.4926407026772337, 0.10948172588511706, 0.24986168812819542, 0.7910023321122921, -0.27429282313374714, 0.2751141460374733, -0.6171071957620733, -0.004411770765388567, -0.6351091908575863, 0.8367660782795254, -0.13635585731754474, 0.6603762041966925, -0.16644739064327485, 0.8093351774867339, -0.19034956537818792, -0.33765099381775454, 0.14427754054549724, 0.6908872981882266, 0.7220286235061439, 0.19137623413666893, -0.8306767779591795, 0.19453321463834983, -0.5090925828337958, 0.46518689717993555, 0.7893025846334776, 0.0294679418262902, 0.20712702072041278, -0.8698643752343853, 0.08014945928561268, -0.7416264326591246, 0.22912569270066396, -0.2726993059103242, 0.5355160686614915, -0.902931727160895, -0.7803637637643119, 0.36804643024725525, 0.029307394167312983, 0.1432827432294983, 0.6874139879813108, -0.024524721700651453, 0.6202888442522898, 0.020487258589880097, 0.8534413864805024, 0.333855543079252, -0.7025463211318861, -0.27089364934848836, 0.7315498318881986, -0.29942957828896866, -0.6219484810876903, -0.0547573816684539, -0.21443765035574014, 0.23785985328818726, -0.12646741612097356, -0.47815568541100895, -0.17505557667448635, -0.16193193089539926, 0.8048437117522818, 0.9592325240809707, 0.24713767881382775, -0.8336317548582777, 0.46599743519199, 0.357370804957968, 0.6520457340504391, -0.3050973265778887, -0.8822398116837538, 0.2236436329105842, -0.751970763373456, 0.5190590583266628, 0.5888466351532844, -0.18274642650020412, 0.8875950117660911, -0.6524404124894483, 0.8851716994539605]",rhc,relu,False,False,100,[10],0.1,100,0
39,39,0.12082070007454604,1.726682556221623,61.0,100,15,"[0.9340596780273533, 0.09446449835144466, 0.9453687199297687, 0.4296319873487293, 0.3954576491945416, -0.5678210088392472, 0.9525489095524835, -0.9875394895908203, -0.4940352752331121, -0.13041693519110842, 0.5587658435875049, -0.6046298507994938, 0.7259864711984445, 0.9668013543506255, -0.6723155171906026, 0.19466788786571843, -0.98202780466489, -0.22685743471274122, -0.9116798841370009, 0.9133059354284718, -0.1277067062404047, 0.8979546135631256, 0.5726119718701219, 0.7325785971633969, -0.6536691570081037, -0.850102825973786, 0.2014854427555386, -0.6640556325631923, 0.4667603350211398, -0.18311227969597055, 0.05581764683584067, 0.875143167901884, 0.043392244889916, -0.7836132342255386, -0.6835531856304011, 0.09040530340642561, 0.04880816013694678, 0.2752204882519873, -0.1970091128194542, 0.2996102180386846, -0.20619999419653467, 0.24783222709644614, 0.5348099341802477, -0.6420521799177383, -0.24884846282491524, 0.005066118653868745, 0.3733341598326916, -0.4926407026772337, 0.10948172588511706, 0.24986168812819542, 0.7910023321122921, -0.27429282313374714, 0.2751141460374733, -0.6171071957620733, -0.004411770765388567, -0.6351091908575863, 0.8367660782795254, -0.13635585731754474, 0.6603762041966925, -0.16644739064327485, 0.8093351774867339, -0.19034956537818792, -0.33765099381775454, 0.14427754054549724, 0.6908872981882266, 0.7220286235061439, 0.19137623413666893, -0.8306767779591795, 0.19453321463834983, -0.5090925828337958, 0.46518689717993555, 0.7893025846334776, 0.0294679418262902, 0.20712702072041278, -0.8698643752343853, 0.08014945928561268, -0.7416264326591246, 0.22912569270066396, -0.2726993059103242, 0.5355160686614915, -0.902931727160895, -0.7803637637643119, 0.36804643024725525, 0.029307394167312983, 0.1432827432294983, 0.6874139879813108, -0.024524721700651453, 0.6202888442522898, 0.020487258589880097, 0.8534413864805024, 0.333855543079252, -0.7025463211318861, -0.27089364934848836, 0.7315498318881986, -0.29942957828896866, -0.6219484810876903, -0.0547573816684539, -0.21443765035574014, 0.23785985328818726, -0.12646741612097356, -0.47815568541100895, -0.17505557667448635, -0.16193193089539926, 0.8048437117522818, 0.9592325240809707, 0.24713767881382775, -0.8336317548582777, 0.46599743519199, 0.357370804957968, 0.6520457340504391, -0.3050973265778887, -0.8822398116837538, 0.2236436329105842, -0.751970763373456, 0.5190590583266628, 0.5888466351532844, -0.18274642650020412, 0.8875950117660911, -0.6524404124894483, 0.8851716994539605]",rhc,relu,False,False,100,[10],0.1,100,0
40,40,0.12267690000589937,1.726682556221623,62.0,100,15,"[0.9340596780273533, 0.09446449835144466, 0.9453687199297687, 0.4296319873487293, 0.3954576491945416, -0.5678210088392472, 0.9525489095524835, -0.9875394895908203, -0.4940352752331121, -0.13041693519110842, 0.5587658435875049, -0.6046298507994938, 0.7259864711984445, 0.9668013543506255, -0.6723155171906026, 0.19466788786571843, -0.98202780466489, -0.22685743471274122, -0.9116798841370009, 0.9133059354284718, -0.1277067062404047, 0.8979546135631256, 0.5726119718701219, 0.7325785971633969, -0.6536691570081037, -0.850102825973786, 0.2014854427555386, -0.6640556325631923, 0.4667603350211398, -0.18311227969597055, 0.05581764683584067, 0.875143167901884, 0.043392244889916, -0.7836132342255386, -0.6835531856304011, 0.09040530340642561, 0.04880816013694678, 0.2752204882519873, -0.1970091128194542, 0.2996102180386846, -0.20619999419653467, 0.24783222709644614, 0.5348099341802477, -0.6420521799177383, -0.24884846282491524, 0.005066118653868745, 0.3733341598326916, -0.4926407026772337, 0.10948172588511706, 0.24986168812819542, 0.7910023321122921, -0.27429282313374714, 0.2751141460374733, -0.6171071957620733, -0.004411770765388567, -0.6351091908575863, 0.8367660782795254, -0.13635585731754474, 0.6603762041966925, -0.16644739064327485, 0.8093351774867339, -0.19034956537818792, -0.33765099381775454, 0.14427754054549724, 0.6908872981882266, 0.7220286235061439, 0.19137623413666893, -0.8306767779591795, 0.19453321463834983, -0.5090925828337958, 0.46518689717993555, 0.7893025846334776, 0.0294679418262902, 0.20712702072041278, -0.8698643752343853, 0.08014945928561268, -0.7416264326591246, 0.22912569270066396, -0.2726993059103242, 0.5355160686614915, -0.902931727160895, -0.7803637637643119, 0.36804643024725525, 0.029307394167312983, 0.1432827432294983, 0.6874139879813108, -0.024524721700651453, 0.6202888442522898, 0.020487258589880097, 0.8534413864805024, 0.333855543079252, -0.7025463211318861, -0.27089364934848836, 0.7315498318881986, -0.29942957828896866, -0.6219484810876903, -0.0547573816684539, -0.21443765035574014, 0.23785985328818726, -0.12646741612097356, -0.47815568541100895, -0.17505557667448635, -0.16193193089539926, 0.8048437117522818, 0.9592325240809707, 0.24713767881382775, -0.8336317548582777, 0.46599743519199, 0.357370804957968, 0.6520457340504391, -0.3050973265778887, -0.8822398116837538, 0.2236436329105842, -0.751970763373456, 0.5190590583266628, 0.5888466351532844, -0.18274642650020412, 0.8875950117660911, -0.6524404124894483, 0.8851716994539605]",rhc,relu,False,False,100,[10],0.1,100,0
41,41,0.1255848000291735,1.726336081274084,64.0,100,15,"[0.9340596780273533, 0.09446449835144466, 0.9453687199297687, 0.4296319873487293, 0.3954576491945416, -0.5678210088392472, 0.9525489095524835, -0.9875394895908203, -0.4940352752331121, -0.13041693519110842, 0.5587658435875049, -0.6046298507994938, 0.7259864711984445, 0.9668013543506255, -0.6723155171906026, 0.19466788786571843, -0.98202780466489, -0.22685743471274122, -0.9116798841370009, 0.9133059354284718, -0.1277067062404047, 0.8979546135631256, 0.5726119718701219, 0.7325785971633969, -0.6536691570081037, -0.850102825973786, 0.2014854427555386, -0.6640556325631923, 0.4667603350211398, -0.18311227969597055, 0.05581764683584067, 0.875143167901884, 0.043392244889916, -0.7836132342255386, -0.6835531856304011, 0.09040530340642561, 0.04880816013694678, 0.2752204882519873, -0.1970091128194542, 0.2996102180386846, -0.20619999419653467, 0.24783222709644614, 0.5348099341802477, -0.6420521799177383, -0.24884846282491524, 0.005066118653868745, 0.3733341598326916, -0.4926407026772337, 0.10948172588511706, 0.24986168812819542, 0.7910023321122921, -0.27429282313374714, 0.2751141460374733, -0.6171071957620733, -0.004411770765388567, -0.6351091908575863, 0.8367660782795254, -0.13635585731754474, 0.6603762041966925, -0.16644739064327485, 0.8093351774867339, -0.19034956537818792, -0.33765099381775454, 0.14427754054549724, 0.6908872981882266, 0.7220286235061439, 0.19137623413666893, -0.8306767779591795, 0.19453321463834983, -0.5090925828337958, 0.46518689717993555, 0.7893025846334776, 0.0294679418262902, 0.20712702072041278, -0.8698643752343853, 0.08014945928561268, -0.7416264326591246, 0.22912569270066396, -0.2726993059103242, 0.5355160686614915, -0.902931727160895, -0.7803637637643119, 0.36804643024725525, 0.029307394167312983, 0.1432827432294983, 0.6874139879813108, -0.024524721700651453, 0.6202888442522898, 0.020487258589880097, 0.8534413864805024, 0.333855543079252, -0.7025463211318861, -0.27089364934848836, 0.7315498318881986, -0.29942957828896866, -0.6219484810876903, -0.0547573816684539, -0.21443765035574014, 0.23785985328818726, -0.12646741612097356, -0.47815568541100895, -0.17505557667448635, -0.16193193089539926, 0.8048437117522818, 0.9592325240809707, 0.24713767881382775, -0.8336317548582777, 0.46599743519199, 0.357370804957968, 0.6520457340504391, -0.3050973265778887, -0.8822398116837538, 0.2236436329105842, -0.751970763373456, 0.5190590583266628, 0.5888466351532844, -0.18274642650020412, 0.8875950117660911, -0.6524404124894483, 0.8851716994539605]",rhc,relu,False,False,100,[10],0.1,100,0
42,42,0.12696350004989654,1.726336081274084,65.0,100,15,"[0.9340596780273533, 0.09446449835144466, 0.9453687199297687, 0.4296319873487293, 0.3954576491945416, -0.5678210088392472, 0.9525489095524835, -0.9875394895908203, -0.4940352752331121, -0.13041693519110842, 0.5587658435875049, -0.6046298507994938, 0.7259864711984445, 0.9668013543506255, -0.6723155171906026, 0.19466788786571843, -0.98202780466489, -0.22685743471274122, -0.9116798841370009, 0.9133059354284718, -0.1277067062404047, 0.8979546135631256, 0.5726119718701219, 0.7325785971633969, -0.6536691570081037, -0.850102825973786, 0.2014854427555386, -0.6640556325631923, 0.4667603350211398, -0.18311227969597055, 0.05581764683584067, 0.875143167901884, 0.043392244889916, -0.7836132342255386, -0.6835531856304011, 0.09040530340642561, 0.04880816013694678, 0.2752204882519873, -0.1970091128194542, 0.2996102180386846, -0.20619999419653467, 0.24783222709644614, 0.5348099341802477, -0.6420521799177383, -0.24884846282491524, 0.005066118653868745, 0.3733341598326916, -0.4926407026772337, 0.10948172588511706, 0.24986168812819542, 0.7910023321122921, -0.27429282313374714, 0.2751141460374733, -0.6171071957620733, -0.004411770765388567, -0.6351091908575863, 0.8367660782795254, -0.13635585731754474, 0.6603762041966925, -0.16644739064327485, 0.8093351774867339, -0.19034956537818792, -0.33765099381775454, 0.14427754054549724, 0.6908872981882266, 0.7220286235061439, 0.19137623413666893, -0.8306767779591795, 0.19453321463834983, -0.5090925828337958, 0.46518689717993555, 0.7893025846334776, 0.0294679418262902, 0.20712702072041278, -0.8698643752343853, 0.08014945928561268, -0.7416264326591246, 0.22912569270066396, -0.2726993059103242, 0.5355160686614915, -0.902931727160895, -0.7803637637643119, 0.36804643024725525, 0.029307394167312983, 0.1432827432294983, 0.6874139879813108, -0.024524721700651453, 0.6202888442522898, 0.020487258589880097, 0.8534413864805024, 0.333855543079252, -0.7025463211318861, -0.27089364934848836, 0.7315498318881986, -0.29942957828896866, -0.6219484810876903, -0.0547573816684539, -0.21443765035574014, 0.23785985328818726, -0.12646741612097356, -0.47815568541100895, -0.17505557667448635, -0.16193193089539926, 0.8048437117522818, 0.9592325240809707, 0.24713767881382775, -0.8336317548582777, 0.46599743519199, 0.357370804957968, 0.6520457340504391, -0.3050973265778887, -0.8822398116837538, 0.2236436329105842, -0.751970763373456, 0.5190590583266628, 0.5888466351532844, -0.18274642650020412, 0.8875950117660911, -0.6524404124894483, 0.8851716994539605]",rhc,relu,False,False,100,[10],0.1,100,0
43,43,0.13002750009763986,1.7254347937863728,67.0,100,15,"[0.9340596780273533, 0.09446449835144466, 0.9453687199297687, 0.4296319873487293, 0.3954576491945416, -0.5678210088392472, 0.9525489095524835, -0.9875394895908203, -0.4940352752331121, -0.13041693519110842, 0.5587658435875049, -0.6046298507994938, 0.7259864711984445, 0.9668013543506255, -0.6723155171906026, 0.19466788786571843, -0.98202780466489, -0.22685743471274122, -0.9116798841370009, 0.9133059354284718, -0.1277067062404047, 0.8979546135631256, 0.5726119718701219, 0.7325785971633969, -0.6536691570081037, -0.850102825973786, 0.2014854427555386, -0.6640556325631923, 0.4667603350211398, -0.18311227969597055, 0.05581764683584067, 0.875143167901884, 0.043392244889916, -0.7836132342255386, -0.6835531856304011, 0.09040530340642561, 0.04880816013694678, 0.2752204882519873, -0.1970091128194542, 0.2996102180386846, -0.20619999419653467, 0.24783222709644614, 0.5348099341802477, -0.6420521799177383, -0.24884846282491524, 0.005066118653868745, 0.3733341598326916, -0.4926407026772337, 0.10948172588511706, 0.24986168812819542, 0.7910023321122921, -0.27429282313374714, 0.2751141460374733, -0.6171071957620733, -0.004411770765388567, -0.6351091908575863, 0.8367660782795254, -0.13635585731754474, 0.6603762041966925, -0.16644739064327485, 0.8093351774867339, -0.19034956537818792, -0.33765099381775454, 0.14427754054549724, 0.6908872981882266, 0.7220286235061439, 0.19137623413666893, -0.8306767779591795, 0.19453321463834983, -0.5090925828337958, 0.46518689717993555, 0.7893025846334776, 0.0294679418262902, 0.20712702072041278, -0.8698643752343853, 0.08014945928561268, -0.7416264326591246, 0.22912569270066396, -0.2726993059103242, 0.5355160686614915, -0.902931727160895, -0.7803637637643119, 0.36804643024725525, 0.029307394167312983, 0.1432827432294983, 0.6874139879813108, -0.024524721700651453, 0.6202888442522898, 0.020487258589880097, 0.8534413864805024, 0.333855543079252, -0.7025463211318861, -0.27089364934848836, 0.7315498318881986, -0.29942957828896866, -0.6219484810876903, -0.0547573816684539, -0.21443765035574014, 0.23785985328818726, -0.12646741612097356, -0.47815568541100895, -0.17505557667448635, -0.16193193089539926, 0.8048437117522818, 0.9592325240809707, 0.24713767881382775, -0.8336317548582777, 0.46599743519199, 0.357370804957968, 0.6520457340504391, -0.3050973265778887, -0.8822398116837538, 0.2236436329105842, -0.751970763373456, 0.5190590583266628, 0.5888466351532844, -0.18274642650020412, 0.8875950117660911, -0.6524404124894483, 0.8851716994539605]",rhc,relu,False,False,100,[10],0.1,100,0
44,44,0.1314245000248775,1.7254347937863728,68.0,100,15,"[0.9340596780273533, 0.09446449835144466, 0.9453687199297687, 0.4296319873487293, 0.3954576491945416, -0.5678210088392472, 0.9525489095524835, -0.9875394895908203, -0.4940352752331121, -0.13041693519110842, 0.5587658435875049, -0.6046298507994938, 0.7259864711984445, 0.9668013543506255, -0.6723155171906026, 0.19466788786571843, -0.98202780466489, -0.22685743471274122, -0.9116798841370009, 0.9133059354284718, -0.1277067062404047, 0.8979546135631256, 0.5726119718701219, 0.7325785971633969, -0.6536691570081037, -0.850102825973786, 0.2014854427555386, -0.6640556325631923, 0.4667603350211398, -0.18311227969597055, 0.05581764683584067, 0.875143167901884, 0.043392244889916, -0.7836132342255386, -0.6835531856304011, 0.09040530340642561, 0.04880816013694678, 0.2752204882519873, -0.1970091128194542, 0.2996102180386846, -0.20619999419653467, 0.24783222709644614, 0.5348099341802477, -0.6420521799177383, -0.24884846282491524, 0.005066118653868745, 0.3733341598326916, -0.4926407026772337, 0.10948172588511706, 0.24986168812819542, 0.7910023321122921, -0.27429282313374714, 0.2751141460374733, -0.6171071957620733, -0.004411770765388567, -0.6351091908575863, 0.8367660782795254, -0.13635585731754474, 0.6603762041966925, -0.16644739064327485, 0.8093351774867339, -0.19034956537818792, -0.33765099381775454, 0.14427754054549724, 0.6908872981882266, 0.7220286235061439, 0.19137623413666893, -0.8306767779591795, 0.19453321463834983, -0.5090925828337958, 0.46518689717993555, 0.7893025846334776, 0.0294679418262902, 0.20712702072041278, -0.8698643752343853, 0.08014945928561268, -0.7416264326591246, 0.22912569270066396, -0.2726993059103242, 0.5355160686614915, -0.902931727160895, -0.7803637637643119, 0.36804643024725525, 0.029307394167312983, 0.1432827432294983, 0.6874139879813108, -0.024524721700651453, 0.6202888442522898, 0.020487258589880097, 0.8534413864805024, 0.333855543079252, -0.7025463211318861, -0.27089364934848836, 0.7315498318881986, -0.29942957828896866, -0.6219484810876903, -0.0547573816684539, -0.21443765035574014, 0.23785985328818726, -0.12646741612097356, -0.47815568541100895, -0.17505557667448635, -0.16193193089539926, 0.8048437117522818, 0.9592325240809707, 0.24713767881382775, -0.8336317548582777, 0.46599743519199, 0.357370804957968, 0.6520457340504391, -0.3050973265778887, -0.8822398116837538, 0.2236436329105842, -0.751970763373456, 0.5190590583266628, 0.5888466351532844, -0.18274642650020412, 0.8875950117660911, -0.6524404124894483, 0.8851716994539605]",rhc,relu,False,False,100,[10],0.1,100,0
45,45,0.13282990001607686,1.7254347937863728,69.0,100,15,"[0.9340596780273533, 0.09446449835144466, 0.9453687199297687, 0.4296319873487293, 0.3954576491945416, -0.5678210088392472, 0.9525489095524835, -0.9875394895908203, -0.4940352752331121, -0.13041693519110842, 0.5587658435875049, -0.6046298507994938, 0.7259864711984445, 0.9668013543506255, -0.6723155171906026, 0.19466788786571843, -0.98202780466489, -0.22685743471274122, -0.9116798841370009, 0.9133059354284718, -0.1277067062404047, 0.8979546135631256, 0.5726119718701219, 0.7325785971633969, -0.6536691570081037, -0.850102825973786, 0.2014854427555386, -0.6640556325631923, 0.4667603350211398, -0.18311227969597055, 0.05581764683584067, 0.875143167901884, 0.043392244889916, -0.7836132342255386, -0.6835531856304011, 0.09040530340642561, 0.04880816013694678, 0.2752204882519873, -0.1970091128194542, 0.2996102180386846, -0.20619999419653467, 0.24783222709644614, 0.5348099341802477, -0.6420521799177383, -0.24884846282491524, 0.005066118653868745, 0.3733341598326916, -0.4926407026772337, 0.10948172588511706, 0.24986168812819542, 0.7910023321122921, -0.27429282313374714, 0.2751141460374733, -0.6171071957620733, -0.004411770765388567, -0.6351091908575863, 0.8367660782795254, -0.13635585731754474, 0.6603762041966925, -0.16644739064327485, 0.8093351774867339, -0.19034956537818792, -0.33765099381775454, 0.14427754054549724, 0.6908872981882266, 0.7220286235061439, 0.19137623413666893, -0.8306767779591795, 0.19453321463834983, -0.5090925828337958, 0.46518689717993555, 0.7893025846334776, 0.0294679418262902, 0.20712702072041278, -0.8698643752343853, 0.08014945928561268, -0.7416264326591246, 0.22912569270066396, -0.2726993059103242, 0.5355160686614915, -0.902931727160895, -0.7803637637643119, 0.36804643024725525, 0.029307394167312983, 0.1432827432294983, 0.6874139879813108, -0.024524721700651453, 0.6202888442522898, 0.020487258589880097, 0.8534413864805024, 0.333855543079252, -0.7025463211318861, -0.27089364934848836, 0.7315498318881986, -0.29942957828896866, -0.6219484810876903, -0.0547573816684539, -0.21443765035574014, 0.23785985328818726, -0.12646741612097356, -0.47815568541100895, -0.17505557667448635, -0.16193193089539926, 0.8048437117522818, 0.9592325240809707, 0.24713767881382775, -0.8336317548582777, 0.46599743519199, 0.357370804957968, 0.6520457340504391, -0.3050973265778887, -0.8822398116837538, 0.2236436329105842, -0.751970763373456, 0.5190590583266628, 0.5888466351532844, -0.18274642650020412, 0.8875950117660911, -0.6524404124894483, 0.8851716994539605]",rhc,relu,False,False,100,[10],0.1,100,0
46,46,0.13423810002859682,1.7254347937863728,70.0,100,15,"[0.9340596780273533, 0.09446449835144466, 0.9453687199297687, 0.4296319873487293, 0.3954576491945416, -0.5678210088392472, 0.9525489095524835, -0.9875394895908203, -0.4940352752331121, -0.13041693519110842, 0.5587658435875049, -0.6046298507994938, 0.7259864711984445, 0.9668013543506255, -0.6723155171906026, 0.19466788786571843, -0.98202780466489, -0.22685743471274122, -0.9116798841370009, 0.9133059354284718, -0.1277067062404047, 0.8979546135631256, 0.5726119718701219, 0.7325785971633969, -0.6536691570081037, -0.850102825973786, 0.2014854427555386, -0.6640556325631923, 0.4667603350211398, -0.18311227969597055, 0.05581764683584067, 0.875143167901884, 0.043392244889916, -0.7836132342255386, -0.6835531856304011, 0.09040530340642561, 0.04880816013694678, 0.2752204882519873, -0.1970091128194542, 0.2996102180386846, -0.20619999419653467, 0.24783222709644614, 0.5348099341802477, -0.6420521799177383, -0.24884846282491524, 0.005066118653868745, 0.3733341598326916, -0.4926407026772337, 0.10948172588511706, 0.24986168812819542, 0.7910023321122921, -0.27429282313374714, 0.2751141460374733, -0.6171071957620733, -0.004411770765388567, -0.6351091908575863, 0.8367660782795254, -0.13635585731754474, 0.6603762041966925, -0.16644739064327485, 0.8093351774867339, -0.19034956537818792, -0.33765099381775454, 0.14427754054549724, 0.6908872981882266, 0.7220286235061439, 0.19137623413666893, -0.8306767779591795, 0.19453321463834983, -0.5090925828337958, 0.46518689717993555, 0.7893025846334776, 0.0294679418262902, 0.20712702072041278, -0.8698643752343853, 0.08014945928561268, -0.7416264326591246, 0.22912569270066396, -0.2726993059103242, 0.5355160686614915, -0.902931727160895, -0.7803637637643119, 0.36804643024725525, 0.029307394167312983, 0.1432827432294983, 0.6874139879813108, -0.024524721700651453, 0.6202888442522898, 0.020487258589880097, 0.8534413864805024, 0.333855543079252, -0.7025463211318861, -0.27089364934848836, 0.7315498318881986, -0.29942957828896866, -0.6219484810876903, -0.0547573816684539, -0.21443765035574014, 0.23785985328818726, -0.12646741612097356, -0.47815568541100895, -0.17505557667448635, -0.16193193089539926, 0.8048437117522818, 0.9592325240809707, 0.24713767881382775, -0.8336317548582777, 0.46599743519199, 0.357370804957968, 0.6520457340504391, -0.3050973265778887, -0.8822398116837538, 0.2236436329105842, -0.751970763373456, 0.5190590583266628, 0.5888466351532844, -0.18274642650020412, 0.8875950117660911, -0.6524404124894483, 0.8851716994539605]",rhc,relu,False,False,100,[10],0.1,100,0
47,47,0.13724380009807646,1.7201771181135959,72.0,100,15,"[0.9340596780273533, 0.09446449835144466, 0.9453687199297687, 0.4296319873487293, 0.3954576491945416, -0.5678210088392472, 0.9525489095524835, -0.9875394895908203, -0.4940352752331121, -0.13041693519110842, 0.5587658435875049, -0.6046298507994938, 0.7259864711984445, 0.9668013543506255, -0.6723155171906026, 0.19466788786571843, -0.98202780466489, -0.22685743471274122, -0.9116798841370009, 0.9133059354284718, -0.1277067062404047, 0.8979546135631256, 0.5726119718701219, 0.7325785971633969, -0.6536691570081037, -0.850102825973786, 0.2014854427555386, -0.6640556325631923, 0.4667603350211398, -0.18311227969597055, 0.05581764683584067, 0.875143167901884, 0.043392244889916, -0.7836132342255386, -0.6835531856304011, 0.09040530340642561, 0.04880816013694678, 0.2752204882519873, -0.1970091128194542, 0.2996102180386846, -0.20619999419653467, 0.24783222709644614, 0.5348099341802477, -0.6420521799177383, -0.24884846282491524, 0.005066118653868745, 0.3733341598326916, -0.4926407026772337, 0.10948172588511706, 0.24986168812819542, 0.7910023321122921, -0.27429282313374714, 0.2751141460374733, -0.6171071957620733, -0.004411770765388567, -0.6351091908575863, 0.8367660782795254, -0.13635585731754474, 0.6603762041966925, -0.16644739064327485, 0.8093351774867339, -0.19034956537818792, -0.33765099381775454, 0.14427754054549724, 0.6908872981882266, 0.7220286235061439, 0.19137623413666893, -0.8306767779591795, 0.19453321463834983, -0.5090925828337958, 0.46518689717993555, 0.7893025846334776, 0.0294679418262902, 0.20712702072041278, -0.8698643752343853, 0.08014945928561268, -0.7416264326591246, 0.22912569270066396, -0.2726993059103242, 0.5355160686614915, -0.902931727160895, -0.7803637637643119, 0.36804643024725525, 0.029307394167312983, 0.1432827432294983, 0.6874139879813108, -0.024524721700651453, 0.6202888442522898, 0.020487258589880097, 0.8534413864805024, 0.333855543079252, -0.7025463211318861, -0.27089364934848836, 0.7315498318881986, -0.29942957828896866, -0.6219484810876903, -0.0547573816684539, -0.21443765035574014, 0.23785985328818726, -0.12646741612097356, -0.47815568541100895, -0.17505557667448635, -0.16193193089539926, 0.8048437117522818, 0.9592325240809707, 0.24713767881382775, -0.8336317548582777, 0.46599743519199, 0.357370804957968, 0.6520457340504391, -0.3050973265778887, -0.8822398116837538, 0.2236436329105842, -0.751970763373456, 0.5190590583266628, 0.5888466351532844, -0.18274642650020412, 0.8875950117660911, -0.6524404124894483, 0.8851716994539605]",rhc,relu,False,False,100,[10],0.1,100,0
48,48,0.13920730003155768,1.7201771181135959,73.0,100,15,"[0.9340596780273533, 0.09446449835144466, 0.9453687199297687, 0.4296319873487293, 0.3954576491945416, -0.5678210088392472, 0.9525489095524835, -0.9875394895908203, -0.4940352752331121, -0.13041693519110842, 0.5587658435875049, -0.6046298507994938, 0.7259864711984445, 0.9668013543506255, -0.6723155171906026, 0.19466788786571843, -0.98202780466489, -0.22685743471274122, -0.9116798841370009, 0.9133059354284718, -0.1277067062404047, 0.8979546135631256, 0.5726119718701219, 0.7325785971633969, -0.6536691570081037, -0.850102825973786, 0.2014854427555386, -0.6640556325631923, 0.4667603350211398, -0.18311227969597055, 0.05581764683584067, 0.875143167901884, 0.043392244889916, -0.7836132342255386, -0.6835531856304011, 0.09040530340642561, 0.04880816013694678, 0.2752204882519873, -0.1970091128194542, 0.2996102180386846, -0.20619999419653467, 0.24783222709644614, 0.5348099341802477, -0.6420521799177383, -0.24884846282491524, 0.005066118653868745, 0.3733341598326916, -0.4926407026772337, 0.10948172588511706, 0.24986168812819542, 0.7910023321122921, -0.27429282313374714, 0.2751141460374733, -0.6171071957620733, -0.004411770765388567, -0.6351091908575863, 0.8367660782795254, -0.13635585731754474, 0.6603762041966925, -0.16644739064327485, 0.8093351774867339, -0.19034956537818792, -0.33765099381775454, 0.14427754054549724, 0.6908872981882266, 0.7220286235061439, 0.19137623413666893, -0.8306767779591795, 0.19453321463834983, -0.5090925828337958, 0.46518689717993555, 0.7893025846334776, 0.0294679418262902, 0.20712702072041278, -0.8698643752343853, 0.08014945928561268, -0.7416264326591246, 0.22912569270066396, -0.2726993059103242, 0.5355160686614915, -0.902931727160895, -0.7803637637643119, 0.36804643024725525, 0.029307394167312983, 0.1432827432294983, 0.6874139879813108, -0.024524721700651453, 0.6202888442522898, 0.020487258589880097, 0.8534413864805024, 0.333855543079252, -0.7025463211318861, -0.27089364934848836, 0.7315498318881986, -0.29942957828896866, -0.6219484810876903, -0.0547573816684539, -0.21443765035574014, 0.23785985328818726, -0.12646741612097356, -0.47815568541100895, -0.17505557667448635, -0.16193193089539926, 0.8048437117522818, 0.9592325240809707, 0.24713767881382775, -0.8336317548582777, 0.46599743519199, 0.357370804957968, 0.6520457340504391, -0.3050973265778887, -0.8822398116837538, 0.2236436329105842, -0.751970763373456, 0.5190590583266628, 0.5888466351532844, -0.18274642650020412, 0.8875950117660911, -0.6524404124894483, 0.8851716994539605]",rhc,relu,False,False,100,[10],0.1,100,0
49,49,0.14330590004101396,1.716344485152531,75.0,100,15,"[0.9340596780273533, 0.09446449835144466, 0.9453687199297687, 0.4296319873487293, 0.3954576491945416, -0.5678210088392472, 0.9525489095524835, -0.9875394895908203, -0.4940352752331121, -0.13041693519110842, 0.5587658435875049, -0.6046298507994938, 0.7259864711984445, 0.9668013543506255, -0.6723155171906026, 0.19466788786571843, -0.98202780466489, -0.22685743471274122, -0.9116798841370009, 0.9133059354284718, -0.1277067062404047, 0.8979546135631256, 0.5726119718701219, 0.7325785971633969, -0.6536691570081037, -0.850102825973786, 0.2014854427555386, -0.6640556325631923, 0.4667603350211398, -0.18311227969597055, 0.05581764683584067, 0.875143167901884, 0.043392244889916, -0.7836132342255386, -0.6835531856304011, 0.09040530340642561, 0.04880816013694678, 0.2752204882519873, -0.1970091128194542, 0.2996102180386846, -0.20619999419653467, 0.24783222709644614, 0.5348099341802477, -0.6420521799177383, -0.24884846282491524, 0.005066118653868745, 0.3733341598326916, -0.4926407026772337, 0.10948172588511706, 0.24986168812819542, 0.7910023321122921, -0.27429282313374714, 0.2751141460374733, -0.6171071957620733, -0.004411770765388567, -0.6351091908575863, 0.8367660782795254, -0.13635585731754474, 0.6603762041966925, -0.16644739064327485, 0.8093351774867339, -0.19034956537818792, -0.33765099381775454, 0.14427754054549724, 0.6908872981882266, 0.7220286235061439, 0.19137623413666893, -0.8306767779591795, 0.19453321463834983, -0.5090925828337958, 0.46518689717993555, 0.7893025846334776, 0.0294679418262902, 0.20712702072041278, -0.8698643752343853, 0.08014945928561268, -0.7416264326591246, 0.22912569270066396, -0.2726993059103242, 0.5355160686614915, -0.902931727160895, -0.7803637637643119, 0.36804643024725525, 0.029307394167312983, 0.1432827432294983, 0.6874139879813108, -0.024524721700651453, 0.6202888442522898, 0.020487258589880097, 0.8534413864805024, 0.333855543079252, -0.7025463211318861, -0.27089364934848836, 0.7315498318881986, -0.29942957828896866, -0.6219484810876903, -0.0547573816684539, -0.21443765035574014, 0.23785985328818726, -0.12646741612097356, -0.47815568541100895, -0.17505557667448635, -0.16193193089539926, 0.8048437117522818, 0.9592325240809707, 0.24713767881382775, -0.8336317548582777, 0.46599743519199, 0.357370804957968, 0.6520457340504391, -0.3050973265778887, -0.8822398116837538, 0.2236436329105842, -0.751970763373456, 0.5190590583266628, 0.5888466351532844, -0.18274642650020412, 0.8875950117660911, -0.6524404124894483, 0.8851716994539605]",rhc,relu,False,False,100,[10],0.1,100,0
50,50,0.14690749999135733,1.7155386374440544,77.0,100,15,"[0.9340596780273533, 0.09446449835144466, 0.9453687199297687, 0.4296319873487293, 0.3954576491945416, -0.5678210088392472, 0.9525489095524835, -0.9875394895908203, -0.4940352752331121, -0.13041693519110842, 0.5587658435875049, -0.6046298507994938, 0.7259864711984445, 0.9668013543506255, -0.6723155171906026, 0.19466788786571843, -0.98202780466489, -0.22685743471274122, -0.9116798841370009, 0.9133059354284718, -0.1277067062404047, 0.8979546135631256, 0.5726119718701219, 0.7325785971633969, -0.6536691570081037, -0.850102825973786, 0.2014854427555386, -0.6640556325631923, 0.4667603350211398, -0.18311227969597055, 0.05581764683584067, 0.875143167901884, 0.043392244889916, -0.7836132342255386, -0.6835531856304011, 0.09040530340642561, 0.04880816013694678, 0.2752204882519873, -0.1970091128194542, 0.2996102180386846, -0.20619999419653467, 0.24783222709644614, 0.5348099341802477, -0.6420521799177383, -0.24884846282491524, 0.005066118653868745, 0.3733341598326916, -0.4926407026772337, 0.10948172588511706, 0.24986168812819542, 0.7910023321122921, -0.27429282313374714, 0.2751141460374733, -0.6171071957620733, -0.004411770765388567, -0.6351091908575863, 0.8367660782795254, -0.13635585731754474, 0.6603762041966925, -0.16644739064327485, 0.8093351774867339, -0.19034956537818792, -0.33765099381775454, 0.14427754054549724, 0.6908872981882266, 0.7220286235061439, 0.19137623413666893, -0.8306767779591795, 0.19453321463834983, -0.5090925828337958, 0.46518689717993555, 0.7893025846334776, 0.0294679418262902, 0.20712702072041278, -0.8698643752343853, 0.08014945928561268, -0.7416264326591246, 0.22912569270066396, -0.2726993059103242, 0.5355160686614915, -0.902931727160895, -0.7803637637643119, 0.36804643024725525, 0.029307394167312983, 0.1432827432294983, 0.6874139879813108, -0.024524721700651453, 0.6202888442522898, 0.020487258589880097, 0.8534413864805024, 0.333855543079252, -0.7025463211318861, -0.27089364934848836, 0.7315498318881986, -0.29942957828896866, -0.6219484810876903, -0.0547573816684539, -0.21443765035574014, 0.23785985328818726, -0.12646741612097356, -0.47815568541100895, -0.17505557667448635, -0.16193193089539926, 0.8048437117522818, 0.9592325240809707, 0.24713767881382775, -0.8336317548582777, 0.46599743519199, 0.357370804957968, 0.6520457340504391, -0.3050973265778887, -0.8822398116837538, 0.2236436329105842, -0.751970763373456, 0.5190590583266628, 0.5888466351532844, -0.18274642650020412, 0.8875950117660911, -0.6524404124894483, 0.8851716994539605]",rhc,relu,False,False,100,[10],0.1,100,0
51,51,0.14868640003260225,1.7155386374440544,78.0,100,15,"[0.9340596780273533, 0.09446449835144466, 0.9453687199297687, 0.4296319873487293, 0.3954576491945416, -0.5678210088392472, 0.9525489095524835, -0.9875394895908203, -0.4940352752331121, -0.13041693519110842, 0.5587658435875049, -0.6046298507994938, 0.7259864711984445, 0.9668013543506255, -0.6723155171906026, 0.19466788786571843, -0.98202780466489, -0.22685743471274122, -0.9116798841370009, 0.9133059354284718, -0.1277067062404047, 0.8979546135631256, 0.5726119718701219, 0.7325785971633969, -0.6536691570081037, -0.850102825973786, 0.2014854427555386, -0.6640556325631923, 0.4667603350211398, -0.18311227969597055, 0.05581764683584067, 0.875143167901884, 0.043392244889916, -0.7836132342255386, -0.6835531856304011, 0.09040530340642561, 0.04880816013694678, 0.2752204882519873, -0.1970091128194542, 0.2996102180386846, -0.20619999419653467, 0.24783222709644614, 0.5348099341802477, -0.6420521799177383, -0.24884846282491524, 0.005066118653868745, 0.3733341598326916, -0.4926407026772337, 0.10948172588511706, 0.24986168812819542, 0.7910023321122921, -0.27429282313374714, 0.2751141460374733, -0.6171071957620733, -0.004411770765388567, -0.6351091908575863, 0.8367660782795254, -0.13635585731754474, 0.6603762041966925, -0.16644739064327485, 0.8093351774867339, -0.19034956537818792, -0.33765099381775454, 0.14427754054549724, 0.6908872981882266, 0.7220286235061439, 0.19137623413666893, -0.8306767779591795, 0.19453321463834983, -0.5090925828337958, 0.46518689717993555, 0.7893025846334776, 0.0294679418262902, 0.20712702072041278, -0.8698643752343853, 0.08014945928561268, -0.7416264326591246, 0.22912569270066396, -0.2726993059103242, 0.5355160686614915, -0.902931727160895, -0.7803637637643119, 0.36804643024725525, 0.029307394167312983, 0.1432827432294983, 0.6874139879813108, -0.024524721700651453, 0.6202888442522898, 0.020487258589880097, 0.8534413864805024, 0.333855543079252, -0.7025463211318861, -0.27089364934848836, 0.7315498318881986, -0.29942957828896866, -0.6219484810876903, -0.0547573816684539, -0.21443765035574014, 0.23785985328818726, -0.12646741612097356, -0.47815568541100895, -0.17505557667448635, -0.16193193089539926, 0.8048437117522818, 0.9592325240809707, 0.24713767881382775, -0.8336317548582777, 0.46599743519199, 0.357370804957968, 0.6520457340504391, -0.3050973265778887, -0.8822398116837538, 0.2236436329105842, -0.751970763373456, 0.5190590583266628, 0.5888466351532844, -0.18274642650020412, 0.8875950117660911, -0.6524404124894483, 0.8851716994539605]",rhc,relu,False,False,100,[10],0.1,100,0
52,52,0.15030470001511276,1.7155386374440544,79.0,100,15,"[0.9340596780273533, 0.09446449835144466, 0.9453687199297687, 0.4296319873487293, 0.3954576491945416, -0.5678210088392472, 0.9525489095524835, -0.9875394895908203, -0.4940352752331121, -0.13041693519110842, 0.5587658435875049, -0.6046298507994938, 0.7259864711984445, 0.9668013543506255, -0.6723155171906026, 0.19466788786571843, -0.98202780466489, -0.22685743471274122, -0.9116798841370009, 0.9133059354284718, -0.1277067062404047, 0.8979546135631256, 0.5726119718701219, 0.7325785971633969, -0.6536691570081037, -0.850102825973786, 0.2014854427555386, -0.6640556325631923, 0.4667603350211398, -0.18311227969597055, 0.05581764683584067, 0.875143167901884, 0.043392244889916, -0.7836132342255386, -0.6835531856304011, 0.09040530340642561, 0.04880816013694678, 0.2752204882519873, -0.1970091128194542, 0.2996102180386846, -0.20619999419653467, 0.24783222709644614, 0.5348099341802477, -0.6420521799177383, -0.24884846282491524, 0.005066118653868745, 0.3733341598326916, -0.4926407026772337, 0.10948172588511706, 0.24986168812819542, 0.7910023321122921, -0.27429282313374714, 0.2751141460374733, -0.6171071957620733, -0.004411770765388567, -0.6351091908575863, 0.8367660782795254, -0.13635585731754474, 0.6603762041966925, -0.16644739064327485, 0.8093351774867339, -0.19034956537818792, -0.33765099381775454, 0.14427754054549724, 0.6908872981882266, 0.7220286235061439, 0.19137623413666893, -0.8306767779591795, 0.19453321463834983, -0.5090925828337958, 0.46518689717993555, 0.7893025846334776, 0.0294679418262902, 0.20712702072041278, -0.8698643752343853, 0.08014945928561268, -0.7416264326591246, 0.22912569270066396, -0.2726993059103242, 0.5355160686614915, -0.902931727160895, -0.7803637637643119, 0.36804643024725525, 0.029307394167312983, 0.1432827432294983, 0.6874139879813108, -0.024524721700651453, 0.6202888442522898, 0.020487258589880097, 0.8534413864805024, 0.333855543079252, -0.7025463211318861, -0.27089364934848836, 0.7315498318881986, -0.29942957828896866, -0.6219484810876903, -0.0547573816684539, -0.21443765035574014, 0.23785985328818726, -0.12646741612097356, -0.47815568541100895, -0.17505557667448635, -0.16193193089539926, 0.8048437117522818, 0.9592325240809707, 0.24713767881382775, -0.8336317548582777, 0.46599743519199, 0.357370804957968, 0.6520457340504391, -0.3050973265778887, -0.8822398116837538, 0.2236436329105842, -0.751970763373456, 0.5190590583266628, 0.5888466351532844, -0.18274642650020412, 0.8875950117660911, -0.6524404124894483, 0.8851716994539605]",rhc,relu,False,False,100,[10],0.1,100,0
53,53,0.15169550001155585,1.7155386374440544,80.0,100,15,"[0.9340596780273533, 0.09446449835144466, 0.9453687199297687, 0.4296319873487293, 0.3954576491945416, -0.5678210088392472, 0.9525489095524835, -0.9875394895908203, -0.4940352752331121, -0.13041693519110842, 0.5587658435875049, -0.6046298507994938, 0.7259864711984445, 0.9668013543506255, -0.6723155171906026, 0.19466788786571843, -0.98202780466489, -0.22685743471274122, -0.9116798841370009, 0.9133059354284718, -0.1277067062404047, 0.8979546135631256, 0.5726119718701219, 0.7325785971633969, -0.6536691570081037, -0.850102825973786, 0.2014854427555386, -0.6640556325631923, 0.4667603350211398, -0.18311227969597055, 0.05581764683584067, 0.875143167901884, 0.043392244889916, -0.7836132342255386, -0.6835531856304011, 0.09040530340642561, 0.04880816013694678, 0.2752204882519873, -0.1970091128194542, 0.2996102180386846, -0.20619999419653467, 0.24783222709644614, 0.5348099341802477, -0.6420521799177383, -0.24884846282491524, 0.005066118653868745, 0.3733341598326916, -0.4926407026772337, 0.10948172588511706, 0.24986168812819542, 0.7910023321122921, -0.27429282313374714, 0.2751141460374733, -0.6171071957620733, -0.004411770765388567, -0.6351091908575863, 0.8367660782795254, -0.13635585731754474, 0.6603762041966925, -0.16644739064327485, 0.8093351774867339, -0.19034956537818792, -0.33765099381775454, 0.14427754054549724, 0.6908872981882266, 0.7220286235061439, 0.19137623413666893, -0.8306767779591795, 0.19453321463834983, -0.5090925828337958, 0.46518689717993555, 0.7893025846334776, 0.0294679418262902, 0.20712702072041278, -0.8698643752343853, 0.08014945928561268, -0.7416264326591246, 0.22912569270066396, -0.2726993059103242, 0.5355160686614915, -0.902931727160895, -0.7803637637643119, 0.36804643024725525, 0.029307394167312983, 0.1432827432294983, 0.6874139879813108, -0.024524721700651453, 0.6202888442522898, 0.020487258589880097, 0.8534413864805024, 0.333855543079252, -0.7025463211318861, -0.27089364934848836, 0.7315498318881986, -0.29942957828896866, -0.6219484810876903, -0.0547573816684539, -0.21443765035574014, 0.23785985328818726, -0.12646741612097356, -0.47815568541100895, -0.17505557667448635, -0.16193193089539926, 0.8048437117522818, 0.9592325240809707, 0.24713767881382775, -0.8336317548582777, 0.46599743519199, 0.357370804957968, 0.6520457340504391, -0.3050973265778887, -0.8822398116837538, 0.2236436329105842, -0.751970763373456, 0.5190590583266628, 0.5888466351532844, -0.18274642650020412, 0.8875950117660911, -0.6524404124894483, 0.8851716994539605]",rhc,relu,False,False,100,[10],0.1,100,0
54,54,0.15469950006809086,1.7141981648157651,82.0,100,15,"[0.9340596780273533, 0.09446449835144466, 0.9453687199297687, 0.4296319873487293, 0.3954576491945416, -0.5678210088392472, 0.9525489095524835, -0.9875394895908203, -0.4940352752331121, -0.13041693519110842, 0.5587658435875049, -0.6046298507994938, 0.7259864711984445, 0.9668013543506255, -0.6723155171906026, 0.19466788786571843, -0.98202780466489, -0.22685743471274122, -0.9116798841370009, 0.9133059354284718, -0.1277067062404047, 0.8979546135631256, 0.5726119718701219, 0.7325785971633969, -0.6536691570081037, -0.850102825973786, 0.2014854427555386, -0.6640556325631923, 0.4667603350211398, -0.18311227969597055, 0.05581764683584067, 0.875143167901884, 0.043392244889916, -0.7836132342255386, -0.6835531856304011, 0.09040530340642561, 0.04880816013694678, 0.2752204882519873, -0.1970091128194542, 0.2996102180386846, -0.20619999419653467, 0.24783222709644614, 0.5348099341802477, -0.6420521799177383, -0.24884846282491524, 0.005066118653868745, 0.3733341598326916, -0.4926407026772337, 0.10948172588511706, 0.24986168812819542, 0.7910023321122921, -0.27429282313374714, 0.2751141460374733, -0.6171071957620733, -0.004411770765388567, -0.6351091908575863, 0.8367660782795254, -0.13635585731754474, 0.6603762041966925, -0.16644739064327485, 0.8093351774867339, -0.19034956537818792, -0.33765099381775454, 0.14427754054549724, 0.6908872981882266, 0.7220286235061439, 0.19137623413666893, -0.8306767779591795, 0.19453321463834983, -0.5090925828337958, 0.46518689717993555, 0.7893025846334776, 0.0294679418262902, 0.20712702072041278, -0.8698643752343853, 0.08014945928561268, -0.7416264326591246, 0.22912569270066396, -0.2726993059103242, 0.5355160686614915, -0.902931727160895, -0.7803637637643119, 0.36804643024725525, 0.029307394167312983, 0.1432827432294983, 0.6874139879813108, -0.024524721700651453, 0.6202888442522898, 0.020487258589880097, 0.8534413864805024, 0.333855543079252, -0.7025463211318861, -0.27089364934848836, 0.7315498318881986, -0.29942957828896866, -0.6219484810876903, -0.0547573816684539, -0.21443765035574014, 0.23785985328818726, -0.12646741612097356, -0.47815568541100895, -0.17505557667448635, -0.16193193089539926, 0.8048437117522818, 0.9592325240809707, 0.24713767881382775, -0.8336317548582777, 0.46599743519199, 0.357370804957968, 0.6520457340504391, -0.3050973265778887, -0.8822398116837538, 0.2236436329105842, -0.751970763373456, 0.5190590583266628, 0.5888466351532844, -0.18274642650020412, 0.8875950117660911, -0.6524404124894483, 0.8851716994539605]",rhc,relu,False,False,100,[10],0.1,100,0
55,55,0.15623610001057386,1.7141981648157651,83.0,100,15,"[0.9340596780273533, 0.09446449835144466, 0.9453687199297687, 0.4296319873487293, 0.3954576491945416, -0.5678210088392472, 0.9525489095524835, -0.9875394895908203, -0.4940352752331121, -0.13041693519110842, 0.5587658435875049, -0.6046298507994938, 0.7259864711984445, 0.9668013543506255, -0.6723155171906026, 0.19466788786571843, -0.98202780466489, -0.22685743471274122, -0.9116798841370009, 0.9133059354284718, -0.1277067062404047, 0.8979546135631256, 0.5726119718701219, 0.7325785971633969, -0.6536691570081037, -0.850102825973786, 0.2014854427555386, -0.6640556325631923, 0.4667603350211398, -0.18311227969597055, 0.05581764683584067, 0.875143167901884, 0.043392244889916, -0.7836132342255386, -0.6835531856304011, 0.09040530340642561, 0.04880816013694678, 0.2752204882519873, -0.1970091128194542, 0.2996102180386846, -0.20619999419653467, 0.24783222709644614, 0.5348099341802477, -0.6420521799177383, -0.24884846282491524, 0.005066118653868745, 0.3733341598326916, -0.4926407026772337, 0.10948172588511706, 0.24986168812819542, 0.7910023321122921, -0.27429282313374714, 0.2751141460374733, -0.6171071957620733, -0.004411770765388567, -0.6351091908575863, 0.8367660782795254, -0.13635585731754474, 0.6603762041966925, -0.16644739064327485, 0.8093351774867339, -0.19034956537818792, -0.33765099381775454, 0.14427754054549724, 0.6908872981882266, 0.7220286235061439, 0.19137623413666893, -0.8306767779591795, 0.19453321463834983, -0.5090925828337958, 0.46518689717993555, 0.7893025846334776, 0.0294679418262902, 0.20712702072041278, -0.8698643752343853, 0.08014945928561268, -0.7416264326591246, 0.22912569270066396, -0.2726993059103242, 0.5355160686614915, -0.902931727160895, -0.7803637637643119, 0.36804643024725525, 0.029307394167312983, 0.1432827432294983, 0.6874139879813108, -0.024524721700651453, 0.6202888442522898, 0.020487258589880097, 0.8534413864805024, 0.333855543079252, -0.7025463211318861, -0.27089364934848836, 0.7315498318881986, -0.29942957828896866, -0.6219484810876903, -0.0547573816684539, -0.21443765035574014, 0.23785985328818726, -0.12646741612097356, -0.47815568541100895, -0.17505557667448635, -0.16193193089539926, 0.8048437117522818, 0.9592325240809707, 0.24713767881382775, -0.8336317548582777, 0.46599743519199, 0.357370804957968, 0.6520457340504391, -0.3050973265778887, -0.8822398116837538, 0.2236436329105842, -0.751970763373456, 0.5190590583266628, 0.5888466351532844, -0.18274642650020412, 0.8875950117660911, -0.6524404124894483, 0.8851716994539605]",rhc,relu,False,False,100,[10],0.1,100,0
56,56,0.15794740000274032,1.7141981648157651,84.0,100,15,"[0.9340596780273533, 0.09446449835144466, 0.9453687199297687, 0.4296319873487293, 0.3954576491945416, -0.5678210088392472, 0.9525489095524835, -0.9875394895908203, -0.4940352752331121, -0.13041693519110842, 0.5587658435875049, -0.6046298507994938, 0.7259864711984445, 0.9668013543506255, -0.6723155171906026, 0.19466788786571843, -0.98202780466489, -0.22685743471274122, -0.9116798841370009, 0.9133059354284718, -0.1277067062404047, 0.8979546135631256, 0.5726119718701219, 0.7325785971633969, -0.6536691570081037, -0.850102825973786, 0.2014854427555386, -0.6640556325631923, 0.4667603350211398, -0.18311227969597055, 0.05581764683584067, 0.875143167901884, 0.043392244889916, -0.7836132342255386, -0.6835531856304011, 0.09040530340642561, 0.04880816013694678, 0.2752204882519873, -0.1970091128194542, 0.2996102180386846, -0.20619999419653467, 0.24783222709644614, 0.5348099341802477, -0.6420521799177383, -0.24884846282491524, 0.005066118653868745, 0.3733341598326916, -0.4926407026772337, 0.10948172588511706, 0.24986168812819542, 0.7910023321122921, -0.27429282313374714, 0.2751141460374733, -0.6171071957620733, -0.004411770765388567, -0.6351091908575863, 0.8367660782795254, -0.13635585731754474, 0.6603762041966925, -0.16644739064327485, 0.8093351774867339, -0.19034956537818792, -0.33765099381775454, 0.14427754054549724, 0.6908872981882266, 0.7220286235061439, 0.19137623413666893, -0.8306767779591795, 0.19453321463834983, -0.5090925828337958, 0.46518689717993555, 0.7893025846334776, 0.0294679418262902, 0.20712702072041278, -0.8698643752343853, 0.08014945928561268, -0.7416264326591246, 0.22912569270066396, -0.2726993059103242, 0.5355160686614915, -0.902931727160895, -0.7803637637643119, 0.36804643024725525, 0.029307394167312983, 0.1432827432294983, 0.6874139879813108, -0.024524721700651453, 0.6202888442522898, 0.020487258589880097, 0.8534413864805024, 0.333855543079252, -0.7025463211318861, -0.27089364934848836, 0.7315498318881986, -0.29942957828896866, -0.6219484810876903, -0.0547573816684539, -0.21443765035574014, 0.23785985328818726, -0.12646741612097356, -0.47815568541100895, -0.17505557667448635, -0.16193193089539926, 0.8048437117522818, 0.9592325240809707, 0.24713767881382775, -0.8336317548582777, 0.46599743519199, 0.357370804957968, 0.6520457340504391, -0.3050973265778887, -0.8822398116837538, 0.2236436329105842, -0.751970763373456, 0.5190590583266628, 0.5888466351532844, -0.18274642650020412, 0.8875950117660911, -0.6524404124894483, 0.8851716994539605]",rhc,relu,False,False,100,[10],0.1,100,0
57,57,0.15946009999606758,1.7141981648157651,85.0,100,15,"[0.9340596780273533, 0.09446449835144466, 0.9453687199297687, 0.4296319873487293, 0.3954576491945416, -0.5678210088392472, 0.9525489095524835, -0.9875394895908203, -0.4940352752331121, -0.13041693519110842, 0.5587658435875049, -0.6046298507994938, 0.7259864711984445, 0.9668013543506255, -0.6723155171906026, 0.19466788786571843, -0.98202780466489, -0.22685743471274122, -0.9116798841370009, 0.9133059354284718, -0.1277067062404047, 0.8979546135631256, 0.5726119718701219, 0.7325785971633969, -0.6536691570081037, -0.850102825973786, 0.2014854427555386, -0.6640556325631923, 0.4667603350211398, -0.18311227969597055, 0.05581764683584067, 0.875143167901884, 0.043392244889916, -0.7836132342255386, -0.6835531856304011, 0.09040530340642561, 0.04880816013694678, 0.2752204882519873, -0.1970091128194542, 0.2996102180386846, -0.20619999419653467, 0.24783222709644614, 0.5348099341802477, -0.6420521799177383, -0.24884846282491524, 0.005066118653868745, 0.3733341598326916, -0.4926407026772337, 0.10948172588511706, 0.24986168812819542, 0.7910023321122921, -0.27429282313374714, 0.2751141460374733, -0.6171071957620733, -0.004411770765388567, -0.6351091908575863, 0.8367660782795254, -0.13635585731754474, 0.6603762041966925, -0.16644739064327485, 0.8093351774867339, -0.19034956537818792, -0.33765099381775454, 0.14427754054549724, 0.6908872981882266, 0.7220286235061439, 0.19137623413666893, -0.8306767779591795, 0.19453321463834983, -0.5090925828337958, 0.46518689717993555, 0.7893025846334776, 0.0294679418262902, 0.20712702072041278, -0.8698643752343853, 0.08014945928561268, -0.7416264326591246, 0.22912569270066396, -0.2726993059103242, 0.5355160686614915, -0.902931727160895, -0.7803637637643119, 0.36804643024725525, 0.029307394167312983, 0.1432827432294983, 0.6874139879813108, -0.024524721700651453, 0.6202888442522898, 0.020487258589880097, 0.8534413864805024, 0.333855543079252, -0.7025463211318861, -0.27089364934848836, 0.7315498318881986, -0.29942957828896866, -0.6219484810876903, -0.0547573816684539, -0.21443765035574014, 0.23785985328818726, -0.12646741612097356, -0.47815568541100895, -0.17505557667448635, -0.16193193089539926, 0.8048437117522818, 0.9592325240809707, 0.24713767881382775, -0.8336317548582777, 0.46599743519199, 0.357370804957968, 0.6520457340504391, -0.3050973265778887, -0.8822398116837538, 0.2236436329105842, -0.751970763373456, 0.5190590583266628, 0.5888466351532844, -0.18274642650020412, 0.8875950117660911, -0.6524404124894483, 0.8851716994539605]",rhc,relu,False,False,100,[10],0.1,100,0
58,58,0.16259170009288937,1.7138213221155627,87.0,100,15,"[0.9340596780273533, 0.09446449835144466, 0.9453687199297687, 0.4296319873487293, 0.3954576491945416, -0.5678210088392472, 0.9525489095524835, -0.9875394895908203, -0.4940352752331121, -0.13041693519110842, 0.5587658435875049, -0.6046298507994938, 0.7259864711984445, 0.9668013543506255, -0.6723155171906026, 0.19466788786571843, -0.98202780466489, -0.22685743471274122, -0.9116798841370009, 0.9133059354284718, -0.1277067062404047, 0.8979546135631256, 0.5726119718701219, 0.7325785971633969, -0.6536691570081037, -0.850102825973786, 0.2014854427555386, -0.6640556325631923, 0.4667603350211398, -0.18311227969597055, 0.05581764683584067, 0.875143167901884, 0.043392244889916, -0.7836132342255386, -0.6835531856304011, 0.09040530340642561, 0.04880816013694678, 0.2752204882519873, -0.1970091128194542, 0.2996102180386846, -0.20619999419653467, 0.24783222709644614, 0.5348099341802477, -0.6420521799177383, -0.24884846282491524, 0.005066118653868745, 0.3733341598326916, -0.4926407026772337, 0.10948172588511706, 0.24986168812819542, 0.7910023321122921, -0.27429282313374714, 0.2751141460374733, -0.6171071957620733, -0.004411770765388567, -0.6351091908575863, 0.8367660782795254, -0.13635585731754474, 0.6603762041966925, -0.16644739064327485, 0.8093351774867339, -0.19034956537818792, -0.33765099381775454, 0.14427754054549724, 0.6908872981882266, 0.7220286235061439, 0.19137623413666893, -0.8306767779591795, 0.19453321463834983, -0.5090925828337958, 0.46518689717993555, 0.7893025846334776, 0.0294679418262902, 0.20712702072041278, -0.8698643752343853, 0.08014945928561268, -0.7416264326591246, 0.22912569270066396, -0.2726993059103242, 0.5355160686614915, -0.902931727160895, -0.7803637637643119, 0.36804643024725525, 0.029307394167312983, 0.1432827432294983, 0.6874139879813108, -0.024524721700651453, 0.6202888442522898, 0.020487258589880097, 0.8534413864805024, 0.333855543079252, -0.7025463211318861, -0.27089364934848836, 0.7315498318881986, -0.29942957828896866, -0.6219484810876903, -0.0547573816684539, -0.21443765035574014, 0.23785985328818726, -0.12646741612097356, -0.47815568541100895, -0.17505557667448635, -0.16193193089539926, 0.8048437117522818, 0.9592325240809707, 0.24713767881382775, -0.8336317548582777, 0.46599743519199, 0.357370804957968, 0.6520457340504391, -0.3050973265778887, -0.8822398116837538, 0.2236436329105842, -0.751970763373456, 0.5190590583266628, 0.5888466351532844, -0.18274642650020412, 0.8875950117660911, -0.6524404124894483, 0.8851716994539605]",rhc,relu,False,False,100,[10],0.1,100,0
59,59,0.16467890003696084,1.7138213221155627,88.0,100,15,"[0.9340596780273533, 0.09446449835144466, 0.9453687199297687, 0.4296319873487293, 0.3954576491945416, -0.5678210088392472, 0.9525489095524835, -0.9875394895908203, -0.4940352752331121, -0.13041693519110842, 0.5587658435875049, -0.6046298507994938, 0.7259864711984445, 0.9668013543506255, -0.6723155171906026, 0.19466788786571843, -0.98202780466489, -0.22685743471274122, -0.9116798841370009, 0.9133059354284718, -0.1277067062404047, 0.8979546135631256, 0.5726119718701219, 0.7325785971633969, -0.6536691570081037, -0.850102825973786, 0.2014854427555386, -0.6640556325631923, 0.4667603350211398, -0.18311227969597055, 0.05581764683584067, 0.875143167901884, 0.043392244889916, -0.7836132342255386, -0.6835531856304011, 0.09040530340642561, 0.04880816013694678, 0.2752204882519873, -0.1970091128194542, 0.2996102180386846, -0.20619999419653467, 0.24783222709644614, 0.5348099341802477, -0.6420521799177383, -0.24884846282491524, 0.005066118653868745, 0.3733341598326916, -0.4926407026772337, 0.10948172588511706, 0.24986168812819542, 0.7910023321122921, -0.27429282313374714, 0.2751141460374733, -0.6171071957620733, -0.004411770765388567, -0.6351091908575863, 0.8367660782795254, -0.13635585731754474, 0.6603762041966925, -0.16644739064327485, 0.8093351774867339, -0.19034956537818792, -0.33765099381775454, 0.14427754054549724, 0.6908872981882266, 0.7220286235061439, 0.19137623413666893, -0.8306767779591795, 0.19453321463834983, -0.5090925828337958, 0.46518689717993555, 0.7893025846334776, 0.0294679418262902, 0.20712702072041278, -0.8698643752343853, 0.08014945928561268, -0.7416264326591246, 0.22912569270066396, -0.2726993059103242, 0.5355160686614915, -0.902931727160895, -0.7803637637643119, 0.36804643024725525, 0.029307394167312983, 0.1432827432294983, 0.6874139879813108, -0.024524721700651453, 0.6202888442522898, 0.020487258589880097, 0.8534413864805024, 0.333855543079252, -0.7025463211318861, -0.27089364934848836, 0.7315498318881986, -0.29942957828896866, -0.6219484810876903, -0.0547573816684539, -0.21443765035574014, 0.23785985328818726, -0.12646741612097356, -0.47815568541100895, -0.17505557667448635, -0.16193193089539926, 0.8048437117522818, 0.9592325240809707, 0.24713767881382775, -0.8336317548582777, 0.46599743519199, 0.357370804957968, 0.6520457340504391, -0.3050973265778887, -0.8822398116837538, 0.2236436329105842, -0.751970763373456, 0.5190590583266628, 0.5888466351532844, -0.18274642650020412, 0.8875950117660911, -0.6524404124894483, 0.8851716994539605]",rhc,relu,False,False,100,[10],0.1,100,0
60,60,0.16787820006720722,1.7111355931915204,90.0,100,15,"[0.9340596780273533, 0.09446449835144466, 0.9453687199297687, 0.4296319873487293, 0.3954576491945416, -0.5678210088392472, 0.9525489095524835, -0.9875394895908203, -0.4940352752331121, -0.13041693519110842, 0.5587658435875049, -0.6046298507994938, 0.7259864711984445, 0.9668013543506255, -0.6723155171906026, 0.19466788786571843, -0.98202780466489, -0.22685743471274122, -0.9116798841370009, 0.9133059354284718, -0.1277067062404047, 0.8979546135631256, 0.5726119718701219, 0.7325785971633969, -0.6536691570081037, -0.850102825973786, 0.2014854427555386, -0.6640556325631923, 0.4667603350211398, -0.18311227969597055, 0.05581764683584067, 0.875143167901884, 0.043392244889916, -0.7836132342255386, -0.6835531856304011, 0.09040530340642561, 0.04880816013694678, 0.2752204882519873, -0.1970091128194542, 0.2996102180386846, -0.20619999419653467, 0.24783222709644614, 0.5348099341802477, -0.6420521799177383, -0.24884846282491524, 0.005066118653868745, 0.3733341598326916, -0.4926407026772337, 0.10948172588511706, 0.24986168812819542, 0.7910023321122921, -0.27429282313374714, 0.2751141460374733, -0.6171071957620733, -0.004411770765388567, -0.6351091908575863, 0.8367660782795254, -0.13635585731754474, 0.6603762041966925, -0.16644739064327485, 0.8093351774867339, -0.19034956537818792, -0.33765099381775454, 0.14427754054549724, 0.6908872981882266, 0.7220286235061439, 0.19137623413666893, -0.8306767779591795, 0.19453321463834983, -0.5090925828337958, 0.46518689717993555, 0.7893025846334776, 0.0294679418262902, 0.20712702072041278, -0.8698643752343853, 0.08014945928561268, -0.7416264326591246, 0.22912569270066396, -0.2726993059103242, 0.5355160686614915, -0.902931727160895, -0.7803637637643119, 0.36804643024725525, 0.029307394167312983, 0.1432827432294983, 0.6874139879813108, -0.024524721700651453, 0.6202888442522898, 0.020487258589880097, 0.8534413864805024, 0.333855543079252, -0.7025463211318861, -0.27089364934848836, 0.7315498318881986, -0.29942957828896866, -0.6219484810876903, -0.0547573816684539, -0.21443765035574014, 0.23785985328818726, -0.12646741612097356, -0.47815568541100895, -0.17505557667448635, -0.16193193089539926, 0.8048437117522818, 0.9592325240809707, 0.24713767881382775, -0.8336317548582777, 0.46599743519199, 0.357370804957968, 0.6520457340504391, -0.3050973265778887, -0.8822398116837538, 0.2236436329105842, -0.751970763373456, 0.5190590583266628, 0.5888466351532844, -0.18274642650020412, 0.8875950117660911, -0.6524404124894483, 0.8851716994539605]",rhc,relu,False,False,100,[10],0.1,100,0
61,61,0.16964800003916025,1.7111355931915204,91.0,100,15,"[0.9340596780273533, 0.09446449835144466, 0.9453687199297687, 0.4296319873487293, 0.3954576491945416, -0.5678210088392472, 0.9525489095524835, -0.9875394895908203, -0.4940352752331121, -0.13041693519110842, 0.5587658435875049, -0.6046298507994938, 0.7259864711984445, 0.9668013543506255, -0.6723155171906026, 0.19466788786571843, -0.98202780466489, -0.22685743471274122, -0.9116798841370009, 0.9133059354284718, -0.1277067062404047, 0.8979546135631256, 0.5726119718701219, 0.7325785971633969, -0.6536691570081037, -0.850102825973786, 0.2014854427555386, -0.6640556325631923, 0.4667603350211398, -0.18311227969597055, 0.05581764683584067, 0.875143167901884, 0.043392244889916, -0.7836132342255386, -0.6835531856304011, 0.09040530340642561, 0.04880816013694678, 0.2752204882519873, -0.1970091128194542, 0.2996102180386846, -0.20619999419653467, 0.24783222709644614, 0.5348099341802477, -0.6420521799177383, -0.24884846282491524, 0.005066118653868745, 0.3733341598326916, -0.4926407026772337, 0.10948172588511706, 0.24986168812819542, 0.7910023321122921, -0.27429282313374714, 0.2751141460374733, -0.6171071957620733, -0.004411770765388567, -0.6351091908575863, 0.8367660782795254, -0.13635585731754474, 0.6603762041966925, -0.16644739064327485, 0.8093351774867339, -0.19034956537818792, -0.33765099381775454, 0.14427754054549724, 0.6908872981882266, 0.7220286235061439, 0.19137623413666893, -0.8306767779591795, 0.19453321463834983, -0.5090925828337958, 0.46518689717993555, 0.7893025846334776, 0.0294679418262902, 0.20712702072041278, -0.8698643752343853, 0.08014945928561268, -0.7416264326591246, 0.22912569270066396, -0.2726993059103242, 0.5355160686614915, -0.902931727160895, -0.7803637637643119, 0.36804643024725525, 0.029307394167312983, 0.1432827432294983, 0.6874139879813108, -0.024524721700651453, 0.6202888442522898, 0.020487258589880097, 0.8534413864805024, 0.333855543079252, -0.7025463211318861, -0.27089364934848836, 0.7315498318881986, -0.29942957828896866, -0.6219484810876903, -0.0547573816684539, -0.21443765035574014, 0.23785985328818726, -0.12646741612097356, -0.47815568541100895, -0.17505557667448635, -0.16193193089539926, 0.8048437117522818, 0.9592325240809707, 0.24713767881382775, -0.8336317548582777, 0.46599743519199, 0.357370804957968, 0.6520457340504391, -0.3050973265778887, -0.8822398116837538, 0.2236436329105842, -0.751970763373456, 0.5190590583266628, 0.5888466351532844, -0.18274642650020412, 0.8875950117660911, -0.6524404124894483, 0.8851716994539605]",rhc,relu,False,False,100,[10],0.1,100,0
62,62,0.172666700091213,1.7078970982333437,93.0,100,15,"[0.9340596780273533, 0.09446449835144466, 0.9453687199297687, 0.4296319873487293, 0.3954576491945416, -0.5678210088392472, 0.9525489095524835, -0.9875394895908203, -0.4940352752331121, -0.13041693519110842, 0.5587658435875049, -0.6046298507994938, 0.7259864711984445, 0.9668013543506255, -0.6723155171906026, 0.19466788786571843, -0.98202780466489, -0.22685743471274122, -0.9116798841370009, 0.9133059354284718, -0.1277067062404047, 0.8979546135631256, 0.5726119718701219, 0.7325785971633969, -0.6536691570081037, -0.850102825973786, 0.2014854427555386, -0.6640556325631923, 0.4667603350211398, -0.18311227969597055, 0.05581764683584067, 0.875143167901884, 0.043392244889916, -0.7836132342255386, -0.6835531856304011, 0.09040530340642561, 0.04880816013694678, 0.2752204882519873, -0.1970091128194542, 0.2996102180386846, -0.20619999419653467, 0.24783222709644614, 0.5348099341802477, -0.6420521799177383, -0.24884846282491524, 0.005066118653868745, 0.3733341598326916, -0.4926407026772337, 0.10948172588511706, 0.24986168812819542, 0.7910023321122921, -0.27429282313374714, 0.2751141460374733, -0.6171071957620733, -0.004411770765388567, -0.6351091908575863, 0.8367660782795254, -0.13635585731754474, 0.6603762041966925, -0.16644739064327485, 0.8093351774867339, -0.19034956537818792, -0.33765099381775454, 0.14427754054549724, 0.6908872981882266, 0.7220286235061439, 0.19137623413666893, -0.8306767779591795, 0.19453321463834983, -0.5090925828337958, 0.46518689717993555, 0.7893025846334776, 0.0294679418262902, 0.20712702072041278, -0.8698643752343853, 0.08014945928561268, -0.7416264326591246, 0.22912569270066396, -0.2726993059103242, 0.5355160686614915, -0.902931727160895, -0.7803637637643119, 0.36804643024725525, 0.029307394167312983, 0.1432827432294983, 0.6874139879813108, -0.024524721700651453, 0.6202888442522898, 0.020487258589880097, 0.8534413864805024, 0.333855543079252, -0.7025463211318861, -0.27089364934848836, 0.7315498318881986, -0.29942957828896866, -0.6219484810876903, -0.0547573816684539, -0.21443765035574014, 0.23785985328818726, -0.12646741612097356, -0.47815568541100895, -0.17505557667448635, -0.16193193089539926, 0.8048437117522818, 0.9592325240809707, 0.24713767881382775, -0.8336317548582777, 0.46599743519199, 0.357370804957968, 0.6520457340504391, -0.3050973265778887, -0.8822398116837538, 0.2236436329105842, -0.751970763373456, 0.5190590583266628, 0.5888466351532844, -0.18274642650020412, 0.8875950117660911, -0.6524404124894483, 0.8851716994539605]",rhc,relu,False,False,100,[10],0.1,100,0
63,63,0.1759350000647828,1.7002505078638932,95.0,100,15,"[0.9340596780273533, 0.09446449835144466, 0.9453687199297687, 0.4296319873487293, 0.3954576491945416, -0.5678210088392472, 0.9525489095524835, -0.9875394895908203, -0.4940352752331121, -0.13041693519110842, 0.5587658435875049, -0.6046298507994938, 0.7259864711984445, 0.9668013543506255, -0.6723155171906026, 0.19466788786571843, -0.98202780466489, -0.22685743471274122, -0.9116798841370009, 0.9133059354284718, -0.1277067062404047, 0.8979546135631256, 0.5726119718701219, 0.7325785971633969, -0.6536691570081037, -0.850102825973786, 0.2014854427555386, -0.6640556325631923, 0.4667603350211398, -0.18311227969597055, 0.05581764683584067, 0.875143167901884, 0.043392244889916, -0.7836132342255386, -0.6835531856304011, 0.09040530340642561, 0.04880816013694678, 0.2752204882519873, -0.1970091128194542, 0.2996102180386846, -0.20619999419653467, 0.24783222709644614, 0.5348099341802477, -0.6420521799177383, -0.24884846282491524, 0.005066118653868745, 0.3733341598326916, -0.4926407026772337, 0.10948172588511706, 0.24986168812819542, 0.7910023321122921, -0.27429282313374714, 0.2751141460374733, -0.6171071957620733, -0.004411770765388567, -0.6351091908575863, 0.8367660782795254, -0.13635585731754474, 0.6603762041966925, -0.16644739064327485, 0.8093351774867339, -0.19034956537818792, -0.33765099381775454, 0.14427754054549724, 0.6908872981882266, 0.7220286235061439, 0.19137623413666893, -0.8306767779591795, 0.19453321463834983, -0.5090925828337958, 0.46518689717993555, 0.7893025846334776, 0.0294679418262902, 0.20712702072041278, -0.8698643752343853, 0.08014945928561268, -0.7416264326591246, 0.22912569270066396, -0.2726993059103242, 0.5355160686614915, -0.902931727160895, -0.7803637637643119, 0.36804643024725525, 0.029307394167312983, 0.1432827432294983, 0.6874139879813108, -0.024524721700651453, 0.6202888442522898, 0.020487258589880097, 0.8534413864805024, 0.333855543079252, -0.7025463211318861, -0.27089364934848836, 0.7315498318881986, -0.29942957828896866, -0.6219484810876903, -0.0547573816684539, -0.21443765035574014, 0.23785985328818726, -0.12646741612097356, -0.47815568541100895, -0.17505557667448635, -0.16193193089539926, 0.8048437117522818, 0.9592325240809707, 0.24713767881382775, -0.8336317548582777, 0.46599743519199, 0.357370804957968, 0.6520457340504391, -0.3050973265778887, -0.8822398116837538, 0.2236436329105842, -0.751970763373456, 0.5190590583266628, 0.5888466351532844, -0.18274642650020412, 0.8875950117660911, -0.6524404124894483, 0.8851716994539605]",rhc,relu,False,False,100,[10],0.1,100,0
64,64,0.17886750004254282,1.6987325154248862,97.0,100,15,"[0.9340596780273533, 0.09446449835144466, 0.9453687199297687, 0.4296319873487293, 0.3954576491945416, -0.5678210088392472, 0.9525489095524835, -0.9875394895908203, -0.4940352752331121, -0.13041693519110842, 0.5587658435875049, -0.6046298507994938, 0.7259864711984445, 0.9668013543506255, -0.6723155171906026, 0.19466788786571843, -0.98202780466489, -0.22685743471274122, -0.9116798841370009, 0.9133059354284718, -0.1277067062404047, 0.8979546135631256, 0.5726119718701219, 0.7325785971633969, -0.6536691570081037, -0.850102825973786, 0.2014854427555386, -0.6640556325631923, 0.4667603350211398, -0.18311227969597055, 0.05581764683584067, 0.875143167901884, 0.043392244889916, -0.7836132342255386, -0.6835531856304011, 0.09040530340642561, 0.04880816013694678, 0.2752204882519873, -0.1970091128194542, 0.2996102180386846, -0.20619999419653467, 0.24783222709644614, 0.5348099341802477, -0.6420521799177383, -0.24884846282491524, 0.005066118653868745, 0.3733341598326916, -0.4926407026772337, 0.10948172588511706, 0.24986168812819542, 0.7910023321122921, -0.27429282313374714, 0.2751141460374733, -0.6171071957620733, -0.004411770765388567, -0.6351091908575863, 0.8367660782795254, -0.13635585731754474, 0.6603762041966925, -0.16644739064327485, 0.8093351774867339, -0.19034956537818792, -0.33765099381775454, 0.14427754054549724, 0.6908872981882266, 0.7220286235061439, 0.19137623413666893, -0.8306767779591795, 0.19453321463834983, -0.5090925828337958, 0.46518689717993555, 0.7893025846334776, 0.0294679418262902, 0.20712702072041278, -0.8698643752343853, 0.08014945928561268, -0.7416264326591246, 0.22912569270066396, -0.2726993059103242, 0.5355160686614915, -0.902931727160895, -0.7803637637643119, 0.36804643024725525, 0.029307394167312983, 0.1432827432294983, 0.6874139879813108, -0.024524721700651453, 0.6202888442522898, 0.020487258589880097, 0.8534413864805024, 0.333855543079252, -0.7025463211318861, -0.27089364934848836, 0.7315498318881986, -0.29942957828896866, -0.6219484810876903, -0.0547573816684539, -0.21443765035574014, 0.23785985328818726, -0.12646741612097356, -0.47815568541100895, -0.17505557667448635, -0.16193193089539926, 0.8048437117522818, 0.9592325240809707, 0.24713767881382775, -0.8336317548582777, 0.46599743519199, 0.357370804957968, 0.6520457340504391, -0.3050973265778887, -0.8822398116837538, 0.2236436329105842, -0.751970763373456, 0.5190590583266628, 0.5888466351532844, -0.18274642650020412, 0.8875950117660911, -0.6524404124894483, 0.8851716994539605]",rhc,relu,False,False,100,[10],0.1,100,0
65,65,0.1803774000145495,1.6987325154248862,98.0,100,15,"[0.9340596780273533, 0.09446449835144466, 0.9453687199297687, 0.4296319873487293, 0.3954576491945416, -0.5678210088392472, 0.9525489095524835, -0.9875394895908203, -0.4940352752331121, -0.13041693519110842, 0.5587658435875049, -0.6046298507994938, 0.7259864711984445, 0.9668013543506255, -0.6723155171906026, 0.19466788786571843, -0.98202780466489, -0.22685743471274122, -0.9116798841370009, 0.9133059354284718, -0.1277067062404047, 0.8979546135631256, 0.5726119718701219, 0.7325785971633969, -0.6536691570081037, -0.850102825973786, 0.2014854427555386, -0.6640556325631923, 0.4667603350211398, -0.18311227969597055, 0.05581764683584067, 0.875143167901884, 0.043392244889916, -0.7836132342255386, -0.6835531856304011, 0.09040530340642561, 0.04880816013694678, 0.2752204882519873, -0.1970091128194542, 0.2996102180386846, -0.20619999419653467, 0.24783222709644614, 0.5348099341802477, -0.6420521799177383, -0.24884846282491524, 0.005066118653868745, 0.3733341598326916, -0.4926407026772337, 0.10948172588511706, 0.24986168812819542, 0.7910023321122921, -0.27429282313374714, 0.2751141460374733, -0.6171071957620733, -0.004411770765388567, -0.6351091908575863, 0.8367660782795254, -0.13635585731754474, 0.6603762041966925, -0.16644739064327485, 0.8093351774867339, -0.19034956537818792, -0.33765099381775454, 0.14427754054549724, 0.6908872981882266, 0.7220286235061439, 0.19137623413666893, -0.8306767779591795, 0.19453321463834983, -0.5090925828337958, 0.46518689717993555, 0.7893025846334776, 0.0294679418262902, 0.20712702072041278, -0.8698643752343853, 0.08014945928561268, -0.7416264326591246, 0.22912569270066396, -0.2726993059103242, 0.5355160686614915, -0.902931727160895, -0.7803637637643119, 0.36804643024725525, 0.029307394167312983, 0.1432827432294983, 0.6874139879813108, -0.024524721700651453, 0.6202888442522898, 0.020487258589880097, 0.8534413864805024, 0.333855543079252, -0.7025463211318861, -0.27089364934848836, 0.7315498318881986, -0.29942957828896866, -0.6219484810876903, -0.0547573816684539, -0.21443765035574014, 0.23785985328818726, -0.12646741612097356, -0.47815568541100895, -0.17505557667448635, -0.16193193089539926, 0.8048437117522818, 0.9592325240809707, 0.24713767881382775, -0.8336317548582777, 0.46599743519199, 0.357370804957968, 0.6520457340504391, -0.3050973265778887, -0.8822398116837538, 0.2236436329105842, -0.751970763373456, 0.5190590583266628, 0.5888466351532844, -0.18274642650020412, 0.8875950117660911, -0.6524404124894483, 0.8851716994539605]",rhc,relu,False,False,100,[10],0.1,100,0
66,66,0.18194050004240125,1.6987325154248862,99.0,100,15,"[0.9340596780273533, 0.09446449835144466, 0.9453687199297687, 0.4296319873487293, 0.3954576491945416, -0.5678210088392472, 0.9525489095524835, -0.9875394895908203, -0.4940352752331121, -0.13041693519110842, 0.5587658435875049, -0.6046298507994938, 0.7259864711984445, 0.9668013543506255, -0.6723155171906026, 0.19466788786571843, -0.98202780466489, -0.22685743471274122, -0.9116798841370009, 0.9133059354284718, -0.1277067062404047, 0.8979546135631256, 0.5726119718701219, 0.7325785971633969, -0.6536691570081037, -0.850102825973786, 0.2014854427555386, -0.6640556325631923, 0.4667603350211398, -0.18311227969597055, 0.05581764683584067, 0.875143167901884, 0.043392244889916, -0.7836132342255386, -0.6835531856304011, 0.09040530340642561, 0.04880816013694678, 0.2752204882519873, -0.1970091128194542, 0.2996102180386846, -0.20619999419653467, 0.24783222709644614, 0.5348099341802477, -0.6420521799177383, -0.24884846282491524, 0.005066118653868745, 0.3733341598326916, -0.4926407026772337, 0.10948172588511706, 0.24986168812819542, 0.7910023321122921, -0.27429282313374714, 0.2751141460374733, -0.6171071957620733, -0.004411770765388567, -0.6351091908575863, 0.8367660782795254, -0.13635585731754474, 0.6603762041966925, -0.16644739064327485, 0.8093351774867339, -0.19034956537818792, -0.33765099381775454, 0.14427754054549724, 0.6908872981882266, 0.7220286235061439, 0.19137623413666893, -0.8306767779591795, 0.19453321463834983, -0.5090925828337958, 0.46518689717993555, 0.7893025846334776, 0.0294679418262902, 0.20712702072041278, -0.8698643752343853, 0.08014945928561268, -0.7416264326591246, 0.22912569270066396, -0.2726993059103242, 0.5355160686614915, -0.902931727160895, -0.7803637637643119, 0.36804643024725525, 0.029307394167312983, 0.1432827432294983, 0.6874139879813108, -0.024524721700651453, 0.6202888442522898, 0.020487258589880097, 0.8534413864805024, 0.333855543079252, -0.7025463211318861, -0.27089364934848836, 0.7315498318881986, -0.29942957828896866, -0.6219484810876903, -0.0547573816684539, -0.21443765035574014, 0.23785985328818726, -0.12646741612097356, -0.47815568541100895, -0.17505557667448635, -0.16193193089539926, 0.8048437117522818, 0.9592325240809707, 0.24713767881382775, -0.8336317548582777, 0.46599743519199, 0.357370804957968, 0.6520457340504391, -0.3050973265778887, -0.8822398116837538, 0.2236436329105842, -0.751970763373456, 0.5190590583266628, 0.5888466351532844, -0.18274642650020412, 0.8875950117660911, -0.6524404124894483, 0.8851716994539605]",rhc,relu,False,False,100,[10],0.1,100,0
67,67,0.1847929999930784,1.696234937697064,101.0,100,15,"[0.9340596780273533, 0.09446449835144466, 0.9453687199297687, 0.4296319873487293, 0.3954576491945416, -0.5678210088392472, 0.9525489095524835, -0.9875394895908203, -0.4940352752331121, -0.13041693519110842, 0.5587658435875049, -0.6046298507994938, 0.7259864711984445, 0.9668013543506255, -0.6723155171906026, 0.19466788786571843, -0.98202780466489, -0.22685743471274122, -0.9116798841370009, 0.9133059354284718, -0.1277067062404047, 0.8979546135631256, 0.5726119718701219, 0.7325785971633969, -0.6536691570081037, -0.850102825973786, 0.2014854427555386, -0.6640556325631923, 0.4667603350211398, -0.18311227969597055, 0.05581764683584067, 0.875143167901884, 0.043392244889916, -0.7836132342255386, -0.6835531856304011, 0.09040530340642561, 0.04880816013694678, 0.2752204882519873, -0.1970091128194542, 0.2996102180386846, -0.20619999419653467, 0.24783222709644614, 0.5348099341802477, -0.6420521799177383, -0.24884846282491524, 0.005066118653868745, 0.3733341598326916, -0.4926407026772337, 0.10948172588511706, 0.24986168812819542, 0.7910023321122921, -0.27429282313374714, 0.2751141460374733, -0.6171071957620733, -0.004411770765388567, -0.6351091908575863, 0.8367660782795254, -0.13635585731754474, 0.6603762041966925, -0.16644739064327485, 0.8093351774867339, -0.19034956537818792, -0.33765099381775454, 0.14427754054549724, 0.6908872981882266, 0.7220286235061439, 0.19137623413666893, -0.8306767779591795, 0.19453321463834983, -0.5090925828337958, 0.46518689717993555, 0.7893025846334776, 0.0294679418262902, 0.20712702072041278, -0.8698643752343853, 0.08014945928561268, -0.7416264326591246, 0.22912569270066396, -0.2726993059103242, 0.5355160686614915, -0.902931727160895, -0.7803637637643119, 0.36804643024725525, 0.029307394167312983, 0.1432827432294983, 0.6874139879813108, -0.024524721700651453, 0.6202888442522898, 0.020487258589880097, 0.8534413864805024, 0.333855543079252, -0.7025463211318861, -0.27089364934848836, 0.7315498318881986, -0.29942957828896866, -0.6219484810876903, -0.0547573816684539, -0.21443765035574014, 0.23785985328818726, -0.12646741612097356, -0.47815568541100895, -0.17505557667448635, -0.16193193089539926, 0.8048437117522818, 0.9592325240809707, 0.24713767881382775, -0.8336317548582777, 0.46599743519199, 0.357370804957968, 0.6520457340504391, -0.3050973265778887, -0.8822398116837538, 0.2236436329105842, -0.751970763373456, 0.5190590583266628, 0.5888466351532844, -0.18274642650020412, 0.8875950117660911, -0.6524404124894483, 0.8851716994539605]",rhc,relu,False,False,100,[10],0.1,100,0
68,68,0.18640930007677525,1.696234937697064,102.0,100,15,"[0.9340596780273533, 0.09446449835144466, 0.9453687199297687, 0.4296319873487293, 0.3954576491945416, -0.5678210088392472, 0.9525489095524835, -0.9875394895908203, -0.4940352752331121, -0.13041693519110842, 0.5587658435875049, -0.6046298507994938, 0.7259864711984445, 0.9668013543506255, -0.6723155171906026, 0.19466788786571843, -0.98202780466489, -0.22685743471274122, -0.9116798841370009, 0.9133059354284718, -0.1277067062404047, 0.8979546135631256, 0.5726119718701219, 0.7325785971633969, -0.6536691570081037, -0.850102825973786, 0.2014854427555386, -0.6640556325631923, 0.4667603350211398, -0.18311227969597055, 0.05581764683584067, 0.875143167901884, 0.043392244889916, -0.7836132342255386, -0.6835531856304011, 0.09040530340642561, 0.04880816013694678, 0.2752204882519873, -0.1970091128194542, 0.2996102180386846, -0.20619999419653467, 0.24783222709644614, 0.5348099341802477, -0.6420521799177383, -0.24884846282491524, 0.005066118653868745, 0.3733341598326916, -0.4926407026772337, 0.10948172588511706, 0.24986168812819542, 0.7910023321122921, -0.27429282313374714, 0.2751141460374733, -0.6171071957620733, -0.004411770765388567, -0.6351091908575863, 0.8367660782795254, -0.13635585731754474, 0.6603762041966925, -0.16644739064327485, 0.8093351774867339, -0.19034956537818792, -0.33765099381775454, 0.14427754054549724, 0.6908872981882266, 0.7220286235061439, 0.19137623413666893, -0.8306767779591795, 0.19453321463834983, -0.5090925828337958, 0.46518689717993555, 0.7893025846334776, 0.0294679418262902, 0.20712702072041278, -0.8698643752343853, 0.08014945928561268, -0.7416264326591246, 0.22912569270066396, -0.2726993059103242, 0.5355160686614915, -0.902931727160895, -0.7803637637643119, 0.36804643024725525, 0.029307394167312983, 0.1432827432294983, 0.6874139879813108, -0.024524721700651453, 0.6202888442522898, 0.020487258589880097, 0.8534413864805024, 0.333855543079252, -0.7025463211318861, -0.27089364934848836, 0.7315498318881986, -0.29942957828896866, -0.6219484810876903, -0.0547573816684539, -0.21443765035574014, 0.23785985328818726, -0.12646741612097356, -0.47815568541100895, -0.17505557667448635, -0.16193193089539926, 0.8048437117522818, 0.9592325240809707, 0.24713767881382775, -0.8336317548582777, 0.46599743519199, 0.357370804957968, 0.6520457340504391, -0.3050973265778887, -0.8822398116837538, 0.2236436329105842, -0.751970763373456, 0.5190590583266628, 0.5888466351532844, -0.18274642650020412, 0.8875950117660911, -0.6524404124894483, 0.8851716994539605]",rhc,relu,False,False,100,[10],0.1,100,0
69,69,0.18797269999049604,1.696234937697064,103.0,100,15,"[0.9340596780273533, 0.09446449835144466, 0.9453687199297687, 0.4296319873487293, 0.3954576491945416, -0.5678210088392472, 0.9525489095524835, -0.9875394895908203, -0.4940352752331121, -0.13041693519110842, 0.5587658435875049, -0.6046298507994938, 0.7259864711984445, 0.9668013543506255, -0.6723155171906026, 0.19466788786571843, -0.98202780466489, -0.22685743471274122, -0.9116798841370009, 0.9133059354284718, -0.1277067062404047, 0.8979546135631256, 0.5726119718701219, 0.7325785971633969, -0.6536691570081037, -0.850102825973786, 0.2014854427555386, -0.6640556325631923, 0.4667603350211398, -0.18311227969597055, 0.05581764683584067, 0.875143167901884, 0.043392244889916, -0.7836132342255386, -0.6835531856304011, 0.09040530340642561, 0.04880816013694678, 0.2752204882519873, -0.1970091128194542, 0.2996102180386846, -0.20619999419653467, 0.24783222709644614, 0.5348099341802477, -0.6420521799177383, -0.24884846282491524, 0.005066118653868745, 0.3733341598326916, -0.4926407026772337, 0.10948172588511706, 0.24986168812819542, 0.7910023321122921, -0.27429282313374714, 0.2751141460374733, -0.6171071957620733, -0.004411770765388567, -0.6351091908575863, 0.8367660782795254, -0.13635585731754474, 0.6603762041966925, -0.16644739064327485, 0.8093351774867339, -0.19034956537818792, -0.33765099381775454, 0.14427754054549724, 0.6908872981882266, 0.7220286235061439, 0.19137623413666893, -0.8306767779591795, 0.19453321463834983, -0.5090925828337958, 0.46518689717993555, 0.7893025846334776, 0.0294679418262902, 0.20712702072041278, -0.8698643752343853, 0.08014945928561268, -0.7416264326591246, 0.22912569270066396, -0.2726993059103242, 0.5355160686614915, -0.902931727160895, -0.7803637637643119, 0.36804643024725525, 0.029307394167312983, 0.1432827432294983, 0.6874139879813108, -0.024524721700651453, 0.6202888442522898, 0.020487258589880097, 0.8534413864805024, 0.333855543079252, -0.7025463211318861, -0.27089364934848836, 0.7315498318881986, -0.29942957828896866, -0.6219484810876903, -0.0547573816684539, -0.21443765035574014, 0.23785985328818726, -0.12646741612097356, -0.47815568541100895, -0.17505557667448635, -0.16193193089539926, 0.8048437117522818, 0.9592325240809707, 0.24713767881382775, -0.8336317548582777, 0.46599743519199, 0.357370804957968, 0.6520457340504391, -0.3050973265778887, -0.8822398116837538, 0.2236436329105842, -0.751970763373456, 0.5190590583266628, 0.5888466351532844, -0.18274642650020412, 0.8875950117660911, -0.6524404124894483, 0.8851716994539605]",rhc,relu,False,False,100,[10],0.1,100,0
70,70,0.1908457000972703,1.6718271466055585,105.0,100,15,"[0.9340596780273533, 0.09446449835144466, 0.9453687199297687, 0.4296319873487293, 0.3954576491945416, -0.5678210088392472, 0.9525489095524835, -0.9875394895908203, -0.4940352752331121, -0.13041693519110842, 0.5587658435875049, -0.6046298507994938, 0.7259864711984445, 0.9668013543506255, -0.6723155171906026, 0.19466788786571843, -0.98202780466489, -0.22685743471274122, -0.9116798841370009, 0.9133059354284718, -0.1277067062404047, 0.8979546135631256, 0.5726119718701219, 0.7325785971633969, -0.6536691570081037, -0.850102825973786, 0.2014854427555386, -0.6640556325631923, 0.4667603350211398, -0.18311227969597055, 0.05581764683584067, 0.875143167901884, 0.043392244889916, -0.7836132342255386, -0.6835531856304011, 0.09040530340642561, 0.04880816013694678, 0.2752204882519873, -0.1970091128194542, 0.2996102180386846, -0.20619999419653467, 0.24783222709644614, 0.5348099341802477, -0.6420521799177383, -0.24884846282491524, 0.005066118653868745, 0.3733341598326916, -0.4926407026772337, 0.10948172588511706, 0.24986168812819542, 0.7910023321122921, -0.27429282313374714, 0.2751141460374733, -0.6171071957620733, -0.004411770765388567, -0.6351091908575863, 0.8367660782795254, -0.13635585731754474, 0.6603762041966925, -0.16644739064327485, 0.8093351774867339, -0.19034956537818792, -0.33765099381775454, 0.14427754054549724, 0.6908872981882266, 0.7220286235061439, 0.19137623413666893, -0.8306767779591795, 0.19453321463834983, -0.5090925828337958, 0.46518689717993555, 0.7893025846334776, 0.0294679418262902, 0.20712702072041278, -0.8698643752343853, 0.08014945928561268, -0.7416264326591246, 0.22912569270066396, -0.2726993059103242, 0.5355160686614915, -0.902931727160895, -0.7803637637643119, 0.36804643024725525, 0.029307394167312983, 0.1432827432294983, 0.6874139879813108, -0.024524721700651453, 0.6202888442522898, 0.020487258589880097, 0.8534413864805024, 0.333855543079252, -0.7025463211318861, -0.27089364934848836, 0.7315498318881986, -0.29942957828896866, -0.6219484810876903, -0.0547573816684539, -0.21443765035574014, 0.23785985328818726, -0.12646741612097356, -0.47815568541100895, -0.17505557667448635, -0.16193193089539926, 0.8048437117522818, 0.9592325240809707, 0.24713767881382775, -0.8336317548582777, 0.46599743519199, 0.357370804957968, 0.6520457340504391, -0.3050973265778887, -0.8822398116837538, 0.2236436329105842, -0.751970763373456, 0.5190590583266628, 0.5888466351532844, -0.18274642650020412, 0.8875950117660911, -0.6524404124894483, 0.8851716994539605]",rhc,relu,False,False,100,[10],0.1,100,0
71,71,0.1941902000689879,1.66946746003444,107.0,100,15,"[0.9340596780273533, 0.09446449835144466, 0.9453687199297687, 0.4296319873487293, 0.3954576491945416, -0.5678210088392472, 0.9525489095524835, -0.9875394895908203, -0.4940352752331121, -0.13041693519110842, 0.5587658435875049, -0.6046298507994938, 0.7259864711984445, 0.9668013543506255, -0.6723155171906026, 0.19466788786571843, -0.98202780466489, -0.22685743471274122, -0.9116798841370009, 0.9133059354284718, -0.1277067062404047, 0.8979546135631256, 0.5726119718701219, 0.7325785971633969, -0.6536691570081037, -0.850102825973786, 0.2014854427555386, -0.6640556325631923, 0.4667603350211398, -0.18311227969597055, 0.05581764683584067, 0.875143167901884, 0.043392244889916, -0.7836132342255386, -0.6835531856304011, 0.09040530340642561, 0.04880816013694678, 0.2752204882519873, -0.1970091128194542, 0.2996102180386846, -0.20619999419653467, 0.24783222709644614, 0.5348099341802477, -0.6420521799177383, -0.24884846282491524, 0.005066118653868745, 0.3733341598326916, -0.4926407026772337, 0.10948172588511706, 0.24986168812819542, 0.7910023321122921, -0.27429282313374714, 0.2751141460374733, -0.6171071957620733, -0.004411770765388567, -0.6351091908575863, 0.8367660782795254, -0.13635585731754474, 0.6603762041966925, -0.16644739064327485, 0.8093351774867339, -0.19034956537818792, -0.33765099381775454, 0.14427754054549724, 0.6908872981882266, 0.7220286235061439, 0.19137623413666893, -0.8306767779591795, 0.19453321463834983, -0.5090925828337958, 0.46518689717993555, 0.7893025846334776, 0.0294679418262902, 0.20712702072041278, -0.8698643752343853, 0.08014945928561268, -0.7416264326591246, 0.22912569270066396, -0.2726993059103242, 0.5355160686614915, -0.902931727160895, -0.7803637637643119, 0.36804643024725525, 0.029307394167312983, 0.1432827432294983, 0.6874139879813108, -0.024524721700651453, 0.6202888442522898, 0.020487258589880097, 0.8534413864805024, 0.333855543079252, -0.7025463211318861, -0.27089364934848836, 0.7315498318881986, -0.29942957828896866, -0.6219484810876903, -0.0547573816684539, -0.21443765035574014, 0.23785985328818726, -0.12646741612097356, -0.47815568541100895, -0.17505557667448635, -0.16193193089539926, 0.8048437117522818, 0.9592325240809707, 0.24713767881382775, -0.8336317548582777, 0.46599743519199, 0.357370804957968, 0.6520457340504391, -0.3050973265778887, -0.8822398116837538, 0.2236436329105842, -0.751970763373456, 0.5190590583266628, 0.5888466351532844, -0.18274642650020412, 0.8875950117660911, -0.6524404124894483, 0.8851716994539605]",rhc,relu,False,False,100,[10],0.1,100,0
72,72,0.19706690008752048,1.6685418312583375,109.0,100,15,"[0.9340596780273533, 0.09446449835144466, 0.9453687199297687, 0.4296319873487293, 0.3954576491945416, -0.5678210088392472, 0.9525489095524835, -0.9875394895908203, -0.4940352752331121, -0.13041693519110842, 0.5587658435875049, -0.6046298507994938, 0.7259864711984445, 0.9668013543506255, -0.6723155171906026, 0.19466788786571843, -0.98202780466489, -0.22685743471274122, -0.9116798841370009, 0.9133059354284718, -0.1277067062404047, 0.8979546135631256, 0.5726119718701219, 0.7325785971633969, -0.6536691570081037, -0.850102825973786, 0.2014854427555386, -0.6640556325631923, 0.4667603350211398, -0.18311227969597055, 0.05581764683584067, 0.875143167901884, 0.043392244889916, -0.7836132342255386, -0.6835531856304011, 0.09040530340642561, 0.04880816013694678, 0.2752204882519873, -0.1970091128194542, 0.2996102180386846, -0.20619999419653467, 0.24783222709644614, 0.5348099341802477, -0.6420521799177383, -0.24884846282491524, 0.005066118653868745, 0.3733341598326916, -0.4926407026772337, 0.10948172588511706, 0.24986168812819542, 0.7910023321122921, -0.27429282313374714, 0.2751141460374733, -0.6171071957620733, -0.004411770765388567, -0.6351091908575863, 0.8367660782795254, -0.13635585731754474, 0.6603762041966925, -0.16644739064327485, 0.8093351774867339, -0.19034956537818792, -0.33765099381775454, 0.14427754054549724, 0.6908872981882266, 0.7220286235061439, 0.19137623413666893, -0.8306767779591795, 0.19453321463834983, -0.5090925828337958, 0.46518689717993555, 0.7893025846334776, 0.0294679418262902, 0.20712702072041278, -0.8698643752343853, 0.08014945928561268, -0.7416264326591246, 0.22912569270066396, -0.2726993059103242, 0.5355160686614915, -0.902931727160895, -0.7803637637643119, 0.36804643024725525, 0.029307394167312983, 0.1432827432294983, 0.6874139879813108, -0.024524721700651453, 0.6202888442522898, 0.020487258589880097, 0.8534413864805024, 0.333855543079252, -0.7025463211318861, -0.27089364934848836, 0.7315498318881986, -0.29942957828896866, -0.6219484810876903, -0.0547573816684539, -0.21443765035574014, 0.23785985328818726, -0.12646741612097356, -0.47815568541100895, -0.17505557667448635, -0.16193193089539926, 0.8048437117522818, 0.9592325240809707, 0.24713767881382775, -0.8336317548582777, 0.46599743519199, 0.357370804957968, 0.6520457340504391, -0.3050973265778887, -0.8822398116837538, 0.2236436329105842, -0.751970763373456, 0.5190590583266628, 0.5888466351532844, -0.18274642650020412, 0.8875950117660911, -0.6524404124894483, 0.8851716994539605]",rhc,relu,False,False,100,[10],0.1,100,0
73,73,0.19875830004457384,1.6685418312583375,110.0,100,15,"[0.9340596780273533, 0.09446449835144466, 0.9453687199297687, 0.4296319873487293, 0.3954576491945416, -0.5678210088392472, 0.9525489095524835, -0.9875394895908203, -0.4940352752331121, -0.13041693519110842, 0.5587658435875049, -0.6046298507994938, 0.7259864711984445, 0.9668013543506255, -0.6723155171906026, 0.19466788786571843, -0.98202780466489, -0.22685743471274122, -0.9116798841370009, 0.9133059354284718, -0.1277067062404047, 0.8979546135631256, 0.5726119718701219, 0.7325785971633969, -0.6536691570081037, -0.850102825973786, 0.2014854427555386, -0.6640556325631923, 0.4667603350211398, -0.18311227969597055, 0.05581764683584067, 0.875143167901884, 0.043392244889916, -0.7836132342255386, -0.6835531856304011, 0.09040530340642561, 0.04880816013694678, 0.2752204882519873, -0.1970091128194542, 0.2996102180386846, -0.20619999419653467, 0.24783222709644614, 0.5348099341802477, -0.6420521799177383, -0.24884846282491524, 0.005066118653868745, 0.3733341598326916, -0.4926407026772337, 0.10948172588511706, 0.24986168812819542, 0.7910023321122921, -0.27429282313374714, 0.2751141460374733, -0.6171071957620733, -0.004411770765388567, -0.6351091908575863, 0.8367660782795254, -0.13635585731754474, 0.6603762041966925, -0.16644739064327485, 0.8093351774867339, -0.19034956537818792, -0.33765099381775454, 0.14427754054549724, 0.6908872981882266, 0.7220286235061439, 0.19137623413666893, -0.8306767779591795, 0.19453321463834983, -0.5090925828337958, 0.46518689717993555, 0.7893025846334776, 0.0294679418262902, 0.20712702072041278, -0.8698643752343853, 0.08014945928561268, -0.7416264326591246, 0.22912569270066396, -0.2726993059103242, 0.5355160686614915, -0.902931727160895, -0.7803637637643119, 0.36804643024725525, 0.029307394167312983, 0.1432827432294983, 0.6874139879813108, -0.024524721700651453, 0.6202888442522898, 0.020487258589880097, 0.8534413864805024, 0.333855543079252, -0.7025463211318861, -0.27089364934848836, 0.7315498318881986, -0.29942957828896866, -0.6219484810876903, -0.0547573816684539, -0.21443765035574014, 0.23785985328818726, -0.12646741612097356, -0.47815568541100895, -0.17505557667448635, -0.16193193089539926, 0.8048437117522818, 0.9592325240809707, 0.24713767881382775, -0.8336317548582777, 0.46599743519199, 0.357370804957968, 0.6520457340504391, -0.3050973265778887, -0.8822398116837538, 0.2236436329105842, -0.751970763373456, 0.5190590583266628, 0.5888466351532844, -0.18274642650020412, 0.8875950117660911, -0.6524404124894483, 0.8851716994539605]",rhc,relu,False,False,100,[10],0.1,100,0
74,74,0.20192090002819896,1.6666772562559997,112.0,100,15,"[0.9340596780273533, 0.09446449835144466, 0.9453687199297687, 0.4296319873487293, 0.3954576491945416, -0.5678210088392472, 0.9525489095524835, -0.9875394895908203, -0.4940352752331121, -0.13041693519110842, 0.5587658435875049, -0.6046298507994938, 0.7259864711984445, 0.9668013543506255, -0.6723155171906026, 0.19466788786571843, -0.98202780466489, -0.22685743471274122, -0.9116798841370009, 0.9133059354284718, -0.1277067062404047, 0.8979546135631256, 0.5726119718701219, 0.7325785971633969, -0.6536691570081037, -0.850102825973786, 0.2014854427555386, -0.6640556325631923, 0.4667603350211398, -0.18311227969597055, 0.05581764683584067, 0.875143167901884, 0.043392244889916, -0.7836132342255386, -0.6835531856304011, 0.09040530340642561, 0.04880816013694678, 0.2752204882519873, -0.1970091128194542, 0.2996102180386846, -0.20619999419653467, 0.24783222709644614, 0.5348099341802477, -0.6420521799177383, -0.24884846282491524, 0.005066118653868745, 0.3733341598326916, -0.4926407026772337, 0.10948172588511706, 0.24986168812819542, 0.7910023321122921, -0.27429282313374714, 0.2751141460374733, -0.6171071957620733, -0.004411770765388567, -0.6351091908575863, 0.8367660782795254, -0.13635585731754474, 0.6603762041966925, -0.16644739064327485, 0.8093351774867339, -0.19034956537818792, -0.33765099381775454, 0.14427754054549724, 0.6908872981882266, 0.7220286235061439, 0.19137623413666893, -0.8306767779591795, 0.19453321463834983, -0.5090925828337958, 0.46518689717993555, 0.7893025846334776, 0.0294679418262902, 0.20712702072041278, -0.8698643752343853, 0.08014945928561268, -0.7416264326591246, 0.22912569270066396, -0.2726993059103242, 0.5355160686614915, -0.902931727160895, -0.7803637637643119, 0.36804643024725525, 0.029307394167312983, 0.1432827432294983, 0.6874139879813108, -0.024524721700651453, 0.6202888442522898, 0.020487258589880097, 0.8534413864805024, 0.333855543079252, -0.7025463211318861, -0.27089364934848836, 0.7315498318881986, -0.29942957828896866, -0.6219484810876903, -0.0547573816684539, -0.21443765035574014, 0.23785985328818726, -0.12646741612097356, -0.47815568541100895, -0.17505557667448635, -0.16193193089539926, 0.8048437117522818, 0.9592325240809707, 0.24713767881382775, -0.8336317548582777, 0.46599743519199, 0.357370804957968, 0.6520457340504391, -0.3050973265778887, -0.8822398116837538, 0.2236436329105842, -0.751970763373456, 0.5190590583266628, 0.5888466351532844, -0.18274642650020412, 0.8875950117660911, -0.6524404124894483, 0.8851716994539605]",rhc,relu,False,False,100,[10],0.1,100,0
75,75,0.2034730000887066,1.6666772562559997,113.0,100,15,"[0.9340596780273533, 0.09446449835144466, 0.9453687199297687, 0.4296319873487293, 0.3954576491945416, -0.5678210088392472, 0.9525489095524835, -0.9875394895908203, -0.4940352752331121, -0.13041693519110842, 0.5587658435875049, -0.6046298507994938, 0.7259864711984445, 0.9668013543506255, -0.6723155171906026, 0.19466788786571843, -0.98202780466489, -0.22685743471274122, -0.9116798841370009, 0.9133059354284718, -0.1277067062404047, 0.8979546135631256, 0.5726119718701219, 0.7325785971633969, -0.6536691570081037, -0.850102825973786, 0.2014854427555386, -0.6640556325631923, 0.4667603350211398, -0.18311227969597055, 0.05581764683584067, 0.875143167901884, 0.043392244889916, -0.7836132342255386, -0.6835531856304011, 0.09040530340642561, 0.04880816013694678, 0.2752204882519873, -0.1970091128194542, 0.2996102180386846, -0.20619999419653467, 0.24783222709644614, 0.5348099341802477, -0.6420521799177383, -0.24884846282491524, 0.005066118653868745, 0.3733341598326916, -0.4926407026772337, 0.10948172588511706, 0.24986168812819542, 0.7910023321122921, -0.27429282313374714, 0.2751141460374733, -0.6171071957620733, -0.004411770765388567, -0.6351091908575863, 0.8367660782795254, -0.13635585731754474, 0.6603762041966925, -0.16644739064327485, 0.8093351774867339, -0.19034956537818792, -0.33765099381775454, 0.14427754054549724, 0.6908872981882266, 0.7220286235061439, 0.19137623413666893, -0.8306767779591795, 0.19453321463834983, -0.5090925828337958, 0.46518689717993555, 0.7893025846334776, 0.0294679418262902, 0.20712702072041278, -0.8698643752343853, 0.08014945928561268, -0.7416264326591246, 0.22912569270066396, -0.2726993059103242, 0.5355160686614915, -0.902931727160895, -0.7803637637643119, 0.36804643024725525, 0.029307394167312983, 0.1432827432294983, 0.6874139879813108, -0.024524721700651453, 0.6202888442522898, 0.020487258589880097, 0.8534413864805024, 0.333855543079252, -0.7025463211318861, -0.27089364934848836, 0.7315498318881986, -0.29942957828896866, -0.6219484810876903, -0.0547573816684539, -0.21443765035574014, 0.23785985328818726, -0.12646741612097356, -0.47815568541100895, -0.17505557667448635, -0.16193193089539926, 0.8048437117522818, 0.9592325240809707, 0.24713767881382775, -0.8336317548582777, 0.46599743519199, 0.357370804957968, 0.6520457340504391, -0.3050973265778887, -0.8822398116837538, 0.2236436329105842, -0.751970763373456, 0.5190590583266628, 0.5888466351532844, -0.18274642650020412, 0.8875950117660911, -0.6524404124894483, 0.8851716994539605]",rhc,relu,False,False,100,[10],0.1,100,0
76,76,0.2065150000853464,1.6082536085787267,115.0,100,15,"[0.9340596780273533, 0.09446449835144466, 0.9453687199297687, 0.4296319873487293, 0.3954576491945416, -0.5678210088392472, 0.9525489095524835, -0.9875394895908203, -0.4940352752331121, -0.13041693519110842, 0.5587658435875049, -0.6046298507994938, 0.7259864711984445, 0.9668013543506255, -0.6723155171906026, 0.19466788786571843, -0.98202780466489, -0.22685743471274122, -0.9116798841370009, 0.9133059354284718, -0.1277067062404047, 0.8979546135631256, 0.5726119718701219, 0.7325785971633969, -0.6536691570081037, -0.850102825973786, 0.2014854427555386, -0.6640556325631923, 0.4667603350211398, -0.18311227969597055, 0.05581764683584067, 0.875143167901884, 0.043392244889916, -0.7836132342255386, -0.6835531856304011, 0.09040530340642561, 0.04880816013694678, 0.2752204882519873, -0.1970091128194542, 0.2996102180386846, -0.20619999419653467, 0.24783222709644614, 0.5348099341802477, -0.6420521799177383, -0.24884846282491524, 0.005066118653868745, 0.3733341598326916, -0.4926407026772337, 0.10948172588511706, 0.24986168812819542, 0.7910023321122921, -0.27429282313374714, 0.2751141460374733, -0.6171071957620733, -0.004411770765388567, -0.6351091908575863, 0.8367660782795254, -0.13635585731754474, 0.6603762041966925, -0.16644739064327485, 0.8093351774867339, -0.19034956537818792, -0.33765099381775454, 0.14427754054549724, 0.6908872981882266, 0.7220286235061439, 0.19137623413666893, -0.8306767779591795, 0.19453321463834983, -0.5090925828337958, 0.46518689717993555, 0.7893025846334776, 0.0294679418262902, 0.20712702072041278, -0.8698643752343853, 0.08014945928561268, -0.7416264326591246, 0.22912569270066396, -0.2726993059103242, 0.5355160686614915, -0.902931727160895, -0.7803637637643119, 0.36804643024725525, 0.029307394167312983, 0.1432827432294983, 0.6874139879813108, -0.024524721700651453, 0.6202888442522898, 0.020487258589880097, 0.8534413864805024, 0.333855543079252, -0.7025463211318861, -0.27089364934848836, 0.7315498318881986, -0.29942957828896866, -0.6219484810876903, -0.0547573816684539, -0.21443765035574014, 0.23785985328818726, -0.12646741612097356, -0.47815568541100895, -0.17505557667448635, -0.16193193089539926, 0.8048437117522818, 0.9592325240809707, 0.24713767881382775, -0.8336317548582777, 0.46599743519199, 0.357370804957968, 0.6520457340504391, -0.3050973265778887, -0.8822398116837538, 0.2236436329105842, -0.751970763373456, 0.5190590583266628, 0.5888466351532844, -0.18274642650020412, 0.8875950117660911, -0.6524404124894483, 0.8851716994539605]",rhc,relu,False,False,100,[10],0.1,100,0
77,77,0.20961990009527653,1.5920920196268973,117.0,100,15,"[0.9340596780273533, 0.09446449835144466, 0.9453687199297687, 0.4296319873487293, 0.3954576491945416, -0.5678210088392472, 0.9525489095524835, -0.9875394895908203, -0.4940352752331121, -0.13041693519110842, 0.5587658435875049, -0.6046298507994938, 0.7259864711984445, 0.9668013543506255, -0.6723155171906026, 0.19466788786571843, -0.98202780466489, -0.22685743471274122, -0.9116798841370009, 0.9133059354284718, -0.1277067062404047, 0.8979546135631256, 0.5726119718701219, 0.7325785971633969, -0.6536691570081037, -0.850102825973786, 0.2014854427555386, -0.6640556325631923, 0.4667603350211398, -0.18311227969597055, 0.05581764683584067, 0.875143167901884, 0.043392244889916, -0.7836132342255386, -0.6835531856304011, 0.09040530340642561, 0.04880816013694678, 0.2752204882519873, -0.1970091128194542, 0.2996102180386846, -0.20619999419653467, 0.24783222709644614, 0.5348099341802477, -0.6420521799177383, -0.24884846282491524, 0.005066118653868745, 0.3733341598326916, -0.4926407026772337, 0.10948172588511706, 0.24986168812819542, 0.7910023321122921, -0.27429282313374714, 0.2751141460374733, -0.6171071957620733, -0.004411770765388567, -0.6351091908575863, 0.8367660782795254, -0.13635585731754474, 0.6603762041966925, -0.16644739064327485, 0.8093351774867339, -0.19034956537818792, -0.33765099381775454, 0.14427754054549724, 0.6908872981882266, 0.7220286235061439, 0.19137623413666893, -0.8306767779591795, 0.19453321463834983, -0.5090925828337958, 0.46518689717993555, 0.7893025846334776, 0.0294679418262902, 0.20712702072041278, -0.8698643752343853, 0.08014945928561268, -0.7416264326591246, 0.22912569270066396, -0.2726993059103242, 0.5355160686614915, -0.902931727160895, -0.7803637637643119, 0.36804643024725525, 0.029307394167312983, 0.1432827432294983, 0.6874139879813108, -0.024524721700651453, 0.6202888442522898, 0.020487258589880097, 0.8534413864805024, 0.333855543079252, -0.7025463211318861, -0.27089364934848836, 0.7315498318881986, -0.29942957828896866, -0.6219484810876903, -0.0547573816684539, -0.21443765035574014, 0.23785985328818726, -0.12646741612097356, -0.47815568541100895, -0.17505557667448635, -0.16193193089539926, 0.8048437117522818, 0.9592325240809707, 0.24713767881382775, -0.8336317548582777, 0.46599743519199, 0.357370804957968, 0.6520457340504391, -0.3050973265778887, -0.8822398116837538, 0.2236436329105842, -0.751970763373456, 0.5190590583266628, 0.5888466351532844, -0.18274642650020412, 0.8875950117660911, -0.6524404124894483, 0.8851716994539605]",rhc,relu,False,False,100,[10],0.1,100,0
78,78,0.2124417000450194,1.590550073276119,119.0,100,15,"[0.9340596780273533, 0.09446449835144466, 0.9453687199297687, 0.4296319873487293, 0.3954576491945416, -0.5678210088392472, 0.9525489095524835, -0.9875394895908203, -0.4940352752331121, -0.13041693519110842, 0.5587658435875049, -0.6046298507994938, 0.7259864711984445, 0.9668013543506255, -0.6723155171906026, 0.19466788786571843, -0.98202780466489, -0.22685743471274122, -0.9116798841370009, 0.9133059354284718, -0.1277067062404047, 0.8979546135631256, 0.5726119718701219, 0.7325785971633969, -0.6536691570081037, -0.850102825973786, 0.2014854427555386, -0.6640556325631923, 0.4667603350211398, -0.18311227969597055, 0.05581764683584067, 0.875143167901884, 0.043392244889916, -0.7836132342255386, -0.6835531856304011, 0.09040530340642561, 0.04880816013694678, 0.2752204882519873, -0.1970091128194542, 0.2996102180386846, -0.20619999419653467, 0.24783222709644614, 0.5348099341802477, -0.6420521799177383, -0.24884846282491524, 0.005066118653868745, 0.3733341598326916, -0.4926407026772337, 0.10948172588511706, 0.24986168812819542, 0.7910023321122921, -0.27429282313374714, 0.2751141460374733, -0.6171071957620733, -0.004411770765388567, -0.6351091908575863, 0.8367660782795254, -0.13635585731754474, 0.6603762041966925, -0.16644739064327485, 0.8093351774867339, -0.19034956537818792, -0.33765099381775454, 0.14427754054549724, 0.6908872981882266, 0.7220286235061439, 0.19137623413666893, -0.8306767779591795, 0.19453321463834983, -0.5090925828337958, 0.46518689717993555, 0.7893025846334776, 0.0294679418262902, 0.20712702072041278, -0.8698643752343853, 0.08014945928561268, -0.7416264326591246, 0.22912569270066396, -0.2726993059103242, 0.5355160686614915, -0.902931727160895, -0.7803637637643119, 0.36804643024725525, 0.029307394167312983, 0.1432827432294983, 0.6874139879813108, -0.024524721700651453, 0.6202888442522898, 0.020487258589880097, 0.8534413864805024, 0.333855543079252, -0.7025463211318861, -0.27089364934848836, 0.7315498318881986, -0.29942957828896866, -0.6219484810876903, -0.0547573816684539, -0.21443765035574014, 0.23785985328818726, -0.12646741612097356, -0.47815568541100895, -0.17505557667448635, -0.16193193089539926, 0.8048437117522818, 0.9592325240809707, 0.24713767881382775, -0.8336317548582777, 0.46599743519199, 0.357370804957968, 0.6520457340504391, -0.3050973265778887, -0.8822398116837538, 0.2236436329105842, -0.751970763373456, 0.5190590583266628, 0.5888466351532844, -0.18274642650020412, 0.8875950117660911, -0.6524404124894483, 0.8851716994539605]",rhc,relu,False,False,100,[10],0.1,100,0
79,79,0.21469990001060069,1.590550073276119,120.0,100,15,"[0.9340596780273533, 0.09446449835144466, 0.9453687199297687, 0.4296319873487293, 0.3954576491945416, -0.5678210088392472, 0.9525489095524835, -0.9875394895908203, -0.4940352752331121, -0.13041693519110842, 0.5587658435875049, -0.6046298507994938, 0.7259864711984445, 0.9668013543506255, -0.6723155171906026, 0.19466788786571843, -0.98202780466489, -0.22685743471274122, -0.9116798841370009, 0.9133059354284718, -0.1277067062404047, 0.8979546135631256, 0.5726119718701219, 0.7325785971633969, -0.6536691570081037, -0.850102825973786, 0.2014854427555386, -0.6640556325631923, 0.4667603350211398, -0.18311227969597055, 0.05581764683584067, 0.875143167901884, 0.043392244889916, -0.7836132342255386, -0.6835531856304011, 0.09040530340642561, 0.04880816013694678, 0.2752204882519873, -0.1970091128194542, 0.2996102180386846, -0.20619999419653467, 0.24783222709644614, 0.5348099341802477, -0.6420521799177383, -0.24884846282491524, 0.005066118653868745, 0.3733341598326916, -0.4926407026772337, 0.10948172588511706, 0.24986168812819542, 0.7910023321122921, -0.27429282313374714, 0.2751141460374733, -0.6171071957620733, -0.004411770765388567, -0.6351091908575863, 0.8367660782795254, -0.13635585731754474, 0.6603762041966925, -0.16644739064327485, 0.8093351774867339, -0.19034956537818792, -0.33765099381775454, 0.14427754054549724, 0.6908872981882266, 0.7220286235061439, 0.19137623413666893, -0.8306767779591795, 0.19453321463834983, -0.5090925828337958, 0.46518689717993555, 0.7893025846334776, 0.0294679418262902, 0.20712702072041278, -0.8698643752343853, 0.08014945928561268, -0.7416264326591246, 0.22912569270066396, -0.2726993059103242, 0.5355160686614915, -0.902931727160895, -0.7803637637643119, 0.36804643024725525, 0.029307394167312983, 0.1432827432294983, 0.6874139879813108, -0.024524721700651453, 0.6202888442522898, 0.020487258589880097, 0.8534413864805024, 0.333855543079252, -0.7025463211318861, -0.27089364934848836, 0.7315498318881986, -0.29942957828896866, -0.6219484810876903, -0.0547573816684539, -0.21443765035574014, 0.23785985328818726, -0.12646741612097356, -0.47815568541100895, -0.17505557667448635, -0.16193193089539926, 0.8048437117522818, 0.9592325240809707, 0.24713767881382775, -0.8336317548582777, 0.46599743519199, 0.357370804957968, 0.6520457340504391, -0.3050973265778887, -0.8822398116837538, 0.2236436329105842, -0.751970763373456, 0.5190590583266628, 0.5888466351532844, -0.18274642650020412, 0.8875950117660911, -0.6524404124894483, 0.8851716994539605]",rhc,relu,False,False,100,[10],0.1,100,0
80,80,0.21622890001162887,1.590550073276119,121.0,100,15,"[0.9340596780273533, 0.09446449835144466, 0.9453687199297687, 0.4296319873487293, 0.3954576491945416, -0.5678210088392472, 0.9525489095524835, -0.9875394895908203, -0.4940352752331121, -0.13041693519110842, 0.5587658435875049, -0.6046298507994938, 0.7259864711984445, 0.9668013543506255, -0.6723155171906026, 0.19466788786571843, -0.98202780466489, -0.22685743471274122, -0.9116798841370009, 0.9133059354284718, -0.1277067062404047, 0.8979546135631256, 0.5726119718701219, 0.7325785971633969, -0.6536691570081037, -0.850102825973786, 0.2014854427555386, -0.6640556325631923, 0.4667603350211398, -0.18311227969597055, 0.05581764683584067, 0.875143167901884, 0.043392244889916, -0.7836132342255386, -0.6835531856304011, 0.09040530340642561, 0.04880816013694678, 0.2752204882519873, -0.1970091128194542, 0.2996102180386846, -0.20619999419653467, 0.24783222709644614, 0.5348099341802477, -0.6420521799177383, -0.24884846282491524, 0.005066118653868745, 0.3733341598326916, -0.4926407026772337, 0.10948172588511706, 0.24986168812819542, 0.7910023321122921, -0.27429282313374714, 0.2751141460374733, -0.6171071957620733, -0.004411770765388567, -0.6351091908575863, 0.8367660782795254, -0.13635585731754474, 0.6603762041966925, -0.16644739064327485, 0.8093351774867339, -0.19034956537818792, -0.33765099381775454, 0.14427754054549724, 0.6908872981882266, 0.7220286235061439, 0.19137623413666893, -0.8306767779591795, 0.19453321463834983, -0.5090925828337958, 0.46518689717993555, 0.7893025846334776, 0.0294679418262902, 0.20712702072041278, -0.8698643752343853, 0.08014945928561268, -0.7416264326591246, 0.22912569270066396, -0.2726993059103242, 0.5355160686614915, -0.902931727160895, -0.7803637637643119, 0.36804643024725525, 0.029307394167312983, 0.1432827432294983, 0.6874139879813108, -0.024524721700651453, 0.6202888442522898, 0.020487258589880097, 0.8534413864805024, 0.333855543079252, -0.7025463211318861, -0.27089364934848836, 0.7315498318881986, -0.29942957828896866, -0.6219484810876903, -0.0547573816684539, -0.21443765035574014, 0.23785985328818726, -0.12646741612097356, -0.47815568541100895, -0.17505557667448635, -0.16193193089539926, 0.8048437117522818, 0.9592325240809707, 0.24713767881382775, -0.8336317548582777, 0.46599743519199, 0.357370804957968, 0.6520457340504391, -0.3050973265778887, -0.8822398116837538, 0.2236436329105842, -0.751970763373456, 0.5190590583266628, 0.5888466351532844, -0.18274642650020412, 0.8875950117660911, -0.6524404124894483, 0.8851716994539605]",rhc,relu,False,False,100,[10],0.1,100,0
81,81,0.21764280006755143,1.590550073276119,122.0,100,15,"[0.9340596780273533, 0.09446449835144466, 0.9453687199297687, 0.4296319873487293, 0.3954576491945416, -0.5678210088392472, 0.9525489095524835, -0.9875394895908203, -0.4940352752331121, -0.13041693519110842, 0.5587658435875049, -0.6046298507994938, 0.7259864711984445, 0.9668013543506255, -0.6723155171906026, 0.19466788786571843, -0.98202780466489, -0.22685743471274122, -0.9116798841370009, 0.9133059354284718, -0.1277067062404047, 0.8979546135631256, 0.5726119718701219, 0.7325785971633969, -0.6536691570081037, -0.850102825973786, 0.2014854427555386, -0.6640556325631923, 0.4667603350211398, -0.18311227969597055, 0.05581764683584067, 0.875143167901884, 0.043392244889916, -0.7836132342255386, -0.6835531856304011, 0.09040530340642561, 0.04880816013694678, 0.2752204882519873, -0.1970091128194542, 0.2996102180386846, -0.20619999419653467, 0.24783222709644614, 0.5348099341802477, -0.6420521799177383, -0.24884846282491524, 0.005066118653868745, 0.3733341598326916, -0.4926407026772337, 0.10948172588511706, 0.24986168812819542, 0.7910023321122921, -0.27429282313374714, 0.2751141460374733, -0.6171071957620733, -0.004411770765388567, -0.6351091908575863, 0.8367660782795254, -0.13635585731754474, 0.6603762041966925, -0.16644739064327485, 0.8093351774867339, -0.19034956537818792, -0.33765099381775454, 0.14427754054549724, 0.6908872981882266, 0.7220286235061439, 0.19137623413666893, -0.8306767779591795, 0.19453321463834983, -0.5090925828337958, 0.46518689717993555, 0.7893025846334776, 0.0294679418262902, 0.20712702072041278, -0.8698643752343853, 0.08014945928561268, -0.7416264326591246, 0.22912569270066396, -0.2726993059103242, 0.5355160686614915, -0.902931727160895, -0.7803637637643119, 0.36804643024725525, 0.029307394167312983, 0.1432827432294983, 0.6874139879813108, -0.024524721700651453, 0.6202888442522898, 0.020487258589880097, 0.8534413864805024, 0.333855543079252, -0.7025463211318861, -0.27089364934848836, 0.7315498318881986, -0.29942957828896866, -0.6219484810876903, -0.0547573816684539, -0.21443765035574014, 0.23785985328818726, -0.12646741612097356, -0.47815568541100895, -0.17505557667448635, -0.16193193089539926, 0.8048437117522818, 0.9592325240809707, 0.24713767881382775, -0.8336317548582777, 0.46599743519199, 0.357370804957968, 0.6520457340504391, -0.3050973265778887, -0.8822398116837538, 0.2236436329105842, -0.751970763373456, 0.5190590583266628, 0.5888466351532844, -0.18274642650020412, 0.8875950117660911, -0.6524404124894483, 0.8851716994539605]",rhc,relu,False,False,100,[10],0.1,100,0
82,82,0.2193455999949947,1.590550073276119,123.0,100,15,"[0.9340596780273533, 0.09446449835144466, 0.9453687199297687, 0.4296319873487293, 0.3954576491945416, -0.5678210088392472, 0.9525489095524835, -0.9875394895908203, -0.4940352752331121, -0.13041693519110842, 0.5587658435875049, -0.6046298507994938, 0.7259864711984445, 0.9668013543506255, -0.6723155171906026, 0.19466788786571843, -0.98202780466489, -0.22685743471274122, -0.9116798841370009, 0.9133059354284718, -0.1277067062404047, 0.8979546135631256, 0.5726119718701219, 0.7325785971633969, -0.6536691570081037, -0.850102825973786, 0.2014854427555386, -0.6640556325631923, 0.4667603350211398, -0.18311227969597055, 0.05581764683584067, 0.875143167901884, 0.043392244889916, -0.7836132342255386, -0.6835531856304011, 0.09040530340642561, 0.04880816013694678, 0.2752204882519873, -0.1970091128194542, 0.2996102180386846, -0.20619999419653467, 0.24783222709644614, 0.5348099341802477, -0.6420521799177383, -0.24884846282491524, 0.005066118653868745, 0.3733341598326916, -0.4926407026772337, 0.10948172588511706, 0.24986168812819542, 0.7910023321122921, -0.27429282313374714, 0.2751141460374733, -0.6171071957620733, -0.004411770765388567, -0.6351091908575863, 0.8367660782795254, -0.13635585731754474, 0.6603762041966925, -0.16644739064327485, 0.8093351774867339, -0.19034956537818792, -0.33765099381775454, 0.14427754054549724, 0.6908872981882266, 0.7220286235061439, 0.19137623413666893, -0.8306767779591795, 0.19453321463834983, -0.5090925828337958, 0.46518689717993555, 0.7893025846334776, 0.0294679418262902, 0.20712702072041278, -0.8698643752343853, 0.08014945928561268, -0.7416264326591246, 0.22912569270066396, -0.2726993059103242, 0.5355160686614915, -0.902931727160895, -0.7803637637643119, 0.36804643024725525, 0.029307394167312983, 0.1432827432294983, 0.6874139879813108, -0.024524721700651453, 0.6202888442522898, 0.020487258589880097, 0.8534413864805024, 0.333855543079252, -0.7025463211318861, -0.27089364934848836, 0.7315498318881986, -0.29942957828896866, -0.6219484810876903, -0.0547573816684539, -0.21443765035574014, 0.23785985328818726, -0.12646741612097356, -0.47815568541100895, -0.17505557667448635, -0.16193193089539926, 0.8048437117522818, 0.9592325240809707, 0.24713767881382775, -0.8336317548582777, 0.46599743519199, 0.357370804957968, 0.6520457340504391, -0.3050973265778887, -0.8822398116837538, 0.2236436329105842, -0.751970763373456, 0.5190590583266628, 0.5888466351532844, -0.18274642650020412, 0.8875950117660911, -0.6524404124894483, 0.8851716994539605]",rhc,relu,False,False,100,[10],0.1,100,0
83,83,0.22115360002499074,1.590550073276119,124.0,100,15,"[0.9340596780273533, 0.09446449835144466, 0.9453687199297687, 0.4296319873487293, 0.3954576491945416, -0.5678210088392472, 0.9525489095524835, -0.9875394895908203, -0.4940352752331121, -0.13041693519110842, 0.5587658435875049, -0.6046298507994938, 0.7259864711984445, 0.9668013543506255, -0.6723155171906026, 0.19466788786571843, -0.98202780466489, -0.22685743471274122, -0.9116798841370009, 0.9133059354284718, -0.1277067062404047, 0.8979546135631256, 0.5726119718701219, 0.7325785971633969, -0.6536691570081037, -0.850102825973786, 0.2014854427555386, -0.6640556325631923, 0.4667603350211398, -0.18311227969597055, 0.05581764683584067, 0.875143167901884, 0.043392244889916, -0.7836132342255386, -0.6835531856304011, 0.09040530340642561, 0.04880816013694678, 0.2752204882519873, -0.1970091128194542, 0.2996102180386846, -0.20619999419653467, 0.24783222709644614, 0.5348099341802477, -0.6420521799177383, -0.24884846282491524, 0.005066118653868745, 0.3733341598326916, -0.4926407026772337, 0.10948172588511706, 0.24986168812819542, 0.7910023321122921, -0.27429282313374714, 0.2751141460374733, -0.6171071957620733, -0.004411770765388567, -0.6351091908575863, 0.8367660782795254, -0.13635585731754474, 0.6603762041966925, -0.16644739064327485, 0.8093351774867339, -0.19034956537818792, -0.33765099381775454, 0.14427754054549724, 0.6908872981882266, 0.7220286235061439, 0.19137623413666893, -0.8306767779591795, 0.19453321463834983, -0.5090925828337958, 0.46518689717993555, 0.7893025846334776, 0.0294679418262902, 0.20712702072041278, -0.8698643752343853, 0.08014945928561268, -0.7416264326591246, 0.22912569270066396, -0.2726993059103242, 0.5355160686614915, -0.902931727160895, -0.7803637637643119, 0.36804643024725525, 0.029307394167312983, 0.1432827432294983, 0.6874139879813108, -0.024524721700651453, 0.6202888442522898, 0.020487258589880097, 0.8534413864805024, 0.333855543079252, -0.7025463211318861, -0.27089364934848836, 0.7315498318881986, -0.29942957828896866, -0.6219484810876903, -0.0547573816684539, -0.21443765035574014, 0.23785985328818726, -0.12646741612097356, -0.47815568541100895, -0.17505557667448635, -0.16193193089539926, 0.8048437117522818, 0.9592325240809707, 0.24713767881382775, -0.8336317548582777, 0.46599743519199, 0.357370804957968, 0.6520457340504391, -0.3050973265778887, -0.8822398116837538, 0.2236436329105842, -0.751970763373456, 0.5190590583266628, 0.5888466351532844, -0.18274642650020412, 0.8875950117660911, -0.6524404124894483, 0.8851716994539605]",rhc,relu,False,False,100,[10],0.1,100,0
84,84,0.22437200008425862,1.5902156343437739,126.0,100,15,"[0.9340596780273533, 0.09446449835144466, 0.9453687199297687, 0.4296319873487293, 0.3954576491945416, -0.5678210088392472, 0.9525489095524835, -0.9875394895908203, -0.4940352752331121, -0.13041693519110842, 0.5587658435875049, -0.6046298507994938, 0.7259864711984445, 0.9668013543506255, -0.6723155171906026, 0.19466788786571843, -0.98202780466489, -0.22685743471274122, -0.9116798841370009, 0.9133059354284718, -0.1277067062404047, 0.8979546135631256, 0.5726119718701219, 0.7325785971633969, -0.6536691570081037, -0.850102825973786, 0.2014854427555386, -0.6640556325631923, 0.4667603350211398, -0.18311227969597055, 0.05581764683584067, 0.875143167901884, 0.043392244889916, -0.7836132342255386, -0.6835531856304011, 0.09040530340642561, 0.04880816013694678, 0.2752204882519873, -0.1970091128194542, 0.2996102180386846, -0.20619999419653467, 0.24783222709644614, 0.5348099341802477, -0.6420521799177383, -0.24884846282491524, 0.005066118653868745, 0.3733341598326916, -0.4926407026772337, 0.10948172588511706, 0.24986168812819542, 0.7910023321122921, -0.27429282313374714, 0.2751141460374733, -0.6171071957620733, -0.004411770765388567, -0.6351091908575863, 0.8367660782795254, -0.13635585731754474, 0.6603762041966925, -0.16644739064327485, 0.8093351774867339, -0.19034956537818792, -0.33765099381775454, 0.14427754054549724, 0.6908872981882266, 0.7220286235061439, 0.19137623413666893, -0.8306767779591795, 0.19453321463834983, -0.5090925828337958, 0.46518689717993555, 0.7893025846334776, 0.0294679418262902, 0.20712702072041278, -0.8698643752343853, 0.08014945928561268, -0.7416264326591246, 0.22912569270066396, -0.2726993059103242, 0.5355160686614915, -0.902931727160895, -0.7803637637643119, 0.36804643024725525, 0.029307394167312983, 0.1432827432294983, 0.6874139879813108, -0.024524721700651453, 0.6202888442522898, 0.020487258589880097, 0.8534413864805024, 0.333855543079252, -0.7025463211318861, -0.27089364934848836, 0.7315498318881986, -0.29942957828896866, -0.6219484810876903, -0.0547573816684539, -0.21443765035574014, 0.23785985328818726, -0.12646741612097356, -0.47815568541100895, -0.17505557667448635, -0.16193193089539926, 0.8048437117522818, 0.9592325240809707, 0.24713767881382775, -0.8336317548582777, 0.46599743519199, 0.357370804957968, 0.6520457340504391, -0.3050973265778887, -0.8822398116837538, 0.2236436329105842, -0.751970763373456, 0.5190590583266628, 0.5888466351532844, -0.18274642650020412, 0.8875950117660911, -0.6524404124894483, 0.8851716994539605]",rhc,relu,False,False,100,[10],0.1,100,0
85,85,0.2259537000209093,1.5902156343437739,127.0,100,15,"[0.9340596780273533, 0.09446449835144466, 0.9453687199297687, 0.4296319873487293, 0.3954576491945416, -0.5678210088392472, 0.9525489095524835, -0.9875394895908203, -0.4940352752331121, -0.13041693519110842, 0.5587658435875049, -0.6046298507994938, 0.7259864711984445, 0.9668013543506255, -0.6723155171906026, 0.19466788786571843, -0.98202780466489, -0.22685743471274122, -0.9116798841370009, 0.9133059354284718, -0.1277067062404047, 0.8979546135631256, 0.5726119718701219, 0.7325785971633969, -0.6536691570081037, -0.850102825973786, 0.2014854427555386, -0.6640556325631923, 0.4667603350211398, -0.18311227969597055, 0.05581764683584067, 0.875143167901884, 0.043392244889916, -0.7836132342255386, -0.6835531856304011, 0.09040530340642561, 0.04880816013694678, 0.2752204882519873, -0.1970091128194542, 0.2996102180386846, -0.20619999419653467, 0.24783222709644614, 0.5348099341802477, -0.6420521799177383, -0.24884846282491524, 0.005066118653868745, 0.3733341598326916, -0.4926407026772337, 0.10948172588511706, 0.24986168812819542, 0.7910023321122921, -0.27429282313374714, 0.2751141460374733, -0.6171071957620733, -0.004411770765388567, -0.6351091908575863, 0.8367660782795254, -0.13635585731754474, 0.6603762041966925, -0.16644739064327485, 0.8093351774867339, -0.19034956537818792, -0.33765099381775454, 0.14427754054549724, 0.6908872981882266, 0.7220286235061439, 0.19137623413666893, -0.8306767779591795, 0.19453321463834983, -0.5090925828337958, 0.46518689717993555, 0.7893025846334776, 0.0294679418262902, 0.20712702072041278, -0.8698643752343853, 0.08014945928561268, -0.7416264326591246, 0.22912569270066396, -0.2726993059103242, 0.5355160686614915, -0.902931727160895, -0.7803637637643119, 0.36804643024725525, 0.029307394167312983, 0.1432827432294983, 0.6874139879813108, -0.024524721700651453, 0.6202888442522898, 0.020487258589880097, 0.8534413864805024, 0.333855543079252, -0.7025463211318861, -0.27089364934848836, 0.7315498318881986, -0.29942957828896866, -0.6219484810876903, -0.0547573816684539, -0.21443765035574014, 0.23785985328818726, -0.12646741612097356, -0.47815568541100895, -0.17505557667448635, -0.16193193089539926, 0.8048437117522818, 0.9592325240809707, 0.24713767881382775, -0.8336317548582777, 0.46599743519199, 0.357370804957968, 0.6520457340504391, -0.3050973265778887, -0.8822398116837538, 0.2236436329105842, -0.751970763373456, 0.5190590583266628, 0.5888466351532844, -0.18274642650020412, 0.8875950117660911, -0.6524404124894483, 0.8851716994539605]",rhc,relu,False,False,100,[10],0.1,100,0
86,86,0.22897670010570437,1.587207156148719,129.0,100,15,"[0.9340596780273533, 0.09446449835144466, 0.9453687199297687, 0.4296319873487293, 0.3954576491945416, -0.5678210088392472, 0.9525489095524835, -0.9875394895908203, -0.4940352752331121, -0.13041693519110842, 0.5587658435875049, -0.6046298507994938, 0.7259864711984445, 0.9668013543506255, -0.6723155171906026, 0.19466788786571843, -0.98202780466489, -0.22685743471274122, -0.9116798841370009, 0.9133059354284718, -0.1277067062404047, 0.8979546135631256, 0.5726119718701219, 0.7325785971633969, -0.6536691570081037, -0.850102825973786, 0.2014854427555386, -0.6640556325631923, 0.4667603350211398, -0.18311227969597055, 0.05581764683584067, 0.875143167901884, 0.043392244889916, -0.7836132342255386, -0.6835531856304011, 0.09040530340642561, 0.04880816013694678, 0.2752204882519873, -0.1970091128194542, 0.2996102180386846, -0.20619999419653467, 0.24783222709644614, 0.5348099341802477, -0.6420521799177383, -0.24884846282491524, 0.005066118653868745, 0.3733341598326916, -0.4926407026772337, 0.10948172588511706, 0.24986168812819542, 0.7910023321122921, -0.27429282313374714, 0.2751141460374733, -0.6171071957620733, -0.004411770765388567, -0.6351091908575863, 0.8367660782795254, -0.13635585731754474, 0.6603762041966925, -0.16644739064327485, 0.8093351774867339, -0.19034956537818792, -0.33765099381775454, 0.14427754054549724, 0.6908872981882266, 0.7220286235061439, 0.19137623413666893, -0.8306767779591795, 0.19453321463834983, -0.5090925828337958, 0.46518689717993555, 0.7893025846334776, 0.0294679418262902, 0.20712702072041278, -0.8698643752343853, 0.08014945928561268, -0.7416264326591246, 0.22912569270066396, -0.2726993059103242, 0.5355160686614915, -0.902931727160895, -0.7803637637643119, 0.36804643024725525, 0.029307394167312983, 0.1432827432294983, 0.6874139879813108, -0.024524721700651453, 0.6202888442522898, 0.020487258589880097, 0.8534413864805024, 0.333855543079252, -0.7025463211318861, -0.27089364934848836, 0.7315498318881986, -0.29942957828896866, -0.6219484810876903, -0.0547573816684539, -0.21443765035574014, 0.23785985328818726, -0.12646741612097356, -0.47815568541100895, -0.17505557667448635, -0.16193193089539926, 0.8048437117522818, 0.9592325240809707, 0.24713767881382775, -0.8336317548582777, 0.46599743519199, 0.357370804957968, 0.6520457340504391, -0.3050973265778887, -0.8822398116837538, 0.2236436329105842, -0.751970763373456, 0.5190590583266628, 0.5888466351532844, -0.18274642650020412, 0.8875950117660911, -0.6524404124894483, 0.8851716994539605]",rhc,relu,False,False,100,[10],0.1,100,0
87,87,0.23168840003199875,1.5862245560827741,131.0,100,15,"[0.9340596780273533, 0.09446449835144466, 0.9453687199297687, 0.4296319873487293, 0.3954576491945416, -0.5678210088392472, 0.9525489095524835, -0.9875394895908203, -0.4940352752331121, -0.13041693519110842, 0.5587658435875049, -0.6046298507994938, 0.7259864711984445, 0.9668013543506255, -0.6723155171906026, 0.19466788786571843, -0.98202780466489, -0.22685743471274122, -0.9116798841370009, 0.9133059354284718, -0.1277067062404047, 0.8979546135631256, 0.5726119718701219, 0.7325785971633969, -0.6536691570081037, -0.850102825973786, 0.2014854427555386, -0.6640556325631923, 0.4667603350211398, -0.18311227969597055, 0.05581764683584067, 0.875143167901884, 0.043392244889916, -0.7836132342255386, -0.6835531856304011, 0.09040530340642561, 0.04880816013694678, 0.2752204882519873, -0.1970091128194542, 0.2996102180386846, -0.20619999419653467, 0.24783222709644614, 0.5348099341802477, -0.6420521799177383, -0.24884846282491524, 0.005066118653868745, 0.3733341598326916, -0.4926407026772337, 0.10948172588511706, 0.24986168812819542, 0.7910023321122921, -0.27429282313374714, 0.2751141460374733, -0.6171071957620733, -0.004411770765388567, -0.6351091908575863, 0.8367660782795254, -0.13635585731754474, 0.6603762041966925, -0.16644739064327485, 0.8093351774867339, -0.19034956537818792, -0.33765099381775454, 0.14427754054549724, 0.6908872981882266, 0.7220286235061439, 0.19137623413666893, -0.8306767779591795, 0.19453321463834983, -0.5090925828337958, 0.46518689717993555, 0.7893025846334776, 0.0294679418262902, 0.20712702072041278, -0.8698643752343853, 0.08014945928561268, -0.7416264326591246, 0.22912569270066396, -0.2726993059103242, 0.5355160686614915, -0.902931727160895, -0.7803637637643119, 0.36804643024725525, 0.029307394167312983, 0.1432827432294983, 0.6874139879813108, -0.024524721700651453, 0.6202888442522898, 0.020487258589880097, 0.8534413864805024, 0.333855543079252, -0.7025463211318861, -0.27089364934848836, 0.7315498318881986, -0.29942957828896866, -0.6219484810876903, -0.0547573816684539, -0.21443765035574014, 0.23785985328818726, -0.12646741612097356, -0.47815568541100895, -0.17505557667448635, -0.16193193089539926, 0.8048437117522818, 0.9592325240809707, 0.24713767881382775, -0.8336317548582777, 0.46599743519199, 0.357370804957968, 0.6520457340504391, -0.3050973265778887, -0.8822398116837538, 0.2236436329105842, -0.751970763373456, 0.5190590583266628, 0.5888466351532844, -0.18274642650020412, 0.8875950117660911, -0.6524404124894483, 0.8851716994539605]",rhc,relu,False,False,100,[10],0.1,100,0
88,88,0.23309100000187755,1.5862245560827741,132.0,100,15,"[0.9340596780273533, 0.09446449835144466, 0.9453687199297687, 0.4296319873487293, 0.3954576491945416, -0.5678210088392472, 0.9525489095524835, -0.9875394895908203, -0.4940352752331121, -0.13041693519110842, 0.5587658435875049, -0.6046298507994938, 0.7259864711984445, 0.9668013543506255, -0.6723155171906026, 0.19466788786571843, -0.98202780466489, -0.22685743471274122, -0.9116798841370009, 0.9133059354284718, -0.1277067062404047, 0.8979546135631256, 0.5726119718701219, 0.7325785971633969, -0.6536691570081037, -0.850102825973786, 0.2014854427555386, -0.6640556325631923, 0.4667603350211398, -0.18311227969597055, 0.05581764683584067, 0.875143167901884, 0.043392244889916, -0.7836132342255386, -0.6835531856304011, 0.09040530340642561, 0.04880816013694678, 0.2752204882519873, -0.1970091128194542, 0.2996102180386846, -0.20619999419653467, 0.24783222709644614, 0.5348099341802477, -0.6420521799177383, -0.24884846282491524, 0.005066118653868745, 0.3733341598326916, -0.4926407026772337, 0.10948172588511706, 0.24986168812819542, 0.7910023321122921, -0.27429282313374714, 0.2751141460374733, -0.6171071957620733, -0.004411770765388567, -0.6351091908575863, 0.8367660782795254, -0.13635585731754474, 0.6603762041966925, -0.16644739064327485, 0.8093351774867339, -0.19034956537818792, -0.33765099381775454, 0.14427754054549724, 0.6908872981882266, 0.7220286235061439, 0.19137623413666893, -0.8306767779591795, 0.19453321463834983, -0.5090925828337958, 0.46518689717993555, 0.7893025846334776, 0.0294679418262902, 0.20712702072041278, -0.8698643752343853, 0.08014945928561268, -0.7416264326591246, 0.22912569270066396, -0.2726993059103242, 0.5355160686614915, -0.902931727160895, -0.7803637637643119, 0.36804643024725525, 0.029307394167312983, 0.1432827432294983, 0.6874139879813108, -0.024524721700651453, 0.6202888442522898, 0.020487258589880097, 0.8534413864805024, 0.333855543079252, -0.7025463211318861, -0.27089364934848836, 0.7315498318881986, -0.29942957828896866, -0.6219484810876903, -0.0547573816684539, -0.21443765035574014, 0.23785985328818726, -0.12646741612097356, -0.47815568541100895, -0.17505557667448635, -0.16193193089539926, 0.8048437117522818, 0.9592325240809707, 0.24713767881382775, -0.8336317548582777, 0.46599743519199, 0.357370804957968, 0.6520457340504391, -0.3050973265778887, -0.8822398116837538, 0.2236436329105842, -0.751970763373456, 0.5190590583266628, 0.5888466351532844, -0.18274642650020412, 0.8875950117660911, -0.6524404124894483, 0.8851716994539605]",rhc,relu,False,False,100,[10],0.1,100,0
89,89,0.23613770003430545,1.5851277167962623,134.0,100,15,"[0.9340596780273533, 0.09446449835144466, 0.9453687199297687, 0.4296319873487293, 0.3954576491945416, -0.5678210088392472, 0.9525489095524835, -0.9875394895908203, -0.4940352752331121, -0.13041693519110842, 0.5587658435875049, -0.6046298507994938, 0.7259864711984445, 0.9668013543506255, -0.6723155171906026, 0.19466788786571843, -0.98202780466489, -0.22685743471274122, -0.9116798841370009, 0.9133059354284718, -0.1277067062404047, 0.8979546135631256, 0.5726119718701219, 0.7325785971633969, -0.6536691570081037, -0.850102825973786, 0.2014854427555386, -0.6640556325631923, 0.4667603350211398, -0.18311227969597055, 0.05581764683584067, 0.875143167901884, 0.043392244889916, -0.7836132342255386, -0.6835531856304011, 0.09040530340642561, 0.04880816013694678, 0.2752204882519873, -0.1970091128194542, 0.2996102180386846, -0.20619999419653467, 0.24783222709644614, 0.5348099341802477, -0.6420521799177383, -0.24884846282491524, 0.005066118653868745, 0.3733341598326916, -0.4926407026772337, 0.10948172588511706, 0.24986168812819542, 0.7910023321122921, -0.27429282313374714, 0.2751141460374733, -0.6171071957620733, -0.004411770765388567, -0.6351091908575863, 0.8367660782795254, -0.13635585731754474, 0.6603762041966925, -0.16644739064327485, 0.8093351774867339, -0.19034956537818792, -0.33765099381775454, 0.14427754054549724, 0.6908872981882266, 0.7220286235061439, 0.19137623413666893, -0.8306767779591795, 0.19453321463834983, -0.5090925828337958, 0.46518689717993555, 0.7893025846334776, 0.0294679418262902, 0.20712702072041278, -0.8698643752343853, 0.08014945928561268, -0.7416264326591246, 0.22912569270066396, -0.2726993059103242, 0.5355160686614915, -0.902931727160895, -0.7803637637643119, 0.36804643024725525, 0.029307394167312983, 0.1432827432294983, 0.6874139879813108, -0.024524721700651453, 0.6202888442522898, 0.020487258589880097, 0.8534413864805024, 0.333855543079252, -0.7025463211318861, -0.27089364934848836, 0.7315498318881986, -0.29942957828896866, -0.6219484810876903, -0.0547573816684539, -0.21443765035574014, 0.23785985328818726, -0.12646741612097356, -0.47815568541100895, -0.17505557667448635, -0.16193193089539926, 0.8048437117522818, 0.9592325240809707, 0.24713767881382775, -0.8336317548582777, 0.46599743519199, 0.357370804957968, 0.6520457340504391, -0.3050973265778887, -0.8822398116837538, 0.2236436329105842, -0.751970763373456, 0.5190590583266628, 0.5888466351532844, -0.18274642650020412, 0.8875950117660911, -0.6524404124894483, 0.8851716994539605]",rhc,relu,False,False,100,[10],0.1,100,0
90,90,0.23915060004219413,1.5843015421898965,136.0,100,15,"[0.9340596780273533, 0.09446449835144466, 0.9453687199297687, 0.4296319873487293, 0.3954576491945416, -0.5678210088392472, 0.9525489095524835, -0.9875394895908203, -0.4940352752331121, -0.13041693519110842, 0.5587658435875049, -0.6046298507994938, 0.7259864711984445, 0.9668013543506255, -0.6723155171906026, 0.19466788786571843, -0.98202780466489, -0.22685743471274122, -0.9116798841370009, 0.9133059354284718, -0.1277067062404047, 0.8979546135631256, 0.5726119718701219, 0.7325785971633969, -0.6536691570081037, -0.850102825973786, 0.2014854427555386, -0.6640556325631923, 0.4667603350211398, -0.18311227969597055, 0.05581764683584067, 0.875143167901884, 0.043392244889916, -0.7836132342255386, -0.6835531856304011, 0.09040530340642561, 0.04880816013694678, 0.2752204882519873, -0.1970091128194542, 0.2996102180386846, -0.20619999419653467, 0.24783222709644614, 0.5348099341802477, -0.6420521799177383, -0.24884846282491524, 0.005066118653868745, 0.3733341598326916, -0.4926407026772337, 0.10948172588511706, 0.24986168812819542, 0.7910023321122921, -0.27429282313374714, 0.2751141460374733, -0.6171071957620733, -0.004411770765388567, -0.6351091908575863, 0.8367660782795254, -0.13635585731754474, 0.6603762041966925, -0.16644739064327485, 0.8093351774867339, -0.19034956537818792, -0.33765099381775454, 0.14427754054549724, 0.6908872981882266, 0.7220286235061439, 0.19137623413666893, -0.8306767779591795, 0.19453321463834983, -0.5090925828337958, 0.46518689717993555, 0.7893025846334776, 0.0294679418262902, 0.20712702072041278, -0.8698643752343853, 0.08014945928561268, -0.7416264326591246, 0.22912569270066396, -0.2726993059103242, 0.5355160686614915, -0.902931727160895, -0.7803637637643119, 0.36804643024725525, 0.029307394167312983, 0.1432827432294983, 0.6874139879813108, -0.024524721700651453, 0.6202888442522898, 0.020487258589880097, 0.8534413864805024, 0.333855543079252, -0.7025463211318861, -0.27089364934848836, 0.7315498318881986, -0.29942957828896866, -0.6219484810876903, -0.0547573816684539, -0.21443765035574014, 0.23785985328818726, -0.12646741612097356, -0.47815568541100895, -0.17505557667448635, -0.16193193089539926, 0.8048437117522818, 0.9592325240809707, 0.24713767881382775, -0.8336317548582777, 0.46599743519199, 0.357370804957968, 0.6520457340504391, -0.3050973265778887, -0.8822398116837538, 0.2236436329105842, -0.751970763373456, 0.5190590583266628, 0.5888466351532844, -0.18274642650020412, 0.8875950117660911, -0.6524404124894483, 0.8851716994539605]",rhc,relu,False,False,100,[10],0.1,100,0
91,91,0.24208670004736632,1.5832874384009197,138.0,100,15,"[0.9340596780273533, 0.09446449835144466, 0.9453687199297687, 0.4296319873487293, 0.3954576491945416, -0.5678210088392472, 0.9525489095524835, -0.9875394895908203, -0.4940352752331121, -0.13041693519110842, 0.5587658435875049, -0.6046298507994938, 0.7259864711984445, 0.9668013543506255, -0.6723155171906026, 0.19466788786571843, -0.98202780466489, -0.22685743471274122, -0.9116798841370009, 0.9133059354284718, -0.1277067062404047, 0.8979546135631256, 0.5726119718701219, 0.7325785971633969, -0.6536691570081037, -0.850102825973786, 0.2014854427555386, -0.6640556325631923, 0.4667603350211398, -0.18311227969597055, 0.05581764683584067, 0.875143167901884, 0.043392244889916, -0.7836132342255386, -0.6835531856304011, 0.09040530340642561, 0.04880816013694678, 0.2752204882519873, -0.1970091128194542, 0.2996102180386846, -0.20619999419653467, 0.24783222709644614, 0.5348099341802477, -0.6420521799177383, -0.24884846282491524, 0.005066118653868745, 0.3733341598326916, -0.4926407026772337, 0.10948172588511706, 0.24986168812819542, 0.7910023321122921, -0.27429282313374714, 0.2751141460374733, -0.6171071957620733, -0.004411770765388567, -0.6351091908575863, 0.8367660782795254, -0.13635585731754474, 0.6603762041966925, -0.16644739064327485, 0.8093351774867339, -0.19034956537818792, -0.33765099381775454, 0.14427754054549724, 0.6908872981882266, 0.7220286235061439, 0.19137623413666893, -0.8306767779591795, 0.19453321463834983, -0.5090925828337958, 0.46518689717993555, 0.7893025846334776, 0.0294679418262902, 0.20712702072041278, -0.8698643752343853, 0.08014945928561268, -0.7416264326591246, 0.22912569270066396, -0.2726993059103242, 0.5355160686614915, -0.902931727160895, -0.7803637637643119, 0.36804643024725525, 0.029307394167312983, 0.1432827432294983, 0.6874139879813108, -0.024524721700651453, 0.6202888442522898, 0.020487258589880097, 0.8534413864805024, 0.333855543079252, -0.7025463211318861, -0.27089364934848836, 0.7315498318881986, -0.29942957828896866, -0.6219484810876903, -0.0547573816684539, -0.21443765035574014, 0.23785985328818726, -0.12646741612097356, -0.47815568541100895, -0.17505557667448635, -0.16193193089539926, 0.8048437117522818, 0.9592325240809707, 0.24713767881382775, -0.8336317548582777, 0.46599743519199, 0.357370804957968, 0.6520457340504391, -0.3050973265778887, -0.8822398116837538, 0.2236436329105842, -0.751970763373456, 0.5190590583266628, 0.5888466351532844, -0.18274642650020412, 0.8875950117660911, -0.6524404124894483, 0.8851716994539605]",rhc,relu,False,False,100,[10],0.1,100,0
92,92,0.24406210007146,1.5832874384009197,139.0,100,15,"[0.9340596780273533, 0.09446449835144466, 0.9453687199297687, 0.4296319873487293, 0.3954576491945416, -0.5678210088392472, 0.9525489095524835, -0.9875394895908203, -0.4940352752331121, -0.13041693519110842, 0.5587658435875049, -0.6046298507994938, 0.7259864711984445, 0.9668013543506255, -0.6723155171906026, 0.19466788786571843, -0.98202780466489, -0.22685743471274122, -0.9116798841370009, 0.9133059354284718, -0.1277067062404047, 0.8979546135631256, 0.5726119718701219, 0.7325785971633969, -0.6536691570081037, -0.850102825973786, 0.2014854427555386, -0.6640556325631923, 0.4667603350211398, -0.18311227969597055, 0.05581764683584067, 0.875143167901884, 0.043392244889916, -0.7836132342255386, -0.6835531856304011, 0.09040530340642561, 0.04880816013694678, 0.2752204882519873, -0.1970091128194542, 0.2996102180386846, -0.20619999419653467, 0.24783222709644614, 0.5348099341802477, -0.6420521799177383, -0.24884846282491524, 0.005066118653868745, 0.3733341598326916, -0.4926407026772337, 0.10948172588511706, 0.24986168812819542, 0.7910023321122921, -0.27429282313374714, 0.2751141460374733, -0.6171071957620733, -0.004411770765388567, -0.6351091908575863, 0.8367660782795254, -0.13635585731754474, 0.6603762041966925, -0.16644739064327485, 0.8093351774867339, -0.19034956537818792, -0.33765099381775454, 0.14427754054549724, 0.6908872981882266, 0.7220286235061439, 0.19137623413666893, -0.8306767779591795, 0.19453321463834983, -0.5090925828337958, 0.46518689717993555, 0.7893025846334776, 0.0294679418262902, 0.20712702072041278, -0.8698643752343853, 0.08014945928561268, -0.7416264326591246, 0.22912569270066396, -0.2726993059103242, 0.5355160686614915, -0.902931727160895, -0.7803637637643119, 0.36804643024725525, 0.029307394167312983, 0.1432827432294983, 0.6874139879813108, -0.024524721700651453, 0.6202888442522898, 0.020487258589880097, 0.8534413864805024, 0.333855543079252, -0.7025463211318861, -0.27089364934848836, 0.7315498318881986, -0.29942957828896866, -0.6219484810876903, -0.0547573816684539, -0.21443765035574014, 0.23785985328818726, -0.12646741612097356, -0.47815568541100895, -0.17505557667448635, -0.16193193089539926, 0.8048437117522818, 0.9592325240809707, 0.24713767881382775, -0.8336317548582777, 0.46599743519199, 0.357370804957968, 0.6520457340504391, -0.3050973265778887, -0.8822398116837538, 0.2236436329105842, -0.751970763373456, 0.5190590583266628, 0.5888466351532844, -0.18274642650020412, 0.8875950117660911, -0.6524404124894483, 0.8851716994539605]",rhc,relu,False,False,100,[10],0.1,100,0
93,93,0.2456533000804484,1.5832874384009197,140.0,100,15,"[0.9340596780273533, 0.09446449835144466, 0.9453687199297687, 0.4296319873487293, 0.3954576491945416, -0.5678210088392472, 0.9525489095524835, -0.9875394895908203, -0.4940352752331121, -0.13041693519110842, 0.5587658435875049, -0.6046298507994938, 0.7259864711984445, 0.9668013543506255, -0.6723155171906026, 0.19466788786571843, -0.98202780466489, -0.22685743471274122, -0.9116798841370009, 0.9133059354284718, -0.1277067062404047, 0.8979546135631256, 0.5726119718701219, 0.7325785971633969, -0.6536691570081037, -0.850102825973786, 0.2014854427555386, -0.6640556325631923, 0.4667603350211398, -0.18311227969597055, 0.05581764683584067, 0.875143167901884, 0.043392244889916, -0.7836132342255386, -0.6835531856304011, 0.09040530340642561, 0.04880816013694678, 0.2752204882519873, -0.1970091128194542, 0.2996102180386846, -0.20619999419653467, 0.24783222709644614, 0.5348099341802477, -0.6420521799177383, -0.24884846282491524, 0.005066118653868745, 0.3733341598326916, -0.4926407026772337, 0.10948172588511706, 0.24986168812819542, 0.7910023321122921, -0.27429282313374714, 0.2751141460374733, -0.6171071957620733, -0.004411770765388567, -0.6351091908575863, 0.8367660782795254, -0.13635585731754474, 0.6603762041966925, -0.16644739064327485, 0.8093351774867339, -0.19034956537818792, -0.33765099381775454, 0.14427754054549724, 0.6908872981882266, 0.7220286235061439, 0.19137623413666893, -0.8306767779591795, 0.19453321463834983, -0.5090925828337958, 0.46518689717993555, 0.7893025846334776, 0.0294679418262902, 0.20712702072041278, -0.8698643752343853, 0.08014945928561268, -0.7416264326591246, 0.22912569270066396, -0.2726993059103242, 0.5355160686614915, -0.902931727160895, -0.7803637637643119, 0.36804643024725525, 0.029307394167312983, 0.1432827432294983, 0.6874139879813108, -0.024524721700651453, 0.6202888442522898, 0.020487258589880097, 0.8534413864805024, 0.333855543079252, -0.7025463211318861, -0.27089364934848836, 0.7315498318881986, -0.29942957828896866, -0.6219484810876903, -0.0547573816684539, -0.21443765035574014, 0.23785985328818726, -0.12646741612097356, -0.47815568541100895, -0.17505557667448635, -0.16193193089539926, 0.8048437117522818, 0.9592325240809707, 0.24713767881382775, -0.8336317548582777, 0.46599743519199, 0.357370804957968, 0.6520457340504391, -0.3050973265778887, -0.8822398116837538, 0.2236436329105842, -0.751970763373456, 0.5190590583266628, 0.5888466351532844, -0.18274642650020412, 0.8875950117660911, -0.6524404124894483, 0.8851716994539605]",rhc,relu,False,False,100,[10],0.1,100,0
94,94,0.24860799999441952,1.5717977706357402,142.0,100,15,"[0.9340596780273533, 0.09446449835144466, 0.9453687199297687, 0.4296319873487293, 0.3954576491945416, -0.5678210088392472, 0.9525489095524835, -0.9875394895908203, -0.4940352752331121, -0.13041693519110842, 0.5587658435875049, -0.6046298507994938, 0.7259864711984445, 0.9668013543506255, -0.6723155171906026, 0.19466788786571843, -0.98202780466489, -0.22685743471274122, -0.9116798841370009, 0.9133059354284718, -0.1277067062404047, 0.8979546135631256, 0.5726119718701219, 0.7325785971633969, -0.6536691570081037, -0.850102825973786, 0.2014854427555386, -0.6640556325631923, 0.4667603350211398, -0.18311227969597055, 0.05581764683584067, 0.875143167901884, 0.043392244889916, -0.7836132342255386, -0.6835531856304011, 0.09040530340642561, 0.04880816013694678, 0.2752204882519873, -0.1970091128194542, 0.2996102180386846, -0.20619999419653467, 0.24783222709644614, 0.5348099341802477, -0.6420521799177383, -0.24884846282491524, 0.005066118653868745, 0.3733341598326916, -0.4926407026772337, 0.10948172588511706, 0.24986168812819542, 0.7910023321122921, -0.27429282313374714, 0.2751141460374733, -0.6171071957620733, -0.004411770765388567, -0.6351091908575863, 0.8367660782795254, -0.13635585731754474, 0.6603762041966925, -0.16644739064327485, 0.8093351774867339, -0.19034956537818792, -0.33765099381775454, 0.14427754054549724, 0.6908872981882266, 0.7220286235061439, 0.19137623413666893, -0.8306767779591795, 0.19453321463834983, -0.5090925828337958, 0.46518689717993555, 0.7893025846334776, 0.0294679418262902, 0.20712702072041278, -0.8698643752343853, 0.08014945928561268, -0.7416264326591246, 0.22912569270066396, -0.2726993059103242, 0.5355160686614915, -0.902931727160895, -0.7803637637643119, 0.36804643024725525, 0.029307394167312983, 0.1432827432294983, 0.6874139879813108, -0.024524721700651453, 0.6202888442522898, 0.020487258589880097, 0.8534413864805024, 0.333855543079252, -0.7025463211318861, -0.27089364934848836, 0.7315498318881986, -0.29942957828896866, -0.6219484810876903, -0.0547573816684539, -0.21443765035574014, 0.23785985328818726, -0.12646741612097356, -0.47815568541100895, -0.17505557667448635, -0.16193193089539926, 0.8048437117522818, 0.9592325240809707, 0.24713767881382775, -0.8336317548582777, 0.46599743519199, 0.357370804957968, 0.6520457340504391, -0.3050973265778887, -0.8822398116837538, 0.2236436329105842, -0.751970763373456, 0.5190590583266628, 0.5888466351532844, -0.18274642650020412, 0.8875950117660911, -0.6524404124894483, 0.8851716994539605]",rhc,relu,False,False,100,[10],0.1,100,0
95,95,0.25007430010009557,1.5717977706357402,143.0,100,15,"[0.9340596780273533, 0.09446449835144466, 0.9453687199297687, 0.4296319873487293, 0.3954576491945416, -0.5678210088392472, 0.9525489095524835, -0.9875394895908203, -0.4940352752331121, -0.13041693519110842, 0.5587658435875049, -0.6046298507994938, 0.7259864711984445, 0.9668013543506255, -0.6723155171906026, 0.19466788786571843, -0.98202780466489, -0.22685743471274122, -0.9116798841370009, 0.9133059354284718, -0.1277067062404047, 0.8979546135631256, 0.5726119718701219, 0.7325785971633969, -0.6536691570081037, -0.850102825973786, 0.2014854427555386, -0.6640556325631923, 0.4667603350211398, -0.18311227969597055, 0.05581764683584067, 0.875143167901884, 0.043392244889916, -0.7836132342255386, -0.6835531856304011, 0.09040530340642561, 0.04880816013694678, 0.2752204882519873, -0.1970091128194542, 0.2996102180386846, -0.20619999419653467, 0.24783222709644614, 0.5348099341802477, -0.6420521799177383, -0.24884846282491524, 0.005066118653868745, 0.3733341598326916, -0.4926407026772337, 0.10948172588511706, 0.24986168812819542, 0.7910023321122921, -0.27429282313374714, 0.2751141460374733, -0.6171071957620733, -0.004411770765388567, -0.6351091908575863, 0.8367660782795254, -0.13635585731754474, 0.6603762041966925, -0.16644739064327485, 0.8093351774867339, -0.19034956537818792, -0.33765099381775454, 0.14427754054549724, 0.6908872981882266, 0.7220286235061439, 0.19137623413666893, -0.8306767779591795, 0.19453321463834983, -0.5090925828337958, 0.46518689717993555, 0.7893025846334776, 0.0294679418262902, 0.20712702072041278, -0.8698643752343853, 0.08014945928561268, -0.7416264326591246, 0.22912569270066396, -0.2726993059103242, 0.5355160686614915, -0.902931727160895, -0.7803637637643119, 0.36804643024725525, 0.029307394167312983, 0.1432827432294983, 0.6874139879813108, -0.024524721700651453, 0.6202888442522898, 0.020487258589880097, 0.8534413864805024, 0.333855543079252, -0.7025463211318861, -0.27089364934848836, 0.7315498318881986, -0.29942957828896866, -0.6219484810876903, -0.0547573816684539, -0.21443765035574014, 0.23785985328818726, -0.12646741612097356, -0.47815568541100895, -0.17505557667448635, -0.16193193089539926, 0.8048437117522818, 0.9592325240809707, 0.24713767881382775, -0.8336317548582777, 0.46599743519199, 0.357370804957968, 0.6520457340504391, -0.3050973265778887, -0.8822398116837538, 0.2236436329105842, -0.751970763373456, 0.5190590583266628, 0.5888466351532844, -0.18274642650020412, 0.8875950117660911, -0.6524404124894483, 0.8851716994539605]",rhc,relu,False,False,100,[10],0.1,100,0
96,96,0.253057699999772,1.5703194185627158,145.0,100,15,"[0.9340596780273533, 0.09446449835144466, 0.9453687199297687, 0.4296319873487293, 0.3954576491945416, -0.5678210088392472, 0.9525489095524835, -0.9875394895908203, -0.4940352752331121, -0.13041693519110842, 0.5587658435875049, -0.6046298507994938, 0.7259864711984445, 0.9668013543506255, -0.6723155171906026, 0.19466788786571843, -0.98202780466489, -0.22685743471274122, -0.9116798841370009, 0.9133059354284718, -0.1277067062404047, 0.8979546135631256, 0.5726119718701219, 0.7325785971633969, -0.6536691570081037, -0.850102825973786, 0.2014854427555386, -0.6640556325631923, 0.4667603350211398, -0.18311227969597055, 0.05581764683584067, 0.875143167901884, 0.043392244889916, -0.7836132342255386, -0.6835531856304011, 0.09040530340642561, 0.04880816013694678, 0.2752204882519873, -0.1970091128194542, 0.2996102180386846, -0.20619999419653467, 0.24783222709644614, 0.5348099341802477, -0.6420521799177383, -0.24884846282491524, 0.005066118653868745, 0.3733341598326916, -0.4926407026772337, 0.10948172588511706, 0.24986168812819542, 0.7910023321122921, -0.27429282313374714, 0.2751141460374733, -0.6171071957620733, -0.004411770765388567, -0.6351091908575863, 0.8367660782795254, -0.13635585731754474, 0.6603762041966925, -0.16644739064327485, 0.8093351774867339, -0.19034956537818792, -0.33765099381775454, 0.14427754054549724, 0.6908872981882266, 0.7220286235061439, 0.19137623413666893, -0.8306767779591795, 0.19453321463834983, -0.5090925828337958, 0.46518689717993555, 0.7893025846334776, 0.0294679418262902, 0.20712702072041278, -0.8698643752343853, 0.08014945928561268, -0.7416264326591246, 0.22912569270066396, -0.2726993059103242, 0.5355160686614915, -0.902931727160895, -0.7803637637643119, 0.36804643024725525, 0.029307394167312983, 0.1432827432294983, 0.6874139879813108, -0.024524721700651453, 0.6202888442522898, 0.020487258589880097, 0.8534413864805024, 0.333855543079252, -0.7025463211318861, -0.27089364934848836, 0.7315498318881986, -0.29942957828896866, -0.6219484810876903, -0.0547573816684539, -0.21443765035574014, 0.23785985328818726, -0.12646741612097356, -0.47815568541100895, -0.17505557667448635, -0.16193193089539926, 0.8048437117522818, 0.9592325240809707, 0.24713767881382775, -0.8336317548582777, 0.46599743519199, 0.357370804957968, 0.6520457340504391, -0.3050973265778887, -0.8822398116837538, 0.2236436329105842, -0.751970763373456, 0.5190590583266628, 0.5888466351532844, -0.18274642650020412, 0.8875950117660911, -0.6524404124894483, 0.8851716994539605]",rhc,relu,False,False,100,[10],0.1,100,0
97,97,0.2544917000923306,1.5703194185627158,146.0,100,15,"[0.9340596780273533, 0.09446449835144466, 0.9453687199297687, 0.4296319873487293, 0.3954576491945416, -0.5678210088392472, 0.9525489095524835, -0.9875394895908203, -0.4940352752331121, -0.13041693519110842, 0.5587658435875049, -0.6046298507994938, 0.7259864711984445, 0.9668013543506255, -0.6723155171906026, 0.19466788786571843, -0.98202780466489, -0.22685743471274122, -0.9116798841370009, 0.9133059354284718, -0.1277067062404047, 0.8979546135631256, 0.5726119718701219, 0.7325785971633969, -0.6536691570081037, -0.850102825973786, 0.2014854427555386, -0.6640556325631923, 0.4667603350211398, -0.18311227969597055, 0.05581764683584067, 0.875143167901884, 0.043392244889916, -0.7836132342255386, -0.6835531856304011, 0.09040530340642561, 0.04880816013694678, 0.2752204882519873, -0.1970091128194542, 0.2996102180386846, -0.20619999419653467, 0.24783222709644614, 0.5348099341802477, -0.6420521799177383, -0.24884846282491524, 0.005066118653868745, 0.3733341598326916, -0.4926407026772337, 0.10948172588511706, 0.24986168812819542, 0.7910023321122921, -0.27429282313374714, 0.2751141460374733, -0.6171071957620733, -0.004411770765388567, -0.6351091908575863, 0.8367660782795254, -0.13635585731754474, 0.6603762041966925, -0.16644739064327485, 0.8093351774867339, -0.19034956537818792, -0.33765099381775454, 0.14427754054549724, 0.6908872981882266, 0.7220286235061439, 0.19137623413666893, -0.8306767779591795, 0.19453321463834983, -0.5090925828337958, 0.46518689717993555, 0.7893025846334776, 0.0294679418262902, 0.20712702072041278, -0.8698643752343853, 0.08014945928561268, -0.7416264326591246, 0.22912569270066396, -0.2726993059103242, 0.5355160686614915, -0.902931727160895, -0.7803637637643119, 0.36804643024725525, 0.029307394167312983, 0.1432827432294983, 0.6874139879813108, -0.024524721700651453, 0.6202888442522898, 0.020487258589880097, 0.8534413864805024, 0.333855543079252, -0.7025463211318861, -0.27089364934848836, 0.7315498318881986, -0.29942957828896866, -0.6219484810876903, -0.0547573816684539, -0.21443765035574014, 0.23785985328818726, -0.12646741612097356, -0.47815568541100895, -0.17505557667448635, -0.16193193089539926, 0.8048437117522818, 0.9592325240809707, 0.24713767881382775, -0.8336317548582777, 0.46599743519199, 0.357370804957968, 0.6520457340504391, -0.3050973265778887, -0.8822398116837538, 0.2236436329105842, -0.751970763373456, 0.5190590583266628, 0.5888466351532844, -0.18274642650020412, 0.8875950117660911, -0.6524404124894483, 0.8851716994539605]",rhc,relu,False,False,100,[10],0.1,100,0
98,98,0.25626020005438477,1.5703194185627158,147.0,100,15,"[0.9340596780273533, 0.09446449835144466, 0.9453687199297687, 0.4296319873487293, 0.3954576491945416, -0.5678210088392472, 0.9525489095524835, -0.9875394895908203, -0.4940352752331121, -0.13041693519110842, 0.5587658435875049, -0.6046298507994938, 0.7259864711984445, 0.9668013543506255, -0.6723155171906026, 0.19466788786571843, -0.98202780466489, -0.22685743471274122, -0.9116798841370009, 0.9133059354284718, -0.1277067062404047, 0.8979546135631256, 0.5726119718701219, 0.7325785971633969, -0.6536691570081037, -0.850102825973786, 0.2014854427555386, -0.6640556325631923, 0.4667603350211398, -0.18311227969597055, 0.05581764683584067, 0.875143167901884, 0.043392244889916, -0.7836132342255386, -0.6835531856304011, 0.09040530340642561, 0.04880816013694678, 0.2752204882519873, -0.1970091128194542, 0.2996102180386846, -0.20619999419653467, 0.24783222709644614, 0.5348099341802477, -0.6420521799177383, -0.24884846282491524, 0.005066118653868745, 0.3733341598326916, -0.4926407026772337, 0.10948172588511706, 0.24986168812819542, 0.7910023321122921, -0.27429282313374714, 0.2751141460374733, -0.6171071957620733, -0.004411770765388567, -0.6351091908575863, 0.8367660782795254, -0.13635585731754474, 0.6603762041966925, -0.16644739064327485, 0.8093351774867339, -0.19034956537818792, -0.33765099381775454, 0.14427754054549724, 0.6908872981882266, 0.7220286235061439, 0.19137623413666893, -0.8306767779591795, 0.19453321463834983, -0.5090925828337958, 0.46518689717993555, 0.7893025846334776, 0.0294679418262902, 0.20712702072041278, -0.8698643752343853, 0.08014945928561268, -0.7416264326591246, 0.22912569270066396, -0.2726993059103242, 0.5355160686614915, -0.902931727160895, -0.7803637637643119, 0.36804643024725525, 0.029307394167312983, 0.1432827432294983, 0.6874139879813108, -0.024524721700651453, 0.6202888442522898, 0.020487258589880097, 0.8534413864805024, 0.333855543079252, -0.7025463211318861, -0.27089364934848836, 0.7315498318881986, -0.29942957828896866, -0.6219484810876903, -0.0547573816684539, -0.21443765035574014, 0.23785985328818726, -0.12646741612097356, -0.47815568541100895, -0.17505557667448635, -0.16193193089539926, 0.8048437117522818, 0.9592325240809707, 0.24713767881382775, -0.8336317548582777, 0.46599743519199, 0.357370804957968, 0.6520457340504391, -0.3050973265778887, -0.8822398116837538, 0.2236436329105842, -0.751970763373456, 0.5190590583266628, 0.5888466351532844, -0.18274642650020412, 0.8875950117660911, -0.6524404124894483, 0.8851716994539605]",rhc,relu,False,False,100,[10],0.1,100,0
99,99,0.2595394999952987,1.5067077076662676,149.0,100,15,"[0.9340596780273533, 0.09446449835144466, 0.9453687199297687, 0.4296319873487293, 0.3954576491945416, -0.5678210088392472, 0.9525489095524835, -0.9875394895908203, -0.4940352752331121, -0.13041693519110842, 0.5587658435875049, -0.6046298507994938, 0.7259864711984445, 0.9668013543506255, -0.6723155171906026, 0.19466788786571843, -0.98202780466489, -0.22685743471274122, -0.9116798841370009, 0.9133059354284718, -0.1277067062404047, 0.8979546135631256, 0.5726119718701219, 0.7325785971633969, -0.6536691570081037, -0.850102825973786, 0.2014854427555386, -0.6640556325631923, 0.4667603350211398, -0.18311227969597055, 0.05581764683584067, 0.875143167901884, 0.043392244889916, -0.7836132342255386, -0.6835531856304011, 0.09040530340642561, 0.04880816013694678, 0.2752204882519873, -0.1970091128194542, 0.2996102180386846, -0.20619999419653467, 0.24783222709644614, 0.5348099341802477, -0.6420521799177383, -0.24884846282491524, 0.005066118653868745, 0.3733341598326916, -0.4926407026772337, 0.10948172588511706, 0.24986168812819542, 0.7910023321122921, -0.27429282313374714, 0.2751141460374733, -0.6171071957620733, -0.004411770765388567, -0.6351091908575863, 0.8367660782795254, -0.13635585731754474, 0.6603762041966925, -0.16644739064327485, 0.8093351774867339, -0.19034956537818792, -0.33765099381775454, 0.14427754054549724, 0.6908872981882266, 0.7220286235061439, 0.19137623413666893, -0.8306767779591795, 0.19453321463834983, -0.5090925828337958, 0.46518689717993555, 0.7893025846334776, 0.0294679418262902, 0.20712702072041278, -0.8698643752343853, 0.08014945928561268, -0.7416264326591246, 0.22912569270066396, -0.2726993059103242, 0.5355160686614915, -0.902931727160895, -0.7803637637643119, 0.36804643024725525, 0.029307394167312983, 0.1432827432294983, 0.6874139879813108, -0.024524721700651453, 0.6202888442522898, 0.020487258589880097, 0.8534413864805024, 0.333855543079252, -0.7025463211318861, -0.27089364934848836, 0.7315498318881986, -0.29942957828896866, -0.6219484810876903, -0.0547573816684539, -0.21443765035574014, 0.23785985328818726, -0.12646741612097356, -0.47815568541100895, -0.17505557667448635, -0.16193193089539926, 0.8048437117522818, 0.9592325240809707, 0.24713767881382775, -0.8336317548582777, 0.46599743519199, 0.357370804957968, 0.6520457340504391, -0.3050973265778887, -0.8822398116837538, 0.2236436329105842, -0.751970763373456, 0.5190590583266628, 0.5888466351532844, -0.18274642650020412, 0.8875950117660911, -0.6524404124894483, 0.8851716994539605]",rhc,relu,False,False,100,[10],0.1,100,0
100,100,0.26120120007544756,1.5067077076662676,150.0,100,15,"[0.9340596780273533, 0.09446449835144466, 0.9453687199297687, 0.4296319873487293, 0.3954576491945416, -0.5678210088392472, 0.9525489095524835, -0.9875394895908203, -0.4940352752331121, -0.13041693519110842, 0.5587658435875049, -0.6046298507994938, 0.7259864711984445, 0.9668013543506255, -0.6723155171906026, 0.19466788786571843, -0.98202780466489, -0.22685743471274122, -0.9116798841370009, 0.9133059354284718, -0.1277067062404047, 0.8979546135631256, 0.5726119718701219, 0.7325785971633969, -0.6536691570081037, -0.850102825973786, 0.2014854427555386, -0.6640556325631923, 0.4667603350211398, -0.18311227969597055, 0.05581764683584067, 0.875143167901884, 0.043392244889916, -0.7836132342255386, -0.6835531856304011, 0.09040530340642561, 0.04880816013694678, 0.2752204882519873, -0.1970091128194542, 0.2996102180386846, -0.20619999419653467, 0.24783222709644614, 0.5348099341802477, -0.6420521799177383, -0.24884846282491524, 0.005066118653868745, 0.3733341598326916, -0.4926407026772337, 0.10948172588511706, 0.24986168812819542, 0.7910023321122921, -0.27429282313374714, 0.2751141460374733, -0.6171071957620733, -0.004411770765388567, -0.6351091908575863, 0.8367660782795254, -0.13635585731754474, 0.6603762041966925, -0.16644739064327485, 0.8093351774867339, -0.19034956537818792, -0.33765099381775454, 0.14427754054549724, 0.6908872981882266, 0.7220286235061439, 0.19137623413666893, -0.8306767779591795, 0.19453321463834983, -0.5090925828337958, 0.46518689717993555, 0.7893025846334776, 0.0294679418262902, 0.20712702072041278, -0.8698643752343853, 0.08014945928561268, -0.7416264326591246, 0.22912569270066396, -0.2726993059103242, 0.5355160686614915, -0.902931727160895, -0.7803637637643119, 0.36804643024725525, 0.029307394167312983, 0.1432827432294983, 0.6874139879813108, -0.024524721700651453, 0.6202888442522898, 0.020487258589880097, 0.8534413864805024, 0.333855543079252, -0.7025463211318861, -0.27089364934848836, 0.7315498318881986, -0.29942957828896866, -0.6219484810876903, -0.0547573816684539, -0.21443765035574014, 0.23785985328818726, -0.12646741612097356, -0.47815568541100895, -0.17505557667448635, -0.16193193089539926, 0.8048437117522818, 0.9592325240809707, 0.24713767881382775, -0.8336317548582777, 0.46599743519199, 0.357370804957968, 0.6520457340504391, -0.3050973265778887, -0.8822398116837538, 0.2236436329105842, -0.751970763373456, 0.5190590583266628, 0.5888466351532844, -0.18274642650020412, 0.8875950117660911, -0.6524404124894483, 0.8851716994539605]",rhc,relu,False,False,100,[10],0.1,100,0
101,1,0.03315600007772446,1.8916628686280572,152.0,100,15,"[0.9340596780273533, 0.09446449835144466, 0.9453687199297687, 0.4296319873487293, 0.3954576491945416, -0.5678210088392472, 0.9525489095524835, -0.9875394895908203, -0.4940352752331121, -0.13041693519110842, 0.5587658435875049, -0.6046298507994938, 0.7259864711984445, 0.9668013543506255, -0.6723155171906026, 0.19466788786571843, -0.98202780466489, -0.22685743471274122, -0.9116798841370009, 0.9133059354284718, -0.1277067062404047, 0.8979546135631256, 0.5726119718701219, 0.7325785971633969, -0.6536691570081037, -0.850102825973786, 0.2014854427555386, -0.6640556325631923, 0.4667603350211398, -0.18311227969597055, 0.05581764683584067, 0.875143167901884, 0.043392244889916, -0.7836132342255386, -0.6835531856304011, 0.09040530340642561, 0.04880816013694678, 0.2752204882519873, -0.1970091128194542, 0.2996102180386846, -0.20619999419653467, 0.24783222709644614, 0.5348099341802477, -0.6420521799177383, -0.24884846282491524, 0.005066118653868745, 0.3733341598326916, -0.4926407026772337, 0.10948172588511706, 0.24986168812819542, 0.7910023321122921, -0.27429282313374714, 0.2751141460374733, -0.6171071957620733, -0.004411770765388567, -0.6351091908575863, 0.8367660782795254, -0.13635585731754474, 0.6603762041966925, -0.16644739064327485, 0.8093351774867339, -0.19034956537818792, -0.33765099381775454, 0.14427754054549724, 0.6908872981882266, 0.7220286235061439, 0.19137623413666893, -0.8306767779591795, 0.19453321463834983, -0.5090925828337958, 0.46518689717993555, 0.7893025846334776, 0.0294679418262902, 0.20712702072041278, -0.8698643752343853, 0.08014945928561268, -0.7416264326591246, 0.22912569270066396, -0.2726993059103242, 0.5355160686614915, -0.902931727160895, -0.7803637637643119, 0.36804643024725525, 0.029307394167312983, 0.1432827432294983, 0.6874139879813108, -0.024524721700651453, 0.6202888442522898, 0.020487258589880097, 0.8534413864805024, 0.333855543079252, -0.7025463211318861, -0.27089364934848836, 0.7315498318881986, -0.29942957828896866, -0.6219484810876903, -0.0547573816684539, -0.21443765035574014, 0.23785985328818726, -0.12646741612097356, -0.47815568541100895, -0.17505557667448635, -0.16193193089539926, 0.8048437117522818, 0.9592325240809707, 0.24713767881382775, -0.8336317548582777, 0.46599743519199, 0.357370804957968, 0.6520457340504391, -0.3050973265778887, -0.8822398116837538, 0.2236436329105842, -0.751970763373456, 0.5190590583266628, 0.5888466351532844, -0.18274642650020412, 0.8875950117660911, -0.6524404124894483, 0.8851716994539605]",rhc,relu,False,False,100,[10],0.1,100,1
102,2,0.03611099999397993,1.8905797089941794,154.0,100,15,"[0.9340596780273533, 0.09446449835144466, 0.9453687199297687, 0.4296319873487293, 0.3954576491945416, -0.5678210088392472, 0.9525489095524835, -0.9875394895908203, -0.4940352752331121, -0.13041693519110842, 0.5587658435875049, -0.6046298507994938, 0.7259864711984445, 0.9668013543506255, -0.6723155171906026, 0.19466788786571843, -0.98202780466489, -0.22685743471274122, -0.9116798841370009, 0.9133059354284718, -0.1277067062404047, 0.8979546135631256, 0.5726119718701219, 0.7325785971633969, -0.6536691570081037, -0.850102825973786, 0.2014854427555386, -0.6640556325631923, 0.4667603350211398, -0.18311227969597055, 0.05581764683584067, 0.875143167901884, 0.043392244889916, -0.7836132342255386, -0.6835531856304011, 0.09040530340642561, 0.04880816013694678, 0.2752204882519873, -0.1970091128194542, 0.2996102180386846, -0.20619999419653467, 0.24783222709644614, 0.5348099341802477, -0.6420521799177383, -0.24884846282491524, 0.005066118653868745, 0.3733341598326916, -0.4926407026772337, 0.10948172588511706, 0.24986168812819542, 0.7910023321122921, -0.27429282313374714, 0.2751141460374733, -0.6171071957620733, -0.004411770765388567, -0.6351091908575863, 0.8367660782795254, -0.13635585731754474, 0.6603762041966925, -0.16644739064327485, 0.8093351774867339, -0.19034956537818792, -0.33765099381775454, 0.14427754054549724, 0.6908872981882266, 0.7220286235061439, 0.19137623413666893, -0.8306767779591795, 0.19453321463834983, -0.5090925828337958, 0.46518689717993555, 0.7893025846334776, 0.0294679418262902, 0.20712702072041278, -0.8698643752343853, 0.08014945928561268, -0.7416264326591246, 0.22912569270066396, -0.2726993059103242, 0.5355160686614915, -0.902931727160895, -0.7803637637643119, 0.36804643024725525, 0.029307394167312983, 0.1432827432294983, 0.6874139879813108, -0.024524721700651453, 0.6202888442522898, 0.020487258589880097, 0.8534413864805024, 0.333855543079252, -0.7025463211318861, -0.27089364934848836, 0.7315498318881986, -0.29942957828896866, -0.6219484810876903, -0.0547573816684539, -0.21443765035574014, 0.23785985328818726, -0.12646741612097356, -0.47815568541100895, -0.17505557667448635, -0.16193193089539926, 0.8048437117522818, 0.9592325240809707, 0.24713767881382775, -0.8336317548582777, 0.46599743519199, 0.357370804957968, 0.6520457340504391, -0.3050973265778887, -0.8822398116837538, 0.2236436329105842, -0.751970763373456, 0.5190590583266628, 0.5888466351532844, -0.18274642650020412, 0.8875950117660911, -0.6524404124894483, 0.8851716994539605]",rhc,relu,False,False,100,[10],0.1,100,1
103,3,0.03751040005590767,1.8837832046355991,156.0,100,15,"[0.9340596780273533, 0.09446449835144466, 0.9453687199297687, 0.4296319873487293, 0.3954576491945416, -0.5678210088392472, 0.9525489095524835, -0.9875394895908203, -0.4940352752331121, -0.13041693519110842, 0.5587658435875049, -0.6046298507994938, 0.7259864711984445, 0.9668013543506255, -0.6723155171906026, 0.19466788786571843, -0.98202780466489, -0.22685743471274122, -0.9116798841370009, 0.9133059354284718, -0.1277067062404047, 0.8979546135631256, 0.5726119718701219, 0.7325785971633969, -0.6536691570081037, -0.850102825973786, 0.2014854427555386, -0.6640556325631923, 0.4667603350211398, -0.18311227969597055, 0.05581764683584067, 0.875143167901884, 0.043392244889916, -0.7836132342255386, -0.6835531856304011, 0.09040530340642561, 0.04880816013694678, 0.2752204882519873, -0.1970091128194542, 0.2996102180386846, -0.20619999419653467, 0.24783222709644614, 0.5348099341802477, -0.6420521799177383, -0.24884846282491524, 0.005066118653868745, 0.3733341598326916, -0.4926407026772337, 0.10948172588511706, 0.24986168812819542, 0.7910023321122921, -0.27429282313374714, 0.2751141460374733, -0.6171071957620733, -0.004411770765388567, -0.6351091908575863, 0.8367660782795254, -0.13635585731754474, 0.6603762041966925, -0.16644739064327485, 0.8093351774867339, -0.19034956537818792, -0.33765099381775454, 0.14427754054549724, 0.6908872981882266, 0.7220286235061439, 0.19137623413666893, -0.8306767779591795, 0.19453321463834983, -0.5090925828337958, 0.46518689717993555, 0.7893025846334776, 0.0294679418262902, 0.20712702072041278, -0.8698643752343853, 0.08014945928561268, -0.7416264326591246, 0.22912569270066396, -0.2726993059103242, 0.5355160686614915, -0.902931727160895, -0.7803637637643119, 0.36804643024725525, 0.029307394167312983, 0.1432827432294983, 0.6874139879813108, -0.024524721700651453, 0.6202888442522898, 0.020487258589880097, 0.8534413864805024, 0.333855543079252, -0.7025463211318861, -0.27089364934848836, 0.7315498318881986, -0.29942957828896866, -0.6219484810876903, -0.0547573816684539, -0.21443765035574014, 0.23785985328818726, -0.12646741612097356, -0.47815568541100895, -0.17505557667448635, -0.16193193089539926, 0.8048437117522818, 0.9592325240809707, 0.24713767881382775, -0.8336317548582777, 0.46599743519199, 0.357370804957968, 0.6520457340504391, -0.3050973265778887, -0.8822398116837538, 0.2236436329105842, -0.751970763373456, 0.5190590583266628, 0.5888466351532844, -0.18274642650020412, 0.8875950117660911, -0.6524404124894483, 0.8851716994539605]",rhc,relu,False,False,100,[10],0.1,100,1
104,4,0.0403158999979496,1.8837832046355991,157.0,100,15,"[0.9340596780273533, 0.09446449835144466, 0.9453687199297687, 0.4296319873487293, 0.3954576491945416, -0.5678210088392472, 0.9525489095524835, -0.9875394895908203, -0.4940352752331121, -0.13041693519110842, 0.5587658435875049, -0.6046298507994938, 0.7259864711984445, 0.9668013543506255, -0.6723155171906026, 0.19466788786571843, -0.98202780466489, -0.22685743471274122, -0.9116798841370009, 0.9133059354284718, -0.1277067062404047, 0.8979546135631256, 0.5726119718701219, 0.7325785971633969, -0.6536691570081037, -0.850102825973786, 0.2014854427555386, -0.6640556325631923, 0.4667603350211398, -0.18311227969597055, 0.05581764683584067, 0.875143167901884, 0.043392244889916, -0.7836132342255386, -0.6835531856304011, 0.09040530340642561, 0.04880816013694678, 0.2752204882519873, -0.1970091128194542, 0.2996102180386846, -0.20619999419653467, 0.24783222709644614, 0.5348099341802477, -0.6420521799177383, -0.24884846282491524, 0.005066118653868745, 0.3733341598326916, -0.4926407026772337, 0.10948172588511706, 0.24986168812819542, 0.7910023321122921, -0.27429282313374714, 0.2751141460374733, -0.6171071957620733, -0.004411770765388567, -0.6351091908575863, 0.8367660782795254, -0.13635585731754474, 0.6603762041966925, -0.16644739064327485, 0.8093351774867339, -0.19034956537818792, -0.33765099381775454, 0.14427754054549724, 0.6908872981882266, 0.7220286235061439, 0.19137623413666893, -0.8306767779591795, 0.19453321463834983, -0.5090925828337958, 0.46518689717993555, 0.7893025846334776, 0.0294679418262902, 0.20712702072041278, -0.8698643752343853, 0.08014945928561268, -0.7416264326591246, 0.22912569270066396, -0.2726993059103242, 0.5355160686614915, -0.902931727160895, -0.7803637637643119, 0.36804643024725525, 0.029307394167312983, 0.1432827432294983, 0.6874139879813108, -0.024524721700651453, 0.6202888442522898, 0.020487258589880097, 0.8534413864805024, 0.333855543079252, -0.7025463211318861, -0.27089364934848836, 0.7315498318881986, -0.29942957828896866, -0.6219484810876903, -0.0547573816684539, -0.21443765035574014, 0.23785985328818726, -0.12646741612097356, -0.47815568541100895, -0.17505557667448635, -0.16193193089539926, 0.8048437117522818, 0.9592325240809707, 0.24713767881382775, -0.8336317548582777, 0.46599743519199, 0.357370804957968, 0.6520457340504391, -0.3050973265778887, -0.8822398116837538, 0.2236436329105842, -0.751970763373456, 0.5190590583266628, 0.5888466351532844, -0.18274642650020412, 0.8875950117660911, -0.6524404124894483, 0.8851716994539605]",rhc,relu,False,False,100,[10],0.1,100,1
105,5,0.041674000094644725,1.8579267443702694,159.0,100,15,"[0.9340596780273533, 0.09446449835144466, 0.9453687199297687, 0.4296319873487293, 0.3954576491945416, -0.5678210088392472, 0.9525489095524835, -0.9875394895908203, -0.4940352752331121, -0.13041693519110842, 0.5587658435875049, -0.6046298507994938, 0.7259864711984445, 0.9668013543506255, -0.6723155171906026, 0.19466788786571843, -0.98202780466489, -0.22685743471274122, -0.9116798841370009, 0.9133059354284718, -0.1277067062404047, 0.8979546135631256, 0.5726119718701219, 0.7325785971633969, -0.6536691570081037, -0.850102825973786, 0.2014854427555386, -0.6640556325631923, 0.4667603350211398, -0.18311227969597055, 0.05581764683584067, 0.875143167901884, 0.043392244889916, -0.7836132342255386, -0.6835531856304011, 0.09040530340642561, 0.04880816013694678, 0.2752204882519873, -0.1970091128194542, 0.2996102180386846, -0.20619999419653467, 0.24783222709644614, 0.5348099341802477, -0.6420521799177383, -0.24884846282491524, 0.005066118653868745, 0.3733341598326916, -0.4926407026772337, 0.10948172588511706, 0.24986168812819542, 0.7910023321122921, -0.27429282313374714, 0.2751141460374733, -0.6171071957620733, -0.004411770765388567, -0.6351091908575863, 0.8367660782795254, -0.13635585731754474, 0.6603762041966925, -0.16644739064327485, 0.8093351774867339, -0.19034956537818792, -0.33765099381775454, 0.14427754054549724, 0.6908872981882266, 0.7220286235061439, 0.19137623413666893, -0.8306767779591795, 0.19453321463834983, -0.5090925828337958, 0.46518689717993555, 0.7893025846334776, 0.0294679418262902, 0.20712702072041278, -0.8698643752343853, 0.08014945928561268, -0.7416264326591246, 0.22912569270066396, -0.2726993059103242, 0.5355160686614915, -0.902931727160895, -0.7803637637643119, 0.36804643024725525, 0.029307394167312983, 0.1432827432294983, 0.6874139879813108, -0.024524721700651453, 0.6202888442522898, 0.020487258589880097, 0.8534413864805024, 0.333855543079252, -0.7025463211318861, -0.27089364934848836, 0.7315498318881986, -0.29942957828896866, -0.6219484810876903, -0.0547573816684539, -0.21443765035574014, 0.23785985328818726, -0.12646741612097356, -0.47815568541100895, -0.17505557667448635, -0.16193193089539926, 0.8048437117522818, 0.9592325240809707, 0.24713767881382775, -0.8336317548582777, 0.46599743519199, 0.357370804957968, 0.6520457340504391, -0.3050973265778887, -0.8822398116837538, 0.2236436329105842, -0.751970763373456, 0.5190590583266628, 0.5888466351532844, -0.18274642650020412, 0.8875950117660911, -0.6524404124894483, 0.8851716994539605]",rhc,relu,False,False,100,[10],0.1,100,1
106,6,0.04435340000782162,1.8579267443702694,160.0,100,15,"[0.9340596780273533, 0.09446449835144466, 0.9453687199297687, 0.4296319873487293, 0.3954576491945416, -0.5678210088392472, 0.9525489095524835, -0.9875394895908203, -0.4940352752331121, -0.13041693519110842, 0.5587658435875049, -0.6046298507994938, 0.7259864711984445, 0.9668013543506255, -0.6723155171906026, 0.19466788786571843, -0.98202780466489, -0.22685743471274122, -0.9116798841370009, 0.9133059354284718, -0.1277067062404047, 0.8979546135631256, 0.5726119718701219, 0.7325785971633969, -0.6536691570081037, -0.850102825973786, 0.2014854427555386, -0.6640556325631923, 0.4667603350211398, -0.18311227969597055, 0.05581764683584067, 0.875143167901884, 0.043392244889916, -0.7836132342255386, -0.6835531856304011, 0.09040530340642561, 0.04880816013694678, 0.2752204882519873, -0.1970091128194542, 0.2996102180386846, -0.20619999419653467, 0.24783222709644614, 0.5348099341802477, -0.6420521799177383, -0.24884846282491524, 0.005066118653868745, 0.3733341598326916, -0.4926407026772337, 0.10948172588511706, 0.24986168812819542, 0.7910023321122921, -0.27429282313374714, 0.2751141460374733, -0.6171071957620733, -0.004411770765388567, -0.6351091908575863, 0.8367660782795254, -0.13635585731754474, 0.6603762041966925, -0.16644739064327485, 0.8093351774867339, -0.19034956537818792, -0.33765099381775454, 0.14427754054549724, 0.6908872981882266, 0.7220286235061439, 0.19137623413666893, -0.8306767779591795, 0.19453321463834983, -0.5090925828337958, 0.46518689717993555, 0.7893025846334776, 0.0294679418262902, 0.20712702072041278, -0.8698643752343853, 0.08014945928561268, -0.7416264326591246, 0.22912569270066396, -0.2726993059103242, 0.5355160686614915, -0.902931727160895, -0.7803637637643119, 0.36804643024725525, 0.029307394167312983, 0.1432827432294983, 0.6874139879813108, -0.024524721700651453, 0.6202888442522898, 0.020487258589880097, 0.8534413864805024, 0.333855543079252, -0.7025463211318861, -0.27089364934848836, 0.7315498318881986, -0.29942957828896866, -0.6219484810876903, -0.0547573816684539, -0.21443765035574014, 0.23785985328818726, -0.12646741612097356, -0.47815568541100895, -0.17505557667448635, -0.16193193089539926, 0.8048437117522818, 0.9592325240809707, 0.24713767881382775, -0.8336317548582777, 0.46599743519199, 0.357370804957968, 0.6520457340504391, -0.3050973265778887, -0.8822398116837538, 0.2236436329105842, -0.751970763373456, 0.5190590583266628, 0.5888466351532844, -0.18274642650020412, 0.8875950117660911, -0.6524404124894483, 0.8851716994539605]",rhc,relu,False,False,100,[10],0.1,100,1
107,7,0.04734460008330643,1.8562269097420943,162.0,100,15,"[0.9340596780273533, 0.09446449835144466, 0.9453687199297687, 0.4296319873487293, 0.3954576491945416, -0.5678210088392472, 0.9525489095524835, -0.9875394895908203, -0.4940352752331121, -0.13041693519110842, 0.5587658435875049, -0.6046298507994938, 0.7259864711984445, 0.9668013543506255, -0.6723155171906026, 0.19466788786571843, -0.98202780466489, -0.22685743471274122, -0.9116798841370009, 0.9133059354284718, -0.1277067062404047, 0.8979546135631256, 0.5726119718701219, 0.7325785971633969, -0.6536691570081037, -0.850102825973786, 0.2014854427555386, -0.6640556325631923, 0.4667603350211398, -0.18311227969597055, 0.05581764683584067, 0.875143167901884, 0.043392244889916, -0.7836132342255386, -0.6835531856304011, 0.09040530340642561, 0.04880816013694678, 0.2752204882519873, -0.1970091128194542, 0.2996102180386846, -0.20619999419653467, 0.24783222709644614, 0.5348099341802477, -0.6420521799177383, -0.24884846282491524, 0.005066118653868745, 0.3733341598326916, -0.4926407026772337, 0.10948172588511706, 0.24986168812819542, 0.7910023321122921, -0.27429282313374714, 0.2751141460374733, -0.6171071957620733, -0.004411770765388567, -0.6351091908575863, 0.8367660782795254, -0.13635585731754474, 0.6603762041966925, -0.16644739064327485, 0.8093351774867339, -0.19034956537818792, -0.33765099381775454, 0.14427754054549724, 0.6908872981882266, 0.7220286235061439, 0.19137623413666893, -0.8306767779591795, 0.19453321463834983, -0.5090925828337958, 0.46518689717993555, 0.7893025846334776, 0.0294679418262902, 0.20712702072041278, -0.8698643752343853, 0.08014945928561268, -0.7416264326591246, 0.22912569270066396, -0.2726993059103242, 0.5355160686614915, -0.902931727160895, -0.7803637637643119, 0.36804643024725525, 0.029307394167312983, 0.1432827432294983, 0.6874139879813108, -0.024524721700651453, 0.6202888442522898, 0.020487258589880097, 0.8534413864805024, 0.333855543079252, -0.7025463211318861, -0.27089364934848836, 0.7315498318881986, -0.29942957828896866, -0.6219484810876903, -0.0547573816684539, -0.21443765035574014, 0.23785985328818726, -0.12646741612097356, -0.47815568541100895, -0.17505557667448635, -0.16193193089539926, 0.8048437117522818, 0.9592325240809707, 0.24713767881382775, -0.8336317548582777, 0.46599743519199, 0.357370804957968, 0.6520457340504391, -0.3050973265778887, -0.8822398116837538, 0.2236436329105842, -0.751970763373456, 0.5190590583266628, 0.5888466351532844, -0.18274642650020412, 0.8875950117660911, -0.6524404124894483, 0.8851716994539605]",rhc,relu,False,False,100,[10],0.1,100,1
108,8,0.049982900032773614,1.8551970076483737,164.0,100,15,"[0.9340596780273533, 0.09446449835144466, 0.9453687199297687, 0.4296319873487293, 0.3954576491945416, -0.5678210088392472, 0.9525489095524835, -0.9875394895908203, -0.4940352752331121, -0.13041693519110842, 0.5587658435875049, -0.6046298507994938, 0.7259864711984445, 0.9668013543506255, -0.6723155171906026, 0.19466788786571843, -0.98202780466489, -0.22685743471274122, -0.9116798841370009, 0.9133059354284718, -0.1277067062404047, 0.8979546135631256, 0.5726119718701219, 0.7325785971633969, -0.6536691570081037, -0.850102825973786, 0.2014854427555386, -0.6640556325631923, 0.4667603350211398, -0.18311227969597055, 0.05581764683584067, 0.875143167901884, 0.043392244889916, -0.7836132342255386, -0.6835531856304011, 0.09040530340642561, 0.04880816013694678, 0.2752204882519873, -0.1970091128194542, 0.2996102180386846, -0.20619999419653467, 0.24783222709644614, 0.5348099341802477, -0.6420521799177383, -0.24884846282491524, 0.005066118653868745, 0.3733341598326916, -0.4926407026772337, 0.10948172588511706, 0.24986168812819542, 0.7910023321122921, -0.27429282313374714, 0.2751141460374733, -0.6171071957620733, -0.004411770765388567, -0.6351091908575863, 0.8367660782795254, -0.13635585731754474, 0.6603762041966925, -0.16644739064327485, 0.8093351774867339, -0.19034956537818792, -0.33765099381775454, 0.14427754054549724, 0.6908872981882266, 0.7220286235061439, 0.19137623413666893, -0.8306767779591795, 0.19453321463834983, -0.5090925828337958, 0.46518689717993555, 0.7893025846334776, 0.0294679418262902, 0.20712702072041278, -0.8698643752343853, 0.08014945928561268, -0.7416264326591246, 0.22912569270066396, -0.2726993059103242, 0.5355160686614915, -0.902931727160895, -0.7803637637643119, 0.36804643024725525, 0.029307394167312983, 0.1432827432294983, 0.6874139879813108, -0.024524721700651453, 0.6202888442522898, 0.020487258589880097, 0.8534413864805024, 0.333855543079252, -0.7025463211318861, -0.27089364934848836, 0.7315498318881986, -0.29942957828896866, -0.6219484810876903, -0.0547573816684539, -0.21443765035574014, 0.23785985328818726, -0.12646741612097356, -0.47815568541100895, -0.17505557667448635, -0.16193193089539926, 0.8048437117522818, 0.9592325240809707, 0.24713767881382775, -0.8336317548582777, 0.46599743519199, 0.357370804957968, 0.6520457340504391, -0.3050973265778887, -0.8822398116837538, 0.2236436329105842, -0.751970763373456, 0.5190590583266628, 0.5888466351532844, -0.18274642650020412, 0.8875950117660911, -0.6524404124894483, 0.8851716994539605]",rhc,relu,False,False,100,[10],0.1,100,1
109,9,0.05281060002744198,1.8551970076483737,165.0,100,15,"[0.9340596780273533, 0.09446449835144466, 0.9453687199297687, 0.4296319873487293, 0.3954576491945416, -0.5678210088392472, 0.9525489095524835, -0.9875394895908203, -0.4940352752331121, -0.13041693519110842, 0.5587658435875049, -0.6046298507994938, 0.7259864711984445, 0.9668013543506255, -0.6723155171906026, 0.19466788786571843, -0.98202780466489, -0.22685743471274122, -0.9116798841370009, 0.9133059354284718, -0.1277067062404047, 0.8979546135631256, 0.5726119718701219, 0.7325785971633969, -0.6536691570081037, -0.850102825973786, 0.2014854427555386, -0.6640556325631923, 0.4667603350211398, -0.18311227969597055, 0.05581764683584067, 0.875143167901884, 0.043392244889916, -0.7836132342255386, -0.6835531856304011, 0.09040530340642561, 0.04880816013694678, 0.2752204882519873, -0.1970091128194542, 0.2996102180386846, -0.20619999419653467, 0.24783222709644614, 0.5348099341802477, -0.6420521799177383, -0.24884846282491524, 0.005066118653868745, 0.3733341598326916, -0.4926407026772337, 0.10948172588511706, 0.24986168812819542, 0.7910023321122921, -0.27429282313374714, 0.2751141460374733, -0.6171071957620733, -0.004411770765388567, -0.6351091908575863, 0.8367660782795254, -0.13635585731754474, 0.6603762041966925, -0.16644739064327485, 0.8093351774867339, -0.19034956537818792, -0.33765099381775454, 0.14427754054549724, 0.6908872981882266, 0.7220286235061439, 0.19137623413666893, -0.8306767779591795, 0.19453321463834983, -0.5090925828337958, 0.46518689717993555, 0.7893025846334776, 0.0294679418262902, 0.20712702072041278, -0.8698643752343853, 0.08014945928561268, -0.7416264326591246, 0.22912569270066396, -0.2726993059103242, 0.5355160686614915, -0.902931727160895, -0.7803637637643119, 0.36804643024725525, 0.029307394167312983, 0.1432827432294983, 0.6874139879813108, -0.024524721700651453, 0.6202888442522898, 0.020487258589880097, 0.8534413864805024, 0.333855543079252, -0.7025463211318861, -0.27089364934848836, 0.7315498318881986, -0.29942957828896866, -0.6219484810876903, -0.0547573816684539, -0.21443765035574014, 0.23785985328818726, -0.12646741612097356, -0.47815568541100895, -0.17505557667448635, -0.16193193089539926, 0.8048437117522818, 0.9592325240809707, 0.24713767881382775, -0.8336317548582777, 0.46599743519199, 0.357370804957968, 0.6520457340504391, -0.3050973265778887, -0.8822398116837538, 0.2236436329105842, -0.751970763373456, 0.5190590583266628, 0.5888466351532844, -0.18274642650020412, 0.8875950117660911, -0.6524404124894483, 0.8851716994539605]",rhc,relu,False,False,100,[10],0.1,100,1
110,10,0.054268900072202086,1.8547985902331225,167.0,100,15,"[0.9340596780273533, 0.09446449835144466, 0.9453687199297687, 0.4296319873487293, 0.3954576491945416, -0.5678210088392472, 0.9525489095524835, -0.9875394895908203, -0.4940352752331121, -0.13041693519110842, 0.5587658435875049, -0.6046298507994938, 0.7259864711984445, 0.9668013543506255, -0.6723155171906026, 0.19466788786571843, -0.98202780466489, -0.22685743471274122, -0.9116798841370009, 0.9133059354284718, -0.1277067062404047, 0.8979546135631256, 0.5726119718701219, 0.7325785971633969, -0.6536691570081037, -0.850102825973786, 0.2014854427555386, -0.6640556325631923, 0.4667603350211398, -0.18311227969597055, 0.05581764683584067, 0.875143167901884, 0.043392244889916, -0.7836132342255386, -0.6835531856304011, 0.09040530340642561, 0.04880816013694678, 0.2752204882519873, -0.1970091128194542, 0.2996102180386846, -0.20619999419653467, 0.24783222709644614, 0.5348099341802477, -0.6420521799177383, -0.24884846282491524, 0.005066118653868745, 0.3733341598326916, -0.4926407026772337, 0.10948172588511706, 0.24986168812819542, 0.7910023321122921, -0.27429282313374714, 0.2751141460374733, -0.6171071957620733, -0.004411770765388567, -0.6351091908575863, 0.8367660782795254, -0.13635585731754474, 0.6603762041966925, -0.16644739064327485, 0.8093351774867339, -0.19034956537818792, -0.33765099381775454, 0.14427754054549724, 0.6908872981882266, 0.7220286235061439, 0.19137623413666893, -0.8306767779591795, 0.19453321463834983, -0.5090925828337958, 0.46518689717993555, 0.7893025846334776, 0.0294679418262902, 0.20712702072041278, -0.8698643752343853, 0.08014945928561268, -0.7416264326591246, 0.22912569270066396, -0.2726993059103242, 0.5355160686614915, -0.902931727160895, -0.7803637637643119, 0.36804643024725525, 0.029307394167312983, 0.1432827432294983, 0.6874139879813108, -0.024524721700651453, 0.6202888442522898, 0.020487258589880097, 0.8534413864805024, 0.333855543079252, -0.7025463211318861, -0.27089364934848836, 0.7315498318881986, -0.29942957828896866, -0.6219484810876903, -0.0547573816684539, -0.21443765035574014, 0.23785985328818726, -0.12646741612097356, -0.47815568541100895, -0.17505557667448635, -0.16193193089539926, 0.8048437117522818, 0.9592325240809707, 0.24713767881382775, -0.8336317548582777, 0.46599743519199, 0.357370804957968, 0.6520457340504391, -0.3050973265778887, -0.8822398116837538, 0.2236436329105842, -0.751970763373456, 0.5190590583266628, 0.5888466351532844, -0.18274642650020412, 0.8875950117660911, -0.6524404124894483, 0.8851716994539605]",rhc,relu,False,False,100,[10],0.1,100,1
111,11,0.05699730000924319,1.853511939309139,169.0,100,15,"[0.9340596780273533, 0.09446449835144466, 0.9453687199297687, 0.4296319873487293, 0.3954576491945416, -0.5678210088392472, 0.9525489095524835, -0.9875394895908203, -0.4940352752331121, -0.13041693519110842, 0.5587658435875049, -0.6046298507994938, 0.7259864711984445, 0.9668013543506255, -0.6723155171906026, 0.19466788786571843, -0.98202780466489, -0.22685743471274122, -0.9116798841370009, 0.9133059354284718, -0.1277067062404047, 0.8979546135631256, 0.5726119718701219, 0.7325785971633969, -0.6536691570081037, -0.850102825973786, 0.2014854427555386, -0.6640556325631923, 0.4667603350211398, -0.18311227969597055, 0.05581764683584067, 0.875143167901884, 0.043392244889916, -0.7836132342255386, -0.6835531856304011, 0.09040530340642561, 0.04880816013694678, 0.2752204882519873, -0.1970091128194542, 0.2996102180386846, -0.20619999419653467, 0.24783222709644614, 0.5348099341802477, -0.6420521799177383, -0.24884846282491524, 0.005066118653868745, 0.3733341598326916, -0.4926407026772337, 0.10948172588511706, 0.24986168812819542, 0.7910023321122921, -0.27429282313374714, 0.2751141460374733, -0.6171071957620733, -0.004411770765388567, -0.6351091908575863, 0.8367660782795254, -0.13635585731754474, 0.6603762041966925, -0.16644739064327485, 0.8093351774867339, -0.19034956537818792, -0.33765099381775454, 0.14427754054549724, 0.6908872981882266, 0.7220286235061439, 0.19137623413666893, -0.8306767779591795, 0.19453321463834983, -0.5090925828337958, 0.46518689717993555, 0.7893025846334776, 0.0294679418262902, 0.20712702072041278, -0.8698643752343853, 0.08014945928561268, -0.7416264326591246, 0.22912569270066396, -0.2726993059103242, 0.5355160686614915, -0.902931727160895, -0.7803637637643119, 0.36804643024725525, 0.029307394167312983, 0.1432827432294983, 0.6874139879813108, -0.024524721700651453, 0.6202888442522898, 0.020487258589880097, 0.8534413864805024, 0.333855543079252, -0.7025463211318861, -0.27089364934848836, 0.7315498318881986, -0.29942957828896866, -0.6219484810876903, -0.0547573816684539, -0.21443765035574014, 0.23785985328818726, -0.12646741612097356, -0.47815568541100895, -0.17505557667448635, -0.16193193089539926, 0.8048437117522818, 0.9592325240809707, 0.24713767881382775, -0.8336317548582777, 0.46599743519199, 0.357370804957968, 0.6520457340504391, -0.3050973265778887, -0.8822398116837538, 0.2236436329105842, -0.751970763373456, 0.5190590583266628, 0.5888466351532844, -0.18274642650020412, 0.8875950117660911, -0.6524404124894483, 0.8851716994539605]",rhc,relu,False,False,100,[10],0.1,100,1
112,12,0.05975670006591827,1.853511939309139,170.0,100,15,"[0.9340596780273533, 0.09446449835144466, 0.9453687199297687, 0.4296319873487293, 0.3954576491945416, -0.5678210088392472, 0.9525489095524835, -0.9875394895908203, -0.4940352752331121, -0.13041693519110842, 0.5587658435875049, -0.6046298507994938, 0.7259864711984445, 0.9668013543506255, -0.6723155171906026, 0.19466788786571843, -0.98202780466489, -0.22685743471274122, -0.9116798841370009, 0.9133059354284718, -0.1277067062404047, 0.8979546135631256, 0.5726119718701219, 0.7325785971633969, -0.6536691570081037, -0.850102825973786, 0.2014854427555386, -0.6640556325631923, 0.4667603350211398, -0.18311227969597055, 0.05581764683584067, 0.875143167901884, 0.043392244889916, -0.7836132342255386, -0.6835531856304011, 0.09040530340642561, 0.04880816013694678, 0.2752204882519873, -0.1970091128194542, 0.2996102180386846, -0.20619999419653467, 0.24783222709644614, 0.5348099341802477, -0.6420521799177383, -0.24884846282491524, 0.005066118653868745, 0.3733341598326916, -0.4926407026772337, 0.10948172588511706, 0.24986168812819542, 0.7910023321122921, -0.27429282313374714, 0.2751141460374733, -0.6171071957620733, -0.004411770765388567, -0.6351091908575863, 0.8367660782795254, -0.13635585731754474, 0.6603762041966925, -0.16644739064327485, 0.8093351774867339, -0.19034956537818792, -0.33765099381775454, 0.14427754054549724, 0.6908872981882266, 0.7220286235061439, 0.19137623413666893, -0.8306767779591795, 0.19453321463834983, -0.5090925828337958, 0.46518689717993555, 0.7893025846334776, 0.0294679418262902, 0.20712702072041278, -0.8698643752343853, 0.08014945928561268, -0.7416264326591246, 0.22912569270066396, -0.2726993059103242, 0.5355160686614915, -0.902931727160895, -0.7803637637643119, 0.36804643024725525, 0.029307394167312983, 0.1432827432294983, 0.6874139879813108, -0.024524721700651453, 0.6202888442522898, 0.020487258589880097, 0.8534413864805024, 0.333855543079252, -0.7025463211318861, -0.27089364934848836, 0.7315498318881986, -0.29942957828896866, -0.6219484810876903, -0.0547573816684539, -0.21443765035574014, 0.23785985328818726, -0.12646741612097356, -0.47815568541100895, -0.17505557667448635, -0.16193193089539926, 0.8048437117522818, 0.9592325240809707, 0.24713767881382775, -0.8336317548582777, 0.46599743519199, 0.357370804957968, 0.6520457340504391, -0.3050973265778887, -0.8822398116837538, 0.2236436329105842, -0.751970763373456, 0.5190590583266628, 0.5888466351532844, -0.18274642650020412, 0.8875950117660911, -0.6524404124894483, 0.8851716994539605]",rhc,relu,False,False,100,[10],0.1,100,1
113,13,0.06276760005857795,1.8529063720410637,172.0,100,15,"[0.9340596780273533, 0.09446449835144466, 0.9453687199297687, 0.4296319873487293, 0.3954576491945416, -0.5678210088392472, 0.9525489095524835, -0.9875394895908203, -0.4940352752331121, -0.13041693519110842, 0.5587658435875049, -0.6046298507994938, 0.7259864711984445, 0.9668013543506255, -0.6723155171906026, 0.19466788786571843, -0.98202780466489, -0.22685743471274122, -0.9116798841370009, 0.9133059354284718, -0.1277067062404047, 0.8979546135631256, 0.5726119718701219, 0.7325785971633969, -0.6536691570081037, -0.850102825973786, 0.2014854427555386, -0.6640556325631923, 0.4667603350211398, -0.18311227969597055, 0.05581764683584067, 0.875143167901884, 0.043392244889916, -0.7836132342255386, -0.6835531856304011, 0.09040530340642561, 0.04880816013694678, 0.2752204882519873, -0.1970091128194542, 0.2996102180386846, -0.20619999419653467, 0.24783222709644614, 0.5348099341802477, -0.6420521799177383, -0.24884846282491524, 0.005066118653868745, 0.3733341598326916, -0.4926407026772337, 0.10948172588511706, 0.24986168812819542, 0.7910023321122921, -0.27429282313374714, 0.2751141460374733, -0.6171071957620733, -0.004411770765388567, -0.6351091908575863, 0.8367660782795254, -0.13635585731754474, 0.6603762041966925, -0.16644739064327485, 0.8093351774867339, -0.19034956537818792, -0.33765099381775454, 0.14427754054549724, 0.6908872981882266, 0.7220286235061439, 0.19137623413666893, -0.8306767779591795, 0.19453321463834983, -0.5090925828337958, 0.46518689717993555, 0.7893025846334776, 0.0294679418262902, 0.20712702072041278, -0.8698643752343853, 0.08014945928561268, -0.7416264326591246, 0.22912569270066396, -0.2726993059103242, 0.5355160686614915, -0.902931727160895, -0.7803637637643119, 0.36804643024725525, 0.029307394167312983, 0.1432827432294983, 0.6874139879813108, -0.024524721700651453, 0.6202888442522898, 0.020487258589880097, 0.8534413864805024, 0.333855543079252, -0.7025463211318861, -0.27089364934848836, 0.7315498318881986, -0.29942957828896866, -0.6219484810876903, -0.0547573816684539, -0.21443765035574014, 0.23785985328818726, -0.12646741612097356, -0.47815568541100895, -0.17505557667448635, -0.16193193089539926, 0.8048437117522818, 0.9592325240809707, 0.24713767881382775, -0.8336317548582777, 0.46599743519199, 0.357370804957968, 0.6520457340504391, -0.3050973265778887, -0.8822398116837538, 0.2236436329105842, -0.751970763373456, 0.5190590583266628, 0.5888466351532844, -0.18274642650020412, 0.8875950117660911, -0.6524404124894483, 0.8851716994539605]",rhc,relu,False,False,100,[10],0.1,100,1
114,14,0.06632550002541393,1.8529063720410637,173.0,100,15,"[0.9340596780273533, 0.09446449835144466, 0.9453687199297687, 0.4296319873487293, 0.3954576491945416, -0.5678210088392472, 0.9525489095524835, -0.9875394895908203, -0.4940352752331121, -0.13041693519110842, 0.5587658435875049, -0.6046298507994938, 0.7259864711984445, 0.9668013543506255, -0.6723155171906026, 0.19466788786571843, -0.98202780466489, -0.22685743471274122, -0.9116798841370009, 0.9133059354284718, -0.1277067062404047, 0.8979546135631256, 0.5726119718701219, 0.7325785971633969, -0.6536691570081037, -0.850102825973786, 0.2014854427555386, -0.6640556325631923, 0.4667603350211398, -0.18311227969597055, 0.05581764683584067, 0.875143167901884, 0.043392244889916, -0.7836132342255386, -0.6835531856304011, 0.09040530340642561, 0.04880816013694678, 0.2752204882519873, -0.1970091128194542, 0.2996102180386846, -0.20619999419653467, 0.24783222709644614, 0.5348099341802477, -0.6420521799177383, -0.24884846282491524, 0.005066118653868745, 0.3733341598326916, -0.4926407026772337, 0.10948172588511706, 0.24986168812819542, 0.7910023321122921, -0.27429282313374714, 0.2751141460374733, -0.6171071957620733, -0.004411770765388567, -0.6351091908575863, 0.8367660782795254, -0.13635585731754474, 0.6603762041966925, -0.16644739064327485, 0.8093351774867339, -0.19034956537818792, -0.33765099381775454, 0.14427754054549724, 0.6908872981882266, 0.7220286235061439, 0.19137623413666893, -0.8306767779591795, 0.19453321463834983, -0.5090925828337958, 0.46518689717993555, 0.7893025846334776, 0.0294679418262902, 0.20712702072041278, -0.8698643752343853, 0.08014945928561268, -0.7416264326591246, 0.22912569270066396, -0.2726993059103242, 0.5355160686614915, -0.902931727160895, -0.7803637637643119, 0.36804643024725525, 0.029307394167312983, 0.1432827432294983, 0.6874139879813108, -0.024524721700651453, 0.6202888442522898, 0.020487258589880097, 0.8534413864805024, 0.333855543079252, -0.7025463211318861, -0.27089364934848836, 0.7315498318881986, -0.29942957828896866, -0.6219484810876903, -0.0547573816684539, -0.21443765035574014, 0.23785985328818726, -0.12646741612097356, -0.47815568541100895, -0.17505557667448635, -0.16193193089539926, 0.8048437117522818, 0.9592325240809707, 0.24713767881382775, -0.8336317548582777, 0.46599743519199, 0.357370804957968, 0.6520457340504391, -0.3050973265778887, -0.8822398116837538, 0.2236436329105842, -0.751970763373456, 0.5190590583266628, 0.5888466351532844, -0.18274642650020412, 0.8875950117660911, -0.6524404124894483, 0.8851716994539605]",rhc,relu,False,False,100,[10],0.1,100,1
115,15,0.06922320008743554,1.8529063720410637,174.0,100,15,"[0.9340596780273533, 0.09446449835144466, 0.9453687199297687, 0.4296319873487293, 0.3954576491945416, -0.5678210088392472, 0.9525489095524835, -0.9875394895908203, -0.4940352752331121, -0.13041693519110842, 0.5587658435875049, -0.6046298507994938, 0.7259864711984445, 0.9668013543506255, -0.6723155171906026, 0.19466788786571843, -0.98202780466489, -0.22685743471274122, -0.9116798841370009, 0.9133059354284718, -0.1277067062404047, 0.8979546135631256, 0.5726119718701219, 0.7325785971633969, -0.6536691570081037, -0.850102825973786, 0.2014854427555386, -0.6640556325631923, 0.4667603350211398, -0.18311227969597055, 0.05581764683584067, 0.875143167901884, 0.043392244889916, -0.7836132342255386, -0.6835531856304011, 0.09040530340642561, 0.04880816013694678, 0.2752204882519873, -0.1970091128194542, 0.2996102180386846, -0.20619999419653467, 0.24783222709644614, 0.5348099341802477, -0.6420521799177383, -0.24884846282491524, 0.005066118653868745, 0.3733341598326916, -0.4926407026772337, 0.10948172588511706, 0.24986168812819542, 0.7910023321122921, -0.27429282313374714, 0.2751141460374733, -0.6171071957620733, -0.004411770765388567, -0.6351091908575863, 0.8367660782795254, -0.13635585731754474, 0.6603762041966925, -0.16644739064327485, 0.8093351774867339, -0.19034956537818792, -0.33765099381775454, 0.14427754054549724, 0.6908872981882266, 0.7220286235061439, 0.19137623413666893, -0.8306767779591795, 0.19453321463834983, -0.5090925828337958, 0.46518689717993555, 0.7893025846334776, 0.0294679418262902, 0.20712702072041278, -0.8698643752343853, 0.08014945928561268, -0.7416264326591246, 0.22912569270066396, -0.2726993059103242, 0.5355160686614915, -0.902931727160895, -0.7803637637643119, 0.36804643024725525, 0.029307394167312983, 0.1432827432294983, 0.6874139879813108, -0.024524721700651453, 0.6202888442522898, 0.020487258589880097, 0.8534413864805024, 0.333855543079252, -0.7025463211318861, -0.27089364934848836, 0.7315498318881986, -0.29942957828896866, -0.6219484810876903, -0.0547573816684539, -0.21443765035574014, 0.23785985328818726, -0.12646741612097356, -0.47815568541100895, -0.17505557667448635, -0.16193193089539926, 0.8048437117522818, 0.9592325240809707, 0.24713767881382775, -0.8336317548582777, 0.46599743519199, 0.357370804957968, 0.6520457340504391, -0.3050973265778887, -0.8822398116837538, 0.2236436329105842, -0.751970763373456, 0.5190590583266628, 0.5888466351532844, -0.18274642650020412, 0.8875950117660911, -0.6524404124894483, 0.8851716994539605]",rhc,relu,False,False,100,[10],0.1,100,1
116,16,0.07063110009767115,1.8513260622235896,176.0,100,15,"[0.9340596780273533, 0.09446449835144466, 0.9453687199297687, 0.4296319873487293, 0.3954576491945416, -0.5678210088392472, 0.9525489095524835, -0.9875394895908203, -0.4940352752331121, -0.13041693519110842, 0.5587658435875049, -0.6046298507994938, 0.7259864711984445, 0.9668013543506255, -0.6723155171906026, 0.19466788786571843, -0.98202780466489, -0.22685743471274122, -0.9116798841370009, 0.9133059354284718, -0.1277067062404047, 0.8979546135631256, 0.5726119718701219, 0.7325785971633969, -0.6536691570081037, -0.850102825973786, 0.2014854427555386, -0.6640556325631923, 0.4667603350211398, -0.18311227969597055, 0.05581764683584067, 0.875143167901884, 0.043392244889916, -0.7836132342255386, -0.6835531856304011, 0.09040530340642561, 0.04880816013694678, 0.2752204882519873, -0.1970091128194542, 0.2996102180386846, -0.20619999419653467, 0.24783222709644614, 0.5348099341802477, -0.6420521799177383, -0.24884846282491524, 0.005066118653868745, 0.3733341598326916, -0.4926407026772337, 0.10948172588511706, 0.24986168812819542, 0.7910023321122921, -0.27429282313374714, 0.2751141460374733, -0.6171071957620733, -0.004411770765388567, -0.6351091908575863, 0.8367660782795254, -0.13635585731754474, 0.6603762041966925, -0.16644739064327485, 0.8093351774867339, -0.19034956537818792, -0.33765099381775454, 0.14427754054549724, 0.6908872981882266, 0.7220286235061439, 0.19137623413666893, -0.8306767779591795, 0.19453321463834983, -0.5090925828337958, 0.46518689717993555, 0.7893025846334776, 0.0294679418262902, 0.20712702072041278, -0.8698643752343853, 0.08014945928561268, -0.7416264326591246, 0.22912569270066396, -0.2726993059103242, 0.5355160686614915, -0.902931727160895, -0.7803637637643119, 0.36804643024725525, 0.029307394167312983, 0.1432827432294983, 0.6874139879813108, -0.024524721700651453, 0.6202888442522898, 0.020487258589880097, 0.8534413864805024, 0.333855543079252, -0.7025463211318861, -0.27089364934848836, 0.7315498318881986, -0.29942957828896866, -0.6219484810876903, -0.0547573816684539, -0.21443765035574014, 0.23785985328818726, -0.12646741612097356, -0.47815568541100895, -0.17505557667448635, -0.16193193089539926, 0.8048437117522818, 0.9592325240809707, 0.24713767881382775, -0.8336317548582777, 0.46599743519199, 0.357370804957968, 0.6520457340504391, -0.3050973265778887, -0.8822398116837538, 0.2236436329105842, -0.751970763373456, 0.5190590583266628, 0.5888466351532844, -0.18274642650020412, 0.8875950117660911, -0.6524404124894483, 0.8851716994539605]",rhc,relu,False,False,100,[10],0.1,100,1
117,17,0.07200020004529506,1.8297665822464186,178.0,100,15,"[0.9340596780273533, 0.09446449835144466, 0.9453687199297687, 0.4296319873487293, 0.3954576491945416, -0.5678210088392472, 0.9525489095524835, -0.9875394895908203, -0.4940352752331121, -0.13041693519110842, 0.5587658435875049, -0.6046298507994938, 0.7259864711984445, 0.9668013543506255, -0.6723155171906026, 0.19466788786571843, -0.98202780466489, -0.22685743471274122, -0.9116798841370009, 0.9133059354284718, -0.1277067062404047, 0.8979546135631256, 0.5726119718701219, 0.7325785971633969, -0.6536691570081037, -0.850102825973786, 0.2014854427555386, -0.6640556325631923, 0.4667603350211398, -0.18311227969597055, 0.05581764683584067, 0.875143167901884, 0.043392244889916, -0.7836132342255386, -0.6835531856304011, 0.09040530340642561, 0.04880816013694678, 0.2752204882519873, -0.1970091128194542, 0.2996102180386846, -0.20619999419653467, 0.24783222709644614, 0.5348099341802477, -0.6420521799177383, -0.24884846282491524, 0.005066118653868745, 0.3733341598326916, -0.4926407026772337, 0.10948172588511706, 0.24986168812819542, 0.7910023321122921, -0.27429282313374714, 0.2751141460374733, -0.6171071957620733, -0.004411770765388567, -0.6351091908575863, 0.8367660782795254, -0.13635585731754474, 0.6603762041966925, -0.16644739064327485, 0.8093351774867339, -0.19034956537818792, -0.33765099381775454, 0.14427754054549724, 0.6908872981882266, 0.7220286235061439, 0.19137623413666893, -0.8306767779591795, 0.19453321463834983, -0.5090925828337958, 0.46518689717993555, 0.7893025846334776, 0.0294679418262902, 0.20712702072041278, -0.8698643752343853, 0.08014945928561268, -0.7416264326591246, 0.22912569270066396, -0.2726993059103242, 0.5355160686614915, -0.902931727160895, -0.7803637637643119, 0.36804643024725525, 0.029307394167312983, 0.1432827432294983, 0.6874139879813108, -0.024524721700651453, 0.6202888442522898, 0.020487258589880097, 0.8534413864805024, 0.333855543079252, -0.7025463211318861, -0.27089364934848836, 0.7315498318881986, -0.29942957828896866, -0.6219484810876903, -0.0547573816684539, -0.21443765035574014, 0.23785985328818726, -0.12646741612097356, -0.47815568541100895, -0.17505557667448635, -0.16193193089539926, 0.8048437117522818, 0.9592325240809707, 0.24713767881382775, -0.8336317548582777, 0.46599743519199, 0.357370804957968, 0.6520457340504391, -0.3050973265778887, -0.8822398116837538, 0.2236436329105842, -0.751970763373456, 0.5190590583266628, 0.5888466351532844, -0.18274642650020412, 0.8875950117660911, -0.6524404124894483, 0.8851716994539605]",rhc,relu,False,False,100,[10],0.1,100,1
118,18,0.07342060003429651,1.8297665822464186,179.0,100,15,"[0.9340596780273533, 0.09446449835144466, 0.9453687199297687, 0.4296319873487293, 0.3954576491945416, -0.5678210088392472, 0.9525489095524835, -0.9875394895908203, -0.4940352752331121, -0.13041693519110842, 0.5587658435875049, -0.6046298507994938, 0.7259864711984445, 0.9668013543506255, -0.6723155171906026, 0.19466788786571843, -0.98202780466489, -0.22685743471274122, -0.9116798841370009, 0.9133059354284718, -0.1277067062404047, 0.8979546135631256, 0.5726119718701219, 0.7325785971633969, -0.6536691570081037, -0.850102825973786, 0.2014854427555386, -0.6640556325631923, 0.4667603350211398, -0.18311227969597055, 0.05581764683584067, 0.875143167901884, 0.043392244889916, -0.7836132342255386, -0.6835531856304011, 0.09040530340642561, 0.04880816013694678, 0.2752204882519873, -0.1970091128194542, 0.2996102180386846, -0.20619999419653467, 0.24783222709644614, 0.5348099341802477, -0.6420521799177383, -0.24884846282491524, 0.005066118653868745, 0.3733341598326916, -0.4926407026772337, 0.10948172588511706, 0.24986168812819542, 0.7910023321122921, -0.27429282313374714, 0.2751141460374733, -0.6171071957620733, -0.004411770765388567, -0.6351091908575863, 0.8367660782795254, -0.13635585731754474, 0.6603762041966925, -0.16644739064327485, 0.8093351774867339, -0.19034956537818792, -0.33765099381775454, 0.14427754054549724, 0.6908872981882266, 0.7220286235061439, 0.19137623413666893, -0.8306767779591795, 0.19453321463834983, -0.5090925828337958, 0.46518689717993555, 0.7893025846334776, 0.0294679418262902, 0.20712702072041278, -0.8698643752343853, 0.08014945928561268, -0.7416264326591246, 0.22912569270066396, -0.2726993059103242, 0.5355160686614915, -0.902931727160895, -0.7803637637643119, 0.36804643024725525, 0.029307394167312983, 0.1432827432294983, 0.6874139879813108, -0.024524721700651453, 0.6202888442522898, 0.020487258589880097, 0.8534413864805024, 0.333855543079252, -0.7025463211318861, -0.27089364934848836, 0.7315498318881986, -0.29942957828896866, -0.6219484810876903, -0.0547573816684539, -0.21443765035574014, 0.23785985328818726, -0.12646741612097356, -0.47815568541100895, -0.17505557667448635, -0.16193193089539926, 0.8048437117522818, 0.9592325240809707, 0.24713767881382775, -0.8336317548582777, 0.46599743519199, 0.357370804957968, 0.6520457340504391, -0.3050973265778887, -0.8822398116837538, 0.2236436329105842, -0.751970763373456, 0.5190590583266628, 0.5888466351532844, -0.18274642650020412, 0.8875950117660911, -0.6524404124894483, 0.8851716994539605]",rhc,relu,False,False,100,[10],0.1,100,1
119,19,0.07618380000349134,1.8210430782687277,181.0,100,15,"[0.9340596780273533, 0.09446449835144466, 0.9453687199297687, 0.4296319873487293, 0.3954576491945416, -0.5678210088392472, 0.9525489095524835, -0.9875394895908203, -0.4940352752331121, -0.13041693519110842, 0.5587658435875049, -0.6046298507994938, 0.7259864711984445, 0.9668013543506255, -0.6723155171906026, 0.19466788786571843, -0.98202780466489, -0.22685743471274122, -0.9116798841370009, 0.9133059354284718, -0.1277067062404047, 0.8979546135631256, 0.5726119718701219, 0.7325785971633969, -0.6536691570081037, -0.850102825973786, 0.2014854427555386, -0.6640556325631923, 0.4667603350211398, -0.18311227969597055, 0.05581764683584067, 0.875143167901884, 0.043392244889916, -0.7836132342255386, -0.6835531856304011, 0.09040530340642561, 0.04880816013694678, 0.2752204882519873, -0.1970091128194542, 0.2996102180386846, -0.20619999419653467, 0.24783222709644614, 0.5348099341802477, -0.6420521799177383, -0.24884846282491524, 0.005066118653868745, 0.3733341598326916, -0.4926407026772337, 0.10948172588511706, 0.24986168812819542, 0.7910023321122921, -0.27429282313374714, 0.2751141460374733, -0.6171071957620733, -0.004411770765388567, -0.6351091908575863, 0.8367660782795254, -0.13635585731754474, 0.6603762041966925, -0.16644739064327485, 0.8093351774867339, -0.19034956537818792, -0.33765099381775454, 0.14427754054549724, 0.6908872981882266, 0.7220286235061439, 0.19137623413666893, -0.8306767779591795, 0.19453321463834983, -0.5090925828337958, 0.46518689717993555, 0.7893025846334776, 0.0294679418262902, 0.20712702072041278, -0.8698643752343853, 0.08014945928561268, -0.7416264326591246, 0.22912569270066396, -0.2726993059103242, 0.5355160686614915, -0.902931727160895, -0.7803637637643119, 0.36804643024725525, 0.029307394167312983, 0.1432827432294983, 0.6874139879813108, -0.024524721700651453, 0.6202888442522898, 0.020487258589880097, 0.8534413864805024, 0.333855543079252, -0.7025463211318861, -0.27089364934848836, 0.7315498318881986, -0.29942957828896866, -0.6219484810876903, -0.0547573816684539, -0.21443765035574014, 0.23785985328818726, -0.12646741612097356, -0.47815568541100895, -0.17505557667448635, -0.16193193089539926, 0.8048437117522818, 0.9592325240809707, 0.24713767881382775, -0.8336317548582777, 0.46599743519199, 0.357370804957968, 0.6520457340504391, -0.3050973265778887, -0.8822398116837538, 0.2236436329105842, -0.751970763373456, 0.5190590583266628, 0.5888466351532844, -0.18274642650020412, 0.8875950117660911, -0.6524404124894483, 0.8851716994539605]",rhc,relu,False,False,100,[10],0.1,100,1
120,20,0.07762070000171661,1.8210430782687277,182.0,100,15,"[0.9340596780273533, 0.09446449835144466, 0.9453687199297687, 0.4296319873487293, 0.3954576491945416, -0.5678210088392472, 0.9525489095524835, -0.9875394895908203, -0.4940352752331121, -0.13041693519110842, 0.5587658435875049, -0.6046298507994938, 0.7259864711984445, 0.9668013543506255, -0.6723155171906026, 0.19466788786571843, -0.98202780466489, -0.22685743471274122, -0.9116798841370009, 0.9133059354284718, -0.1277067062404047, 0.8979546135631256, 0.5726119718701219, 0.7325785971633969, -0.6536691570081037, -0.850102825973786, 0.2014854427555386, -0.6640556325631923, 0.4667603350211398, -0.18311227969597055, 0.05581764683584067, 0.875143167901884, 0.043392244889916, -0.7836132342255386, -0.6835531856304011, 0.09040530340642561, 0.04880816013694678, 0.2752204882519873, -0.1970091128194542, 0.2996102180386846, -0.20619999419653467, 0.24783222709644614, 0.5348099341802477, -0.6420521799177383, -0.24884846282491524, 0.005066118653868745, 0.3733341598326916, -0.4926407026772337, 0.10948172588511706, 0.24986168812819542, 0.7910023321122921, -0.27429282313374714, 0.2751141460374733, -0.6171071957620733, -0.004411770765388567, -0.6351091908575863, 0.8367660782795254, -0.13635585731754474, 0.6603762041966925, -0.16644739064327485, 0.8093351774867339, -0.19034956537818792, -0.33765099381775454, 0.14427754054549724, 0.6908872981882266, 0.7220286235061439, 0.19137623413666893, -0.8306767779591795, 0.19453321463834983, -0.5090925828337958, 0.46518689717993555, 0.7893025846334776, 0.0294679418262902, 0.20712702072041278, -0.8698643752343853, 0.08014945928561268, -0.7416264326591246, 0.22912569270066396, -0.2726993059103242, 0.5355160686614915, -0.902931727160895, -0.7803637637643119, 0.36804643024725525, 0.029307394167312983, 0.1432827432294983, 0.6874139879813108, -0.024524721700651453, 0.6202888442522898, 0.020487258589880097, 0.8534413864805024, 0.333855543079252, -0.7025463211318861, -0.27089364934848836, 0.7315498318881986, -0.29942957828896866, -0.6219484810876903, -0.0547573816684539, -0.21443765035574014, 0.23785985328818726, -0.12646741612097356, -0.47815568541100895, -0.17505557667448635, -0.16193193089539926, 0.8048437117522818, 0.9592325240809707, 0.24713767881382775, -0.8336317548582777, 0.46599743519199, 0.357370804957968, 0.6520457340504391, -0.3050973265778887, -0.8822398116837538, 0.2236436329105842, -0.751970763373456, 0.5190590583266628, 0.5888466351532844, -0.18274642650020412, 0.8875950117660911, -0.6524404124894483, 0.8851716994539605]",rhc,relu,False,False,100,[10],0.1,100,1
121,21,0.07905250007752329,1.8100927947157102,184.0,100,15,"[0.9340596780273533, 0.09446449835144466, 0.9453687199297687, 0.4296319873487293, 0.3954576491945416, -0.5678210088392472, 0.9525489095524835, -0.9875394895908203, -0.4940352752331121, -0.13041693519110842, 0.5587658435875049, -0.6046298507994938, 0.7259864711984445, 0.9668013543506255, -0.6723155171906026, 0.19466788786571843, -0.98202780466489, -0.22685743471274122, -0.9116798841370009, 0.9133059354284718, -0.1277067062404047, 0.8979546135631256, 0.5726119718701219, 0.7325785971633969, -0.6536691570081037, -0.850102825973786, 0.2014854427555386, -0.6640556325631923, 0.4667603350211398, -0.18311227969597055, 0.05581764683584067, 0.875143167901884, 0.043392244889916, -0.7836132342255386, -0.6835531856304011, 0.09040530340642561, 0.04880816013694678, 0.2752204882519873, -0.1970091128194542, 0.2996102180386846, -0.20619999419653467, 0.24783222709644614, 0.5348099341802477, -0.6420521799177383, -0.24884846282491524, 0.005066118653868745, 0.3733341598326916, -0.4926407026772337, 0.10948172588511706, 0.24986168812819542, 0.7910023321122921, -0.27429282313374714, 0.2751141460374733, -0.6171071957620733, -0.004411770765388567, -0.6351091908575863, 0.8367660782795254, -0.13635585731754474, 0.6603762041966925, -0.16644739064327485, 0.8093351774867339, -0.19034956537818792, -0.33765099381775454, 0.14427754054549724, 0.6908872981882266, 0.7220286235061439, 0.19137623413666893, -0.8306767779591795, 0.19453321463834983, -0.5090925828337958, 0.46518689717993555, 0.7893025846334776, 0.0294679418262902, 0.20712702072041278, -0.8698643752343853, 0.08014945928561268, -0.7416264326591246, 0.22912569270066396, -0.2726993059103242, 0.5355160686614915, -0.902931727160895, -0.7803637637643119, 0.36804643024725525, 0.029307394167312983, 0.1432827432294983, 0.6874139879813108, -0.024524721700651453, 0.6202888442522898, 0.020487258589880097, 0.8534413864805024, 0.333855543079252, -0.7025463211318861, -0.27089364934848836, 0.7315498318881986, -0.29942957828896866, -0.6219484810876903, -0.0547573816684539, -0.21443765035574014, 0.23785985328818726, -0.12646741612097356, -0.47815568541100895, -0.17505557667448635, -0.16193193089539926, 0.8048437117522818, 0.9592325240809707, 0.24713767881382775, -0.8336317548582777, 0.46599743519199, 0.357370804957968, 0.6520457340504391, -0.3050973265778887, -0.8822398116837538, 0.2236436329105842, -0.751970763373456, 0.5190590583266628, 0.5888466351532844, -0.18274642650020412, 0.8875950117660911, -0.6524404124894483, 0.8851716994539605]",rhc,relu,False,False,100,[10],0.1,100,1
122,22,0.08195150003302842,1.807944447794623,186.0,100,15,"[0.9340596780273533, 0.09446449835144466, 0.9453687199297687, 0.4296319873487293, 0.3954576491945416, -0.5678210088392472, 0.9525489095524835, -0.9875394895908203, -0.4940352752331121, -0.13041693519110842, 0.5587658435875049, -0.6046298507994938, 0.7259864711984445, 0.9668013543506255, -0.6723155171906026, 0.19466788786571843, -0.98202780466489, -0.22685743471274122, -0.9116798841370009, 0.9133059354284718, -0.1277067062404047, 0.8979546135631256, 0.5726119718701219, 0.7325785971633969, -0.6536691570081037, -0.850102825973786, 0.2014854427555386, -0.6640556325631923, 0.4667603350211398, -0.18311227969597055, 0.05581764683584067, 0.875143167901884, 0.043392244889916, -0.7836132342255386, -0.6835531856304011, 0.09040530340642561, 0.04880816013694678, 0.2752204882519873, -0.1970091128194542, 0.2996102180386846, -0.20619999419653467, 0.24783222709644614, 0.5348099341802477, -0.6420521799177383, -0.24884846282491524, 0.005066118653868745, 0.3733341598326916, -0.4926407026772337, 0.10948172588511706, 0.24986168812819542, 0.7910023321122921, -0.27429282313374714, 0.2751141460374733, -0.6171071957620733, -0.004411770765388567, -0.6351091908575863, 0.8367660782795254, -0.13635585731754474, 0.6603762041966925, -0.16644739064327485, 0.8093351774867339, -0.19034956537818792, -0.33765099381775454, 0.14427754054549724, 0.6908872981882266, 0.7220286235061439, 0.19137623413666893, -0.8306767779591795, 0.19453321463834983, -0.5090925828337958, 0.46518689717993555, 0.7893025846334776, 0.0294679418262902, 0.20712702072041278, -0.8698643752343853, 0.08014945928561268, -0.7416264326591246, 0.22912569270066396, -0.2726993059103242, 0.5355160686614915, -0.902931727160895, -0.7803637637643119, 0.36804643024725525, 0.029307394167312983, 0.1432827432294983, 0.6874139879813108, -0.024524721700651453, 0.6202888442522898, 0.020487258589880097, 0.8534413864805024, 0.333855543079252, -0.7025463211318861, -0.27089364934848836, 0.7315498318881986, -0.29942957828896866, -0.6219484810876903, -0.0547573816684539, -0.21443765035574014, 0.23785985328818726, -0.12646741612097356, -0.47815568541100895, -0.17505557667448635, -0.16193193089539926, 0.8048437117522818, 0.9592325240809707, 0.24713767881382775, -0.8336317548582777, 0.46599743519199, 0.357370804957968, 0.6520457340504391, -0.3050973265778887, -0.8822398116837538, 0.2236436329105842, -0.751970763373456, 0.5190590583266628, 0.5888466351532844, -0.18274642650020412, 0.8875950117660911, -0.6524404124894483, 0.8851716994539605]",rhc,relu,False,False,100,[10],0.1,100,1
123,23,0.08453910006210208,1.8076159501874316,188.0,100,15,"[0.9340596780273533, 0.09446449835144466, 0.9453687199297687, 0.4296319873487293, 0.3954576491945416, -0.5678210088392472, 0.9525489095524835, -0.9875394895908203, -0.4940352752331121, -0.13041693519110842, 0.5587658435875049, -0.6046298507994938, 0.7259864711984445, 0.9668013543506255, -0.6723155171906026, 0.19466788786571843, -0.98202780466489, -0.22685743471274122, -0.9116798841370009, 0.9133059354284718, -0.1277067062404047, 0.8979546135631256, 0.5726119718701219, 0.7325785971633969, -0.6536691570081037, -0.850102825973786, 0.2014854427555386, -0.6640556325631923, 0.4667603350211398, -0.18311227969597055, 0.05581764683584067, 0.875143167901884, 0.043392244889916, -0.7836132342255386, -0.6835531856304011, 0.09040530340642561, 0.04880816013694678, 0.2752204882519873, -0.1970091128194542, 0.2996102180386846, -0.20619999419653467, 0.24783222709644614, 0.5348099341802477, -0.6420521799177383, -0.24884846282491524, 0.005066118653868745, 0.3733341598326916, -0.4926407026772337, 0.10948172588511706, 0.24986168812819542, 0.7910023321122921, -0.27429282313374714, 0.2751141460374733, -0.6171071957620733, -0.004411770765388567, -0.6351091908575863, 0.8367660782795254, -0.13635585731754474, 0.6603762041966925, -0.16644739064327485, 0.8093351774867339, -0.19034956537818792, -0.33765099381775454, 0.14427754054549724, 0.6908872981882266, 0.7220286235061439, 0.19137623413666893, -0.8306767779591795, 0.19453321463834983, -0.5090925828337958, 0.46518689717993555, 0.7893025846334776, 0.0294679418262902, 0.20712702072041278, -0.8698643752343853, 0.08014945928561268, -0.7416264326591246, 0.22912569270066396, -0.2726993059103242, 0.5355160686614915, -0.902931727160895, -0.7803637637643119, 0.36804643024725525, 0.029307394167312983, 0.1432827432294983, 0.6874139879813108, -0.024524721700651453, 0.6202888442522898, 0.020487258589880097, 0.8534413864805024, 0.333855543079252, -0.7025463211318861, -0.27089364934848836, 0.7315498318881986, -0.29942957828896866, -0.6219484810876903, -0.0547573816684539, -0.21443765035574014, 0.23785985328818726, -0.12646741612097356, -0.47815568541100895, -0.17505557667448635, -0.16193193089539926, 0.8048437117522818, 0.9592325240809707, 0.24713767881382775, -0.8336317548582777, 0.46599743519199, 0.357370804957968, 0.6520457340504391, -0.3050973265778887, -0.8822398116837538, 0.2236436329105842, -0.751970763373456, 0.5190590583266628, 0.5888466351532844, -0.18274642650020412, 0.8875950117660911, -0.6524404124894483, 0.8851716994539605]",rhc,relu,False,False,100,[10],0.1,100,1
124,24,0.08600310003384948,1.7991132245656236,190.0,100,15,"[0.9340596780273533, 0.09446449835144466, 0.9453687199297687, 0.4296319873487293, 0.3954576491945416, -0.5678210088392472, 0.9525489095524835, -0.9875394895908203, -0.4940352752331121, -0.13041693519110842, 0.5587658435875049, -0.6046298507994938, 0.7259864711984445, 0.9668013543506255, -0.6723155171906026, 0.19466788786571843, -0.98202780466489, -0.22685743471274122, -0.9116798841370009, 0.9133059354284718, -0.1277067062404047, 0.8979546135631256, 0.5726119718701219, 0.7325785971633969, -0.6536691570081037, -0.850102825973786, 0.2014854427555386, -0.6640556325631923, 0.4667603350211398, -0.18311227969597055, 0.05581764683584067, 0.875143167901884, 0.043392244889916, -0.7836132342255386, -0.6835531856304011, 0.09040530340642561, 0.04880816013694678, 0.2752204882519873, -0.1970091128194542, 0.2996102180386846, -0.20619999419653467, 0.24783222709644614, 0.5348099341802477, -0.6420521799177383, -0.24884846282491524, 0.005066118653868745, 0.3733341598326916, -0.4926407026772337, 0.10948172588511706, 0.24986168812819542, 0.7910023321122921, -0.27429282313374714, 0.2751141460374733, -0.6171071957620733, -0.004411770765388567, -0.6351091908575863, 0.8367660782795254, -0.13635585731754474, 0.6603762041966925, -0.16644739064327485, 0.8093351774867339, -0.19034956537818792, -0.33765099381775454, 0.14427754054549724, 0.6908872981882266, 0.7220286235061439, 0.19137623413666893, -0.8306767779591795, 0.19453321463834983, -0.5090925828337958, 0.46518689717993555, 0.7893025846334776, 0.0294679418262902, 0.20712702072041278, -0.8698643752343853, 0.08014945928561268, -0.7416264326591246, 0.22912569270066396, -0.2726993059103242, 0.5355160686614915, -0.902931727160895, -0.7803637637643119, 0.36804643024725525, 0.029307394167312983, 0.1432827432294983, 0.6874139879813108, -0.024524721700651453, 0.6202888442522898, 0.020487258589880097, 0.8534413864805024, 0.333855543079252, -0.7025463211318861, -0.27089364934848836, 0.7315498318881986, -0.29942957828896866, -0.6219484810876903, -0.0547573816684539, -0.21443765035574014, 0.23785985328818726, -0.12646741612097356, -0.47815568541100895, -0.17505557667448635, -0.16193193089539926, 0.8048437117522818, 0.9592325240809707, 0.24713767881382775, -0.8336317548582777, 0.46599743519199, 0.357370804957968, 0.6520457340504391, -0.3050973265778887, -0.8822398116837538, 0.2236436329105842, -0.751970763373456, 0.5190590583266628, 0.5888466351532844, -0.18274642650020412, 0.8875950117660911, -0.6524404124894483, 0.8851716994539605]",rhc,relu,False,False,100,[10],0.1,100,1
125,25,0.08905609999783337,1.7953385967504194,192.0,100,15,"[0.9340596780273533, 0.09446449835144466, 0.9453687199297687, 0.4296319873487293, 0.3954576491945416, -0.5678210088392472, 0.9525489095524835, -0.9875394895908203, -0.4940352752331121, -0.13041693519110842, 0.5587658435875049, -0.6046298507994938, 0.7259864711984445, 0.9668013543506255, -0.6723155171906026, 0.19466788786571843, -0.98202780466489, -0.22685743471274122, -0.9116798841370009, 0.9133059354284718, -0.1277067062404047, 0.8979546135631256, 0.5726119718701219, 0.7325785971633969, -0.6536691570081037, -0.850102825973786, 0.2014854427555386, -0.6640556325631923, 0.4667603350211398, -0.18311227969597055, 0.05581764683584067, 0.875143167901884, 0.043392244889916, -0.7836132342255386, -0.6835531856304011, 0.09040530340642561, 0.04880816013694678, 0.2752204882519873, -0.1970091128194542, 0.2996102180386846, -0.20619999419653467, 0.24783222709644614, 0.5348099341802477, -0.6420521799177383, -0.24884846282491524, 0.005066118653868745, 0.3733341598326916, -0.4926407026772337, 0.10948172588511706, 0.24986168812819542, 0.7910023321122921, -0.27429282313374714, 0.2751141460374733, -0.6171071957620733, -0.004411770765388567, -0.6351091908575863, 0.8367660782795254, -0.13635585731754474, 0.6603762041966925, -0.16644739064327485, 0.8093351774867339, -0.19034956537818792, -0.33765099381775454, 0.14427754054549724, 0.6908872981882266, 0.7220286235061439, 0.19137623413666893, -0.8306767779591795, 0.19453321463834983, -0.5090925828337958, 0.46518689717993555, 0.7893025846334776, 0.0294679418262902, 0.20712702072041278, -0.8698643752343853, 0.08014945928561268, -0.7416264326591246, 0.22912569270066396, -0.2726993059103242, 0.5355160686614915, -0.902931727160895, -0.7803637637643119, 0.36804643024725525, 0.029307394167312983, 0.1432827432294983, 0.6874139879813108, -0.024524721700651453, 0.6202888442522898, 0.020487258589880097, 0.8534413864805024, 0.333855543079252, -0.7025463211318861, -0.27089364934848836, 0.7315498318881986, -0.29942957828896866, -0.6219484810876903, -0.0547573816684539, -0.21443765035574014, 0.23785985328818726, -0.12646741612097356, -0.47815568541100895, -0.17505557667448635, -0.16193193089539926, 0.8048437117522818, 0.9592325240809707, 0.24713767881382775, -0.8336317548582777, 0.46599743519199, 0.357370804957968, 0.6520457340504391, -0.3050973265778887, -0.8822398116837538, 0.2236436329105842, -0.751970763373456, 0.5190590583266628, 0.5888466351532844, -0.18274642650020412, 0.8875950117660911, -0.6524404124894483, 0.8851716994539605]",rhc,relu,False,False,100,[10],0.1,100,1
126,26,0.09043240000028163,1.7953385967504194,193.0,100,15,"[0.9340596780273533, 0.09446449835144466, 0.9453687199297687, 0.4296319873487293, 0.3954576491945416, -0.5678210088392472, 0.9525489095524835, -0.9875394895908203, -0.4940352752331121, -0.13041693519110842, 0.5587658435875049, -0.6046298507994938, 0.7259864711984445, 0.9668013543506255, -0.6723155171906026, 0.19466788786571843, -0.98202780466489, -0.22685743471274122, -0.9116798841370009, 0.9133059354284718, -0.1277067062404047, 0.8979546135631256, 0.5726119718701219, 0.7325785971633969, -0.6536691570081037, -0.850102825973786, 0.2014854427555386, -0.6640556325631923, 0.4667603350211398, -0.18311227969597055, 0.05581764683584067, 0.875143167901884, 0.043392244889916, -0.7836132342255386, -0.6835531856304011, 0.09040530340642561, 0.04880816013694678, 0.2752204882519873, -0.1970091128194542, 0.2996102180386846, -0.20619999419653467, 0.24783222709644614, 0.5348099341802477, -0.6420521799177383, -0.24884846282491524, 0.005066118653868745, 0.3733341598326916, -0.4926407026772337, 0.10948172588511706, 0.24986168812819542, 0.7910023321122921, -0.27429282313374714, 0.2751141460374733, -0.6171071957620733, -0.004411770765388567, -0.6351091908575863, 0.8367660782795254, -0.13635585731754474, 0.6603762041966925, -0.16644739064327485, 0.8093351774867339, -0.19034956537818792, -0.33765099381775454, 0.14427754054549724, 0.6908872981882266, 0.7220286235061439, 0.19137623413666893, -0.8306767779591795, 0.19453321463834983, -0.5090925828337958, 0.46518689717993555, 0.7893025846334776, 0.0294679418262902, 0.20712702072041278, -0.8698643752343853, 0.08014945928561268, -0.7416264326591246, 0.22912569270066396, -0.2726993059103242, 0.5355160686614915, -0.902931727160895, -0.7803637637643119, 0.36804643024725525, 0.029307394167312983, 0.1432827432294983, 0.6874139879813108, -0.024524721700651453, 0.6202888442522898, 0.020487258589880097, 0.8534413864805024, 0.333855543079252, -0.7025463211318861, -0.27089364934848836, 0.7315498318881986, -0.29942957828896866, -0.6219484810876903, -0.0547573816684539, -0.21443765035574014, 0.23785985328818726, -0.12646741612097356, -0.47815568541100895, -0.17505557667448635, -0.16193193089539926, 0.8048437117522818, 0.9592325240809707, 0.24713767881382775, -0.8336317548582777, 0.46599743519199, 0.357370804957968, 0.6520457340504391, -0.3050973265778887, -0.8822398116837538, 0.2236436329105842, -0.751970763373456, 0.5190590583266628, 0.5888466351532844, -0.18274642650020412, 0.8875950117660911, -0.6524404124894483, 0.8851716994539605]",rhc,relu,False,False,100,[10],0.1,100,1
127,27,0.09306690003722906,1.7926879581656396,195.0,100,15,"[0.9340596780273533, 0.09446449835144466, 0.9453687199297687, 0.4296319873487293, 0.3954576491945416, -0.5678210088392472, 0.9525489095524835, -0.9875394895908203, -0.4940352752331121, -0.13041693519110842, 0.5587658435875049, -0.6046298507994938, 0.7259864711984445, 0.9668013543506255, -0.6723155171906026, 0.19466788786571843, -0.98202780466489, -0.22685743471274122, -0.9116798841370009, 0.9133059354284718, -0.1277067062404047, 0.8979546135631256, 0.5726119718701219, 0.7325785971633969, -0.6536691570081037, -0.850102825973786, 0.2014854427555386, -0.6640556325631923, 0.4667603350211398, -0.18311227969597055, 0.05581764683584067, 0.875143167901884, 0.043392244889916, -0.7836132342255386, -0.6835531856304011, 0.09040530340642561, 0.04880816013694678, 0.2752204882519873, -0.1970091128194542, 0.2996102180386846, -0.20619999419653467, 0.24783222709644614, 0.5348099341802477, -0.6420521799177383, -0.24884846282491524, 0.005066118653868745, 0.3733341598326916, -0.4926407026772337, 0.10948172588511706, 0.24986168812819542, 0.7910023321122921, -0.27429282313374714, 0.2751141460374733, -0.6171071957620733, -0.004411770765388567, -0.6351091908575863, 0.8367660782795254, -0.13635585731754474, 0.6603762041966925, -0.16644739064327485, 0.8093351774867339, -0.19034956537818792, -0.33765099381775454, 0.14427754054549724, 0.6908872981882266, 0.7220286235061439, 0.19137623413666893, -0.8306767779591795, 0.19453321463834983, -0.5090925828337958, 0.46518689717993555, 0.7893025846334776, 0.0294679418262902, 0.20712702072041278, -0.8698643752343853, 0.08014945928561268, -0.7416264326591246, 0.22912569270066396, -0.2726993059103242, 0.5355160686614915, -0.902931727160895, -0.7803637637643119, 0.36804643024725525, 0.029307394167312983, 0.1432827432294983, 0.6874139879813108, -0.024524721700651453, 0.6202888442522898, 0.020487258589880097, 0.8534413864805024, 0.333855543079252, -0.7025463211318861, -0.27089364934848836, 0.7315498318881986, -0.29942957828896866, -0.6219484810876903, -0.0547573816684539, -0.21443765035574014, 0.23785985328818726, -0.12646741612097356, -0.47815568541100895, -0.17505557667448635, -0.16193193089539926, 0.8048437117522818, 0.9592325240809707, 0.24713767881382775, -0.8336317548582777, 0.46599743519199, 0.357370804957968, 0.6520457340504391, -0.3050973265778887, -0.8822398116837538, 0.2236436329105842, -0.751970763373456, 0.5190590583266628, 0.5888466351532844, -0.18274642650020412, 0.8875950117660911, -0.6524404124894483, 0.8851716994539605]",rhc,relu,False,False,100,[10],0.1,100,1
128,28,0.0945393000729382,1.7916593708058752,197.0,100,15,"[0.9340596780273533, 0.09446449835144466, 0.9453687199297687, 0.4296319873487293, 0.3954576491945416, -0.5678210088392472, 0.9525489095524835, -0.9875394895908203, -0.4940352752331121, -0.13041693519110842, 0.5587658435875049, -0.6046298507994938, 0.7259864711984445, 0.9668013543506255, -0.6723155171906026, 0.19466788786571843, -0.98202780466489, -0.22685743471274122, -0.9116798841370009, 0.9133059354284718, -0.1277067062404047, 0.8979546135631256, 0.5726119718701219, 0.7325785971633969, -0.6536691570081037, -0.850102825973786, 0.2014854427555386, -0.6640556325631923, 0.4667603350211398, -0.18311227969597055, 0.05581764683584067, 0.875143167901884, 0.043392244889916, -0.7836132342255386, -0.6835531856304011, 0.09040530340642561, 0.04880816013694678, 0.2752204882519873, -0.1970091128194542, 0.2996102180386846, -0.20619999419653467, 0.24783222709644614, 0.5348099341802477, -0.6420521799177383, -0.24884846282491524, 0.005066118653868745, 0.3733341598326916, -0.4926407026772337, 0.10948172588511706, 0.24986168812819542, 0.7910023321122921, -0.27429282313374714, 0.2751141460374733, -0.6171071957620733, -0.004411770765388567, -0.6351091908575863, 0.8367660782795254, -0.13635585731754474, 0.6603762041966925, -0.16644739064327485, 0.8093351774867339, -0.19034956537818792, -0.33765099381775454, 0.14427754054549724, 0.6908872981882266, 0.7220286235061439, 0.19137623413666893, -0.8306767779591795, 0.19453321463834983, -0.5090925828337958, 0.46518689717993555, 0.7893025846334776, 0.0294679418262902, 0.20712702072041278, -0.8698643752343853, 0.08014945928561268, -0.7416264326591246, 0.22912569270066396, -0.2726993059103242, 0.5355160686614915, -0.902931727160895, -0.7803637637643119, 0.36804643024725525, 0.029307394167312983, 0.1432827432294983, 0.6874139879813108, -0.024524721700651453, 0.6202888442522898, 0.020487258589880097, 0.8534413864805024, 0.333855543079252, -0.7025463211318861, -0.27089364934848836, 0.7315498318881986, -0.29942957828896866, -0.6219484810876903, -0.0547573816684539, -0.21443765035574014, 0.23785985328818726, -0.12646741612097356, -0.47815568541100895, -0.17505557667448635, -0.16193193089539926, 0.8048437117522818, 0.9592325240809707, 0.24713767881382775, -0.8336317548582777, 0.46599743519199, 0.357370804957968, 0.6520457340504391, -0.3050973265778887, -0.8822398116837538, 0.2236436329105842, -0.751970763373456, 0.5190590583266628, 0.5888466351532844, -0.18274642650020412, 0.8875950117660911, -0.6524404124894483, 0.8851716994539605]",rhc,relu,False,False,100,[10],0.1,100,1
129,29,0.09622690000105649,1.7847181129073388,199.0,100,15,"[0.9340596780273533, 0.09446449835144466, 0.9453687199297687, 0.4296319873487293, 0.3954576491945416, -0.5678210088392472, 0.9525489095524835, -0.9875394895908203, -0.4940352752331121, -0.13041693519110842, 0.5587658435875049, -0.6046298507994938, 0.7259864711984445, 0.9668013543506255, -0.6723155171906026, 0.19466788786571843, -0.98202780466489, -0.22685743471274122, -0.9116798841370009, 0.9133059354284718, -0.1277067062404047, 0.8979546135631256, 0.5726119718701219, 0.7325785971633969, -0.6536691570081037, -0.850102825973786, 0.2014854427555386, -0.6640556325631923, 0.4667603350211398, -0.18311227969597055, 0.05581764683584067, 0.875143167901884, 0.043392244889916, -0.7836132342255386, -0.6835531856304011, 0.09040530340642561, 0.04880816013694678, 0.2752204882519873, -0.1970091128194542, 0.2996102180386846, -0.20619999419653467, 0.24783222709644614, 0.5348099341802477, -0.6420521799177383, -0.24884846282491524, 0.005066118653868745, 0.3733341598326916, -0.4926407026772337, 0.10948172588511706, 0.24986168812819542, 0.7910023321122921, -0.27429282313374714, 0.2751141460374733, -0.6171071957620733, -0.004411770765388567, -0.6351091908575863, 0.8367660782795254, -0.13635585731754474, 0.6603762041966925, -0.16644739064327485, 0.8093351774867339, -0.19034956537818792, -0.33765099381775454, 0.14427754054549724, 0.6908872981882266, 0.7220286235061439, 0.19137623413666893, -0.8306767779591795, 0.19453321463834983, -0.5090925828337958, 0.46518689717993555, 0.7893025846334776, 0.0294679418262902, 0.20712702072041278, -0.8698643752343853, 0.08014945928561268, -0.7416264326591246, 0.22912569270066396, -0.2726993059103242, 0.5355160686614915, -0.902931727160895, -0.7803637637643119, 0.36804643024725525, 0.029307394167312983, 0.1432827432294983, 0.6874139879813108, -0.024524721700651453, 0.6202888442522898, 0.020487258589880097, 0.8534413864805024, 0.333855543079252, -0.7025463211318861, -0.27089364934848836, 0.7315498318881986, -0.29942957828896866, -0.6219484810876903, -0.0547573816684539, -0.21443765035574014, 0.23785985328818726, -0.12646741612097356, -0.47815568541100895, -0.17505557667448635, -0.16193193089539926, 0.8048437117522818, 0.9592325240809707, 0.24713767881382775, -0.8336317548582777, 0.46599743519199, 0.357370804957968, 0.6520457340504391, -0.3050973265778887, -0.8822398116837538, 0.2236436329105842, -0.751970763373456, 0.5190590583266628, 0.5888466351532844, -0.18274642650020412, 0.8875950117660911, -0.6524404124894483, 0.8851716994539605]",rhc,relu,False,False,100,[10],0.1,100,1
130,30,0.09977780003100634,1.7847181129073388,200.0,100,15,"[0.9340596780273533, 0.09446449835144466, 0.9453687199297687, 0.4296319873487293, 0.3954576491945416, -0.5678210088392472, 0.9525489095524835, -0.9875394895908203, -0.4940352752331121, -0.13041693519110842, 0.5587658435875049, -0.6046298507994938, 0.7259864711984445, 0.9668013543506255, -0.6723155171906026, 0.19466788786571843, -0.98202780466489, -0.22685743471274122, -0.9116798841370009, 0.9133059354284718, -0.1277067062404047, 0.8979546135631256, 0.5726119718701219, 0.7325785971633969, -0.6536691570081037, -0.850102825973786, 0.2014854427555386, -0.6640556325631923, 0.4667603350211398, -0.18311227969597055, 0.05581764683584067, 0.875143167901884, 0.043392244889916, -0.7836132342255386, -0.6835531856304011, 0.09040530340642561, 0.04880816013694678, 0.2752204882519873, -0.1970091128194542, 0.2996102180386846, -0.20619999419653467, 0.24783222709644614, 0.5348099341802477, -0.6420521799177383, -0.24884846282491524, 0.005066118653868745, 0.3733341598326916, -0.4926407026772337, 0.10948172588511706, 0.24986168812819542, 0.7910023321122921, -0.27429282313374714, 0.2751141460374733, -0.6171071957620733, -0.004411770765388567, -0.6351091908575863, 0.8367660782795254, -0.13635585731754474, 0.6603762041966925, -0.16644739064327485, 0.8093351774867339, -0.19034956537818792, -0.33765099381775454, 0.14427754054549724, 0.6908872981882266, 0.7220286235061439, 0.19137623413666893, -0.8306767779591795, 0.19453321463834983, -0.5090925828337958, 0.46518689717993555, 0.7893025846334776, 0.0294679418262902, 0.20712702072041278, -0.8698643752343853, 0.08014945928561268, -0.7416264326591246, 0.22912569270066396, -0.2726993059103242, 0.5355160686614915, -0.902931727160895, -0.7803637637643119, 0.36804643024725525, 0.029307394167312983, 0.1432827432294983, 0.6874139879813108, -0.024524721700651453, 0.6202888442522898, 0.020487258589880097, 0.8534413864805024, 0.333855543079252, -0.7025463211318861, -0.27089364934848836, 0.7315498318881986, -0.29942957828896866, -0.6219484810876903, -0.0547573816684539, -0.21443765035574014, 0.23785985328818726, -0.12646741612097356, -0.47815568541100895, -0.17505557667448635, -0.16193193089539926, 0.8048437117522818, 0.9592325240809707, 0.24713767881382775, -0.8336317548582777, 0.46599743519199, 0.357370804957968, 0.6520457340504391, -0.3050973265778887, -0.8822398116837538, 0.2236436329105842, -0.751970763373456, 0.5190590583266628, 0.5888466351532844, -0.18274642650020412, 0.8875950117660911, -0.6524404124894483, 0.8851716994539605]",rhc,relu,False,False,100,[10],0.1,100,1
131,31,0.10406230005901307,1.7766559537676616,202.0,100,15,"[0.9340596780273533, 0.09446449835144466, 0.9453687199297687, 0.4296319873487293, 0.3954576491945416, -0.5678210088392472, 0.9525489095524835, -0.9875394895908203, -0.4940352752331121, -0.13041693519110842, 0.5587658435875049, -0.6046298507994938, 0.7259864711984445, 0.9668013543506255, -0.6723155171906026, 0.19466788786571843, -0.98202780466489, -0.22685743471274122, -0.9116798841370009, 0.9133059354284718, -0.1277067062404047, 0.8979546135631256, 0.5726119718701219, 0.7325785971633969, -0.6536691570081037, -0.850102825973786, 0.2014854427555386, -0.6640556325631923, 0.4667603350211398, -0.18311227969597055, 0.05581764683584067, 0.875143167901884, 0.043392244889916, -0.7836132342255386, -0.6835531856304011, 0.09040530340642561, 0.04880816013694678, 0.2752204882519873, -0.1970091128194542, 0.2996102180386846, -0.20619999419653467, 0.24783222709644614, 0.5348099341802477, -0.6420521799177383, -0.24884846282491524, 0.005066118653868745, 0.3733341598326916, -0.4926407026772337, 0.10948172588511706, 0.24986168812819542, 0.7910023321122921, -0.27429282313374714, 0.2751141460374733, -0.6171071957620733, -0.004411770765388567, -0.6351091908575863, 0.8367660782795254, -0.13635585731754474, 0.6603762041966925, -0.16644739064327485, 0.8093351774867339, -0.19034956537818792, -0.33765099381775454, 0.14427754054549724, 0.6908872981882266, 0.7220286235061439, 0.19137623413666893, -0.8306767779591795, 0.19453321463834983, -0.5090925828337958, 0.46518689717993555, 0.7893025846334776, 0.0294679418262902, 0.20712702072041278, -0.8698643752343853, 0.08014945928561268, -0.7416264326591246, 0.22912569270066396, -0.2726993059103242, 0.5355160686614915, -0.902931727160895, -0.7803637637643119, 0.36804643024725525, 0.029307394167312983, 0.1432827432294983, 0.6874139879813108, -0.024524721700651453, 0.6202888442522898, 0.020487258589880097, 0.8534413864805024, 0.333855543079252, -0.7025463211318861, -0.27089364934848836, 0.7315498318881986, -0.29942957828896866, -0.6219484810876903, -0.0547573816684539, -0.21443765035574014, 0.23785985328818726, -0.12646741612097356, -0.47815568541100895, -0.17505557667448635, -0.16193193089539926, 0.8048437117522818, 0.9592325240809707, 0.24713767881382775, -0.8336317548582777, 0.46599743519199, 0.357370804957968, 0.6520457340504391, -0.3050973265778887, -0.8822398116837538, 0.2236436329105842, -0.751970763373456, 0.5190590583266628, 0.5888466351532844, -0.18274642650020412, 0.8875950117660911, -0.6524404124894483, 0.8851716994539605]",rhc,relu,False,False,100,[10],0.1,100,1
132,32,0.1062065000878647,1.7758895156498735,204.0,100,15,"[0.9340596780273533, 0.09446449835144466, 0.9453687199297687, 0.4296319873487293, 0.3954576491945416, -0.5678210088392472, 0.9525489095524835, -0.9875394895908203, -0.4940352752331121, -0.13041693519110842, 0.5587658435875049, -0.6046298507994938, 0.7259864711984445, 0.9668013543506255, -0.6723155171906026, 0.19466788786571843, -0.98202780466489, -0.22685743471274122, -0.9116798841370009, 0.9133059354284718, -0.1277067062404047, 0.8979546135631256, 0.5726119718701219, 0.7325785971633969, -0.6536691570081037, -0.850102825973786, 0.2014854427555386, -0.6640556325631923, 0.4667603350211398, -0.18311227969597055, 0.05581764683584067, 0.875143167901884, 0.043392244889916, -0.7836132342255386, -0.6835531856304011, 0.09040530340642561, 0.04880816013694678, 0.2752204882519873, -0.1970091128194542, 0.2996102180386846, -0.20619999419653467, 0.24783222709644614, 0.5348099341802477, -0.6420521799177383, -0.24884846282491524, 0.005066118653868745, 0.3733341598326916, -0.4926407026772337, 0.10948172588511706, 0.24986168812819542, 0.7910023321122921, -0.27429282313374714, 0.2751141460374733, -0.6171071957620733, -0.004411770765388567, -0.6351091908575863, 0.8367660782795254, -0.13635585731754474, 0.6603762041966925, -0.16644739064327485, 0.8093351774867339, -0.19034956537818792, -0.33765099381775454, 0.14427754054549724, 0.6908872981882266, 0.7220286235061439, 0.19137623413666893, -0.8306767779591795, 0.19453321463834983, -0.5090925828337958, 0.46518689717993555, 0.7893025846334776, 0.0294679418262902, 0.20712702072041278, -0.8698643752343853, 0.08014945928561268, -0.7416264326591246, 0.22912569270066396, -0.2726993059103242, 0.5355160686614915, -0.902931727160895, -0.7803637637643119, 0.36804643024725525, 0.029307394167312983, 0.1432827432294983, 0.6874139879813108, -0.024524721700651453, 0.6202888442522898, 0.020487258589880097, 0.8534413864805024, 0.333855543079252, -0.7025463211318861, -0.27089364934848836, 0.7315498318881986, -0.29942957828896866, -0.6219484810876903, -0.0547573816684539, -0.21443765035574014, 0.23785985328818726, -0.12646741612097356, -0.47815568541100895, -0.17505557667448635, -0.16193193089539926, 0.8048437117522818, 0.9592325240809707, 0.24713767881382775, -0.8336317548582777, 0.46599743519199, 0.357370804957968, 0.6520457340504391, -0.3050973265778887, -0.8822398116837538, 0.2236436329105842, -0.751970763373456, 0.5190590583266628, 0.5888466351532844, -0.18274642650020412, 0.8875950117660911, -0.6524404124894483, 0.8851716994539605]",rhc,relu,False,False,100,[10],0.1,100,1
133,33,0.10762970009818673,1.7729363181032076,206.0,100,15,"[0.9340596780273533, 0.09446449835144466, 0.9453687199297687, 0.4296319873487293, 0.3954576491945416, -0.5678210088392472, 0.9525489095524835, -0.9875394895908203, -0.4940352752331121, -0.13041693519110842, 0.5587658435875049, -0.6046298507994938, 0.7259864711984445, 0.9668013543506255, -0.6723155171906026, 0.19466788786571843, -0.98202780466489, -0.22685743471274122, -0.9116798841370009, 0.9133059354284718, -0.1277067062404047, 0.8979546135631256, 0.5726119718701219, 0.7325785971633969, -0.6536691570081037, -0.850102825973786, 0.2014854427555386, -0.6640556325631923, 0.4667603350211398, -0.18311227969597055, 0.05581764683584067, 0.875143167901884, 0.043392244889916, -0.7836132342255386, -0.6835531856304011, 0.09040530340642561, 0.04880816013694678, 0.2752204882519873, -0.1970091128194542, 0.2996102180386846, -0.20619999419653467, 0.24783222709644614, 0.5348099341802477, -0.6420521799177383, -0.24884846282491524, 0.005066118653868745, 0.3733341598326916, -0.4926407026772337, 0.10948172588511706, 0.24986168812819542, 0.7910023321122921, -0.27429282313374714, 0.2751141460374733, -0.6171071957620733, -0.004411770765388567, -0.6351091908575863, 0.8367660782795254, -0.13635585731754474, 0.6603762041966925, -0.16644739064327485, 0.8093351774867339, -0.19034956537818792, -0.33765099381775454, 0.14427754054549724, 0.6908872981882266, 0.7220286235061439, 0.19137623413666893, -0.8306767779591795, 0.19453321463834983, -0.5090925828337958, 0.46518689717993555, 0.7893025846334776, 0.0294679418262902, 0.20712702072041278, -0.8698643752343853, 0.08014945928561268, -0.7416264326591246, 0.22912569270066396, -0.2726993059103242, 0.5355160686614915, -0.902931727160895, -0.7803637637643119, 0.36804643024725525, 0.029307394167312983, 0.1432827432294983, 0.6874139879813108, -0.024524721700651453, 0.6202888442522898, 0.020487258589880097, 0.8534413864805024, 0.333855543079252, -0.7025463211318861, -0.27089364934848836, 0.7315498318881986, -0.29942957828896866, -0.6219484810876903, -0.0547573816684539, -0.21443765035574014, 0.23785985328818726, -0.12646741612097356, -0.47815568541100895, -0.17505557667448635, -0.16193193089539926, 0.8048437117522818, 0.9592325240809707, 0.24713767881382775, -0.8336317548582777, 0.46599743519199, 0.357370804957968, 0.6520457340504391, -0.3050973265778887, -0.8822398116837538, 0.2236436329105842, -0.751970763373456, 0.5190590583266628, 0.5888466351532844, -0.18274642650020412, 0.8875950117660911, -0.6524404124894483, 0.8851716994539605]",rhc,relu,False,False,100,[10],0.1,100,1
134,34,0.10928710002917796,1.7729363181032076,207.0,100,15,"[0.9340596780273533, 0.09446449835144466, 0.9453687199297687, 0.4296319873487293, 0.3954576491945416, -0.5678210088392472, 0.9525489095524835, -0.9875394895908203, -0.4940352752331121, -0.13041693519110842, 0.5587658435875049, -0.6046298507994938, 0.7259864711984445, 0.9668013543506255, -0.6723155171906026, 0.19466788786571843, -0.98202780466489, -0.22685743471274122, -0.9116798841370009, 0.9133059354284718, -0.1277067062404047, 0.8979546135631256, 0.5726119718701219, 0.7325785971633969, -0.6536691570081037, -0.850102825973786, 0.2014854427555386, -0.6640556325631923, 0.4667603350211398, -0.18311227969597055, 0.05581764683584067, 0.875143167901884, 0.043392244889916, -0.7836132342255386, -0.6835531856304011, 0.09040530340642561, 0.04880816013694678, 0.2752204882519873, -0.1970091128194542, 0.2996102180386846, -0.20619999419653467, 0.24783222709644614, 0.5348099341802477, -0.6420521799177383, -0.24884846282491524, 0.005066118653868745, 0.3733341598326916, -0.4926407026772337, 0.10948172588511706, 0.24986168812819542, 0.7910023321122921, -0.27429282313374714, 0.2751141460374733, -0.6171071957620733, -0.004411770765388567, -0.6351091908575863, 0.8367660782795254, -0.13635585731754474, 0.6603762041966925, -0.16644739064327485, 0.8093351774867339, -0.19034956537818792, -0.33765099381775454, 0.14427754054549724, 0.6908872981882266, 0.7220286235061439, 0.19137623413666893, -0.8306767779591795, 0.19453321463834983, -0.5090925828337958, 0.46518689717993555, 0.7893025846334776, 0.0294679418262902, 0.20712702072041278, -0.8698643752343853, 0.08014945928561268, -0.7416264326591246, 0.22912569270066396, -0.2726993059103242, 0.5355160686614915, -0.902931727160895, -0.7803637637643119, 0.36804643024725525, 0.029307394167312983, 0.1432827432294983, 0.6874139879813108, -0.024524721700651453, 0.6202888442522898, 0.020487258589880097, 0.8534413864805024, 0.333855543079252, -0.7025463211318861, -0.27089364934848836, 0.7315498318881986, -0.29942957828896866, -0.6219484810876903, -0.0547573816684539, -0.21443765035574014, 0.23785985328818726, -0.12646741612097356, -0.47815568541100895, -0.17505557667448635, -0.16193193089539926, 0.8048437117522818, 0.9592325240809707, 0.24713767881382775, -0.8336317548582777, 0.46599743519199, 0.357370804957968, 0.6520457340504391, -0.3050973265778887, -0.8822398116837538, 0.2236436329105842, -0.751970763373456, 0.5190590583266628, 0.5888466351532844, -0.18274642650020412, 0.8875950117660911, -0.6524404124894483, 0.8851716994539605]",rhc,relu,False,False,100,[10],0.1,100,1
135,35,0.11070370010565966,1.7722146653350652,209.0,100,15,"[0.9340596780273533, 0.09446449835144466, 0.9453687199297687, 0.4296319873487293, 0.3954576491945416, -0.5678210088392472, 0.9525489095524835, -0.9875394895908203, -0.4940352752331121, -0.13041693519110842, 0.5587658435875049, -0.6046298507994938, 0.7259864711984445, 0.9668013543506255, -0.6723155171906026, 0.19466788786571843, -0.98202780466489, -0.22685743471274122, -0.9116798841370009, 0.9133059354284718, -0.1277067062404047, 0.8979546135631256, 0.5726119718701219, 0.7325785971633969, -0.6536691570081037, -0.850102825973786, 0.2014854427555386, -0.6640556325631923, 0.4667603350211398, -0.18311227969597055, 0.05581764683584067, 0.875143167901884, 0.043392244889916, -0.7836132342255386, -0.6835531856304011, 0.09040530340642561, 0.04880816013694678, 0.2752204882519873, -0.1970091128194542, 0.2996102180386846, -0.20619999419653467, 0.24783222709644614, 0.5348099341802477, -0.6420521799177383, -0.24884846282491524, 0.005066118653868745, 0.3733341598326916, -0.4926407026772337, 0.10948172588511706, 0.24986168812819542, 0.7910023321122921, -0.27429282313374714, 0.2751141460374733, -0.6171071957620733, -0.004411770765388567, -0.6351091908575863, 0.8367660782795254, -0.13635585731754474, 0.6603762041966925, -0.16644739064327485, 0.8093351774867339, -0.19034956537818792, -0.33765099381775454, 0.14427754054549724, 0.6908872981882266, 0.7220286235061439, 0.19137623413666893, -0.8306767779591795, 0.19453321463834983, -0.5090925828337958, 0.46518689717993555, 0.7893025846334776, 0.0294679418262902, 0.20712702072041278, -0.8698643752343853, 0.08014945928561268, -0.7416264326591246, 0.22912569270066396, -0.2726993059103242, 0.5355160686614915, -0.902931727160895, -0.7803637637643119, 0.36804643024725525, 0.029307394167312983, 0.1432827432294983, 0.6874139879813108, -0.024524721700651453, 0.6202888442522898, 0.020487258589880097, 0.8534413864805024, 0.333855543079252, -0.7025463211318861, -0.27089364934848836, 0.7315498318881986, -0.29942957828896866, -0.6219484810876903, -0.0547573816684539, -0.21443765035574014, 0.23785985328818726, -0.12646741612097356, -0.47815568541100895, -0.17505557667448635, -0.16193193089539926, 0.8048437117522818, 0.9592325240809707, 0.24713767881382775, -0.8336317548582777, 0.46599743519199, 0.357370804957968, 0.6520457340504391, -0.3050973265778887, -0.8822398116837538, 0.2236436329105842, -0.751970763373456, 0.5190590583266628, 0.5888466351532844, -0.18274642650020412, 0.8875950117660911, -0.6524404124894483, 0.8851716994539605]",rhc,relu,False,False,100,[10],0.1,100,1
136,36,0.1138131000334397,1.7690906404464792,211.0,100,15,"[0.9340596780273533, 0.09446449835144466, 0.9453687199297687, 0.4296319873487293, 0.3954576491945416, -0.5678210088392472, 0.9525489095524835, -0.9875394895908203, -0.4940352752331121, -0.13041693519110842, 0.5587658435875049, -0.6046298507994938, 0.7259864711984445, 0.9668013543506255, -0.6723155171906026, 0.19466788786571843, -0.98202780466489, -0.22685743471274122, -0.9116798841370009, 0.9133059354284718, -0.1277067062404047, 0.8979546135631256, 0.5726119718701219, 0.7325785971633969, -0.6536691570081037, -0.850102825973786, 0.2014854427555386, -0.6640556325631923, 0.4667603350211398, -0.18311227969597055, 0.05581764683584067, 0.875143167901884, 0.043392244889916, -0.7836132342255386, -0.6835531856304011, 0.09040530340642561, 0.04880816013694678, 0.2752204882519873, -0.1970091128194542, 0.2996102180386846, -0.20619999419653467, 0.24783222709644614, 0.5348099341802477, -0.6420521799177383, -0.24884846282491524, 0.005066118653868745, 0.3733341598326916, -0.4926407026772337, 0.10948172588511706, 0.24986168812819542, 0.7910023321122921, -0.27429282313374714, 0.2751141460374733, -0.6171071957620733, -0.004411770765388567, -0.6351091908575863, 0.8367660782795254, -0.13635585731754474, 0.6603762041966925, -0.16644739064327485, 0.8093351774867339, -0.19034956537818792, -0.33765099381775454, 0.14427754054549724, 0.6908872981882266, 0.7220286235061439, 0.19137623413666893, -0.8306767779591795, 0.19453321463834983, -0.5090925828337958, 0.46518689717993555, 0.7893025846334776, 0.0294679418262902, 0.20712702072041278, -0.8698643752343853, 0.08014945928561268, -0.7416264326591246, 0.22912569270066396, -0.2726993059103242, 0.5355160686614915, -0.902931727160895, -0.7803637637643119, 0.36804643024725525, 0.029307394167312983, 0.1432827432294983, 0.6874139879813108, -0.024524721700651453, 0.6202888442522898, 0.020487258589880097, 0.8534413864805024, 0.333855543079252, -0.7025463211318861, -0.27089364934848836, 0.7315498318881986, -0.29942957828896866, -0.6219484810876903, -0.0547573816684539, -0.21443765035574014, 0.23785985328818726, -0.12646741612097356, -0.47815568541100895, -0.17505557667448635, -0.16193193089539926, 0.8048437117522818, 0.9592325240809707, 0.24713767881382775, -0.8336317548582777, 0.46599743519199, 0.357370804957968, 0.6520457340504391, -0.3050973265778887, -0.8822398116837538, 0.2236436329105842, -0.751970763373456, 0.5190590583266628, 0.5888466351532844, -0.18274642650020412, 0.8875950117660911, -0.6524404124894483, 0.8851716994539605]",rhc,relu,False,False,100,[10],0.1,100,1
137,37,0.1166854000184685,1.7690906404464792,212.0,100,15,"[0.9340596780273533, 0.09446449835144466, 0.9453687199297687, 0.4296319873487293, 0.3954576491945416, -0.5678210088392472, 0.9525489095524835, -0.9875394895908203, -0.4940352752331121, -0.13041693519110842, 0.5587658435875049, -0.6046298507994938, 0.7259864711984445, 0.9668013543506255, -0.6723155171906026, 0.19466788786571843, -0.98202780466489, -0.22685743471274122, -0.9116798841370009, 0.9133059354284718, -0.1277067062404047, 0.8979546135631256, 0.5726119718701219, 0.7325785971633969, -0.6536691570081037, -0.850102825973786, 0.2014854427555386, -0.6640556325631923, 0.4667603350211398, -0.18311227969597055, 0.05581764683584067, 0.875143167901884, 0.043392244889916, -0.7836132342255386, -0.6835531856304011, 0.09040530340642561, 0.04880816013694678, 0.2752204882519873, -0.1970091128194542, 0.2996102180386846, -0.20619999419653467, 0.24783222709644614, 0.5348099341802477, -0.6420521799177383, -0.24884846282491524, 0.005066118653868745, 0.3733341598326916, -0.4926407026772337, 0.10948172588511706, 0.24986168812819542, 0.7910023321122921, -0.27429282313374714, 0.2751141460374733, -0.6171071957620733, -0.004411770765388567, -0.6351091908575863, 0.8367660782795254, -0.13635585731754474, 0.6603762041966925, -0.16644739064327485, 0.8093351774867339, -0.19034956537818792, -0.33765099381775454, 0.14427754054549724, 0.6908872981882266, 0.7220286235061439, 0.19137623413666893, -0.8306767779591795, 0.19453321463834983, -0.5090925828337958, 0.46518689717993555, 0.7893025846334776, 0.0294679418262902, 0.20712702072041278, -0.8698643752343853, 0.08014945928561268, -0.7416264326591246, 0.22912569270066396, -0.2726993059103242, 0.5355160686614915, -0.902931727160895, -0.7803637637643119, 0.36804643024725525, 0.029307394167312983, 0.1432827432294983, 0.6874139879813108, -0.024524721700651453, 0.6202888442522898, 0.020487258589880097, 0.8534413864805024, 0.333855543079252, -0.7025463211318861, -0.27089364934848836, 0.7315498318881986, -0.29942957828896866, -0.6219484810876903, -0.0547573816684539, -0.21443765035574014, 0.23785985328818726, -0.12646741612097356, -0.47815568541100895, -0.17505557667448635, -0.16193193089539926, 0.8048437117522818, 0.9592325240809707, 0.24713767881382775, -0.8336317548582777, 0.46599743519199, 0.357370804957968, 0.6520457340504391, -0.3050973265778887, -0.8822398116837538, 0.2236436329105842, -0.751970763373456, 0.5190590583266628, 0.5888466351532844, -0.18274642650020412, 0.8875950117660911, -0.6524404124894483, 0.8851716994539605]",rhc,relu,False,False,100,[10],0.1,100,1
138,38,0.11806140001863241,1.7690906404464792,213.0,100,15,"[0.9340596780273533, 0.09446449835144466, 0.9453687199297687, 0.4296319873487293, 0.3954576491945416, -0.5678210088392472, 0.9525489095524835, -0.9875394895908203, -0.4940352752331121, -0.13041693519110842, 0.5587658435875049, -0.6046298507994938, 0.7259864711984445, 0.9668013543506255, -0.6723155171906026, 0.19466788786571843, -0.98202780466489, -0.22685743471274122, -0.9116798841370009, 0.9133059354284718, -0.1277067062404047, 0.8979546135631256, 0.5726119718701219, 0.7325785971633969, -0.6536691570081037, -0.850102825973786, 0.2014854427555386, -0.6640556325631923, 0.4667603350211398, -0.18311227969597055, 0.05581764683584067, 0.875143167901884, 0.043392244889916, -0.7836132342255386, -0.6835531856304011, 0.09040530340642561, 0.04880816013694678, 0.2752204882519873, -0.1970091128194542, 0.2996102180386846, -0.20619999419653467, 0.24783222709644614, 0.5348099341802477, -0.6420521799177383, -0.24884846282491524, 0.005066118653868745, 0.3733341598326916, -0.4926407026772337, 0.10948172588511706, 0.24986168812819542, 0.7910023321122921, -0.27429282313374714, 0.2751141460374733, -0.6171071957620733, -0.004411770765388567, -0.6351091908575863, 0.8367660782795254, -0.13635585731754474, 0.6603762041966925, -0.16644739064327485, 0.8093351774867339, -0.19034956537818792, -0.33765099381775454, 0.14427754054549724, 0.6908872981882266, 0.7220286235061439, 0.19137623413666893, -0.8306767779591795, 0.19453321463834983, -0.5090925828337958, 0.46518689717993555, 0.7893025846334776, 0.0294679418262902, 0.20712702072041278, -0.8698643752343853, 0.08014945928561268, -0.7416264326591246, 0.22912569270066396, -0.2726993059103242, 0.5355160686614915, -0.902931727160895, -0.7803637637643119, 0.36804643024725525, 0.029307394167312983, 0.1432827432294983, 0.6874139879813108, -0.024524721700651453, 0.6202888442522898, 0.020487258589880097, 0.8534413864805024, 0.333855543079252, -0.7025463211318861, -0.27089364934848836, 0.7315498318881986, -0.29942957828896866, -0.6219484810876903, -0.0547573816684539, -0.21443765035574014, 0.23785985328818726, -0.12646741612097356, -0.47815568541100895, -0.17505557667448635, -0.16193193089539926, 0.8048437117522818, 0.9592325240809707, 0.24713767881382775, -0.8336317548582777, 0.46599743519199, 0.357370804957968, 0.6520457340504391, -0.3050973265778887, -0.8822398116837538, 0.2236436329105842, -0.751970763373456, 0.5190590583266628, 0.5888466351532844, -0.18274642650020412, 0.8875950117660911, -0.6524404124894483, 0.8851716994539605]",rhc,relu,False,False,100,[10],0.1,100,1
139,39,0.12082070007454604,1.7472631687452005,215.0,100,15,"[0.9340596780273533, 0.09446449835144466, 0.9453687199297687, 0.4296319873487293, 0.3954576491945416, -0.5678210088392472, 0.9525489095524835, -0.9875394895908203, -0.4940352752331121, -0.13041693519110842, 0.5587658435875049, -0.6046298507994938, 0.7259864711984445, 0.9668013543506255, -0.6723155171906026, 0.19466788786571843, -0.98202780466489, -0.22685743471274122, -0.9116798841370009, 0.9133059354284718, -0.1277067062404047, 0.8979546135631256, 0.5726119718701219, 0.7325785971633969, -0.6536691570081037, -0.850102825973786, 0.2014854427555386, -0.6640556325631923, 0.4667603350211398, -0.18311227969597055, 0.05581764683584067, 0.875143167901884, 0.043392244889916, -0.7836132342255386, -0.6835531856304011, 0.09040530340642561, 0.04880816013694678, 0.2752204882519873, -0.1970091128194542, 0.2996102180386846, -0.20619999419653467, 0.24783222709644614, 0.5348099341802477, -0.6420521799177383, -0.24884846282491524, 0.005066118653868745, 0.3733341598326916, -0.4926407026772337, 0.10948172588511706, 0.24986168812819542, 0.7910023321122921, -0.27429282313374714, 0.2751141460374733, -0.6171071957620733, -0.004411770765388567, -0.6351091908575863, 0.8367660782795254, -0.13635585731754474, 0.6603762041966925, -0.16644739064327485, 0.8093351774867339, -0.19034956537818792, -0.33765099381775454, 0.14427754054549724, 0.6908872981882266, 0.7220286235061439, 0.19137623413666893, -0.8306767779591795, 0.19453321463834983, -0.5090925828337958, 0.46518689717993555, 0.7893025846334776, 0.0294679418262902, 0.20712702072041278, -0.8698643752343853, 0.08014945928561268, -0.7416264326591246, 0.22912569270066396, -0.2726993059103242, 0.5355160686614915, -0.902931727160895, -0.7803637637643119, 0.36804643024725525, 0.029307394167312983, 0.1432827432294983, 0.6874139879813108, -0.024524721700651453, 0.6202888442522898, 0.020487258589880097, 0.8534413864805024, 0.333855543079252, -0.7025463211318861, -0.27089364934848836, 0.7315498318881986, -0.29942957828896866, -0.6219484810876903, -0.0547573816684539, -0.21443765035574014, 0.23785985328818726, -0.12646741612097356, -0.47815568541100895, -0.17505557667448635, -0.16193193089539926, 0.8048437117522818, 0.9592325240809707, 0.24713767881382775, -0.8336317548582777, 0.46599743519199, 0.357370804957968, 0.6520457340504391, -0.3050973265778887, -0.8822398116837538, 0.2236436329105842, -0.751970763373456, 0.5190590583266628, 0.5888466351532844, -0.18274642650020412, 0.8875950117660911, -0.6524404124894483, 0.8851716994539605]",rhc,relu,False,False,100,[10],0.1,100,1
140,40,0.12267690000589937,1.735947707292032,217.0,100,15,"[0.9340596780273533, 0.09446449835144466, 0.9453687199297687, 0.4296319873487293, 0.3954576491945416, -0.5678210088392472, 0.9525489095524835, -0.9875394895908203, -0.4940352752331121, -0.13041693519110842, 0.5587658435875049, -0.6046298507994938, 0.7259864711984445, 0.9668013543506255, -0.6723155171906026, 0.19466788786571843, -0.98202780466489, -0.22685743471274122, -0.9116798841370009, 0.9133059354284718, -0.1277067062404047, 0.8979546135631256, 0.5726119718701219, 0.7325785971633969, -0.6536691570081037, -0.850102825973786, 0.2014854427555386, -0.6640556325631923, 0.4667603350211398, -0.18311227969597055, 0.05581764683584067, 0.875143167901884, 0.043392244889916, -0.7836132342255386, -0.6835531856304011, 0.09040530340642561, 0.04880816013694678, 0.2752204882519873, -0.1970091128194542, 0.2996102180386846, -0.20619999419653467, 0.24783222709644614, 0.5348099341802477, -0.6420521799177383, -0.24884846282491524, 0.005066118653868745, 0.3733341598326916, -0.4926407026772337, 0.10948172588511706, 0.24986168812819542, 0.7910023321122921, -0.27429282313374714, 0.2751141460374733, -0.6171071957620733, -0.004411770765388567, -0.6351091908575863, 0.8367660782795254, -0.13635585731754474, 0.6603762041966925, -0.16644739064327485, 0.8093351774867339, -0.19034956537818792, -0.33765099381775454, 0.14427754054549724, 0.6908872981882266, 0.7220286235061439, 0.19137623413666893, -0.8306767779591795, 0.19453321463834983, -0.5090925828337958, 0.46518689717993555, 0.7893025846334776, 0.0294679418262902, 0.20712702072041278, -0.8698643752343853, 0.08014945928561268, -0.7416264326591246, 0.22912569270066396, -0.2726993059103242, 0.5355160686614915, -0.902931727160895, -0.7803637637643119, 0.36804643024725525, 0.029307394167312983, 0.1432827432294983, 0.6874139879813108, -0.024524721700651453, 0.6202888442522898, 0.020487258589880097, 0.8534413864805024, 0.333855543079252, -0.7025463211318861, -0.27089364934848836, 0.7315498318881986, -0.29942957828896866, -0.6219484810876903, -0.0547573816684539, -0.21443765035574014, 0.23785985328818726, -0.12646741612097356, -0.47815568541100895, -0.17505557667448635, -0.16193193089539926, 0.8048437117522818, 0.9592325240809707, 0.24713767881382775, -0.8336317548582777, 0.46599743519199, 0.357370804957968, 0.6520457340504391, -0.3050973265778887, -0.8822398116837538, 0.2236436329105842, -0.751970763373456, 0.5190590583266628, 0.5888466351532844, -0.18274642650020412, 0.8875950117660911, -0.6524404124894483, 0.8851716994539605]",rhc,relu,False,False,100,[10],0.1,100,1
141,41,0.1255848000291735,1.7331696452371352,219.0,100,15,"[0.9340596780273533, 0.09446449835144466, 0.9453687199297687, 0.4296319873487293, 0.3954576491945416, -0.5678210088392472, 0.9525489095524835, -0.9875394895908203, -0.4940352752331121, -0.13041693519110842, 0.5587658435875049, -0.6046298507994938, 0.7259864711984445, 0.9668013543506255, -0.6723155171906026, 0.19466788786571843, -0.98202780466489, -0.22685743471274122, -0.9116798841370009, 0.9133059354284718, -0.1277067062404047, 0.8979546135631256, 0.5726119718701219, 0.7325785971633969, -0.6536691570081037, -0.850102825973786, 0.2014854427555386, -0.6640556325631923, 0.4667603350211398, -0.18311227969597055, 0.05581764683584067, 0.875143167901884, 0.043392244889916, -0.7836132342255386, -0.6835531856304011, 0.09040530340642561, 0.04880816013694678, 0.2752204882519873, -0.1970091128194542, 0.2996102180386846, -0.20619999419653467, 0.24783222709644614, 0.5348099341802477, -0.6420521799177383, -0.24884846282491524, 0.005066118653868745, 0.3733341598326916, -0.4926407026772337, 0.10948172588511706, 0.24986168812819542, 0.7910023321122921, -0.27429282313374714, 0.2751141460374733, -0.6171071957620733, -0.004411770765388567, -0.6351091908575863, 0.8367660782795254, -0.13635585731754474, 0.6603762041966925, -0.16644739064327485, 0.8093351774867339, -0.19034956537818792, -0.33765099381775454, 0.14427754054549724, 0.6908872981882266, 0.7220286235061439, 0.19137623413666893, -0.8306767779591795, 0.19453321463834983, -0.5090925828337958, 0.46518689717993555, 0.7893025846334776, 0.0294679418262902, 0.20712702072041278, -0.8698643752343853, 0.08014945928561268, -0.7416264326591246, 0.22912569270066396, -0.2726993059103242, 0.5355160686614915, -0.902931727160895, -0.7803637637643119, 0.36804643024725525, 0.029307394167312983, 0.1432827432294983, 0.6874139879813108, -0.024524721700651453, 0.6202888442522898, 0.020487258589880097, 0.8534413864805024, 0.333855543079252, -0.7025463211318861, -0.27089364934848836, 0.7315498318881986, -0.29942957828896866, -0.6219484810876903, -0.0547573816684539, -0.21443765035574014, 0.23785985328818726, -0.12646741612097356, -0.47815568541100895, -0.17505557667448635, -0.16193193089539926, 0.8048437117522818, 0.9592325240809707, 0.24713767881382775, -0.8336317548582777, 0.46599743519199, 0.357370804957968, 0.6520457340504391, -0.3050973265778887, -0.8822398116837538, 0.2236436329105842, -0.751970763373456, 0.5190590583266628, 0.5888466351532844, -0.18274642650020412, 0.8875950117660911, -0.6524404124894483, 0.8851716994539605]",rhc,relu,False,False,100,[10],0.1,100,1
142,42,0.12696350004989654,1.7331696452371352,220.0,100,15,"[0.9340596780273533, 0.09446449835144466, 0.9453687199297687, 0.4296319873487293, 0.3954576491945416, -0.5678210088392472, 0.9525489095524835, -0.9875394895908203, -0.4940352752331121, -0.13041693519110842, 0.5587658435875049, -0.6046298507994938, 0.7259864711984445, 0.9668013543506255, -0.6723155171906026, 0.19466788786571843, -0.98202780466489, -0.22685743471274122, -0.9116798841370009, 0.9133059354284718, -0.1277067062404047, 0.8979546135631256, 0.5726119718701219, 0.7325785971633969, -0.6536691570081037, -0.850102825973786, 0.2014854427555386, -0.6640556325631923, 0.4667603350211398, -0.18311227969597055, 0.05581764683584067, 0.875143167901884, 0.043392244889916, -0.7836132342255386, -0.6835531856304011, 0.09040530340642561, 0.04880816013694678, 0.2752204882519873, -0.1970091128194542, 0.2996102180386846, -0.20619999419653467, 0.24783222709644614, 0.5348099341802477, -0.6420521799177383, -0.24884846282491524, 0.005066118653868745, 0.3733341598326916, -0.4926407026772337, 0.10948172588511706, 0.24986168812819542, 0.7910023321122921, -0.27429282313374714, 0.2751141460374733, -0.6171071957620733, -0.004411770765388567, -0.6351091908575863, 0.8367660782795254, -0.13635585731754474, 0.6603762041966925, -0.16644739064327485, 0.8093351774867339, -0.19034956537818792, -0.33765099381775454, 0.14427754054549724, 0.6908872981882266, 0.7220286235061439, 0.19137623413666893, -0.8306767779591795, 0.19453321463834983, -0.5090925828337958, 0.46518689717993555, 0.7893025846334776, 0.0294679418262902, 0.20712702072041278, -0.8698643752343853, 0.08014945928561268, -0.7416264326591246, 0.22912569270066396, -0.2726993059103242, 0.5355160686614915, -0.902931727160895, -0.7803637637643119, 0.36804643024725525, 0.029307394167312983, 0.1432827432294983, 0.6874139879813108, -0.024524721700651453, 0.6202888442522898, 0.020487258589880097, 0.8534413864805024, 0.333855543079252, -0.7025463211318861, -0.27089364934848836, 0.7315498318881986, -0.29942957828896866, -0.6219484810876903, -0.0547573816684539, -0.21443765035574014, 0.23785985328818726, -0.12646741612097356, -0.47815568541100895, -0.17505557667448635, -0.16193193089539926, 0.8048437117522818, 0.9592325240809707, 0.24713767881382775, -0.8336317548582777, 0.46599743519199, 0.357370804957968, 0.6520457340504391, -0.3050973265778887, -0.8822398116837538, 0.2236436329105842, -0.751970763373456, 0.5190590583266628, 0.5888466351532844, -0.18274642650020412, 0.8875950117660911, -0.6524404124894483, 0.8851716994539605]",rhc,relu,False,False,100,[10],0.1,100,1
143,43,0.13002750009763986,1.7286569729966033,222.0,100,15,"[0.9340596780273533, 0.09446449835144466, 0.9453687199297687, 0.4296319873487293, 0.3954576491945416, -0.5678210088392472, 0.9525489095524835, -0.9875394895908203, -0.4940352752331121, -0.13041693519110842, 0.5587658435875049, -0.6046298507994938, 0.7259864711984445, 0.9668013543506255, -0.6723155171906026, 0.19466788786571843, -0.98202780466489, -0.22685743471274122, -0.9116798841370009, 0.9133059354284718, -0.1277067062404047, 0.8979546135631256, 0.5726119718701219, 0.7325785971633969, -0.6536691570081037, -0.850102825973786, 0.2014854427555386, -0.6640556325631923, 0.4667603350211398, -0.18311227969597055, 0.05581764683584067, 0.875143167901884, 0.043392244889916, -0.7836132342255386, -0.6835531856304011, 0.09040530340642561, 0.04880816013694678, 0.2752204882519873, -0.1970091128194542, 0.2996102180386846, -0.20619999419653467, 0.24783222709644614, 0.5348099341802477, -0.6420521799177383, -0.24884846282491524, 0.005066118653868745, 0.3733341598326916, -0.4926407026772337, 0.10948172588511706, 0.24986168812819542, 0.7910023321122921, -0.27429282313374714, 0.2751141460374733, -0.6171071957620733, -0.004411770765388567, -0.6351091908575863, 0.8367660782795254, -0.13635585731754474, 0.6603762041966925, -0.16644739064327485, 0.8093351774867339, -0.19034956537818792, -0.33765099381775454, 0.14427754054549724, 0.6908872981882266, 0.7220286235061439, 0.19137623413666893, -0.8306767779591795, 0.19453321463834983, -0.5090925828337958, 0.46518689717993555, 0.7893025846334776, 0.0294679418262902, 0.20712702072041278, -0.8698643752343853, 0.08014945928561268, -0.7416264326591246, 0.22912569270066396, -0.2726993059103242, 0.5355160686614915, -0.902931727160895, -0.7803637637643119, 0.36804643024725525, 0.029307394167312983, 0.1432827432294983, 0.6874139879813108, -0.024524721700651453, 0.6202888442522898, 0.020487258589880097, 0.8534413864805024, 0.333855543079252, -0.7025463211318861, -0.27089364934848836, 0.7315498318881986, -0.29942957828896866, -0.6219484810876903, -0.0547573816684539, -0.21443765035574014, 0.23785985328818726, -0.12646741612097356, -0.47815568541100895, -0.17505557667448635, -0.16193193089539926, 0.8048437117522818, 0.9592325240809707, 0.24713767881382775, -0.8336317548582777, 0.46599743519199, 0.357370804957968, 0.6520457340504391, -0.3050973265778887, -0.8822398116837538, 0.2236436329105842, -0.751970763373456, 0.5190590583266628, 0.5888466351532844, -0.18274642650020412, 0.8875950117660911, -0.6524404124894483, 0.8851716994539605]",rhc,relu,False,False,100,[10],0.1,100,1
144,44,0.1314245000248775,1.7280455011169709,224.0,100,15,"[0.9340596780273533, 0.09446449835144466, 0.9453687199297687, 0.4296319873487293, 0.3954576491945416, -0.5678210088392472, 0.9525489095524835, -0.9875394895908203, -0.4940352752331121, -0.13041693519110842, 0.5587658435875049, -0.6046298507994938, 0.7259864711984445, 0.9668013543506255, -0.6723155171906026, 0.19466788786571843, -0.98202780466489, -0.22685743471274122, -0.9116798841370009, 0.9133059354284718, -0.1277067062404047, 0.8979546135631256, 0.5726119718701219, 0.7325785971633969, -0.6536691570081037, -0.850102825973786, 0.2014854427555386, -0.6640556325631923, 0.4667603350211398, -0.18311227969597055, 0.05581764683584067, 0.875143167901884, 0.043392244889916, -0.7836132342255386, -0.6835531856304011, 0.09040530340642561, 0.04880816013694678, 0.2752204882519873, -0.1970091128194542, 0.2996102180386846, -0.20619999419653467, 0.24783222709644614, 0.5348099341802477, -0.6420521799177383, -0.24884846282491524, 0.005066118653868745, 0.3733341598326916, -0.4926407026772337, 0.10948172588511706, 0.24986168812819542, 0.7910023321122921, -0.27429282313374714, 0.2751141460374733, -0.6171071957620733, -0.004411770765388567, -0.6351091908575863, 0.8367660782795254, -0.13635585731754474, 0.6603762041966925, -0.16644739064327485, 0.8093351774867339, -0.19034956537818792, -0.33765099381775454, 0.14427754054549724, 0.6908872981882266, 0.7220286235061439, 0.19137623413666893, -0.8306767779591795, 0.19453321463834983, -0.5090925828337958, 0.46518689717993555, 0.7893025846334776, 0.0294679418262902, 0.20712702072041278, -0.8698643752343853, 0.08014945928561268, -0.7416264326591246, 0.22912569270066396, -0.2726993059103242, 0.5355160686614915, -0.902931727160895, -0.7803637637643119, 0.36804643024725525, 0.029307394167312983, 0.1432827432294983, 0.6874139879813108, -0.024524721700651453, 0.6202888442522898, 0.020487258589880097, 0.8534413864805024, 0.333855543079252, -0.7025463211318861, -0.27089364934848836, 0.7315498318881986, -0.29942957828896866, -0.6219484810876903, -0.0547573816684539, -0.21443765035574014, 0.23785985328818726, -0.12646741612097356, -0.47815568541100895, -0.17505557667448635, -0.16193193089539926, 0.8048437117522818, 0.9592325240809707, 0.24713767881382775, -0.8336317548582777, 0.46599743519199, 0.357370804957968, 0.6520457340504391, -0.3050973265778887, -0.8822398116837538, 0.2236436329105842, -0.751970763373456, 0.5190590583266628, 0.5888466351532844, -0.18274642650020412, 0.8875950117660911, -0.6524404124894483, 0.8851716994539605]",rhc,relu,False,False,100,[10],0.1,100,1
145,45,0.13282990001607686,1.7280455011169709,225.0,100,15,"[0.9340596780273533, 0.09446449835144466, 0.9453687199297687, 0.4296319873487293, 0.3954576491945416, -0.5678210088392472, 0.9525489095524835, -0.9875394895908203, -0.4940352752331121, -0.13041693519110842, 0.5587658435875049, -0.6046298507994938, 0.7259864711984445, 0.9668013543506255, -0.6723155171906026, 0.19466788786571843, -0.98202780466489, -0.22685743471274122, -0.9116798841370009, 0.9133059354284718, -0.1277067062404047, 0.8979546135631256, 0.5726119718701219, 0.7325785971633969, -0.6536691570081037, -0.850102825973786, 0.2014854427555386, -0.6640556325631923, 0.4667603350211398, -0.18311227969597055, 0.05581764683584067, 0.875143167901884, 0.043392244889916, -0.7836132342255386, -0.6835531856304011, 0.09040530340642561, 0.04880816013694678, 0.2752204882519873, -0.1970091128194542, 0.2996102180386846, -0.20619999419653467, 0.24783222709644614, 0.5348099341802477, -0.6420521799177383, -0.24884846282491524, 0.005066118653868745, 0.3733341598326916, -0.4926407026772337, 0.10948172588511706, 0.24986168812819542, 0.7910023321122921, -0.27429282313374714, 0.2751141460374733, -0.6171071957620733, -0.004411770765388567, -0.6351091908575863, 0.8367660782795254, -0.13635585731754474, 0.6603762041966925, -0.16644739064327485, 0.8093351774867339, -0.19034956537818792, -0.33765099381775454, 0.14427754054549724, 0.6908872981882266, 0.7220286235061439, 0.19137623413666893, -0.8306767779591795, 0.19453321463834983, -0.5090925828337958, 0.46518689717993555, 0.7893025846334776, 0.0294679418262902, 0.20712702072041278, -0.8698643752343853, 0.08014945928561268, -0.7416264326591246, 0.22912569270066396, -0.2726993059103242, 0.5355160686614915, -0.902931727160895, -0.7803637637643119, 0.36804643024725525, 0.029307394167312983, 0.1432827432294983, 0.6874139879813108, -0.024524721700651453, 0.6202888442522898, 0.020487258589880097, 0.8534413864805024, 0.333855543079252, -0.7025463211318861, -0.27089364934848836, 0.7315498318881986, -0.29942957828896866, -0.6219484810876903, -0.0547573816684539, -0.21443765035574014, 0.23785985328818726, -0.12646741612097356, -0.47815568541100895, -0.17505557667448635, -0.16193193089539926, 0.8048437117522818, 0.9592325240809707, 0.24713767881382775, -0.8336317548582777, 0.46599743519199, 0.357370804957968, 0.6520457340504391, -0.3050973265778887, -0.8822398116837538, 0.2236436329105842, -0.751970763373456, 0.5190590583266628, 0.5888466351532844, -0.18274642650020412, 0.8875950117660911, -0.6524404124894483, 0.8851716994539605]",rhc,relu,False,False,100,[10],0.1,100,1
146,46,0.13423810002859682,1.7280455011169709,226.0,100,15,"[0.9340596780273533, 0.09446449835144466, 0.9453687199297687, 0.4296319873487293, 0.3954576491945416, -0.5678210088392472, 0.9525489095524835, -0.9875394895908203, -0.4940352752331121, -0.13041693519110842, 0.5587658435875049, -0.6046298507994938, 0.7259864711984445, 0.9668013543506255, -0.6723155171906026, 0.19466788786571843, -0.98202780466489, -0.22685743471274122, -0.9116798841370009, 0.9133059354284718, -0.1277067062404047, 0.8979546135631256, 0.5726119718701219, 0.7325785971633969, -0.6536691570081037, -0.850102825973786, 0.2014854427555386, -0.6640556325631923, 0.4667603350211398, -0.18311227969597055, 0.05581764683584067, 0.875143167901884, 0.043392244889916, -0.7836132342255386, -0.6835531856304011, 0.09040530340642561, 0.04880816013694678, 0.2752204882519873, -0.1970091128194542, 0.2996102180386846, -0.20619999419653467, 0.24783222709644614, 0.5348099341802477, -0.6420521799177383, -0.24884846282491524, 0.005066118653868745, 0.3733341598326916, -0.4926407026772337, 0.10948172588511706, 0.24986168812819542, 0.7910023321122921, -0.27429282313374714, 0.2751141460374733, -0.6171071957620733, -0.004411770765388567, -0.6351091908575863, 0.8367660782795254, -0.13635585731754474, 0.6603762041966925, -0.16644739064327485, 0.8093351774867339, -0.19034956537818792, -0.33765099381775454, 0.14427754054549724, 0.6908872981882266, 0.7220286235061439, 0.19137623413666893, -0.8306767779591795, 0.19453321463834983, -0.5090925828337958, 0.46518689717993555, 0.7893025846334776, 0.0294679418262902, 0.20712702072041278, -0.8698643752343853, 0.08014945928561268, -0.7416264326591246, 0.22912569270066396, -0.2726993059103242, 0.5355160686614915, -0.902931727160895, -0.7803637637643119, 0.36804643024725525, 0.029307394167312983, 0.1432827432294983, 0.6874139879813108, -0.024524721700651453, 0.6202888442522898, 0.020487258589880097, 0.8534413864805024, 0.333855543079252, -0.7025463211318861, -0.27089364934848836, 0.7315498318881986, -0.29942957828896866, -0.6219484810876903, -0.0547573816684539, -0.21443765035574014, 0.23785985328818726, -0.12646741612097356, -0.47815568541100895, -0.17505557667448635, -0.16193193089539926, 0.8048437117522818, 0.9592325240809707, 0.24713767881382775, -0.8336317548582777, 0.46599743519199, 0.357370804957968, 0.6520457340504391, -0.3050973265778887, -0.8822398116837538, 0.2236436329105842, -0.751970763373456, 0.5190590583266628, 0.5888466351532844, -0.18274642650020412, 0.8875950117660911, -0.6524404124894483, 0.8851716994539605]",rhc,relu,False,False,100,[10],0.1,100,1
147,47,0.13724380009807646,1.7280455011169709,227.0,100,15,"[0.9340596780273533, 0.09446449835144466, 0.9453687199297687, 0.4296319873487293, 0.3954576491945416, -0.5678210088392472, 0.9525489095524835, -0.9875394895908203, -0.4940352752331121, -0.13041693519110842, 0.5587658435875049, -0.6046298507994938, 0.7259864711984445, 0.9668013543506255, -0.6723155171906026, 0.19466788786571843, -0.98202780466489, -0.22685743471274122, -0.9116798841370009, 0.9133059354284718, -0.1277067062404047, 0.8979546135631256, 0.5726119718701219, 0.7325785971633969, -0.6536691570081037, -0.850102825973786, 0.2014854427555386, -0.6640556325631923, 0.4667603350211398, -0.18311227969597055, 0.05581764683584067, 0.875143167901884, 0.043392244889916, -0.7836132342255386, -0.6835531856304011, 0.09040530340642561, 0.04880816013694678, 0.2752204882519873, -0.1970091128194542, 0.2996102180386846, -0.20619999419653467, 0.24783222709644614, 0.5348099341802477, -0.6420521799177383, -0.24884846282491524, 0.005066118653868745, 0.3733341598326916, -0.4926407026772337, 0.10948172588511706, 0.24986168812819542, 0.7910023321122921, -0.27429282313374714, 0.2751141460374733, -0.6171071957620733, -0.004411770765388567, -0.6351091908575863, 0.8367660782795254, -0.13635585731754474, 0.6603762041966925, -0.16644739064327485, 0.8093351774867339, -0.19034956537818792, -0.33765099381775454, 0.14427754054549724, 0.6908872981882266, 0.7220286235061439, 0.19137623413666893, -0.8306767779591795, 0.19453321463834983, -0.5090925828337958, 0.46518689717993555, 0.7893025846334776, 0.0294679418262902, 0.20712702072041278, -0.8698643752343853, 0.08014945928561268, -0.7416264326591246, 0.22912569270066396, -0.2726993059103242, 0.5355160686614915, -0.902931727160895, -0.7803637637643119, 0.36804643024725525, 0.029307394167312983, 0.1432827432294983, 0.6874139879813108, -0.024524721700651453, 0.6202888442522898, 0.020487258589880097, 0.8534413864805024, 0.333855543079252, -0.7025463211318861, -0.27089364934848836, 0.7315498318881986, -0.29942957828896866, -0.6219484810876903, -0.0547573816684539, -0.21443765035574014, 0.23785985328818726, -0.12646741612097356, -0.47815568541100895, -0.17505557667448635, -0.16193193089539926, 0.8048437117522818, 0.9592325240809707, 0.24713767881382775, -0.8336317548582777, 0.46599743519199, 0.357370804957968, 0.6520457340504391, -0.3050973265778887, -0.8822398116837538, 0.2236436329105842, -0.751970763373456, 0.5190590583266628, 0.5888466351532844, -0.18274642650020412, 0.8875950117660911, -0.6524404124894483, 0.8851716994539605]",rhc,relu,False,False,100,[10],0.1,100,1
148,48,0.13920730003155768,1.7257331283132582,229.0,100,15,"[0.9340596780273533, 0.09446449835144466, 0.9453687199297687, 0.4296319873487293, 0.3954576491945416, -0.5678210088392472, 0.9525489095524835, -0.9875394895908203, -0.4940352752331121, -0.13041693519110842, 0.5587658435875049, -0.6046298507994938, 0.7259864711984445, 0.9668013543506255, -0.6723155171906026, 0.19466788786571843, -0.98202780466489, -0.22685743471274122, -0.9116798841370009, 0.9133059354284718, -0.1277067062404047, 0.8979546135631256, 0.5726119718701219, 0.7325785971633969, -0.6536691570081037, -0.850102825973786, 0.2014854427555386, -0.6640556325631923, 0.4667603350211398, -0.18311227969597055, 0.05581764683584067, 0.875143167901884, 0.043392244889916, -0.7836132342255386, -0.6835531856304011, 0.09040530340642561, 0.04880816013694678, 0.2752204882519873, -0.1970091128194542, 0.2996102180386846, -0.20619999419653467, 0.24783222709644614, 0.5348099341802477, -0.6420521799177383, -0.24884846282491524, 0.005066118653868745, 0.3733341598326916, -0.4926407026772337, 0.10948172588511706, 0.24986168812819542, 0.7910023321122921, -0.27429282313374714, 0.2751141460374733, -0.6171071957620733, -0.004411770765388567, -0.6351091908575863, 0.8367660782795254, -0.13635585731754474, 0.6603762041966925, -0.16644739064327485, 0.8093351774867339, -0.19034956537818792, -0.33765099381775454, 0.14427754054549724, 0.6908872981882266, 0.7220286235061439, 0.19137623413666893, -0.8306767779591795, 0.19453321463834983, -0.5090925828337958, 0.46518689717993555, 0.7893025846334776, 0.0294679418262902, 0.20712702072041278, -0.8698643752343853, 0.08014945928561268, -0.7416264326591246, 0.22912569270066396, -0.2726993059103242, 0.5355160686614915, -0.902931727160895, -0.7803637637643119, 0.36804643024725525, 0.029307394167312983, 0.1432827432294983, 0.6874139879813108, -0.024524721700651453, 0.6202888442522898, 0.020487258589880097, 0.8534413864805024, 0.333855543079252, -0.7025463211318861, -0.27089364934848836, 0.7315498318881986, -0.29942957828896866, -0.6219484810876903, -0.0547573816684539, -0.21443765035574014, 0.23785985328818726, -0.12646741612097356, -0.47815568541100895, -0.17505557667448635, -0.16193193089539926, 0.8048437117522818, 0.9592325240809707, 0.24713767881382775, -0.8336317548582777, 0.46599743519199, 0.357370804957968, 0.6520457340504391, -0.3050973265778887, -0.8822398116837538, 0.2236436329105842, -0.751970763373456, 0.5190590583266628, 0.5888466351532844, -0.18274642650020412, 0.8875950117660911, -0.6524404124894483, 0.8851716994539605]",rhc,relu,False,False,100,[10],0.1,100,1
149,49,0.14330590004101396,1.7257331283132582,230.0,100,15,"[0.9340596780273533, 0.09446449835144466, 0.9453687199297687, 0.4296319873487293, 0.3954576491945416, -0.5678210088392472, 0.9525489095524835, -0.9875394895908203, -0.4940352752331121, -0.13041693519110842, 0.5587658435875049, -0.6046298507994938, 0.7259864711984445, 0.9668013543506255, -0.6723155171906026, 0.19466788786571843, -0.98202780466489, -0.22685743471274122, -0.9116798841370009, 0.9133059354284718, -0.1277067062404047, 0.8979546135631256, 0.5726119718701219, 0.7325785971633969, -0.6536691570081037, -0.850102825973786, 0.2014854427555386, -0.6640556325631923, 0.4667603350211398, -0.18311227969597055, 0.05581764683584067, 0.875143167901884, 0.043392244889916, -0.7836132342255386, -0.6835531856304011, 0.09040530340642561, 0.04880816013694678, 0.2752204882519873, -0.1970091128194542, 0.2996102180386846, -0.20619999419653467, 0.24783222709644614, 0.5348099341802477, -0.6420521799177383, -0.24884846282491524, 0.005066118653868745, 0.3733341598326916, -0.4926407026772337, 0.10948172588511706, 0.24986168812819542, 0.7910023321122921, -0.27429282313374714, 0.2751141460374733, -0.6171071957620733, -0.004411770765388567, -0.6351091908575863, 0.8367660782795254, -0.13635585731754474, 0.6603762041966925, -0.16644739064327485, 0.8093351774867339, -0.19034956537818792, -0.33765099381775454, 0.14427754054549724, 0.6908872981882266, 0.7220286235061439, 0.19137623413666893, -0.8306767779591795, 0.19453321463834983, -0.5090925828337958, 0.46518689717993555, 0.7893025846334776, 0.0294679418262902, 0.20712702072041278, -0.8698643752343853, 0.08014945928561268, -0.7416264326591246, 0.22912569270066396, -0.2726993059103242, 0.5355160686614915, -0.902931727160895, -0.7803637637643119, 0.36804643024725525, 0.029307394167312983, 0.1432827432294983, 0.6874139879813108, -0.024524721700651453, 0.6202888442522898, 0.020487258589880097, 0.8534413864805024, 0.333855543079252, -0.7025463211318861, -0.27089364934848836, 0.7315498318881986, -0.29942957828896866, -0.6219484810876903, -0.0547573816684539, -0.21443765035574014, 0.23785985328818726, -0.12646741612097356, -0.47815568541100895, -0.17505557667448635, -0.16193193089539926, 0.8048437117522818, 0.9592325240809707, 0.24713767881382775, -0.8336317548582777, 0.46599743519199, 0.357370804957968, 0.6520457340504391, -0.3050973265778887, -0.8822398116837538, 0.2236436329105842, -0.751970763373456, 0.5190590583266628, 0.5888466351532844, -0.18274642650020412, 0.8875950117660911, -0.6524404124894483, 0.8851716994539605]",rhc,relu,False,False,100,[10],0.1,100,1
150,50,0.14690749999135733,1.704641443134213,232.0,100,15,"[0.9340596780273533, 0.09446449835144466, 0.9453687199297687, 0.4296319873487293, 0.3954576491945416, -0.5678210088392472, 0.9525489095524835, -0.9875394895908203, -0.4940352752331121, -0.13041693519110842, 0.5587658435875049, -0.6046298507994938, 0.7259864711984445, 0.9668013543506255, -0.6723155171906026, 0.19466788786571843, -0.98202780466489, -0.22685743471274122, -0.9116798841370009, 0.9133059354284718, -0.1277067062404047, 0.8979546135631256, 0.5726119718701219, 0.7325785971633969, -0.6536691570081037, -0.850102825973786, 0.2014854427555386, -0.6640556325631923, 0.4667603350211398, -0.18311227969597055, 0.05581764683584067, 0.875143167901884, 0.043392244889916, -0.7836132342255386, -0.6835531856304011, 0.09040530340642561, 0.04880816013694678, 0.2752204882519873, -0.1970091128194542, 0.2996102180386846, -0.20619999419653467, 0.24783222709644614, 0.5348099341802477, -0.6420521799177383, -0.24884846282491524, 0.005066118653868745, 0.3733341598326916, -0.4926407026772337, 0.10948172588511706, 0.24986168812819542, 0.7910023321122921, -0.27429282313374714, 0.2751141460374733, -0.6171071957620733, -0.004411770765388567, -0.6351091908575863, 0.8367660782795254, -0.13635585731754474, 0.6603762041966925, -0.16644739064327485, 0.8093351774867339, -0.19034956537818792, -0.33765099381775454, 0.14427754054549724, 0.6908872981882266, 0.7220286235061439, 0.19137623413666893, -0.8306767779591795, 0.19453321463834983, -0.5090925828337958, 0.46518689717993555, 0.7893025846334776, 0.0294679418262902, 0.20712702072041278, -0.8698643752343853, 0.08014945928561268, -0.7416264326591246, 0.22912569270066396, -0.2726993059103242, 0.5355160686614915, -0.902931727160895, -0.7803637637643119, 0.36804643024725525, 0.029307394167312983, 0.1432827432294983, 0.6874139879813108, -0.024524721700651453, 0.6202888442522898, 0.020487258589880097, 0.8534413864805024, 0.333855543079252, -0.7025463211318861, -0.27089364934848836, 0.7315498318881986, -0.29942957828896866, -0.6219484810876903, -0.0547573816684539, -0.21443765035574014, 0.23785985328818726, -0.12646741612097356, -0.47815568541100895, -0.17505557667448635, -0.16193193089539926, 0.8048437117522818, 0.9592325240809707, 0.24713767881382775, -0.8336317548582777, 0.46599743519199, 0.357370804957968, 0.6520457340504391, -0.3050973265778887, -0.8822398116837538, 0.2236436329105842, -0.751970763373456, 0.5190590583266628, 0.5888466351532844, -0.18274642650020412, 0.8875950117660911, -0.6524404124894483, 0.8851716994539605]",rhc,relu,False,False,100,[10],0.1,100,1
151,51,0.14868640003260225,1.6983780244455893,234.0,100,15,"[0.9340596780273533, 0.09446449835144466, 0.9453687199297687, 0.4296319873487293, 0.3954576491945416, -0.5678210088392472, 0.9525489095524835, -0.9875394895908203, -0.4940352752331121, -0.13041693519110842, 0.5587658435875049, -0.6046298507994938, 0.7259864711984445, 0.9668013543506255, -0.6723155171906026, 0.19466788786571843, -0.98202780466489, -0.22685743471274122, -0.9116798841370009, 0.9133059354284718, -0.1277067062404047, 0.8979546135631256, 0.5726119718701219, 0.7325785971633969, -0.6536691570081037, -0.850102825973786, 0.2014854427555386, -0.6640556325631923, 0.4667603350211398, -0.18311227969597055, 0.05581764683584067, 0.875143167901884, 0.043392244889916, -0.7836132342255386, -0.6835531856304011, 0.09040530340642561, 0.04880816013694678, 0.2752204882519873, -0.1970091128194542, 0.2996102180386846, -0.20619999419653467, 0.24783222709644614, 0.5348099341802477, -0.6420521799177383, -0.24884846282491524, 0.005066118653868745, 0.3733341598326916, -0.4926407026772337, 0.10948172588511706, 0.24986168812819542, 0.7910023321122921, -0.27429282313374714, 0.2751141460374733, -0.6171071957620733, -0.004411770765388567, -0.6351091908575863, 0.8367660782795254, -0.13635585731754474, 0.6603762041966925, -0.16644739064327485, 0.8093351774867339, -0.19034956537818792, -0.33765099381775454, 0.14427754054549724, 0.6908872981882266, 0.7220286235061439, 0.19137623413666893, -0.8306767779591795, 0.19453321463834983, -0.5090925828337958, 0.46518689717993555, 0.7893025846334776, 0.0294679418262902, 0.20712702072041278, -0.8698643752343853, 0.08014945928561268, -0.7416264326591246, 0.22912569270066396, -0.2726993059103242, 0.5355160686614915, -0.902931727160895, -0.7803637637643119, 0.36804643024725525, 0.029307394167312983, 0.1432827432294983, 0.6874139879813108, -0.024524721700651453, 0.6202888442522898, 0.020487258589880097, 0.8534413864805024, 0.333855543079252, -0.7025463211318861, -0.27089364934848836, 0.7315498318881986, -0.29942957828896866, -0.6219484810876903, -0.0547573816684539, -0.21443765035574014, 0.23785985328818726, -0.12646741612097356, -0.47815568541100895, -0.17505557667448635, -0.16193193089539926, 0.8048437117522818, 0.9592325240809707, 0.24713767881382775, -0.8336317548582777, 0.46599743519199, 0.357370804957968, 0.6520457340504391, -0.3050973265778887, -0.8822398116837538, 0.2236436329105842, -0.751970763373456, 0.5190590583266628, 0.5888466351532844, -0.18274642650020412, 0.8875950117660911, -0.6524404124894483, 0.8851716994539605]",rhc,relu,False,False,100,[10],0.1,100,1
152,52,0.15030470001511276,1.6983780244455893,235.0,100,15,"[0.9340596780273533, 0.09446449835144466, 0.9453687199297687, 0.4296319873487293, 0.3954576491945416, -0.5678210088392472, 0.9525489095524835, -0.9875394895908203, -0.4940352752331121, -0.13041693519110842, 0.5587658435875049, -0.6046298507994938, 0.7259864711984445, 0.9668013543506255, -0.6723155171906026, 0.19466788786571843, -0.98202780466489, -0.22685743471274122, -0.9116798841370009, 0.9133059354284718, -0.1277067062404047, 0.8979546135631256, 0.5726119718701219, 0.7325785971633969, -0.6536691570081037, -0.850102825973786, 0.2014854427555386, -0.6640556325631923, 0.4667603350211398, -0.18311227969597055, 0.05581764683584067, 0.875143167901884, 0.043392244889916, -0.7836132342255386, -0.6835531856304011, 0.09040530340642561, 0.04880816013694678, 0.2752204882519873, -0.1970091128194542, 0.2996102180386846, -0.20619999419653467, 0.24783222709644614, 0.5348099341802477, -0.6420521799177383, -0.24884846282491524, 0.005066118653868745, 0.3733341598326916, -0.4926407026772337, 0.10948172588511706, 0.24986168812819542, 0.7910023321122921, -0.27429282313374714, 0.2751141460374733, -0.6171071957620733, -0.004411770765388567, -0.6351091908575863, 0.8367660782795254, -0.13635585731754474, 0.6603762041966925, -0.16644739064327485, 0.8093351774867339, -0.19034956537818792, -0.33765099381775454, 0.14427754054549724, 0.6908872981882266, 0.7220286235061439, 0.19137623413666893, -0.8306767779591795, 0.19453321463834983, -0.5090925828337958, 0.46518689717993555, 0.7893025846334776, 0.0294679418262902, 0.20712702072041278, -0.8698643752343853, 0.08014945928561268, -0.7416264326591246, 0.22912569270066396, -0.2726993059103242, 0.5355160686614915, -0.902931727160895, -0.7803637637643119, 0.36804643024725525, 0.029307394167312983, 0.1432827432294983, 0.6874139879813108, -0.024524721700651453, 0.6202888442522898, 0.020487258589880097, 0.8534413864805024, 0.333855543079252, -0.7025463211318861, -0.27089364934848836, 0.7315498318881986, -0.29942957828896866, -0.6219484810876903, -0.0547573816684539, -0.21443765035574014, 0.23785985328818726, -0.12646741612097356, -0.47815568541100895, -0.17505557667448635, -0.16193193089539926, 0.8048437117522818, 0.9592325240809707, 0.24713767881382775, -0.8336317548582777, 0.46599743519199, 0.357370804957968, 0.6520457340504391, -0.3050973265778887, -0.8822398116837538, 0.2236436329105842, -0.751970763373456, 0.5190590583266628, 0.5888466351532844, -0.18274642650020412, 0.8875950117660911, -0.6524404124894483, 0.8851716994539605]",rhc,relu,False,False,100,[10],0.1,100,1
153,53,0.15169550001155585,1.698078862653283,237.0,100,15,"[0.9340596780273533, 0.09446449835144466, 0.9453687199297687, 0.4296319873487293, 0.3954576491945416, -0.5678210088392472, 0.9525489095524835, -0.9875394895908203, -0.4940352752331121, -0.13041693519110842, 0.5587658435875049, -0.6046298507994938, 0.7259864711984445, 0.9668013543506255, -0.6723155171906026, 0.19466788786571843, -0.98202780466489, -0.22685743471274122, -0.9116798841370009, 0.9133059354284718, -0.1277067062404047, 0.8979546135631256, 0.5726119718701219, 0.7325785971633969, -0.6536691570081037, -0.850102825973786, 0.2014854427555386, -0.6640556325631923, 0.4667603350211398, -0.18311227969597055, 0.05581764683584067, 0.875143167901884, 0.043392244889916, -0.7836132342255386, -0.6835531856304011, 0.09040530340642561, 0.04880816013694678, 0.2752204882519873, -0.1970091128194542, 0.2996102180386846, -0.20619999419653467, 0.24783222709644614, 0.5348099341802477, -0.6420521799177383, -0.24884846282491524, 0.005066118653868745, 0.3733341598326916, -0.4926407026772337, 0.10948172588511706, 0.24986168812819542, 0.7910023321122921, -0.27429282313374714, 0.2751141460374733, -0.6171071957620733, -0.004411770765388567, -0.6351091908575863, 0.8367660782795254, -0.13635585731754474, 0.6603762041966925, -0.16644739064327485, 0.8093351774867339, -0.19034956537818792, -0.33765099381775454, 0.14427754054549724, 0.6908872981882266, 0.7220286235061439, 0.19137623413666893, -0.8306767779591795, 0.19453321463834983, -0.5090925828337958, 0.46518689717993555, 0.7893025846334776, 0.0294679418262902, 0.20712702072041278, -0.8698643752343853, 0.08014945928561268, -0.7416264326591246, 0.22912569270066396, -0.2726993059103242, 0.5355160686614915, -0.902931727160895, -0.7803637637643119, 0.36804643024725525, 0.029307394167312983, 0.1432827432294983, 0.6874139879813108, -0.024524721700651453, 0.6202888442522898, 0.020487258589880097, 0.8534413864805024, 0.333855543079252, -0.7025463211318861, -0.27089364934848836, 0.7315498318881986, -0.29942957828896866, -0.6219484810876903, -0.0547573816684539, -0.21443765035574014, 0.23785985328818726, -0.12646741612097356, -0.47815568541100895, -0.17505557667448635, -0.16193193089539926, 0.8048437117522818, 0.9592325240809707, 0.24713767881382775, -0.8336317548582777, 0.46599743519199, 0.357370804957968, 0.6520457340504391, -0.3050973265778887, -0.8822398116837538, 0.2236436329105842, -0.751970763373456, 0.5190590583266628, 0.5888466351532844, -0.18274642650020412, 0.8875950117660911, -0.6524404124894483, 0.8851716994539605]",rhc,relu,False,False,100,[10],0.1,100,1
154,54,0.15469950006809086,1.698078862653283,238.0,100,15,"[0.9340596780273533, 0.09446449835144466, 0.9453687199297687, 0.4296319873487293, 0.3954576491945416, -0.5678210088392472, 0.9525489095524835, -0.9875394895908203, -0.4940352752331121, -0.13041693519110842, 0.5587658435875049, -0.6046298507994938, 0.7259864711984445, 0.9668013543506255, -0.6723155171906026, 0.19466788786571843, -0.98202780466489, -0.22685743471274122, -0.9116798841370009, 0.9133059354284718, -0.1277067062404047, 0.8979546135631256, 0.5726119718701219, 0.7325785971633969, -0.6536691570081037, -0.850102825973786, 0.2014854427555386, -0.6640556325631923, 0.4667603350211398, -0.18311227969597055, 0.05581764683584067, 0.875143167901884, 0.043392244889916, -0.7836132342255386, -0.6835531856304011, 0.09040530340642561, 0.04880816013694678, 0.2752204882519873, -0.1970091128194542, 0.2996102180386846, -0.20619999419653467, 0.24783222709644614, 0.5348099341802477, -0.6420521799177383, -0.24884846282491524, 0.005066118653868745, 0.3733341598326916, -0.4926407026772337, 0.10948172588511706, 0.24986168812819542, 0.7910023321122921, -0.27429282313374714, 0.2751141460374733, -0.6171071957620733, -0.004411770765388567, -0.6351091908575863, 0.8367660782795254, -0.13635585731754474, 0.6603762041966925, -0.16644739064327485, 0.8093351774867339, -0.19034956537818792, -0.33765099381775454, 0.14427754054549724, 0.6908872981882266, 0.7220286235061439, 0.19137623413666893, -0.8306767779591795, 0.19453321463834983, -0.5090925828337958, 0.46518689717993555, 0.7893025846334776, 0.0294679418262902, 0.20712702072041278, -0.8698643752343853, 0.08014945928561268, -0.7416264326591246, 0.22912569270066396, -0.2726993059103242, 0.5355160686614915, -0.902931727160895, -0.7803637637643119, 0.36804643024725525, 0.029307394167312983, 0.1432827432294983, 0.6874139879813108, -0.024524721700651453, 0.6202888442522898, 0.020487258589880097, 0.8534413864805024, 0.333855543079252, -0.7025463211318861, -0.27089364934848836, 0.7315498318881986, -0.29942957828896866, -0.6219484810876903, -0.0547573816684539, -0.21443765035574014, 0.23785985328818726, -0.12646741612097356, -0.47815568541100895, -0.17505557667448635, -0.16193193089539926, 0.8048437117522818, 0.9592325240809707, 0.24713767881382775, -0.8336317548582777, 0.46599743519199, 0.357370804957968, 0.6520457340504391, -0.3050973265778887, -0.8822398116837538, 0.2236436329105842, -0.751970763373456, 0.5190590583266628, 0.5888466351532844, -0.18274642650020412, 0.8875950117660911, -0.6524404124894483, 0.8851716994539605]",rhc,relu,False,False,100,[10],0.1,100,1
155,55,0.15623610001057386,1.698078862653283,239.0,100,15,"[0.9340596780273533, 0.09446449835144466, 0.9453687199297687, 0.4296319873487293, 0.3954576491945416, -0.5678210088392472, 0.9525489095524835, -0.9875394895908203, -0.4940352752331121, -0.13041693519110842, 0.5587658435875049, -0.6046298507994938, 0.7259864711984445, 0.9668013543506255, -0.6723155171906026, 0.19466788786571843, -0.98202780466489, -0.22685743471274122, -0.9116798841370009, 0.9133059354284718, -0.1277067062404047, 0.8979546135631256, 0.5726119718701219, 0.7325785971633969, -0.6536691570081037, -0.850102825973786, 0.2014854427555386, -0.6640556325631923, 0.4667603350211398, -0.18311227969597055, 0.05581764683584067, 0.875143167901884, 0.043392244889916, -0.7836132342255386, -0.6835531856304011, 0.09040530340642561, 0.04880816013694678, 0.2752204882519873, -0.1970091128194542, 0.2996102180386846, -0.20619999419653467, 0.24783222709644614, 0.5348099341802477, -0.6420521799177383, -0.24884846282491524, 0.005066118653868745, 0.3733341598326916, -0.4926407026772337, 0.10948172588511706, 0.24986168812819542, 0.7910023321122921, -0.27429282313374714, 0.2751141460374733, -0.6171071957620733, -0.004411770765388567, -0.6351091908575863, 0.8367660782795254, -0.13635585731754474, 0.6603762041966925, -0.16644739064327485, 0.8093351774867339, -0.19034956537818792, -0.33765099381775454, 0.14427754054549724, 0.6908872981882266, 0.7220286235061439, 0.19137623413666893, -0.8306767779591795, 0.19453321463834983, -0.5090925828337958, 0.46518689717993555, 0.7893025846334776, 0.0294679418262902, 0.20712702072041278, -0.8698643752343853, 0.08014945928561268, -0.7416264326591246, 0.22912569270066396, -0.2726993059103242, 0.5355160686614915, -0.902931727160895, -0.7803637637643119, 0.36804643024725525, 0.029307394167312983, 0.1432827432294983, 0.6874139879813108, -0.024524721700651453, 0.6202888442522898, 0.020487258589880097, 0.8534413864805024, 0.333855543079252, -0.7025463211318861, -0.27089364934848836, 0.7315498318881986, -0.29942957828896866, -0.6219484810876903, -0.0547573816684539, -0.21443765035574014, 0.23785985328818726, -0.12646741612097356, -0.47815568541100895, -0.17505557667448635, -0.16193193089539926, 0.8048437117522818, 0.9592325240809707, 0.24713767881382775, -0.8336317548582777, 0.46599743519199, 0.357370804957968, 0.6520457340504391, -0.3050973265778887, -0.8822398116837538, 0.2236436329105842, -0.751970763373456, 0.5190590583266628, 0.5888466351532844, -0.18274642650020412, 0.8875950117660911, -0.6524404124894483, 0.8851716994539605]",rhc,relu,False,False,100,[10],0.1,100,1
156,56,0.15794740000274032,1.6860385821478212,241.0,100,15,"[0.9340596780273533, 0.09446449835144466, 0.9453687199297687, 0.4296319873487293, 0.3954576491945416, -0.5678210088392472, 0.9525489095524835, -0.9875394895908203, -0.4940352752331121, -0.13041693519110842, 0.5587658435875049, -0.6046298507994938, 0.7259864711984445, 0.9668013543506255, -0.6723155171906026, 0.19466788786571843, -0.98202780466489, -0.22685743471274122, -0.9116798841370009, 0.9133059354284718, -0.1277067062404047, 0.8979546135631256, 0.5726119718701219, 0.7325785971633969, -0.6536691570081037, -0.850102825973786, 0.2014854427555386, -0.6640556325631923, 0.4667603350211398, -0.18311227969597055, 0.05581764683584067, 0.875143167901884, 0.043392244889916, -0.7836132342255386, -0.6835531856304011, 0.09040530340642561, 0.04880816013694678, 0.2752204882519873, -0.1970091128194542, 0.2996102180386846, -0.20619999419653467, 0.24783222709644614, 0.5348099341802477, -0.6420521799177383, -0.24884846282491524, 0.005066118653868745, 0.3733341598326916, -0.4926407026772337, 0.10948172588511706, 0.24986168812819542, 0.7910023321122921, -0.27429282313374714, 0.2751141460374733, -0.6171071957620733, -0.004411770765388567, -0.6351091908575863, 0.8367660782795254, -0.13635585731754474, 0.6603762041966925, -0.16644739064327485, 0.8093351774867339, -0.19034956537818792, -0.33765099381775454, 0.14427754054549724, 0.6908872981882266, 0.7220286235061439, 0.19137623413666893, -0.8306767779591795, 0.19453321463834983, -0.5090925828337958, 0.46518689717993555, 0.7893025846334776, 0.0294679418262902, 0.20712702072041278, -0.8698643752343853, 0.08014945928561268, -0.7416264326591246, 0.22912569270066396, -0.2726993059103242, 0.5355160686614915, -0.902931727160895, -0.7803637637643119, 0.36804643024725525, 0.029307394167312983, 0.1432827432294983, 0.6874139879813108, -0.024524721700651453, 0.6202888442522898, 0.020487258589880097, 0.8534413864805024, 0.333855543079252, -0.7025463211318861, -0.27089364934848836, 0.7315498318881986, -0.29942957828896866, -0.6219484810876903, -0.0547573816684539, -0.21443765035574014, 0.23785985328818726, -0.12646741612097356, -0.47815568541100895, -0.17505557667448635, -0.16193193089539926, 0.8048437117522818, 0.9592325240809707, 0.24713767881382775, -0.8336317548582777, 0.46599743519199, 0.357370804957968, 0.6520457340504391, -0.3050973265778887, -0.8822398116837538, 0.2236436329105842, -0.751970763373456, 0.5190590583266628, 0.5888466351532844, -0.18274642650020412, 0.8875950117660911, -0.6524404124894483, 0.8851716994539605]",rhc,relu,False,False,100,[10],0.1,100,1
157,57,0.15946009999606758,1.6860385821478212,242.0,100,15,"[0.9340596780273533, 0.09446449835144466, 0.9453687199297687, 0.4296319873487293, 0.3954576491945416, -0.5678210088392472, 0.9525489095524835, -0.9875394895908203, -0.4940352752331121, -0.13041693519110842, 0.5587658435875049, -0.6046298507994938, 0.7259864711984445, 0.9668013543506255, -0.6723155171906026, 0.19466788786571843, -0.98202780466489, -0.22685743471274122, -0.9116798841370009, 0.9133059354284718, -0.1277067062404047, 0.8979546135631256, 0.5726119718701219, 0.7325785971633969, -0.6536691570081037, -0.850102825973786, 0.2014854427555386, -0.6640556325631923, 0.4667603350211398, -0.18311227969597055, 0.05581764683584067, 0.875143167901884, 0.043392244889916, -0.7836132342255386, -0.6835531856304011, 0.09040530340642561, 0.04880816013694678, 0.2752204882519873, -0.1970091128194542, 0.2996102180386846, -0.20619999419653467, 0.24783222709644614, 0.5348099341802477, -0.6420521799177383, -0.24884846282491524, 0.005066118653868745, 0.3733341598326916, -0.4926407026772337, 0.10948172588511706, 0.24986168812819542, 0.7910023321122921, -0.27429282313374714, 0.2751141460374733, -0.6171071957620733, -0.004411770765388567, -0.6351091908575863, 0.8367660782795254, -0.13635585731754474, 0.6603762041966925, -0.16644739064327485, 0.8093351774867339, -0.19034956537818792, -0.33765099381775454, 0.14427754054549724, 0.6908872981882266, 0.7220286235061439, 0.19137623413666893, -0.8306767779591795, 0.19453321463834983, -0.5090925828337958, 0.46518689717993555, 0.7893025846334776, 0.0294679418262902, 0.20712702072041278, -0.8698643752343853, 0.08014945928561268, -0.7416264326591246, 0.22912569270066396, -0.2726993059103242, 0.5355160686614915, -0.902931727160895, -0.7803637637643119, 0.36804643024725525, 0.029307394167312983, 0.1432827432294983, 0.6874139879813108, -0.024524721700651453, 0.6202888442522898, 0.020487258589880097, 0.8534413864805024, 0.333855543079252, -0.7025463211318861, -0.27089364934848836, 0.7315498318881986, -0.29942957828896866, -0.6219484810876903, -0.0547573816684539, -0.21443765035574014, 0.23785985328818726, -0.12646741612097356, -0.47815568541100895, -0.17505557667448635, -0.16193193089539926, 0.8048437117522818, 0.9592325240809707, 0.24713767881382775, -0.8336317548582777, 0.46599743519199, 0.357370804957968, 0.6520457340504391, -0.3050973265778887, -0.8822398116837538, 0.2236436329105842, -0.751970763373456, 0.5190590583266628, 0.5888466351532844, -0.18274642650020412, 0.8875950117660911, -0.6524404124894483, 0.8851716994539605]",rhc,relu,False,False,100,[10],0.1,100,1
158,58,0.16259170009288937,1.6859882057723397,244.0,100,15,"[0.9340596780273533, 0.09446449835144466, 0.9453687199297687, 0.4296319873487293, 0.3954576491945416, -0.5678210088392472, 0.9525489095524835, -0.9875394895908203, -0.4940352752331121, -0.13041693519110842, 0.5587658435875049, -0.6046298507994938, 0.7259864711984445, 0.9668013543506255, -0.6723155171906026, 0.19466788786571843, -0.98202780466489, -0.22685743471274122, -0.9116798841370009, 0.9133059354284718, -0.1277067062404047, 0.8979546135631256, 0.5726119718701219, 0.7325785971633969, -0.6536691570081037, -0.850102825973786, 0.2014854427555386, -0.6640556325631923, 0.4667603350211398, -0.18311227969597055, 0.05581764683584067, 0.875143167901884, 0.043392244889916, -0.7836132342255386, -0.6835531856304011, 0.09040530340642561, 0.04880816013694678, 0.2752204882519873, -0.1970091128194542, 0.2996102180386846, -0.20619999419653467, 0.24783222709644614, 0.5348099341802477, -0.6420521799177383, -0.24884846282491524, 0.005066118653868745, 0.3733341598326916, -0.4926407026772337, 0.10948172588511706, 0.24986168812819542, 0.7910023321122921, -0.27429282313374714, 0.2751141460374733, -0.6171071957620733, -0.004411770765388567, -0.6351091908575863, 0.8367660782795254, -0.13635585731754474, 0.6603762041966925, -0.16644739064327485, 0.8093351774867339, -0.19034956537818792, -0.33765099381775454, 0.14427754054549724, 0.6908872981882266, 0.7220286235061439, 0.19137623413666893, -0.8306767779591795, 0.19453321463834983, -0.5090925828337958, 0.46518689717993555, 0.7893025846334776, 0.0294679418262902, 0.20712702072041278, -0.8698643752343853, 0.08014945928561268, -0.7416264326591246, 0.22912569270066396, -0.2726993059103242, 0.5355160686614915, -0.902931727160895, -0.7803637637643119, 0.36804643024725525, 0.029307394167312983, 0.1432827432294983, 0.6874139879813108, -0.024524721700651453, 0.6202888442522898, 0.020487258589880097, 0.8534413864805024, 0.333855543079252, -0.7025463211318861, -0.27089364934848836, 0.7315498318881986, -0.29942957828896866, -0.6219484810876903, -0.0547573816684539, -0.21443765035574014, 0.23785985328818726, -0.12646741612097356, -0.47815568541100895, -0.17505557667448635, -0.16193193089539926, 0.8048437117522818, 0.9592325240809707, 0.24713767881382775, -0.8336317548582777, 0.46599743519199, 0.357370804957968, 0.6520457340504391, -0.3050973265778887, -0.8822398116837538, 0.2236436329105842, -0.751970763373456, 0.5190590583266628, 0.5888466351532844, -0.18274642650020412, 0.8875950117660911, -0.6524404124894483, 0.8851716994539605]",rhc,relu,False,False,100,[10],0.1,100,1
159,59,0.16467890003696084,1.6859882057723397,245.0,100,15,"[0.9340596780273533, 0.09446449835144466, 0.9453687199297687, 0.4296319873487293, 0.3954576491945416, -0.5678210088392472, 0.9525489095524835, -0.9875394895908203, -0.4940352752331121, -0.13041693519110842, 0.5587658435875049, -0.6046298507994938, 0.7259864711984445, 0.9668013543506255, -0.6723155171906026, 0.19466788786571843, -0.98202780466489, -0.22685743471274122, -0.9116798841370009, 0.9133059354284718, -0.1277067062404047, 0.8979546135631256, 0.5726119718701219, 0.7325785971633969, -0.6536691570081037, -0.850102825973786, 0.2014854427555386, -0.6640556325631923, 0.4667603350211398, -0.18311227969597055, 0.05581764683584067, 0.875143167901884, 0.043392244889916, -0.7836132342255386, -0.6835531856304011, 0.09040530340642561, 0.04880816013694678, 0.2752204882519873, -0.1970091128194542, 0.2996102180386846, -0.20619999419653467, 0.24783222709644614, 0.5348099341802477, -0.6420521799177383, -0.24884846282491524, 0.005066118653868745, 0.3733341598326916, -0.4926407026772337, 0.10948172588511706, 0.24986168812819542, 0.7910023321122921, -0.27429282313374714, 0.2751141460374733, -0.6171071957620733, -0.004411770765388567, -0.6351091908575863, 0.8367660782795254, -0.13635585731754474, 0.6603762041966925, -0.16644739064327485, 0.8093351774867339, -0.19034956537818792, -0.33765099381775454, 0.14427754054549724, 0.6908872981882266, 0.7220286235061439, 0.19137623413666893, -0.8306767779591795, 0.19453321463834983, -0.5090925828337958, 0.46518689717993555, 0.7893025846334776, 0.0294679418262902, 0.20712702072041278, -0.8698643752343853, 0.08014945928561268, -0.7416264326591246, 0.22912569270066396, -0.2726993059103242, 0.5355160686614915, -0.902931727160895, -0.7803637637643119, 0.36804643024725525, 0.029307394167312983, 0.1432827432294983, 0.6874139879813108, -0.024524721700651453, 0.6202888442522898, 0.020487258589880097, 0.8534413864805024, 0.333855543079252, -0.7025463211318861, -0.27089364934848836, 0.7315498318881986, -0.29942957828896866, -0.6219484810876903, -0.0547573816684539, -0.21443765035574014, 0.23785985328818726, -0.12646741612097356, -0.47815568541100895, -0.17505557667448635, -0.16193193089539926, 0.8048437117522818, 0.9592325240809707, 0.24713767881382775, -0.8336317548582777, 0.46599743519199, 0.357370804957968, 0.6520457340504391, -0.3050973265778887, -0.8822398116837538, 0.2236436329105842, -0.751970763373456, 0.5190590583266628, 0.5888466351532844, -0.18274642650020412, 0.8875950117660911, -0.6524404124894483, 0.8851716994539605]",rhc,relu,False,False,100,[10],0.1,100,1
160,60,0.16787820006720722,1.6859882057723397,246.0,100,15,"[0.9340596780273533, 0.09446449835144466, 0.9453687199297687, 0.4296319873487293, 0.3954576491945416, -0.5678210088392472, 0.9525489095524835, -0.9875394895908203, -0.4940352752331121, -0.13041693519110842, 0.5587658435875049, -0.6046298507994938, 0.7259864711984445, 0.9668013543506255, -0.6723155171906026, 0.19466788786571843, -0.98202780466489, -0.22685743471274122, -0.9116798841370009, 0.9133059354284718, -0.1277067062404047, 0.8979546135631256, 0.5726119718701219, 0.7325785971633969, -0.6536691570081037, -0.850102825973786, 0.2014854427555386, -0.6640556325631923, 0.4667603350211398, -0.18311227969597055, 0.05581764683584067, 0.875143167901884, 0.043392244889916, -0.7836132342255386, -0.6835531856304011, 0.09040530340642561, 0.04880816013694678, 0.2752204882519873, -0.1970091128194542, 0.2996102180386846, -0.20619999419653467, 0.24783222709644614, 0.5348099341802477, -0.6420521799177383, -0.24884846282491524, 0.005066118653868745, 0.3733341598326916, -0.4926407026772337, 0.10948172588511706, 0.24986168812819542, 0.7910023321122921, -0.27429282313374714, 0.2751141460374733, -0.6171071957620733, -0.004411770765388567, -0.6351091908575863, 0.8367660782795254, -0.13635585731754474, 0.6603762041966925, -0.16644739064327485, 0.8093351774867339, -0.19034956537818792, -0.33765099381775454, 0.14427754054549724, 0.6908872981882266, 0.7220286235061439, 0.19137623413666893, -0.8306767779591795, 0.19453321463834983, -0.5090925828337958, 0.46518689717993555, 0.7893025846334776, 0.0294679418262902, 0.20712702072041278, -0.8698643752343853, 0.08014945928561268, -0.7416264326591246, 0.22912569270066396, -0.2726993059103242, 0.5355160686614915, -0.902931727160895, -0.7803637637643119, 0.36804643024725525, 0.029307394167312983, 0.1432827432294983, 0.6874139879813108, -0.024524721700651453, 0.6202888442522898, 0.020487258589880097, 0.8534413864805024, 0.333855543079252, -0.7025463211318861, -0.27089364934848836, 0.7315498318881986, -0.29942957828896866, -0.6219484810876903, -0.0547573816684539, -0.21443765035574014, 0.23785985328818726, -0.12646741612097356, -0.47815568541100895, -0.17505557667448635, -0.16193193089539926, 0.8048437117522818, 0.9592325240809707, 0.24713767881382775, -0.8336317548582777, 0.46599743519199, 0.357370804957968, 0.6520457340504391, -0.3050973265778887, -0.8822398116837538, 0.2236436329105842, -0.751970763373456, 0.5190590583266628, 0.5888466351532844, -0.18274642650020412, 0.8875950117660911, -0.6524404124894483, 0.8851716994539605]",rhc,relu,False,False,100,[10],0.1,100,1
161,61,0.16964800003916025,1.6810480637218221,248.0,100,15,"[0.9340596780273533, 0.09446449835144466, 0.9453687199297687, 0.4296319873487293, 0.3954576491945416, -0.5678210088392472, 0.9525489095524835, -0.9875394895908203, -0.4940352752331121, -0.13041693519110842, 0.5587658435875049, -0.6046298507994938, 0.7259864711984445, 0.9668013543506255, -0.6723155171906026, 0.19466788786571843, -0.98202780466489, -0.22685743471274122, -0.9116798841370009, 0.9133059354284718, -0.1277067062404047, 0.8979546135631256, 0.5726119718701219, 0.7325785971633969, -0.6536691570081037, -0.850102825973786, 0.2014854427555386, -0.6640556325631923, 0.4667603350211398, -0.18311227969597055, 0.05581764683584067, 0.875143167901884, 0.043392244889916, -0.7836132342255386, -0.6835531856304011, 0.09040530340642561, 0.04880816013694678, 0.2752204882519873, -0.1970091128194542, 0.2996102180386846, -0.20619999419653467, 0.24783222709644614, 0.5348099341802477, -0.6420521799177383, -0.24884846282491524, 0.005066118653868745, 0.3733341598326916, -0.4926407026772337, 0.10948172588511706, 0.24986168812819542, 0.7910023321122921, -0.27429282313374714, 0.2751141460374733, -0.6171071957620733, -0.004411770765388567, -0.6351091908575863, 0.8367660782795254, -0.13635585731754474, 0.6603762041966925, -0.16644739064327485, 0.8093351774867339, -0.19034956537818792, -0.33765099381775454, 0.14427754054549724, 0.6908872981882266, 0.7220286235061439, 0.19137623413666893, -0.8306767779591795, 0.19453321463834983, -0.5090925828337958, 0.46518689717993555, 0.7893025846334776, 0.0294679418262902, 0.20712702072041278, -0.8698643752343853, 0.08014945928561268, -0.7416264326591246, 0.22912569270066396, -0.2726993059103242, 0.5355160686614915, -0.902931727160895, -0.7803637637643119, 0.36804643024725525, 0.029307394167312983, 0.1432827432294983, 0.6874139879813108, -0.024524721700651453, 0.6202888442522898, 0.020487258589880097, 0.8534413864805024, 0.333855543079252, -0.7025463211318861, -0.27089364934848836, 0.7315498318881986, -0.29942957828896866, -0.6219484810876903, -0.0547573816684539, -0.21443765035574014, 0.23785985328818726, -0.12646741612097356, -0.47815568541100895, -0.17505557667448635, -0.16193193089539926, 0.8048437117522818, 0.9592325240809707, 0.24713767881382775, -0.8336317548582777, 0.46599743519199, 0.357370804957968, 0.6520457340504391, -0.3050973265778887, -0.8822398116837538, 0.2236436329105842, -0.751970763373456, 0.5190590583266628, 0.5888466351532844, -0.18274642650020412, 0.8875950117660911, -0.6524404124894483, 0.8851716994539605]",rhc,relu,False,False,100,[10],0.1,100,1
162,62,0.172666700091213,1.6810480637218221,249.0,100,15,"[0.9340596780273533, 0.09446449835144466, 0.9453687199297687, 0.4296319873487293, 0.3954576491945416, -0.5678210088392472, 0.9525489095524835, -0.9875394895908203, -0.4940352752331121, -0.13041693519110842, 0.5587658435875049, -0.6046298507994938, 0.7259864711984445, 0.9668013543506255, -0.6723155171906026, 0.19466788786571843, -0.98202780466489, -0.22685743471274122, -0.9116798841370009, 0.9133059354284718, -0.1277067062404047, 0.8979546135631256, 0.5726119718701219, 0.7325785971633969, -0.6536691570081037, -0.850102825973786, 0.2014854427555386, -0.6640556325631923, 0.4667603350211398, -0.18311227969597055, 0.05581764683584067, 0.875143167901884, 0.043392244889916, -0.7836132342255386, -0.6835531856304011, 0.09040530340642561, 0.04880816013694678, 0.2752204882519873, -0.1970091128194542, 0.2996102180386846, -0.20619999419653467, 0.24783222709644614, 0.5348099341802477, -0.6420521799177383, -0.24884846282491524, 0.005066118653868745, 0.3733341598326916, -0.4926407026772337, 0.10948172588511706, 0.24986168812819542, 0.7910023321122921, -0.27429282313374714, 0.2751141460374733, -0.6171071957620733, -0.004411770765388567, -0.6351091908575863, 0.8367660782795254, -0.13635585731754474, 0.6603762041966925, -0.16644739064327485, 0.8093351774867339, -0.19034956537818792, -0.33765099381775454, 0.14427754054549724, 0.6908872981882266, 0.7220286235061439, 0.19137623413666893, -0.8306767779591795, 0.19453321463834983, -0.5090925828337958, 0.46518689717993555, 0.7893025846334776, 0.0294679418262902, 0.20712702072041278, -0.8698643752343853, 0.08014945928561268, -0.7416264326591246, 0.22912569270066396, -0.2726993059103242, 0.5355160686614915, -0.902931727160895, -0.7803637637643119, 0.36804643024725525, 0.029307394167312983, 0.1432827432294983, 0.6874139879813108, -0.024524721700651453, 0.6202888442522898, 0.020487258589880097, 0.8534413864805024, 0.333855543079252, -0.7025463211318861, -0.27089364934848836, 0.7315498318881986, -0.29942957828896866, -0.6219484810876903, -0.0547573816684539, -0.21443765035574014, 0.23785985328818726, -0.12646741612097356, -0.47815568541100895, -0.17505557667448635, -0.16193193089539926, 0.8048437117522818, 0.9592325240809707, 0.24713767881382775, -0.8336317548582777, 0.46599743519199, 0.357370804957968, 0.6520457340504391, -0.3050973265778887, -0.8822398116837538, 0.2236436329105842, -0.751970763373456, 0.5190590583266628, 0.5888466351532844, -0.18274642650020412, 0.8875950117660911, -0.6524404124894483, 0.8851716994539605]",rhc,relu,False,False,100,[10],0.1,100,1
163,63,0.1759350000647828,1.6810480637218221,250.0,100,15,"[0.9340596780273533, 0.09446449835144466, 0.9453687199297687, 0.4296319873487293, 0.3954576491945416, -0.5678210088392472, 0.9525489095524835, -0.9875394895908203, -0.4940352752331121, -0.13041693519110842, 0.5587658435875049, -0.6046298507994938, 0.7259864711984445, 0.9668013543506255, -0.6723155171906026, 0.19466788786571843, -0.98202780466489, -0.22685743471274122, -0.9116798841370009, 0.9133059354284718, -0.1277067062404047, 0.8979546135631256, 0.5726119718701219, 0.7325785971633969, -0.6536691570081037, -0.850102825973786, 0.2014854427555386, -0.6640556325631923, 0.4667603350211398, -0.18311227969597055, 0.05581764683584067, 0.875143167901884, 0.043392244889916, -0.7836132342255386, -0.6835531856304011, 0.09040530340642561, 0.04880816013694678, 0.2752204882519873, -0.1970091128194542, 0.2996102180386846, -0.20619999419653467, 0.24783222709644614, 0.5348099341802477, -0.6420521799177383, -0.24884846282491524, 0.005066118653868745, 0.3733341598326916, -0.4926407026772337, 0.10948172588511706, 0.24986168812819542, 0.7910023321122921, -0.27429282313374714, 0.2751141460374733, -0.6171071957620733, -0.004411770765388567, -0.6351091908575863, 0.8367660782795254, -0.13635585731754474, 0.6603762041966925, -0.16644739064327485, 0.8093351774867339, -0.19034956537818792, -0.33765099381775454, 0.14427754054549724, 0.6908872981882266, 0.7220286235061439, 0.19137623413666893, -0.8306767779591795, 0.19453321463834983, -0.5090925828337958, 0.46518689717993555, 0.7893025846334776, 0.0294679418262902, 0.20712702072041278, -0.8698643752343853, 0.08014945928561268, -0.7416264326591246, 0.22912569270066396, -0.2726993059103242, 0.5355160686614915, -0.902931727160895, -0.7803637637643119, 0.36804643024725525, 0.029307394167312983, 0.1432827432294983, 0.6874139879813108, -0.024524721700651453, 0.6202888442522898, 0.020487258589880097, 0.8534413864805024, 0.333855543079252, -0.7025463211318861, -0.27089364934848836, 0.7315498318881986, -0.29942957828896866, -0.6219484810876903, -0.0547573816684539, -0.21443765035574014, 0.23785985328818726, -0.12646741612097356, -0.47815568541100895, -0.17505557667448635, -0.16193193089539926, 0.8048437117522818, 0.9592325240809707, 0.24713767881382775, -0.8336317548582777, 0.46599743519199, 0.357370804957968, 0.6520457340504391, -0.3050973265778887, -0.8822398116837538, 0.2236436329105842, -0.751970763373456, 0.5190590583266628, 0.5888466351532844, -0.18274642650020412, 0.8875950117660911, -0.6524404124894483, 0.8851716994539605]",rhc,relu,False,False,100,[10],0.1,100,1
164,64,0.17886750004254282,1.6810480637218221,251.0,100,15,"[0.9340596780273533, 0.09446449835144466, 0.9453687199297687, 0.4296319873487293, 0.3954576491945416, -0.5678210088392472, 0.9525489095524835, -0.9875394895908203, -0.4940352752331121, -0.13041693519110842, 0.5587658435875049, -0.6046298507994938, 0.7259864711984445, 0.9668013543506255, -0.6723155171906026, 0.19466788786571843, -0.98202780466489, -0.22685743471274122, -0.9116798841370009, 0.9133059354284718, -0.1277067062404047, 0.8979546135631256, 0.5726119718701219, 0.7325785971633969, -0.6536691570081037, -0.850102825973786, 0.2014854427555386, -0.6640556325631923, 0.4667603350211398, -0.18311227969597055, 0.05581764683584067, 0.875143167901884, 0.043392244889916, -0.7836132342255386, -0.6835531856304011, 0.09040530340642561, 0.04880816013694678, 0.2752204882519873, -0.1970091128194542, 0.2996102180386846, -0.20619999419653467, 0.24783222709644614, 0.5348099341802477, -0.6420521799177383, -0.24884846282491524, 0.005066118653868745, 0.3733341598326916, -0.4926407026772337, 0.10948172588511706, 0.24986168812819542, 0.7910023321122921, -0.27429282313374714, 0.2751141460374733, -0.6171071957620733, -0.004411770765388567, -0.6351091908575863, 0.8367660782795254, -0.13635585731754474, 0.6603762041966925, -0.16644739064327485, 0.8093351774867339, -0.19034956537818792, -0.33765099381775454, 0.14427754054549724, 0.6908872981882266, 0.7220286235061439, 0.19137623413666893, -0.8306767779591795, 0.19453321463834983, -0.5090925828337958, 0.46518689717993555, 0.7893025846334776, 0.0294679418262902, 0.20712702072041278, -0.8698643752343853, 0.08014945928561268, -0.7416264326591246, 0.22912569270066396, -0.2726993059103242, 0.5355160686614915, -0.902931727160895, -0.7803637637643119, 0.36804643024725525, 0.029307394167312983, 0.1432827432294983, 0.6874139879813108, -0.024524721700651453, 0.6202888442522898, 0.020487258589880097, 0.8534413864805024, 0.333855543079252, -0.7025463211318861, -0.27089364934848836, 0.7315498318881986, -0.29942957828896866, -0.6219484810876903, -0.0547573816684539, -0.21443765035574014, 0.23785985328818726, -0.12646741612097356, -0.47815568541100895, -0.17505557667448635, -0.16193193089539926, 0.8048437117522818, 0.9592325240809707, 0.24713767881382775, -0.8336317548582777, 0.46599743519199, 0.357370804957968, 0.6520457340504391, -0.3050973265778887, -0.8822398116837538, 0.2236436329105842, -0.751970763373456, 0.5190590583266628, 0.5888466351532844, -0.18274642650020412, 0.8875950117660911, -0.6524404124894483, 0.8851716994539605]",rhc,relu,False,False,100,[10],0.1,100,1
165,65,0.1803774000145495,1.667570514643943,253.0,100,15,"[0.9340596780273533, 0.09446449835144466, 0.9453687199297687, 0.4296319873487293, 0.3954576491945416, -0.5678210088392472, 0.9525489095524835, -0.9875394895908203, -0.4940352752331121, -0.13041693519110842, 0.5587658435875049, -0.6046298507994938, 0.7259864711984445, 0.9668013543506255, -0.6723155171906026, 0.19466788786571843, -0.98202780466489, -0.22685743471274122, -0.9116798841370009, 0.9133059354284718, -0.1277067062404047, 0.8979546135631256, 0.5726119718701219, 0.7325785971633969, -0.6536691570081037, -0.850102825973786, 0.2014854427555386, -0.6640556325631923, 0.4667603350211398, -0.18311227969597055, 0.05581764683584067, 0.875143167901884, 0.043392244889916, -0.7836132342255386, -0.6835531856304011, 0.09040530340642561, 0.04880816013694678, 0.2752204882519873, -0.1970091128194542, 0.2996102180386846, -0.20619999419653467, 0.24783222709644614, 0.5348099341802477, -0.6420521799177383, -0.24884846282491524, 0.005066118653868745, 0.3733341598326916, -0.4926407026772337, 0.10948172588511706, 0.24986168812819542, 0.7910023321122921, -0.27429282313374714, 0.2751141460374733, -0.6171071957620733, -0.004411770765388567, -0.6351091908575863, 0.8367660782795254, -0.13635585731754474, 0.6603762041966925, -0.16644739064327485, 0.8093351774867339, -0.19034956537818792, -0.33765099381775454, 0.14427754054549724, 0.6908872981882266, 0.7220286235061439, 0.19137623413666893, -0.8306767779591795, 0.19453321463834983, -0.5090925828337958, 0.46518689717993555, 0.7893025846334776, 0.0294679418262902, 0.20712702072041278, -0.8698643752343853, 0.08014945928561268, -0.7416264326591246, 0.22912569270066396, -0.2726993059103242, 0.5355160686614915, -0.902931727160895, -0.7803637637643119, 0.36804643024725525, 0.029307394167312983, 0.1432827432294983, 0.6874139879813108, -0.024524721700651453, 0.6202888442522898, 0.020487258589880097, 0.8534413864805024, 0.333855543079252, -0.7025463211318861, -0.27089364934848836, 0.7315498318881986, -0.29942957828896866, -0.6219484810876903, -0.0547573816684539, -0.21443765035574014, 0.23785985328818726, -0.12646741612097356, -0.47815568541100895, -0.17505557667448635, -0.16193193089539926, 0.8048437117522818, 0.9592325240809707, 0.24713767881382775, -0.8336317548582777, 0.46599743519199, 0.357370804957968, 0.6520457340504391, -0.3050973265778887, -0.8822398116837538, 0.2236436329105842, -0.751970763373456, 0.5190590583266628, 0.5888466351532844, -0.18274642650020412, 0.8875950117660911, -0.6524404124894483, 0.8851716994539605]",rhc,relu,False,False,100,[10],0.1,100,1
166,66,0.18194050004240125,1.656400895908408,255.0,100,15,"[0.9340596780273533, 0.09446449835144466, 0.9453687199297687, 0.4296319873487293, 0.3954576491945416, -0.5678210088392472, 0.9525489095524835, -0.9875394895908203, -0.4940352752331121, -0.13041693519110842, 0.5587658435875049, -0.6046298507994938, 0.7259864711984445, 0.9668013543506255, -0.6723155171906026, 0.19466788786571843, -0.98202780466489, -0.22685743471274122, -0.9116798841370009, 0.9133059354284718, -0.1277067062404047, 0.8979546135631256, 0.5726119718701219, 0.7325785971633969, -0.6536691570081037, -0.850102825973786, 0.2014854427555386, -0.6640556325631923, 0.4667603350211398, -0.18311227969597055, 0.05581764683584067, 0.875143167901884, 0.043392244889916, -0.7836132342255386, -0.6835531856304011, 0.09040530340642561, 0.04880816013694678, 0.2752204882519873, -0.1970091128194542, 0.2996102180386846, -0.20619999419653467, 0.24783222709644614, 0.5348099341802477, -0.6420521799177383, -0.24884846282491524, 0.005066118653868745, 0.3733341598326916, -0.4926407026772337, 0.10948172588511706, 0.24986168812819542, 0.7910023321122921, -0.27429282313374714, 0.2751141460374733, -0.6171071957620733, -0.004411770765388567, -0.6351091908575863, 0.8367660782795254, -0.13635585731754474, 0.6603762041966925, -0.16644739064327485, 0.8093351774867339, -0.19034956537818792, -0.33765099381775454, 0.14427754054549724, 0.6908872981882266, 0.7220286235061439, 0.19137623413666893, -0.8306767779591795, 0.19453321463834983, -0.5090925828337958, 0.46518689717993555, 0.7893025846334776, 0.0294679418262902, 0.20712702072041278, -0.8698643752343853, 0.08014945928561268, -0.7416264326591246, 0.22912569270066396, -0.2726993059103242, 0.5355160686614915, -0.902931727160895, -0.7803637637643119, 0.36804643024725525, 0.029307394167312983, 0.1432827432294983, 0.6874139879813108, -0.024524721700651453, 0.6202888442522898, 0.020487258589880097, 0.8534413864805024, 0.333855543079252, -0.7025463211318861, -0.27089364934848836, 0.7315498318881986, -0.29942957828896866, -0.6219484810876903, -0.0547573816684539, -0.21443765035574014, 0.23785985328818726, -0.12646741612097356, -0.47815568541100895, -0.17505557667448635, -0.16193193089539926, 0.8048437117522818, 0.9592325240809707, 0.24713767881382775, -0.8336317548582777, 0.46599743519199, 0.357370804957968, 0.6520457340504391, -0.3050973265778887, -0.8822398116837538, 0.2236436329105842, -0.751970763373456, 0.5190590583266628, 0.5888466351532844, -0.18274642650020412, 0.8875950117660911, -0.6524404124894483, 0.8851716994539605]",rhc,relu,False,False,100,[10],0.1,100,1
167,67,0.1847929999930784,1.656400895908408,256.0,100,15,"[0.9340596780273533, 0.09446449835144466, 0.9453687199297687, 0.4296319873487293, 0.3954576491945416, -0.5678210088392472, 0.9525489095524835, -0.9875394895908203, -0.4940352752331121, -0.13041693519110842, 0.5587658435875049, -0.6046298507994938, 0.7259864711984445, 0.9668013543506255, -0.6723155171906026, 0.19466788786571843, -0.98202780466489, -0.22685743471274122, -0.9116798841370009, 0.9133059354284718, -0.1277067062404047, 0.8979546135631256, 0.5726119718701219, 0.7325785971633969, -0.6536691570081037, -0.850102825973786, 0.2014854427555386, -0.6640556325631923, 0.4667603350211398, -0.18311227969597055, 0.05581764683584067, 0.875143167901884, 0.043392244889916, -0.7836132342255386, -0.6835531856304011, 0.09040530340642561, 0.04880816013694678, 0.2752204882519873, -0.1970091128194542, 0.2996102180386846, -0.20619999419653467, 0.24783222709644614, 0.5348099341802477, -0.6420521799177383, -0.24884846282491524, 0.005066118653868745, 0.3733341598326916, -0.4926407026772337, 0.10948172588511706, 0.24986168812819542, 0.7910023321122921, -0.27429282313374714, 0.2751141460374733, -0.6171071957620733, -0.004411770765388567, -0.6351091908575863, 0.8367660782795254, -0.13635585731754474, 0.6603762041966925, -0.16644739064327485, 0.8093351774867339, -0.19034956537818792, -0.33765099381775454, 0.14427754054549724, 0.6908872981882266, 0.7220286235061439, 0.19137623413666893, -0.8306767779591795, 0.19453321463834983, -0.5090925828337958, 0.46518689717993555, 0.7893025846334776, 0.0294679418262902, 0.20712702072041278, -0.8698643752343853, 0.08014945928561268, -0.7416264326591246, 0.22912569270066396, -0.2726993059103242, 0.5355160686614915, -0.902931727160895, -0.7803637637643119, 0.36804643024725525, 0.029307394167312983, 0.1432827432294983, 0.6874139879813108, -0.024524721700651453, 0.6202888442522898, 0.020487258589880097, 0.8534413864805024, 0.333855543079252, -0.7025463211318861, -0.27089364934848836, 0.7315498318881986, -0.29942957828896866, -0.6219484810876903, -0.0547573816684539, -0.21443765035574014, 0.23785985328818726, -0.12646741612097356, -0.47815568541100895, -0.17505557667448635, -0.16193193089539926, 0.8048437117522818, 0.9592325240809707, 0.24713767881382775, -0.8336317548582777, 0.46599743519199, 0.357370804957968, 0.6520457340504391, -0.3050973265778887, -0.8822398116837538, 0.2236436329105842, -0.751970763373456, 0.5190590583266628, 0.5888466351532844, -0.18274642650020412, 0.8875950117660911, -0.6524404124894483, 0.8851716994539605]",rhc,relu,False,False,100,[10],0.1,100,1
168,68,0.18640930007677525,1.6546432013765724,258.0,100,15,"[0.9340596780273533, 0.09446449835144466, 0.9453687199297687, 0.4296319873487293, 0.3954576491945416, -0.5678210088392472, 0.9525489095524835, -0.9875394895908203, -0.4940352752331121, -0.13041693519110842, 0.5587658435875049, -0.6046298507994938, 0.7259864711984445, 0.9668013543506255, -0.6723155171906026, 0.19466788786571843, -0.98202780466489, -0.22685743471274122, -0.9116798841370009, 0.9133059354284718, -0.1277067062404047, 0.8979546135631256, 0.5726119718701219, 0.7325785971633969, -0.6536691570081037, -0.850102825973786, 0.2014854427555386, -0.6640556325631923, 0.4667603350211398, -0.18311227969597055, 0.05581764683584067, 0.875143167901884, 0.043392244889916, -0.7836132342255386, -0.6835531856304011, 0.09040530340642561, 0.04880816013694678, 0.2752204882519873, -0.1970091128194542, 0.2996102180386846, -0.20619999419653467, 0.24783222709644614, 0.5348099341802477, -0.6420521799177383, -0.24884846282491524, 0.005066118653868745, 0.3733341598326916, -0.4926407026772337, 0.10948172588511706, 0.24986168812819542, 0.7910023321122921, -0.27429282313374714, 0.2751141460374733, -0.6171071957620733, -0.004411770765388567, -0.6351091908575863, 0.8367660782795254, -0.13635585731754474, 0.6603762041966925, -0.16644739064327485, 0.8093351774867339, -0.19034956537818792, -0.33765099381775454, 0.14427754054549724, 0.6908872981882266, 0.7220286235061439, 0.19137623413666893, -0.8306767779591795, 0.19453321463834983, -0.5090925828337958, 0.46518689717993555, 0.7893025846334776, 0.0294679418262902, 0.20712702072041278, -0.8698643752343853, 0.08014945928561268, -0.7416264326591246, 0.22912569270066396, -0.2726993059103242, 0.5355160686614915, -0.902931727160895, -0.7803637637643119, 0.36804643024725525, 0.029307394167312983, 0.1432827432294983, 0.6874139879813108, -0.024524721700651453, 0.6202888442522898, 0.020487258589880097, 0.8534413864805024, 0.333855543079252, -0.7025463211318861, -0.27089364934848836, 0.7315498318881986, -0.29942957828896866, -0.6219484810876903, -0.0547573816684539, -0.21443765035574014, 0.23785985328818726, -0.12646741612097356, -0.47815568541100895, -0.17505557667448635, -0.16193193089539926, 0.8048437117522818, 0.9592325240809707, 0.24713767881382775, -0.8336317548582777, 0.46599743519199, 0.357370804957968, 0.6520457340504391, -0.3050973265778887, -0.8822398116837538, 0.2236436329105842, -0.751970763373456, 0.5190590583266628, 0.5888466351532844, -0.18274642650020412, 0.8875950117660911, -0.6524404124894483, 0.8851716994539605]",rhc,relu,False,False,100,[10],0.1,100,1
169,69,0.18797269999049604,1.6525870748308948,260.0,100,15,"[0.9340596780273533, 0.09446449835144466, 0.9453687199297687, 0.4296319873487293, 0.3954576491945416, -0.5678210088392472, 0.9525489095524835, -0.9875394895908203, -0.4940352752331121, -0.13041693519110842, 0.5587658435875049, -0.6046298507994938, 0.7259864711984445, 0.9668013543506255, -0.6723155171906026, 0.19466788786571843, -0.98202780466489, -0.22685743471274122, -0.9116798841370009, 0.9133059354284718, -0.1277067062404047, 0.8979546135631256, 0.5726119718701219, 0.7325785971633969, -0.6536691570081037, -0.850102825973786, 0.2014854427555386, -0.6640556325631923, 0.4667603350211398, -0.18311227969597055, 0.05581764683584067, 0.875143167901884, 0.043392244889916, -0.7836132342255386, -0.6835531856304011, 0.09040530340642561, 0.04880816013694678, 0.2752204882519873, -0.1970091128194542, 0.2996102180386846, -0.20619999419653467, 0.24783222709644614, 0.5348099341802477, -0.6420521799177383, -0.24884846282491524, 0.005066118653868745, 0.3733341598326916, -0.4926407026772337, 0.10948172588511706, 0.24986168812819542, 0.7910023321122921, -0.27429282313374714, 0.2751141460374733, -0.6171071957620733, -0.004411770765388567, -0.6351091908575863, 0.8367660782795254, -0.13635585731754474, 0.6603762041966925, -0.16644739064327485, 0.8093351774867339, -0.19034956537818792, -0.33765099381775454, 0.14427754054549724, 0.6908872981882266, 0.7220286235061439, 0.19137623413666893, -0.8306767779591795, 0.19453321463834983, -0.5090925828337958, 0.46518689717993555, 0.7893025846334776, 0.0294679418262902, 0.20712702072041278, -0.8698643752343853, 0.08014945928561268, -0.7416264326591246, 0.22912569270066396, -0.2726993059103242, 0.5355160686614915, -0.902931727160895, -0.7803637637643119, 0.36804643024725525, 0.029307394167312983, 0.1432827432294983, 0.6874139879813108, -0.024524721700651453, 0.6202888442522898, 0.020487258589880097, 0.8534413864805024, 0.333855543079252, -0.7025463211318861, -0.27089364934848836, 0.7315498318881986, -0.29942957828896866, -0.6219484810876903, -0.0547573816684539, -0.21443765035574014, 0.23785985328818726, -0.12646741612097356, -0.47815568541100895, -0.17505557667448635, -0.16193193089539926, 0.8048437117522818, 0.9592325240809707, 0.24713767881382775, -0.8336317548582777, 0.46599743519199, 0.357370804957968, 0.6520457340504391, -0.3050973265778887, -0.8822398116837538, 0.2236436329105842, -0.751970763373456, 0.5190590583266628, 0.5888466351532844, -0.18274642650020412, 0.8875950117660911, -0.6524404124894483, 0.8851716994539605]",rhc,relu,False,False,100,[10],0.1,100,1
170,70,0.1908457000972703,1.6328418878288447,262.0,100,15,"[0.9340596780273533, 0.09446449835144466, 0.9453687199297687, 0.4296319873487293, 0.3954576491945416, -0.5678210088392472, 0.9525489095524835, -0.9875394895908203, -0.4940352752331121, -0.13041693519110842, 0.5587658435875049, -0.6046298507994938, 0.7259864711984445, 0.9668013543506255, -0.6723155171906026, 0.19466788786571843, -0.98202780466489, -0.22685743471274122, -0.9116798841370009, 0.9133059354284718, -0.1277067062404047, 0.8979546135631256, 0.5726119718701219, 0.7325785971633969, -0.6536691570081037, -0.850102825973786, 0.2014854427555386, -0.6640556325631923, 0.4667603350211398, -0.18311227969597055, 0.05581764683584067, 0.875143167901884, 0.043392244889916, -0.7836132342255386, -0.6835531856304011, 0.09040530340642561, 0.04880816013694678, 0.2752204882519873, -0.1970091128194542, 0.2996102180386846, -0.20619999419653467, 0.24783222709644614, 0.5348099341802477, -0.6420521799177383, -0.24884846282491524, 0.005066118653868745, 0.3733341598326916, -0.4926407026772337, 0.10948172588511706, 0.24986168812819542, 0.7910023321122921, -0.27429282313374714, 0.2751141460374733, -0.6171071957620733, -0.004411770765388567, -0.6351091908575863, 0.8367660782795254, -0.13635585731754474, 0.6603762041966925, -0.16644739064327485, 0.8093351774867339, -0.19034956537818792, -0.33765099381775454, 0.14427754054549724, 0.6908872981882266, 0.7220286235061439, 0.19137623413666893, -0.8306767779591795, 0.19453321463834983, -0.5090925828337958, 0.46518689717993555, 0.7893025846334776, 0.0294679418262902, 0.20712702072041278, -0.8698643752343853, 0.08014945928561268, -0.7416264326591246, 0.22912569270066396, -0.2726993059103242, 0.5355160686614915, -0.902931727160895, -0.7803637637643119, 0.36804643024725525, 0.029307394167312983, 0.1432827432294983, 0.6874139879813108, -0.024524721700651453, 0.6202888442522898, 0.020487258589880097, 0.8534413864805024, 0.333855543079252, -0.7025463211318861, -0.27089364934848836, 0.7315498318881986, -0.29942957828896866, -0.6219484810876903, -0.0547573816684539, -0.21443765035574014, 0.23785985328818726, -0.12646741612097356, -0.47815568541100895, -0.17505557667448635, -0.16193193089539926, 0.8048437117522818, 0.9592325240809707, 0.24713767881382775, -0.8336317548582777, 0.46599743519199, 0.357370804957968, 0.6520457340504391, -0.3050973265778887, -0.8822398116837538, 0.2236436329105842, -0.751970763373456, 0.5190590583266628, 0.5888466351532844, -0.18274642650020412, 0.8875950117660911, -0.6524404124894483, 0.8851716994539605]",rhc,relu,False,False,100,[10],0.1,100,1
171,71,0.1941902000689879,1.6304107878035563,264.0,100,15,"[0.9340596780273533, 0.09446449835144466, 0.9453687199297687, 0.4296319873487293, 0.3954576491945416, -0.5678210088392472, 0.9525489095524835, -0.9875394895908203, -0.4940352752331121, -0.13041693519110842, 0.5587658435875049, -0.6046298507994938, 0.7259864711984445, 0.9668013543506255, -0.6723155171906026, 0.19466788786571843, -0.98202780466489, -0.22685743471274122, -0.9116798841370009, 0.9133059354284718, -0.1277067062404047, 0.8979546135631256, 0.5726119718701219, 0.7325785971633969, -0.6536691570081037, -0.850102825973786, 0.2014854427555386, -0.6640556325631923, 0.4667603350211398, -0.18311227969597055, 0.05581764683584067, 0.875143167901884, 0.043392244889916, -0.7836132342255386, -0.6835531856304011, 0.09040530340642561, 0.04880816013694678, 0.2752204882519873, -0.1970091128194542, 0.2996102180386846, -0.20619999419653467, 0.24783222709644614, 0.5348099341802477, -0.6420521799177383, -0.24884846282491524, 0.005066118653868745, 0.3733341598326916, -0.4926407026772337, 0.10948172588511706, 0.24986168812819542, 0.7910023321122921, -0.27429282313374714, 0.2751141460374733, -0.6171071957620733, -0.004411770765388567, -0.6351091908575863, 0.8367660782795254, -0.13635585731754474, 0.6603762041966925, -0.16644739064327485, 0.8093351774867339, -0.19034956537818792, -0.33765099381775454, 0.14427754054549724, 0.6908872981882266, 0.7220286235061439, 0.19137623413666893, -0.8306767779591795, 0.19453321463834983, -0.5090925828337958, 0.46518689717993555, 0.7893025846334776, 0.0294679418262902, 0.20712702072041278, -0.8698643752343853, 0.08014945928561268, -0.7416264326591246, 0.22912569270066396, -0.2726993059103242, 0.5355160686614915, -0.902931727160895, -0.7803637637643119, 0.36804643024725525, 0.029307394167312983, 0.1432827432294983, 0.6874139879813108, -0.024524721700651453, 0.6202888442522898, 0.020487258589880097, 0.8534413864805024, 0.333855543079252, -0.7025463211318861, -0.27089364934848836, 0.7315498318881986, -0.29942957828896866, -0.6219484810876903, -0.0547573816684539, -0.21443765035574014, 0.23785985328818726, -0.12646741612097356, -0.47815568541100895, -0.17505557667448635, -0.16193193089539926, 0.8048437117522818, 0.9592325240809707, 0.24713767881382775, -0.8336317548582777, 0.46599743519199, 0.357370804957968, 0.6520457340504391, -0.3050973265778887, -0.8822398116837538, 0.2236436329105842, -0.751970763373456, 0.5190590583266628, 0.5888466351532844, -0.18274642650020412, 0.8875950117660911, -0.6524404124894483, 0.8851716994539605]",rhc,relu,False,False,100,[10],0.1,100,1
172,72,0.19706690008752048,1.6263717606222712,266.0,100,15,"[0.9340596780273533, 0.09446449835144466, 0.9453687199297687, 0.4296319873487293, 0.3954576491945416, -0.5678210088392472, 0.9525489095524835, -0.9875394895908203, -0.4940352752331121, -0.13041693519110842, 0.5587658435875049, -0.6046298507994938, 0.7259864711984445, 0.9668013543506255, -0.6723155171906026, 0.19466788786571843, -0.98202780466489, -0.22685743471274122, -0.9116798841370009, 0.9133059354284718, -0.1277067062404047, 0.8979546135631256, 0.5726119718701219, 0.7325785971633969, -0.6536691570081037, -0.850102825973786, 0.2014854427555386, -0.6640556325631923, 0.4667603350211398, -0.18311227969597055, 0.05581764683584067, 0.875143167901884, 0.043392244889916, -0.7836132342255386, -0.6835531856304011, 0.09040530340642561, 0.04880816013694678, 0.2752204882519873, -0.1970091128194542, 0.2996102180386846, -0.20619999419653467, 0.24783222709644614, 0.5348099341802477, -0.6420521799177383, -0.24884846282491524, 0.005066118653868745, 0.3733341598326916, -0.4926407026772337, 0.10948172588511706, 0.24986168812819542, 0.7910023321122921, -0.27429282313374714, 0.2751141460374733, -0.6171071957620733, -0.004411770765388567, -0.6351091908575863, 0.8367660782795254, -0.13635585731754474, 0.6603762041966925, -0.16644739064327485, 0.8093351774867339, -0.19034956537818792, -0.33765099381775454, 0.14427754054549724, 0.6908872981882266, 0.7220286235061439, 0.19137623413666893, -0.8306767779591795, 0.19453321463834983, -0.5090925828337958, 0.46518689717993555, 0.7893025846334776, 0.0294679418262902, 0.20712702072041278, -0.8698643752343853, 0.08014945928561268, -0.7416264326591246, 0.22912569270066396, -0.2726993059103242, 0.5355160686614915, -0.902931727160895, -0.7803637637643119, 0.36804643024725525, 0.029307394167312983, 0.1432827432294983, 0.6874139879813108, -0.024524721700651453, 0.6202888442522898, 0.020487258589880097, 0.8534413864805024, 0.333855543079252, -0.7025463211318861, -0.27089364934848836, 0.7315498318881986, -0.29942957828896866, -0.6219484810876903, -0.0547573816684539, -0.21443765035574014, 0.23785985328818726, -0.12646741612097356, -0.47815568541100895, -0.17505557667448635, -0.16193193089539926, 0.8048437117522818, 0.9592325240809707, 0.24713767881382775, -0.8336317548582777, 0.46599743519199, 0.357370804957968, 0.6520457340504391, -0.3050973265778887, -0.8822398116837538, 0.2236436329105842, -0.751970763373456, 0.5190590583266628, 0.5888466351532844, -0.18274642650020412, 0.8875950117660911, -0.6524404124894483, 0.8851716994539605]",rhc,relu,False,False,100,[10],0.1,100,1
173,73,0.19875830004457384,1.6263717606222712,267.0,100,15,"[0.9340596780273533, 0.09446449835144466, 0.9453687199297687, 0.4296319873487293, 0.3954576491945416, -0.5678210088392472, 0.9525489095524835, -0.9875394895908203, -0.4940352752331121, -0.13041693519110842, 0.5587658435875049, -0.6046298507994938, 0.7259864711984445, 0.9668013543506255, -0.6723155171906026, 0.19466788786571843, -0.98202780466489, -0.22685743471274122, -0.9116798841370009, 0.9133059354284718, -0.1277067062404047, 0.8979546135631256, 0.5726119718701219, 0.7325785971633969, -0.6536691570081037, -0.850102825973786, 0.2014854427555386, -0.6640556325631923, 0.4667603350211398, -0.18311227969597055, 0.05581764683584067, 0.875143167901884, 0.043392244889916, -0.7836132342255386, -0.6835531856304011, 0.09040530340642561, 0.04880816013694678, 0.2752204882519873, -0.1970091128194542, 0.2996102180386846, -0.20619999419653467, 0.24783222709644614, 0.5348099341802477, -0.6420521799177383, -0.24884846282491524, 0.005066118653868745, 0.3733341598326916, -0.4926407026772337, 0.10948172588511706, 0.24986168812819542, 0.7910023321122921, -0.27429282313374714, 0.2751141460374733, -0.6171071957620733, -0.004411770765388567, -0.6351091908575863, 0.8367660782795254, -0.13635585731754474, 0.6603762041966925, -0.16644739064327485, 0.8093351774867339, -0.19034956537818792, -0.33765099381775454, 0.14427754054549724, 0.6908872981882266, 0.7220286235061439, 0.19137623413666893, -0.8306767779591795, 0.19453321463834983, -0.5090925828337958, 0.46518689717993555, 0.7893025846334776, 0.0294679418262902, 0.20712702072041278, -0.8698643752343853, 0.08014945928561268, -0.7416264326591246, 0.22912569270066396, -0.2726993059103242, 0.5355160686614915, -0.902931727160895, -0.7803637637643119, 0.36804643024725525, 0.029307394167312983, 0.1432827432294983, 0.6874139879813108, -0.024524721700651453, 0.6202888442522898, 0.020487258589880097, 0.8534413864805024, 0.333855543079252, -0.7025463211318861, -0.27089364934848836, 0.7315498318881986, -0.29942957828896866, -0.6219484810876903, -0.0547573816684539, -0.21443765035574014, 0.23785985328818726, -0.12646741612097356, -0.47815568541100895, -0.17505557667448635, -0.16193193089539926, 0.8048437117522818, 0.9592325240809707, 0.24713767881382775, -0.8336317548582777, 0.46599743519199, 0.357370804957968, 0.6520457340504391, -0.3050973265778887, -0.8822398116837538, 0.2236436329105842, -0.751970763373456, 0.5190590583266628, 0.5888466351532844, -0.18274642650020412, 0.8875950117660911, -0.6524404124894483, 0.8851716994539605]",rhc,relu,False,False,100,[10],0.1,100,1
174,74,0.20192090002819896,1.6263717606222712,268.0,100,15,"[0.9340596780273533, 0.09446449835144466, 0.9453687199297687, 0.4296319873487293, 0.3954576491945416, -0.5678210088392472, 0.9525489095524835, -0.9875394895908203, -0.4940352752331121, -0.13041693519110842, 0.5587658435875049, -0.6046298507994938, 0.7259864711984445, 0.9668013543506255, -0.6723155171906026, 0.19466788786571843, -0.98202780466489, -0.22685743471274122, -0.9116798841370009, 0.9133059354284718, -0.1277067062404047, 0.8979546135631256, 0.5726119718701219, 0.7325785971633969, -0.6536691570081037, -0.850102825973786, 0.2014854427555386, -0.6640556325631923, 0.4667603350211398, -0.18311227969597055, 0.05581764683584067, 0.875143167901884, 0.043392244889916, -0.7836132342255386, -0.6835531856304011, 0.09040530340642561, 0.04880816013694678, 0.2752204882519873, -0.1970091128194542, 0.2996102180386846, -0.20619999419653467, 0.24783222709644614, 0.5348099341802477, -0.6420521799177383, -0.24884846282491524, 0.005066118653868745, 0.3733341598326916, -0.4926407026772337, 0.10948172588511706, 0.24986168812819542, 0.7910023321122921, -0.27429282313374714, 0.2751141460374733, -0.6171071957620733, -0.004411770765388567, -0.6351091908575863, 0.8367660782795254, -0.13635585731754474, 0.6603762041966925, -0.16644739064327485, 0.8093351774867339, -0.19034956537818792, -0.33765099381775454, 0.14427754054549724, 0.6908872981882266, 0.7220286235061439, 0.19137623413666893, -0.8306767779591795, 0.19453321463834983, -0.5090925828337958, 0.46518689717993555, 0.7893025846334776, 0.0294679418262902, 0.20712702072041278, -0.8698643752343853, 0.08014945928561268, -0.7416264326591246, 0.22912569270066396, -0.2726993059103242, 0.5355160686614915, -0.902931727160895, -0.7803637637643119, 0.36804643024725525, 0.029307394167312983, 0.1432827432294983, 0.6874139879813108, -0.024524721700651453, 0.6202888442522898, 0.020487258589880097, 0.8534413864805024, 0.333855543079252, -0.7025463211318861, -0.27089364934848836, 0.7315498318881986, -0.29942957828896866, -0.6219484810876903, -0.0547573816684539, -0.21443765035574014, 0.23785985328818726, -0.12646741612097356, -0.47815568541100895, -0.17505557667448635, -0.16193193089539926, 0.8048437117522818, 0.9592325240809707, 0.24713767881382775, -0.8336317548582777, 0.46599743519199, 0.357370804957968, 0.6520457340504391, -0.3050973265778887, -0.8822398116837538, 0.2236436329105842, -0.751970763373456, 0.5190590583266628, 0.5888466351532844, -0.18274642650020412, 0.8875950117660911, -0.6524404124894483, 0.8851716994539605]",rhc,relu,False,False,100,[10],0.1,100,1
175,75,0.2034730000887066,1.6263717606222712,269.0,100,15,"[0.9340596780273533, 0.09446449835144466, 0.9453687199297687, 0.4296319873487293, 0.3954576491945416, -0.5678210088392472, 0.9525489095524835, -0.9875394895908203, -0.4940352752331121, -0.13041693519110842, 0.5587658435875049, -0.6046298507994938, 0.7259864711984445, 0.9668013543506255, -0.6723155171906026, 0.19466788786571843, -0.98202780466489, -0.22685743471274122, -0.9116798841370009, 0.9133059354284718, -0.1277067062404047, 0.8979546135631256, 0.5726119718701219, 0.7325785971633969, -0.6536691570081037, -0.850102825973786, 0.2014854427555386, -0.6640556325631923, 0.4667603350211398, -0.18311227969597055, 0.05581764683584067, 0.875143167901884, 0.043392244889916, -0.7836132342255386, -0.6835531856304011, 0.09040530340642561, 0.04880816013694678, 0.2752204882519873, -0.1970091128194542, 0.2996102180386846, -0.20619999419653467, 0.24783222709644614, 0.5348099341802477, -0.6420521799177383, -0.24884846282491524, 0.005066118653868745, 0.3733341598326916, -0.4926407026772337, 0.10948172588511706, 0.24986168812819542, 0.7910023321122921, -0.27429282313374714, 0.2751141460374733, -0.6171071957620733, -0.004411770765388567, -0.6351091908575863, 0.8367660782795254, -0.13635585731754474, 0.6603762041966925, -0.16644739064327485, 0.8093351774867339, -0.19034956537818792, -0.33765099381775454, 0.14427754054549724, 0.6908872981882266, 0.7220286235061439, 0.19137623413666893, -0.8306767779591795, 0.19453321463834983, -0.5090925828337958, 0.46518689717993555, 0.7893025846334776, 0.0294679418262902, 0.20712702072041278, -0.8698643752343853, 0.08014945928561268, -0.7416264326591246, 0.22912569270066396, -0.2726993059103242, 0.5355160686614915, -0.902931727160895, -0.7803637637643119, 0.36804643024725525, 0.029307394167312983, 0.1432827432294983, 0.6874139879813108, -0.024524721700651453, 0.6202888442522898, 0.020487258589880097, 0.8534413864805024, 0.333855543079252, -0.7025463211318861, -0.27089364934848836, 0.7315498318881986, -0.29942957828896866, -0.6219484810876903, -0.0547573816684539, -0.21443765035574014, 0.23785985328818726, -0.12646741612097356, -0.47815568541100895, -0.17505557667448635, -0.16193193089539926, 0.8048437117522818, 0.9592325240809707, 0.24713767881382775, -0.8336317548582777, 0.46599743519199, 0.357370804957968, 0.6520457340504391, -0.3050973265778887, -0.8822398116837538, 0.2236436329105842, -0.751970763373456, 0.5190590583266628, 0.5888466351532844, -0.18274642650020412, 0.8875950117660911, -0.6524404124894483, 0.8851716994539605]",rhc,relu,False,False,100,[10],0.1,100,1
176,76,0.2065150000853464,1.6263717606222712,270.0,100,15,"[0.9340596780273533, 0.09446449835144466, 0.9453687199297687, 0.4296319873487293, 0.3954576491945416, -0.5678210088392472, 0.9525489095524835, -0.9875394895908203, -0.4940352752331121, -0.13041693519110842, 0.5587658435875049, -0.6046298507994938, 0.7259864711984445, 0.9668013543506255, -0.6723155171906026, 0.19466788786571843, -0.98202780466489, -0.22685743471274122, -0.9116798841370009, 0.9133059354284718, -0.1277067062404047, 0.8979546135631256, 0.5726119718701219, 0.7325785971633969, -0.6536691570081037, -0.850102825973786, 0.2014854427555386, -0.6640556325631923, 0.4667603350211398, -0.18311227969597055, 0.05581764683584067, 0.875143167901884, 0.043392244889916, -0.7836132342255386, -0.6835531856304011, 0.09040530340642561, 0.04880816013694678, 0.2752204882519873, -0.1970091128194542, 0.2996102180386846, -0.20619999419653467, 0.24783222709644614, 0.5348099341802477, -0.6420521799177383, -0.24884846282491524, 0.005066118653868745, 0.3733341598326916, -0.4926407026772337, 0.10948172588511706, 0.24986168812819542, 0.7910023321122921, -0.27429282313374714, 0.2751141460374733, -0.6171071957620733, -0.004411770765388567, -0.6351091908575863, 0.8367660782795254, -0.13635585731754474, 0.6603762041966925, -0.16644739064327485, 0.8093351774867339, -0.19034956537818792, -0.33765099381775454, 0.14427754054549724, 0.6908872981882266, 0.7220286235061439, 0.19137623413666893, -0.8306767779591795, 0.19453321463834983, -0.5090925828337958, 0.46518689717993555, 0.7893025846334776, 0.0294679418262902, 0.20712702072041278, -0.8698643752343853, 0.08014945928561268, -0.7416264326591246, 0.22912569270066396, -0.2726993059103242, 0.5355160686614915, -0.902931727160895, -0.7803637637643119, 0.36804643024725525, 0.029307394167312983, 0.1432827432294983, 0.6874139879813108, -0.024524721700651453, 0.6202888442522898, 0.020487258589880097, 0.8534413864805024, 0.333855543079252, -0.7025463211318861, -0.27089364934848836, 0.7315498318881986, -0.29942957828896866, -0.6219484810876903, -0.0547573816684539, -0.21443765035574014, 0.23785985328818726, -0.12646741612097356, -0.47815568541100895, -0.17505557667448635, -0.16193193089539926, 0.8048437117522818, 0.9592325240809707, 0.24713767881382775, -0.8336317548582777, 0.46599743519199, 0.357370804957968, 0.6520457340504391, -0.3050973265778887, -0.8822398116837538, 0.2236436329105842, -0.751970763373456, 0.5190590583266628, 0.5888466351532844, -0.18274642650020412, 0.8875950117660911, -0.6524404124894483, 0.8851716994539605]",rhc,relu,False,False,100,[10],0.1,100,1
177,77,0.20961990009527653,1.6210078005556603,272.0,100,15,"[0.9340596780273533, 0.09446449835144466, 0.9453687199297687, 0.4296319873487293, 0.3954576491945416, -0.5678210088392472, 0.9525489095524835, -0.9875394895908203, -0.4940352752331121, -0.13041693519110842, 0.5587658435875049, -0.6046298507994938, 0.7259864711984445, 0.9668013543506255, -0.6723155171906026, 0.19466788786571843, -0.98202780466489, -0.22685743471274122, -0.9116798841370009, 0.9133059354284718, -0.1277067062404047, 0.8979546135631256, 0.5726119718701219, 0.7325785971633969, -0.6536691570081037, -0.850102825973786, 0.2014854427555386, -0.6640556325631923, 0.4667603350211398, -0.18311227969597055, 0.05581764683584067, 0.875143167901884, 0.043392244889916, -0.7836132342255386, -0.6835531856304011, 0.09040530340642561, 0.04880816013694678, 0.2752204882519873, -0.1970091128194542, 0.2996102180386846, -0.20619999419653467, 0.24783222709644614, 0.5348099341802477, -0.6420521799177383, -0.24884846282491524, 0.005066118653868745, 0.3733341598326916, -0.4926407026772337, 0.10948172588511706, 0.24986168812819542, 0.7910023321122921, -0.27429282313374714, 0.2751141460374733, -0.6171071957620733, -0.004411770765388567, -0.6351091908575863, 0.8367660782795254, -0.13635585731754474, 0.6603762041966925, -0.16644739064327485, 0.8093351774867339, -0.19034956537818792, -0.33765099381775454, 0.14427754054549724, 0.6908872981882266, 0.7220286235061439, 0.19137623413666893, -0.8306767779591795, 0.19453321463834983, -0.5090925828337958, 0.46518689717993555, 0.7893025846334776, 0.0294679418262902, 0.20712702072041278, -0.8698643752343853, 0.08014945928561268, -0.7416264326591246, 0.22912569270066396, -0.2726993059103242, 0.5355160686614915, -0.902931727160895, -0.7803637637643119, 0.36804643024725525, 0.029307394167312983, 0.1432827432294983, 0.6874139879813108, -0.024524721700651453, 0.6202888442522898, 0.020487258589880097, 0.8534413864805024, 0.333855543079252, -0.7025463211318861, -0.27089364934848836, 0.7315498318881986, -0.29942957828896866, -0.6219484810876903, -0.0547573816684539, -0.21443765035574014, 0.23785985328818726, -0.12646741612097356, -0.47815568541100895, -0.17505557667448635, -0.16193193089539926, 0.8048437117522818, 0.9592325240809707, 0.24713767881382775, -0.8336317548582777, 0.46599743519199, 0.357370804957968, 0.6520457340504391, -0.3050973265778887, -0.8822398116837538, 0.2236436329105842, -0.751970763373456, 0.5190590583266628, 0.5888466351532844, -0.18274642650020412, 0.8875950117660911, -0.6524404124894483, 0.8851716994539605]",rhc,relu,False,False,100,[10],0.1,100,1
178,78,0.2124417000450194,1.6210078005556603,273.0,100,15,"[0.9340596780273533, 0.09446449835144466, 0.9453687199297687, 0.4296319873487293, 0.3954576491945416, -0.5678210088392472, 0.9525489095524835, -0.9875394895908203, -0.4940352752331121, -0.13041693519110842, 0.5587658435875049, -0.6046298507994938, 0.7259864711984445, 0.9668013543506255, -0.6723155171906026, 0.19466788786571843, -0.98202780466489, -0.22685743471274122, -0.9116798841370009, 0.9133059354284718, -0.1277067062404047, 0.8979546135631256, 0.5726119718701219, 0.7325785971633969, -0.6536691570081037, -0.850102825973786, 0.2014854427555386, -0.6640556325631923, 0.4667603350211398, -0.18311227969597055, 0.05581764683584067, 0.875143167901884, 0.043392244889916, -0.7836132342255386, -0.6835531856304011, 0.09040530340642561, 0.04880816013694678, 0.2752204882519873, -0.1970091128194542, 0.2996102180386846, -0.20619999419653467, 0.24783222709644614, 0.5348099341802477, -0.6420521799177383, -0.24884846282491524, 0.005066118653868745, 0.3733341598326916, -0.4926407026772337, 0.10948172588511706, 0.24986168812819542, 0.7910023321122921, -0.27429282313374714, 0.2751141460374733, -0.6171071957620733, -0.004411770765388567, -0.6351091908575863, 0.8367660782795254, -0.13635585731754474, 0.6603762041966925, -0.16644739064327485, 0.8093351774867339, -0.19034956537818792, -0.33765099381775454, 0.14427754054549724, 0.6908872981882266, 0.7220286235061439, 0.19137623413666893, -0.8306767779591795, 0.19453321463834983, -0.5090925828337958, 0.46518689717993555, 0.7893025846334776, 0.0294679418262902, 0.20712702072041278, -0.8698643752343853, 0.08014945928561268, -0.7416264326591246, 0.22912569270066396, -0.2726993059103242, 0.5355160686614915, -0.902931727160895, -0.7803637637643119, 0.36804643024725525, 0.029307394167312983, 0.1432827432294983, 0.6874139879813108, -0.024524721700651453, 0.6202888442522898, 0.020487258589880097, 0.8534413864805024, 0.333855543079252, -0.7025463211318861, -0.27089364934848836, 0.7315498318881986, -0.29942957828896866, -0.6219484810876903, -0.0547573816684539, -0.21443765035574014, 0.23785985328818726, -0.12646741612097356, -0.47815568541100895, -0.17505557667448635, -0.16193193089539926, 0.8048437117522818, 0.9592325240809707, 0.24713767881382775, -0.8336317548582777, 0.46599743519199, 0.357370804957968, 0.6520457340504391, -0.3050973265778887, -0.8822398116837538, 0.2236436329105842, -0.751970763373456, 0.5190590583266628, 0.5888466351532844, -0.18274642650020412, 0.8875950117660911, -0.6524404124894483, 0.8851716994539605]",rhc,relu,False,False,100,[10],0.1,100,1
179,79,0.21469990001060069,1.6210078005556603,274.0,100,15,"[0.9340596780273533, 0.09446449835144466, 0.9453687199297687, 0.4296319873487293, 0.3954576491945416, -0.5678210088392472, 0.9525489095524835, -0.9875394895908203, -0.4940352752331121, -0.13041693519110842, 0.5587658435875049, -0.6046298507994938, 0.7259864711984445, 0.9668013543506255, -0.6723155171906026, 0.19466788786571843, -0.98202780466489, -0.22685743471274122, -0.9116798841370009, 0.9133059354284718, -0.1277067062404047, 0.8979546135631256, 0.5726119718701219, 0.7325785971633969, -0.6536691570081037, -0.850102825973786, 0.2014854427555386, -0.6640556325631923, 0.4667603350211398, -0.18311227969597055, 0.05581764683584067, 0.875143167901884, 0.043392244889916, -0.7836132342255386, -0.6835531856304011, 0.09040530340642561, 0.04880816013694678, 0.2752204882519873, -0.1970091128194542, 0.2996102180386846, -0.20619999419653467, 0.24783222709644614, 0.5348099341802477, -0.6420521799177383, -0.24884846282491524, 0.005066118653868745, 0.3733341598326916, -0.4926407026772337, 0.10948172588511706, 0.24986168812819542, 0.7910023321122921, -0.27429282313374714, 0.2751141460374733, -0.6171071957620733, -0.004411770765388567, -0.6351091908575863, 0.8367660782795254, -0.13635585731754474, 0.6603762041966925, -0.16644739064327485, 0.8093351774867339, -0.19034956537818792, -0.33765099381775454, 0.14427754054549724, 0.6908872981882266, 0.7220286235061439, 0.19137623413666893, -0.8306767779591795, 0.19453321463834983, -0.5090925828337958, 0.46518689717993555, 0.7893025846334776, 0.0294679418262902, 0.20712702072041278, -0.8698643752343853, 0.08014945928561268, -0.7416264326591246, 0.22912569270066396, -0.2726993059103242, 0.5355160686614915, -0.902931727160895, -0.7803637637643119, 0.36804643024725525, 0.029307394167312983, 0.1432827432294983, 0.6874139879813108, -0.024524721700651453, 0.6202888442522898, 0.020487258589880097, 0.8534413864805024, 0.333855543079252, -0.7025463211318861, -0.27089364934848836, 0.7315498318881986, -0.29942957828896866, -0.6219484810876903, -0.0547573816684539, -0.21443765035574014, 0.23785985328818726, -0.12646741612097356, -0.47815568541100895, -0.17505557667448635, -0.16193193089539926, 0.8048437117522818, 0.9592325240809707, 0.24713767881382775, -0.8336317548582777, 0.46599743519199, 0.357370804957968, 0.6520457340504391, -0.3050973265778887, -0.8822398116837538, 0.2236436329105842, -0.751970763373456, 0.5190590583266628, 0.5888466351532844, -0.18274642650020412, 0.8875950117660911, -0.6524404124894483, 0.8851716994539605]",rhc,relu,False,False,100,[10],0.1,100,1
180,80,0.21622890001162887,1.6127247696399656,276.0,100,15,"[0.9340596780273533, 0.09446449835144466, 0.9453687199297687, 0.4296319873487293, 0.3954576491945416, -0.5678210088392472, 0.9525489095524835, -0.9875394895908203, -0.4940352752331121, -0.13041693519110842, 0.5587658435875049, -0.6046298507994938, 0.7259864711984445, 0.9668013543506255, -0.6723155171906026, 0.19466788786571843, -0.98202780466489, -0.22685743471274122, -0.9116798841370009, 0.9133059354284718, -0.1277067062404047, 0.8979546135631256, 0.5726119718701219, 0.7325785971633969, -0.6536691570081037, -0.850102825973786, 0.2014854427555386, -0.6640556325631923, 0.4667603350211398, -0.18311227969597055, 0.05581764683584067, 0.875143167901884, 0.043392244889916, -0.7836132342255386, -0.6835531856304011, 0.09040530340642561, 0.04880816013694678, 0.2752204882519873, -0.1970091128194542, 0.2996102180386846, -0.20619999419653467, 0.24783222709644614, 0.5348099341802477, -0.6420521799177383, -0.24884846282491524, 0.005066118653868745, 0.3733341598326916, -0.4926407026772337, 0.10948172588511706, 0.24986168812819542, 0.7910023321122921, -0.27429282313374714, 0.2751141460374733, -0.6171071957620733, -0.004411770765388567, -0.6351091908575863, 0.8367660782795254, -0.13635585731754474, 0.6603762041966925, -0.16644739064327485, 0.8093351774867339, -0.19034956537818792, -0.33765099381775454, 0.14427754054549724, 0.6908872981882266, 0.7220286235061439, 0.19137623413666893, -0.8306767779591795, 0.19453321463834983, -0.5090925828337958, 0.46518689717993555, 0.7893025846334776, 0.0294679418262902, 0.20712702072041278, -0.8698643752343853, 0.08014945928561268, -0.7416264326591246, 0.22912569270066396, -0.2726993059103242, 0.5355160686614915, -0.902931727160895, -0.7803637637643119, 0.36804643024725525, 0.029307394167312983, 0.1432827432294983, 0.6874139879813108, -0.024524721700651453, 0.6202888442522898, 0.020487258589880097, 0.8534413864805024, 0.333855543079252, -0.7025463211318861, -0.27089364934848836, 0.7315498318881986, -0.29942957828896866, -0.6219484810876903, -0.0547573816684539, -0.21443765035574014, 0.23785985328818726, -0.12646741612097356, -0.47815568541100895, -0.17505557667448635, -0.16193193089539926, 0.8048437117522818, 0.9592325240809707, 0.24713767881382775, -0.8336317548582777, 0.46599743519199, 0.357370804957968, 0.6520457340504391, -0.3050973265778887, -0.8822398116837538, 0.2236436329105842, -0.751970763373456, 0.5190590583266628, 0.5888466351532844, -0.18274642650020412, 0.8875950117660911, -0.6524404124894483, 0.8851716994539605]",rhc,relu,False,False,100,[10],0.1,100,1
181,81,0.21764280006755143,1.6032216268151596,278.0,100,15,"[0.9340596780273533, 0.09446449835144466, 0.9453687199297687, 0.4296319873487293, 0.3954576491945416, -0.5678210088392472, 0.9525489095524835, -0.9875394895908203, -0.4940352752331121, -0.13041693519110842, 0.5587658435875049, -0.6046298507994938, 0.7259864711984445, 0.9668013543506255, -0.6723155171906026, 0.19466788786571843, -0.98202780466489, -0.22685743471274122, -0.9116798841370009, 0.9133059354284718, -0.1277067062404047, 0.8979546135631256, 0.5726119718701219, 0.7325785971633969, -0.6536691570081037, -0.850102825973786, 0.2014854427555386, -0.6640556325631923, 0.4667603350211398, -0.18311227969597055, 0.05581764683584067, 0.875143167901884, 0.043392244889916, -0.7836132342255386, -0.6835531856304011, 0.09040530340642561, 0.04880816013694678, 0.2752204882519873, -0.1970091128194542, 0.2996102180386846, -0.20619999419653467, 0.24783222709644614, 0.5348099341802477, -0.6420521799177383, -0.24884846282491524, 0.005066118653868745, 0.3733341598326916, -0.4926407026772337, 0.10948172588511706, 0.24986168812819542, 0.7910023321122921, -0.27429282313374714, 0.2751141460374733, -0.6171071957620733, -0.004411770765388567, -0.6351091908575863, 0.8367660782795254, -0.13635585731754474, 0.6603762041966925, -0.16644739064327485, 0.8093351774867339, -0.19034956537818792, -0.33765099381775454, 0.14427754054549724, 0.6908872981882266, 0.7220286235061439, 0.19137623413666893, -0.8306767779591795, 0.19453321463834983, -0.5090925828337958, 0.46518689717993555, 0.7893025846334776, 0.0294679418262902, 0.20712702072041278, -0.8698643752343853, 0.08014945928561268, -0.7416264326591246, 0.22912569270066396, -0.2726993059103242, 0.5355160686614915, -0.902931727160895, -0.7803637637643119, 0.36804643024725525, 0.029307394167312983, 0.1432827432294983, 0.6874139879813108, -0.024524721700651453, 0.6202888442522898, 0.020487258589880097, 0.8534413864805024, 0.333855543079252, -0.7025463211318861, -0.27089364934848836, 0.7315498318881986, -0.29942957828896866, -0.6219484810876903, -0.0547573816684539, -0.21443765035574014, 0.23785985328818726, -0.12646741612097356, -0.47815568541100895, -0.17505557667448635, -0.16193193089539926, 0.8048437117522818, 0.9592325240809707, 0.24713767881382775, -0.8336317548582777, 0.46599743519199, 0.357370804957968, 0.6520457340504391, -0.3050973265778887, -0.8822398116837538, 0.2236436329105842, -0.751970763373456, 0.5190590583266628, 0.5888466351532844, -0.18274642650020412, 0.8875950117660911, -0.6524404124894483, 0.8851716994539605]",rhc,relu,False,False,100,[10],0.1,100,1
182,82,0.2193455999949947,1.6032216268151596,279.0,100,15,"[0.9340596780273533, 0.09446449835144466, 0.9453687199297687, 0.4296319873487293, 0.3954576491945416, -0.5678210088392472, 0.9525489095524835, -0.9875394895908203, -0.4940352752331121, -0.13041693519110842, 0.5587658435875049, -0.6046298507994938, 0.7259864711984445, 0.9668013543506255, -0.6723155171906026, 0.19466788786571843, -0.98202780466489, -0.22685743471274122, -0.9116798841370009, 0.9133059354284718, -0.1277067062404047, 0.8979546135631256, 0.5726119718701219, 0.7325785971633969, -0.6536691570081037, -0.850102825973786, 0.2014854427555386, -0.6640556325631923, 0.4667603350211398, -0.18311227969597055, 0.05581764683584067, 0.875143167901884, 0.043392244889916, -0.7836132342255386, -0.6835531856304011, 0.09040530340642561, 0.04880816013694678, 0.2752204882519873, -0.1970091128194542, 0.2996102180386846, -0.20619999419653467, 0.24783222709644614, 0.5348099341802477, -0.6420521799177383, -0.24884846282491524, 0.005066118653868745, 0.3733341598326916, -0.4926407026772337, 0.10948172588511706, 0.24986168812819542, 0.7910023321122921, -0.27429282313374714, 0.2751141460374733, -0.6171071957620733, -0.004411770765388567, -0.6351091908575863, 0.8367660782795254, -0.13635585731754474, 0.6603762041966925, -0.16644739064327485, 0.8093351774867339, -0.19034956537818792, -0.33765099381775454, 0.14427754054549724, 0.6908872981882266, 0.7220286235061439, 0.19137623413666893, -0.8306767779591795, 0.19453321463834983, -0.5090925828337958, 0.46518689717993555, 0.7893025846334776, 0.0294679418262902, 0.20712702072041278, -0.8698643752343853, 0.08014945928561268, -0.7416264326591246, 0.22912569270066396, -0.2726993059103242, 0.5355160686614915, -0.902931727160895, -0.7803637637643119, 0.36804643024725525, 0.029307394167312983, 0.1432827432294983, 0.6874139879813108, -0.024524721700651453, 0.6202888442522898, 0.020487258589880097, 0.8534413864805024, 0.333855543079252, -0.7025463211318861, -0.27089364934848836, 0.7315498318881986, -0.29942957828896866, -0.6219484810876903, -0.0547573816684539, -0.21443765035574014, 0.23785985328818726, -0.12646741612097356, -0.47815568541100895, -0.17505557667448635, -0.16193193089539926, 0.8048437117522818, 0.9592325240809707, 0.24713767881382775, -0.8336317548582777, 0.46599743519199, 0.357370804957968, 0.6520457340504391, -0.3050973265778887, -0.8822398116837538, 0.2236436329105842, -0.751970763373456, 0.5190590583266628, 0.5888466351532844, -0.18274642650020412, 0.8875950117660911, -0.6524404124894483, 0.8851716994539605]",rhc,relu,False,False,100,[10],0.1,100,1
183,83,0.22115360002499074,1.5935840091952291,281.0,100,15,"[0.9340596780273533, 0.09446449835144466, 0.9453687199297687, 0.4296319873487293, 0.3954576491945416, -0.5678210088392472, 0.9525489095524835, -0.9875394895908203, -0.4940352752331121, -0.13041693519110842, 0.5587658435875049, -0.6046298507994938, 0.7259864711984445, 0.9668013543506255, -0.6723155171906026, 0.19466788786571843, -0.98202780466489, -0.22685743471274122, -0.9116798841370009, 0.9133059354284718, -0.1277067062404047, 0.8979546135631256, 0.5726119718701219, 0.7325785971633969, -0.6536691570081037, -0.850102825973786, 0.2014854427555386, -0.6640556325631923, 0.4667603350211398, -0.18311227969597055, 0.05581764683584067, 0.875143167901884, 0.043392244889916, -0.7836132342255386, -0.6835531856304011, 0.09040530340642561, 0.04880816013694678, 0.2752204882519873, -0.1970091128194542, 0.2996102180386846, -0.20619999419653467, 0.24783222709644614, 0.5348099341802477, -0.6420521799177383, -0.24884846282491524, 0.005066118653868745, 0.3733341598326916, -0.4926407026772337, 0.10948172588511706, 0.24986168812819542, 0.7910023321122921, -0.27429282313374714, 0.2751141460374733, -0.6171071957620733, -0.004411770765388567, -0.6351091908575863, 0.8367660782795254, -0.13635585731754474, 0.6603762041966925, -0.16644739064327485, 0.8093351774867339, -0.19034956537818792, -0.33765099381775454, 0.14427754054549724, 0.6908872981882266, 0.7220286235061439, 0.19137623413666893, -0.8306767779591795, 0.19453321463834983, -0.5090925828337958, 0.46518689717993555, 0.7893025846334776, 0.0294679418262902, 0.20712702072041278, -0.8698643752343853, 0.08014945928561268, -0.7416264326591246, 0.22912569270066396, -0.2726993059103242, 0.5355160686614915, -0.902931727160895, -0.7803637637643119, 0.36804643024725525, 0.029307394167312983, 0.1432827432294983, 0.6874139879813108, -0.024524721700651453, 0.6202888442522898, 0.020487258589880097, 0.8534413864805024, 0.333855543079252, -0.7025463211318861, -0.27089364934848836, 0.7315498318881986, -0.29942957828896866, -0.6219484810876903, -0.0547573816684539, -0.21443765035574014, 0.23785985328818726, -0.12646741612097356, -0.47815568541100895, -0.17505557667448635, -0.16193193089539926, 0.8048437117522818, 0.9592325240809707, 0.24713767881382775, -0.8336317548582777, 0.46599743519199, 0.357370804957968, 0.6520457340504391, -0.3050973265778887, -0.8822398116837538, 0.2236436329105842, -0.751970763373456, 0.5190590583266628, 0.5888466351532844, -0.18274642650020412, 0.8875950117660911, -0.6524404124894483, 0.8851716994539605]",rhc,relu,False,False,100,[10],0.1,100,1
184,84,0.22437200008425862,1.5837361099769158,283.0,100,15,"[0.9340596780273533, 0.09446449835144466, 0.9453687199297687, 0.4296319873487293, 0.3954576491945416, -0.5678210088392472, 0.9525489095524835, -0.9875394895908203, -0.4940352752331121, -0.13041693519110842, 0.5587658435875049, -0.6046298507994938, 0.7259864711984445, 0.9668013543506255, -0.6723155171906026, 0.19466788786571843, -0.98202780466489, -0.22685743471274122, -0.9116798841370009, 0.9133059354284718, -0.1277067062404047, 0.8979546135631256, 0.5726119718701219, 0.7325785971633969, -0.6536691570081037, -0.850102825973786, 0.2014854427555386, -0.6640556325631923, 0.4667603350211398, -0.18311227969597055, 0.05581764683584067, 0.875143167901884, 0.043392244889916, -0.7836132342255386, -0.6835531856304011, 0.09040530340642561, 0.04880816013694678, 0.2752204882519873, -0.1970091128194542, 0.2996102180386846, -0.20619999419653467, 0.24783222709644614, 0.5348099341802477, -0.6420521799177383, -0.24884846282491524, 0.005066118653868745, 0.3733341598326916, -0.4926407026772337, 0.10948172588511706, 0.24986168812819542, 0.7910023321122921, -0.27429282313374714, 0.2751141460374733, -0.6171071957620733, -0.004411770765388567, -0.6351091908575863, 0.8367660782795254, -0.13635585731754474, 0.6603762041966925, -0.16644739064327485, 0.8093351774867339, -0.19034956537818792, -0.33765099381775454, 0.14427754054549724, 0.6908872981882266, 0.7220286235061439, 0.19137623413666893, -0.8306767779591795, 0.19453321463834983, -0.5090925828337958, 0.46518689717993555, 0.7893025846334776, 0.0294679418262902, 0.20712702072041278, -0.8698643752343853, 0.08014945928561268, -0.7416264326591246, 0.22912569270066396, -0.2726993059103242, 0.5355160686614915, -0.902931727160895, -0.7803637637643119, 0.36804643024725525, 0.029307394167312983, 0.1432827432294983, 0.6874139879813108, -0.024524721700651453, 0.6202888442522898, 0.020487258589880097, 0.8534413864805024, 0.333855543079252, -0.7025463211318861, -0.27089364934848836, 0.7315498318881986, -0.29942957828896866, -0.6219484810876903, -0.0547573816684539, -0.21443765035574014, 0.23785985328818726, -0.12646741612097356, -0.47815568541100895, -0.17505557667448635, -0.16193193089539926, 0.8048437117522818, 0.9592325240809707, 0.24713767881382775, -0.8336317548582777, 0.46599743519199, 0.357370804957968, 0.6520457340504391, -0.3050973265778887, -0.8822398116837538, 0.2236436329105842, -0.751970763373456, 0.5190590583266628, 0.5888466351532844, -0.18274642650020412, 0.8875950117660911, -0.6524404124894483, 0.8851716994539605]",rhc,relu,False,False,100,[10],0.1,100,1
185,85,0.2259537000209093,1.5837361099769158,284.0,100,15,"[0.9340596780273533, 0.09446449835144466, 0.9453687199297687, 0.4296319873487293, 0.3954576491945416, -0.5678210088392472, 0.9525489095524835, -0.9875394895908203, -0.4940352752331121, -0.13041693519110842, 0.5587658435875049, -0.6046298507994938, 0.7259864711984445, 0.9668013543506255, -0.6723155171906026, 0.19466788786571843, -0.98202780466489, -0.22685743471274122, -0.9116798841370009, 0.9133059354284718, -0.1277067062404047, 0.8979546135631256, 0.5726119718701219, 0.7325785971633969, -0.6536691570081037, -0.850102825973786, 0.2014854427555386, -0.6640556325631923, 0.4667603350211398, -0.18311227969597055, 0.05581764683584067, 0.875143167901884, 0.043392244889916, -0.7836132342255386, -0.6835531856304011, 0.09040530340642561, 0.04880816013694678, 0.2752204882519873, -0.1970091128194542, 0.2996102180386846, -0.20619999419653467, 0.24783222709644614, 0.5348099341802477, -0.6420521799177383, -0.24884846282491524, 0.005066118653868745, 0.3733341598326916, -0.4926407026772337, 0.10948172588511706, 0.24986168812819542, 0.7910023321122921, -0.27429282313374714, 0.2751141460374733, -0.6171071957620733, -0.004411770765388567, -0.6351091908575863, 0.8367660782795254, -0.13635585731754474, 0.6603762041966925, -0.16644739064327485, 0.8093351774867339, -0.19034956537818792, -0.33765099381775454, 0.14427754054549724, 0.6908872981882266, 0.7220286235061439, 0.19137623413666893, -0.8306767779591795, 0.19453321463834983, -0.5090925828337958, 0.46518689717993555, 0.7893025846334776, 0.0294679418262902, 0.20712702072041278, -0.8698643752343853, 0.08014945928561268, -0.7416264326591246, 0.22912569270066396, -0.2726993059103242, 0.5355160686614915, -0.902931727160895, -0.7803637637643119, 0.36804643024725525, 0.029307394167312983, 0.1432827432294983, 0.6874139879813108, -0.024524721700651453, 0.6202888442522898, 0.020487258589880097, 0.8534413864805024, 0.333855543079252, -0.7025463211318861, -0.27089364934848836, 0.7315498318881986, -0.29942957828896866, -0.6219484810876903, -0.0547573816684539, -0.21443765035574014, 0.23785985328818726, -0.12646741612097356, -0.47815568541100895, -0.17505557667448635, -0.16193193089539926, 0.8048437117522818, 0.9592325240809707, 0.24713767881382775, -0.8336317548582777, 0.46599743519199, 0.357370804957968, 0.6520457340504391, -0.3050973265778887, -0.8822398116837538, 0.2236436329105842, -0.751970763373456, 0.5190590583266628, 0.5888466351532844, -0.18274642650020412, 0.8875950117660911, -0.6524404124894483, 0.8851716994539605]",rhc,relu,False,False,100,[10],0.1,100,1
186,86,0.22897670010570437,1.5614853567494071,286.0,100,15,"[0.9340596780273533, 0.09446449835144466, 0.9453687199297687, 0.4296319873487293, 0.3954576491945416, -0.5678210088392472, 0.9525489095524835, -0.9875394895908203, -0.4940352752331121, -0.13041693519110842, 0.5587658435875049, -0.6046298507994938, 0.7259864711984445, 0.9668013543506255, -0.6723155171906026, 0.19466788786571843, -0.98202780466489, -0.22685743471274122, -0.9116798841370009, 0.9133059354284718, -0.1277067062404047, 0.8979546135631256, 0.5726119718701219, 0.7325785971633969, -0.6536691570081037, -0.850102825973786, 0.2014854427555386, -0.6640556325631923, 0.4667603350211398, -0.18311227969597055, 0.05581764683584067, 0.875143167901884, 0.043392244889916, -0.7836132342255386, -0.6835531856304011, 0.09040530340642561, 0.04880816013694678, 0.2752204882519873, -0.1970091128194542, 0.2996102180386846, -0.20619999419653467, 0.24783222709644614, 0.5348099341802477, -0.6420521799177383, -0.24884846282491524, 0.005066118653868745, 0.3733341598326916, -0.4926407026772337, 0.10948172588511706, 0.24986168812819542, 0.7910023321122921, -0.27429282313374714, 0.2751141460374733, -0.6171071957620733, -0.004411770765388567, -0.6351091908575863, 0.8367660782795254, -0.13635585731754474, 0.6603762041966925, -0.16644739064327485, 0.8093351774867339, -0.19034956537818792, -0.33765099381775454, 0.14427754054549724, 0.6908872981882266, 0.7220286235061439, 0.19137623413666893, -0.8306767779591795, 0.19453321463834983, -0.5090925828337958, 0.46518689717993555, 0.7893025846334776, 0.0294679418262902, 0.20712702072041278, -0.8698643752343853, 0.08014945928561268, -0.7416264326591246, 0.22912569270066396, -0.2726993059103242, 0.5355160686614915, -0.902931727160895, -0.7803637637643119, 0.36804643024725525, 0.029307394167312983, 0.1432827432294983, 0.6874139879813108, -0.024524721700651453, 0.6202888442522898, 0.020487258589880097, 0.8534413864805024, 0.333855543079252, -0.7025463211318861, -0.27089364934848836, 0.7315498318881986, -0.29942957828896866, -0.6219484810876903, -0.0547573816684539, -0.21443765035574014, 0.23785985328818726, -0.12646741612097356, -0.47815568541100895, -0.17505557667448635, -0.16193193089539926, 0.8048437117522818, 0.9592325240809707, 0.24713767881382775, -0.8336317548582777, 0.46599743519199, 0.357370804957968, 0.6520457340504391, -0.3050973265778887, -0.8822398116837538, 0.2236436329105842, -0.751970763373456, 0.5190590583266628, 0.5888466351532844, -0.18274642650020412, 0.8875950117660911, -0.6524404124894483, 0.8851716994539605]",rhc,relu,False,False,100,[10],0.1,100,1
187,87,0.23168840003199875,1.5614853567494071,287.0,100,15,"[0.9340596780273533, 0.09446449835144466, 0.9453687199297687, 0.4296319873487293, 0.3954576491945416, -0.5678210088392472, 0.9525489095524835, -0.9875394895908203, -0.4940352752331121, -0.13041693519110842, 0.5587658435875049, -0.6046298507994938, 0.7259864711984445, 0.9668013543506255, -0.6723155171906026, 0.19466788786571843, -0.98202780466489, -0.22685743471274122, -0.9116798841370009, 0.9133059354284718, -0.1277067062404047, 0.8979546135631256, 0.5726119718701219, 0.7325785971633969, -0.6536691570081037, -0.850102825973786, 0.2014854427555386, -0.6640556325631923, 0.4667603350211398, -0.18311227969597055, 0.05581764683584067, 0.875143167901884, 0.043392244889916, -0.7836132342255386, -0.6835531856304011, 0.09040530340642561, 0.04880816013694678, 0.2752204882519873, -0.1970091128194542, 0.2996102180386846, -0.20619999419653467, 0.24783222709644614, 0.5348099341802477, -0.6420521799177383, -0.24884846282491524, 0.005066118653868745, 0.3733341598326916, -0.4926407026772337, 0.10948172588511706, 0.24986168812819542, 0.7910023321122921, -0.27429282313374714, 0.2751141460374733, -0.6171071957620733, -0.004411770765388567, -0.6351091908575863, 0.8367660782795254, -0.13635585731754474, 0.6603762041966925, -0.16644739064327485, 0.8093351774867339, -0.19034956537818792, -0.33765099381775454, 0.14427754054549724, 0.6908872981882266, 0.7220286235061439, 0.19137623413666893, -0.8306767779591795, 0.19453321463834983, -0.5090925828337958, 0.46518689717993555, 0.7893025846334776, 0.0294679418262902, 0.20712702072041278, -0.8698643752343853, 0.08014945928561268, -0.7416264326591246, 0.22912569270066396, -0.2726993059103242, 0.5355160686614915, -0.902931727160895, -0.7803637637643119, 0.36804643024725525, 0.029307394167312983, 0.1432827432294983, 0.6874139879813108, -0.024524721700651453, 0.6202888442522898, 0.020487258589880097, 0.8534413864805024, 0.333855543079252, -0.7025463211318861, -0.27089364934848836, 0.7315498318881986, -0.29942957828896866, -0.6219484810876903, -0.0547573816684539, -0.21443765035574014, 0.23785985328818726, -0.12646741612097356, -0.47815568541100895, -0.17505557667448635, -0.16193193089539926, 0.8048437117522818, 0.9592325240809707, 0.24713767881382775, -0.8336317548582777, 0.46599743519199, 0.357370804957968, 0.6520457340504391, -0.3050973265778887, -0.8822398116837538, 0.2236436329105842, -0.751970763373456, 0.5190590583266628, 0.5888466351532844, -0.18274642650020412, 0.8875950117660911, -0.6524404124894483, 0.8851716994539605]",rhc,relu,False,False,100,[10],0.1,100,1
188,88,0.23309100000187755,1.5554026831152243,289.0,100,15,"[0.9340596780273533, 0.09446449835144466, 0.9453687199297687, 0.4296319873487293, 0.3954576491945416, -0.5678210088392472, 0.9525489095524835, -0.9875394895908203, -0.4940352752331121, -0.13041693519110842, 0.5587658435875049, -0.6046298507994938, 0.7259864711984445, 0.9668013543506255, -0.6723155171906026, 0.19466788786571843, -0.98202780466489, -0.22685743471274122, -0.9116798841370009, 0.9133059354284718, -0.1277067062404047, 0.8979546135631256, 0.5726119718701219, 0.7325785971633969, -0.6536691570081037, -0.850102825973786, 0.2014854427555386, -0.6640556325631923, 0.4667603350211398, -0.18311227969597055, 0.05581764683584067, 0.875143167901884, 0.043392244889916, -0.7836132342255386, -0.6835531856304011, 0.09040530340642561, 0.04880816013694678, 0.2752204882519873, -0.1970091128194542, 0.2996102180386846, -0.20619999419653467, 0.24783222709644614, 0.5348099341802477, -0.6420521799177383, -0.24884846282491524, 0.005066118653868745, 0.3733341598326916, -0.4926407026772337, 0.10948172588511706, 0.24986168812819542, 0.7910023321122921, -0.27429282313374714, 0.2751141460374733, -0.6171071957620733, -0.004411770765388567, -0.6351091908575863, 0.8367660782795254, -0.13635585731754474, 0.6603762041966925, -0.16644739064327485, 0.8093351774867339, -0.19034956537818792, -0.33765099381775454, 0.14427754054549724, 0.6908872981882266, 0.7220286235061439, 0.19137623413666893, -0.8306767779591795, 0.19453321463834983, -0.5090925828337958, 0.46518689717993555, 0.7893025846334776, 0.0294679418262902, 0.20712702072041278, -0.8698643752343853, 0.08014945928561268, -0.7416264326591246, 0.22912569270066396, -0.2726993059103242, 0.5355160686614915, -0.902931727160895, -0.7803637637643119, 0.36804643024725525, 0.029307394167312983, 0.1432827432294983, 0.6874139879813108, -0.024524721700651453, 0.6202888442522898, 0.020487258589880097, 0.8534413864805024, 0.333855543079252, -0.7025463211318861, -0.27089364934848836, 0.7315498318881986, -0.29942957828896866, -0.6219484810876903, -0.0547573816684539, -0.21443765035574014, 0.23785985328818726, -0.12646741612097356, -0.47815568541100895, -0.17505557667448635, -0.16193193089539926, 0.8048437117522818, 0.9592325240809707, 0.24713767881382775, -0.8336317548582777, 0.46599743519199, 0.357370804957968, 0.6520457340504391, -0.3050973265778887, -0.8822398116837538, 0.2236436329105842, -0.751970763373456, 0.5190590583266628, 0.5888466351532844, -0.18274642650020412, 0.8875950117660911, -0.6524404124894483, 0.8851716994539605]",rhc,relu,False,False,100,[10],0.1,100,1
189,89,0.23613770003430545,1.5554026831152243,290.0,100,15,"[0.9340596780273533, 0.09446449835144466, 0.9453687199297687, 0.4296319873487293, 0.3954576491945416, -0.5678210088392472, 0.9525489095524835, -0.9875394895908203, -0.4940352752331121, -0.13041693519110842, 0.5587658435875049, -0.6046298507994938, 0.7259864711984445, 0.9668013543506255, -0.6723155171906026, 0.19466788786571843, -0.98202780466489, -0.22685743471274122, -0.9116798841370009, 0.9133059354284718, -0.1277067062404047, 0.8979546135631256, 0.5726119718701219, 0.7325785971633969, -0.6536691570081037, -0.850102825973786, 0.2014854427555386, -0.6640556325631923, 0.4667603350211398, -0.18311227969597055, 0.05581764683584067, 0.875143167901884, 0.043392244889916, -0.7836132342255386, -0.6835531856304011, 0.09040530340642561, 0.04880816013694678, 0.2752204882519873, -0.1970091128194542, 0.2996102180386846, -0.20619999419653467, 0.24783222709644614, 0.5348099341802477, -0.6420521799177383, -0.24884846282491524, 0.005066118653868745, 0.3733341598326916, -0.4926407026772337, 0.10948172588511706, 0.24986168812819542, 0.7910023321122921, -0.27429282313374714, 0.2751141460374733, -0.6171071957620733, -0.004411770765388567, -0.6351091908575863, 0.8367660782795254, -0.13635585731754474, 0.6603762041966925, -0.16644739064327485, 0.8093351774867339, -0.19034956537818792, -0.33765099381775454, 0.14427754054549724, 0.6908872981882266, 0.7220286235061439, 0.19137623413666893, -0.8306767779591795, 0.19453321463834983, -0.5090925828337958, 0.46518689717993555, 0.7893025846334776, 0.0294679418262902, 0.20712702072041278, -0.8698643752343853, 0.08014945928561268, -0.7416264326591246, 0.22912569270066396, -0.2726993059103242, 0.5355160686614915, -0.902931727160895, -0.7803637637643119, 0.36804643024725525, 0.029307394167312983, 0.1432827432294983, 0.6874139879813108, -0.024524721700651453, 0.6202888442522898, 0.020487258589880097, 0.8534413864805024, 0.333855543079252, -0.7025463211318861, -0.27089364934848836, 0.7315498318881986, -0.29942957828896866, -0.6219484810876903, -0.0547573816684539, -0.21443765035574014, 0.23785985328818726, -0.12646741612097356, -0.47815568541100895, -0.17505557667448635, -0.16193193089539926, 0.8048437117522818, 0.9592325240809707, 0.24713767881382775, -0.8336317548582777, 0.46599743519199, 0.357370804957968, 0.6520457340504391, -0.3050973265778887, -0.8822398116837538, 0.2236436329105842, -0.751970763373456, 0.5190590583266628, 0.5888466351532844, -0.18274642650020412, 0.8875950117660911, -0.6524404124894483, 0.8851716994539605]",rhc,relu,False,False,100,[10],0.1,100,1
190,90,0.23915060004219413,1.5554026831152243,291.0,100,15,"[0.9340596780273533, 0.09446449835144466, 0.9453687199297687, 0.4296319873487293, 0.3954576491945416, -0.5678210088392472, 0.9525489095524835, -0.9875394895908203, -0.4940352752331121, -0.13041693519110842, 0.5587658435875049, -0.6046298507994938, 0.7259864711984445, 0.9668013543506255, -0.6723155171906026, 0.19466788786571843, -0.98202780466489, -0.22685743471274122, -0.9116798841370009, 0.9133059354284718, -0.1277067062404047, 0.8979546135631256, 0.5726119718701219, 0.7325785971633969, -0.6536691570081037, -0.850102825973786, 0.2014854427555386, -0.6640556325631923, 0.4667603350211398, -0.18311227969597055, 0.05581764683584067, 0.875143167901884, 0.043392244889916, -0.7836132342255386, -0.6835531856304011, 0.09040530340642561, 0.04880816013694678, 0.2752204882519873, -0.1970091128194542, 0.2996102180386846, -0.20619999419653467, 0.24783222709644614, 0.5348099341802477, -0.6420521799177383, -0.24884846282491524, 0.005066118653868745, 0.3733341598326916, -0.4926407026772337, 0.10948172588511706, 0.24986168812819542, 0.7910023321122921, -0.27429282313374714, 0.2751141460374733, -0.6171071957620733, -0.004411770765388567, -0.6351091908575863, 0.8367660782795254, -0.13635585731754474, 0.6603762041966925, -0.16644739064327485, 0.8093351774867339, -0.19034956537818792, -0.33765099381775454, 0.14427754054549724, 0.6908872981882266, 0.7220286235061439, 0.19137623413666893, -0.8306767779591795, 0.19453321463834983, -0.5090925828337958, 0.46518689717993555, 0.7893025846334776, 0.0294679418262902, 0.20712702072041278, -0.8698643752343853, 0.08014945928561268, -0.7416264326591246, 0.22912569270066396, -0.2726993059103242, 0.5355160686614915, -0.902931727160895, -0.7803637637643119, 0.36804643024725525, 0.029307394167312983, 0.1432827432294983, 0.6874139879813108, -0.024524721700651453, 0.6202888442522898, 0.020487258589880097, 0.8534413864805024, 0.333855543079252, -0.7025463211318861, -0.27089364934848836, 0.7315498318881986, -0.29942957828896866, -0.6219484810876903, -0.0547573816684539, -0.21443765035574014, 0.23785985328818726, -0.12646741612097356, -0.47815568541100895, -0.17505557667448635, -0.16193193089539926, 0.8048437117522818, 0.9592325240809707, 0.24713767881382775, -0.8336317548582777, 0.46599743519199, 0.357370804957968, 0.6520457340504391, -0.3050973265778887, -0.8822398116837538, 0.2236436329105842, -0.751970763373456, 0.5190590583266628, 0.5888466351532844, -0.18274642650020412, 0.8875950117660911, -0.6524404124894483, 0.8851716994539605]",rhc,relu,False,False,100,[10],0.1,100,1
191,91,0.24208670004736632,1.5554026831152243,292.0,100,15,"[0.9340596780273533, 0.09446449835144466, 0.9453687199297687, 0.4296319873487293, 0.3954576491945416, -0.5678210088392472, 0.9525489095524835, -0.9875394895908203, -0.4940352752331121, -0.13041693519110842, 0.5587658435875049, -0.6046298507994938, 0.7259864711984445, 0.9668013543506255, -0.6723155171906026, 0.19466788786571843, -0.98202780466489, -0.22685743471274122, -0.9116798841370009, 0.9133059354284718, -0.1277067062404047, 0.8979546135631256, 0.5726119718701219, 0.7325785971633969, -0.6536691570081037, -0.850102825973786, 0.2014854427555386, -0.6640556325631923, 0.4667603350211398, -0.18311227969597055, 0.05581764683584067, 0.875143167901884, 0.043392244889916, -0.7836132342255386, -0.6835531856304011, 0.09040530340642561, 0.04880816013694678, 0.2752204882519873, -0.1970091128194542, 0.2996102180386846, -0.20619999419653467, 0.24783222709644614, 0.5348099341802477, -0.6420521799177383, -0.24884846282491524, 0.005066118653868745, 0.3733341598326916, -0.4926407026772337, 0.10948172588511706, 0.24986168812819542, 0.7910023321122921, -0.27429282313374714, 0.2751141460374733, -0.6171071957620733, -0.004411770765388567, -0.6351091908575863, 0.8367660782795254, -0.13635585731754474, 0.6603762041966925, -0.16644739064327485, 0.8093351774867339, -0.19034956537818792, -0.33765099381775454, 0.14427754054549724, 0.6908872981882266, 0.7220286235061439, 0.19137623413666893, -0.8306767779591795, 0.19453321463834983, -0.5090925828337958, 0.46518689717993555, 0.7893025846334776, 0.0294679418262902, 0.20712702072041278, -0.8698643752343853, 0.08014945928561268, -0.7416264326591246, 0.22912569270066396, -0.2726993059103242, 0.5355160686614915, -0.902931727160895, -0.7803637637643119, 0.36804643024725525, 0.029307394167312983, 0.1432827432294983, 0.6874139879813108, -0.024524721700651453, 0.6202888442522898, 0.020487258589880097, 0.8534413864805024, 0.333855543079252, -0.7025463211318861, -0.27089364934848836, 0.7315498318881986, -0.29942957828896866, -0.6219484810876903, -0.0547573816684539, -0.21443765035574014, 0.23785985328818726, -0.12646741612097356, -0.47815568541100895, -0.17505557667448635, -0.16193193089539926, 0.8048437117522818, 0.9592325240809707, 0.24713767881382775, -0.8336317548582777, 0.46599743519199, 0.357370804957968, 0.6520457340504391, -0.3050973265778887, -0.8822398116837538, 0.2236436329105842, -0.751970763373456, 0.5190590583266628, 0.5888466351532844, -0.18274642650020412, 0.8875950117660911, -0.6524404124894483, 0.8851716994539605]",rhc,relu,False,False,100,[10],0.1,100,1
192,92,0.24406210007146,1.5554026831152243,293.0,100,15,"[0.9340596780273533, 0.09446449835144466, 0.9453687199297687, 0.4296319873487293, 0.3954576491945416, -0.5678210088392472, 0.9525489095524835, -0.9875394895908203, -0.4940352752331121, -0.13041693519110842, 0.5587658435875049, -0.6046298507994938, 0.7259864711984445, 0.9668013543506255, -0.6723155171906026, 0.19466788786571843, -0.98202780466489, -0.22685743471274122, -0.9116798841370009, 0.9133059354284718, -0.1277067062404047, 0.8979546135631256, 0.5726119718701219, 0.7325785971633969, -0.6536691570081037, -0.850102825973786, 0.2014854427555386, -0.6640556325631923, 0.4667603350211398, -0.18311227969597055, 0.05581764683584067, 0.875143167901884, 0.043392244889916, -0.7836132342255386, -0.6835531856304011, 0.09040530340642561, 0.04880816013694678, 0.2752204882519873, -0.1970091128194542, 0.2996102180386846, -0.20619999419653467, 0.24783222709644614, 0.5348099341802477, -0.6420521799177383, -0.24884846282491524, 0.005066118653868745, 0.3733341598326916, -0.4926407026772337, 0.10948172588511706, 0.24986168812819542, 0.7910023321122921, -0.27429282313374714, 0.2751141460374733, -0.6171071957620733, -0.004411770765388567, -0.6351091908575863, 0.8367660782795254, -0.13635585731754474, 0.6603762041966925, -0.16644739064327485, 0.8093351774867339, -0.19034956537818792, -0.33765099381775454, 0.14427754054549724, 0.6908872981882266, 0.7220286235061439, 0.19137623413666893, -0.8306767779591795, 0.19453321463834983, -0.5090925828337958, 0.46518689717993555, 0.7893025846334776, 0.0294679418262902, 0.20712702072041278, -0.8698643752343853, 0.08014945928561268, -0.7416264326591246, 0.22912569270066396, -0.2726993059103242, 0.5355160686614915, -0.902931727160895, -0.7803637637643119, 0.36804643024725525, 0.029307394167312983, 0.1432827432294983, 0.6874139879813108, -0.024524721700651453, 0.6202888442522898, 0.020487258589880097, 0.8534413864805024, 0.333855543079252, -0.7025463211318861, -0.27089364934848836, 0.7315498318881986, -0.29942957828896866, -0.6219484810876903, -0.0547573816684539, -0.21443765035574014, 0.23785985328818726, -0.12646741612097356, -0.47815568541100895, -0.17505557667448635, -0.16193193089539926, 0.8048437117522818, 0.9592325240809707, 0.24713767881382775, -0.8336317548582777, 0.46599743519199, 0.357370804957968, 0.6520457340504391, -0.3050973265778887, -0.8822398116837538, 0.2236436329105842, -0.751970763373456, 0.5190590583266628, 0.5888466351532844, -0.18274642650020412, 0.8875950117660911, -0.6524404124894483, 0.8851716994539605]",rhc,relu,False,False,100,[10],0.1,100,1
193,93,0.2456533000804484,1.5554026831152243,294.0,100,15,"[0.9340596780273533, 0.09446449835144466, 0.9453687199297687, 0.4296319873487293, 0.3954576491945416, -0.5678210088392472, 0.9525489095524835, -0.9875394895908203, -0.4940352752331121, -0.13041693519110842, 0.5587658435875049, -0.6046298507994938, 0.7259864711984445, 0.9668013543506255, -0.6723155171906026, 0.19466788786571843, -0.98202780466489, -0.22685743471274122, -0.9116798841370009, 0.9133059354284718, -0.1277067062404047, 0.8979546135631256, 0.5726119718701219, 0.7325785971633969, -0.6536691570081037, -0.850102825973786, 0.2014854427555386, -0.6640556325631923, 0.4667603350211398, -0.18311227969597055, 0.05581764683584067, 0.875143167901884, 0.043392244889916, -0.7836132342255386, -0.6835531856304011, 0.09040530340642561, 0.04880816013694678, 0.2752204882519873, -0.1970091128194542, 0.2996102180386846, -0.20619999419653467, 0.24783222709644614, 0.5348099341802477, -0.6420521799177383, -0.24884846282491524, 0.005066118653868745, 0.3733341598326916, -0.4926407026772337, 0.10948172588511706, 0.24986168812819542, 0.7910023321122921, -0.27429282313374714, 0.2751141460374733, -0.6171071957620733, -0.004411770765388567, -0.6351091908575863, 0.8367660782795254, -0.13635585731754474, 0.6603762041966925, -0.16644739064327485, 0.8093351774867339, -0.19034956537818792, -0.33765099381775454, 0.14427754054549724, 0.6908872981882266, 0.7220286235061439, 0.19137623413666893, -0.8306767779591795, 0.19453321463834983, -0.5090925828337958, 0.46518689717993555, 0.7893025846334776, 0.0294679418262902, 0.20712702072041278, -0.8698643752343853, 0.08014945928561268, -0.7416264326591246, 0.22912569270066396, -0.2726993059103242, 0.5355160686614915, -0.902931727160895, -0.7803637637643119, 0.36804643024725525, 0.029307394167312983, 0.1432827432294983, 0.6874139879813108, -0.024524721700651453, 0.6202888442522898, 0.020487258589880097, 0.8534413864805024, 0.333855543079252, -0.7025463211318861, -0.27089364934848836, 0.7315498318881986, -0.29942957828896866, -0.6219484810876903, -0.0547573816684539, -0.21443765035574014, 0.23785985328818726, -0.12646741612097356, -0.47815568541100895, -0.17505557667448635, -0.16193193089539926, 0.8048437117522818, 0.9592325240809707, 0.24713767881382775, -0.8336317548582777, 0.46599743519199, 0.357370804957968, 0.6520457340504391, -0.3050973265778887, -0.8822398116837538, 0.2236436329105842, -0.751970763373456, 0.5190590583266628, 0.5888466351532844, -0.18274642650020412, 0.8875950117660911, -0.6524404124894483, 0.8851716994539605]",rhc,relu,False,False,100,[10],0.1,100,1
194,94,0.24860799999441952,1.5496618592733995,296.0,100,15,"[0.9340596780273533, 0.09446449835144466, 0.9453687199297687, 0.4296319873487293, 0.3954576491945416, -0.5678210088392472, 0.9525489095524835, -0.9875394895908203, -0.4940352752331121, -0.13041693519110842, 0.5587658435875049, -0.6046298507994938, 0.7259864711984445, 0.9668013543506255, -0.6723155171906026, 0.19466788786571843, -0.98202780466489, -0.22685743471274122, -0.9116798841370009, 0.9133059354284718, -0.1277067062404047, 0.8979546135631256, 0.5726119718701219, 0.7325785971633969, -0.6536691570081037, -0.850102825973786, 0.2014854427555386, -0.6640556325631923, 0.4667603350211398, -0.18311227969597055, 0.05581764683584067, 0.875143167901884, 0.043392244889916, -0.7836132342255386, -0.6835531856304011, 0.09040530340642561, 0.04880816013694678, 0.2752204882519873, -0.1970091128194542, 0.2996102180386846, -0.20619999419653467, 0.24783222709644614, 0.5348099341802477, -0.6420521799177383, -0.24884846282491524, 0.005066118653868745, 0.3733341598326916, -0.4926407026772337, 0.10948172588511706, 0.24986168812819542, 0.7910023321122921, -0.27429282313374714, 0.2751141460374733, -0.6171071957620733, -0.004411770765388567, -0.6351091908575863, 0.8367660782795254, -0.13635585731754474, 0.6603762041966925, -0.16644739064327485, 0.8093351774867339, -0.19034956537818792, -0.33765099381775454, 0.14427754054549724, 0.6908872981882266, 0.7220286235061439, 0.19137623413666893, -0.8306767779591795, 0.19453321463834983, -0.5090925828337958, 0.46518689717993555, 0.7893025846334776, 0.0294679418262902, 0.20712702072041278, -0.8698643752343853, 0.08014945928561268, -0.7416264326591246, 0.22912569270066396, -0.2726993059103242, 0.5355160686614915, -0.902931727160895, -0.7803637637643119, 0.36804643024725525, 0.029307394167312983, 0.1432827432294983, 0.6874139879813108, -0.024524721700651453, 0.6202888442522898, 0.020487258589880097, 0.8534413864805024, 0.333855543079252, -0.7025463211318861, -0.27089364934848836, 0.7315498318881986, -0.29942957828896866, -0.6219484810876903, -0.0547573816684539, -0.21443765035574014, 0.23785985328818726, -0.12646741612097356, -0.47815568541100895, -0.17505557667448635, -0.16193193089539926, 0.8048437117522818, 0.9592325240809707, 0.24713767881382775, -0.8336317548582777, 0.46599743519199, 0.357370804957968, 0.6520457340504391, -0.3050973265778887, -0.8822398116837538, 0.2236436329105842, -0.751970763373456, 0.5190590583266628, 0.5888466351532844, -0.18274642650020412, 0.8875950117660911, -0.6524404124894483, 0.8851716994539605]",rhc,relu,False,False,100,[10],0.1,100,1
195,95,0.25007430010009557,1.548548777498543,298.0,100,15,"[0.9340596780273533, 0.09446449835144466, 0.9453687199297687, 0.4296319873487293, 0.3954576491945416, -0.5678210088392472, 0.9525489095524835, -0.9875394895908203, -0.4940352752331121, -0.13041693519110842, 0.5587658435875049, -0.6046298507994938, 0.7259864711984445, 0.9668013543506255, -0.6723155171906026, 0.19466788786571843, -0.98202780466489, -0.22685743471274122, -0.9116798841370009, 0.9133059354284718, -0.1277067062404047, 0.8979546135631256, 0.5726119718701219, 0.7325785971633969, -0.6536691570081037, -0.850102825973786, 0.2014854427555386, -0.6640556325631923, 0.4667603350211398, -0.18311227969597055, 0.05581764683584067, 0.875143167901884, 0.043392244889916, -0.7836132342255386, -0.6835531856304011, 0.09040530340642561, 0.04880816013694678, 0.2752204882519873, -0.1970091128194542, 0.2996102180386846, -0.20619999419653467, 0.24783222709644614, 0.5348099341802477, -0.6420521799177383, -0.24884846282491524, 0.005066118653868745, 0.3733341598326916, -0.4926407026772337, 0.10948172588511706, 0.24986168812819542, 0.7910023321122921, -0.27429282313374714, 0.2751141460374733, -0.6171071957620733, -0.004411770765388567, -0.6351091908575863, 0.8367660782795254, -0.13635585731754474, 0.6603762041966925, -0.16644739064327485, 0.8093351774867339, -0.19034956537818792, -0.33765099381775454, 0.14427754054549724, 0.6908872981882266, 0.7220286235061439, 0.19137623413666893, -0.8306767779591795, 0.19453321463834983, -0.5090925828337958, 0.46518689717993555, 0.7893025846334776, 0.0294679418262902, 0.20712702072041278, -0.8698643752343853, 0.08014945928561268, -0.7416264326591246, 0.22912569270066396, -0.2726993059103242, 0.5355160686614915, -0.902931727160895, -0.7803637637643119, 0.36804643024725525, 0.029307394167312983, 0.1432827432294983, 0.6874139879813108, -0.024524721700651453, 0.6202888442522898, 0.020487258589880097, 0.8534413864805024, 0.333855543079252, -0.7025463211318861, -0.27089364934848836, 0.7315498318881986, -0.29942957828896866, -0.6219484810876903, -0.0547573816684539, -0.21443765035574014, 0.23785985328818726, -0.12646741612097356, -0.47815568541100895, -0.17505557667448635, -0.16193193089539926, 0.8048437117522818, 0.9592325240809707, 0.24713767881382775, -0.8336317548582777, 0.46599743519199, 0.357370804957968, 0.6520457340504391, -0.3050973265778887, -0.8822398116837538, 0.2236436329105842, -0.751970763373456, 0.5190590583266628, 0.5888466351532844, -0.18274642650020412, 0.8875950117660911, -0.6524404124894483, 0.8851716994539605]",rhc,relu,False,False,100,[10],0.1,100,1
196,96,0.253057699999772,1.548548777498543,299.0,100,15,"[0.9340596780273533, 0.09446449835144466, 0.9453687199297687, 0.4296319873487293, 0.3954576491945416, -0.5678210088392472, 0.9525489095524835, -0.9875394895908203, -0.4940352752331121, -0.13041693519110842, 0.5587658435875049, -0.6046298507994938, 0.7259864711984445, 0.9668013543506255, -0.6723155171906026, 0.19466788786571843, -0.98202780466489, -0.22685743471274122, -0.9116798841370009, 0.9133059354284718, -0.1277067062404047, 0.8979546135631256, 0.5726119718701219, 0.7325785971633969, -0.6536691570081037, -0.850102825973786, 0.2014854427555386, -0.6640556325631923, 0.4667603350211398, -0.18311227969597055, 0.05581764683584067, 0.875143167901884, 0.043392244889916, -0.7836132342255386, -0.6835531856304011, 0.09040530340642561, 0.04880816013694678, 0.2752204882519873, -0.1970091128194542, 0.2996102180386846, -0.20619999419653467, 0.24783222709644614, 0.5348099341802477, -0.6420521799177383, -0.24884846282491524, 0.005066118653868745, 0.3733341598326916, -0.4926407026772337, 0.10948172588511706, 0.24986168812819542, 0.7910023321122921, -0.27429282313374714, 0.2751141460374733, -0.6171071957620733, -0.004411770765388567, -0.6351091908575863, 0.8367660782795254, -0.13635585731754474, 0.6603762041966925, -0.16644739064327485, 0.8093351774867339, -0.19034956537818792, -0.33765099381775454, 0.14427754054549724, 0.6908872981882266, 0.7220286235061439, 0.19137623413666893, -0.8306767779591795, 0.19453321463834983, -0.5090925828337958, 0.46518689717993555, 0.7893025846334776, 0.0294679418262902, 0.20712702072041278, -0.8698643752343853, 0.08014945928561268, -0.7416264326591246, 0.22912569270066396, -0.2726993059103242, 0.5355160686614915, -0.902931727160895, -0.7803637637643119, 0.36804643024725525, 0.029307394167312983, 0.1432827432294983, 0.6874139879813108, -0.024524721700651453, 0.6202888442522898, 0.020487258589880097, 0.8534413864805024, 0.333855543079252, -0.7025463211318861, -0.27089364934848836, 0.7315498318881986, -0.29942957828896866, -0.6219484810876903, -0.0547573816684539, -0.21443765035574014, 0.23785985328818726, -0.12646741612097356, -0.47815568541100895, -0.17505557667448635, -0.16193193089539926, 0.8048437117522818, 0.9592325240809707, 0.24713767881382775, -0.8336317548582777, 0.46599743519199, 0.357370804957968, 0.6520457340504391, -0.3050973265778887, -0.8822398116837538, 0.2236436329105842, -0.751970763373456, 0.5190590583266628, 0.5888466351532844, -0.18274642650020412, 0.8875950117660911, -0.6524404124894483, 0.8851716994539605]",rhc,relu,False,False,100,[10],0.1,100,1
197,97,0.2544917000923306,1.5421652987638153,301.0,100,15,"[0.9340596780273533, 0.09446449835144466, 0.9453687199297687, 0.4296319873487293, 0.3954576491945416, -0.5678210088392472, 0.9525489095524835, -0.9875394895908203, -0.4940352752331121, -0.13041693519110842, 0.5587658435875049, -0.6046298507994938, 0.7259864711984445, 0.9668013543506255, -0.6723155171906026, 0.19466788786571843, -0.98202780466489, -0.22685743471274122, -0.9116798841370009, 0.9133059354284718, -0.1277067062404047, 0.8979546135631256, 0.5726119718701219, 0.7325785971633969, -0.6536691570081037, -0.850102825973786, 0.2014854427555386, -0.6640556325631923, 0.4667603350211398, -0.18311227969597055, 0.05581764683584067, 0.875143167901884, 0.043392244889916, -0.7836132342255386, -0.6835531856304011, 0.09040530340642561, 0.04880816013694678, 0.2752204882519873, -0.1970091128194542, 0.2996102180386846, -0.20619999419653467, 0.24783222709644614, 0.5348099341802477, -0.6420521799177383, -0.24884846282491524, 0.005066118653868745, 0.3733341598326916, -0.4926407026772337, 0.10948172588511706, 0.24986168812819542, 0.7910023321122921, -0.27429282313374714, 0.2751141460374733, -0.6171071957620733, -0.004411770765388567, -0.6351091908575863, 0.8367660782795254, -0.13635585731754474, 0.6603762041966925, -0.16644739064327485, 0.8093351774867339, -0.19034956537818792, -0.33765099381775454, 0.14427754054549724, 0.6908872981882266, 0.7220286235061439, 0.19137623413666893, -0.8306767779591795, 0.19453321463834983, -0.5090925828337958, 0.46518689717993555, 0.7893025846334776, 0.0294679418262902, 0.20712702072041278, -0.8698643752343853, 0.08014945928561268, -0.7416264326591246, 0.22912569270066396, -0.2726993059103242, 0.5355160686614915, -0.902931727160895, -0.7803637637643119, 0.36804643024725525, 0.029307394167312983, 0.1432827432294983, 0.6874139879813108, -0.024524721700651453, 0.6202888442522898, 0.020487258589880097, 0.8534413864805024, 0.333855543079252, -0.7025463211318861, -0.27089364934848836, 0.7315498318881986, -0.29942957828896866, -0.6219484810876903, -0.0547573816684539, -0.21443765035574014, 0.23785985328818726, -0.12646741612097356, -0.47815568541100895, -0.17505557667448635, -0.16193193089539926, 0.8048437117522818, 0.9592325240809707, 0.24713767881382775, -0.8336317548582777, 0.46599743519199, 0.357370804957968, 0.6520457340504391, -0.3050973265778887, -0.8822398116837538, 0.2236436329105842, -0.751970763373456, 0.5190590583266628, 0.5888466351532844, -0.18274642650020412, 0.8875950117660911, -0.6524404124894483, 0.8851716994539605]",rhc,relu,False,False,100,[10],0.1,100,1
198,98,0.25626020005438477,1.5421652987638153,302.0,100,15,"[0.9340596780273533, 0.09446449835144466, 0.9453687199297687, 0.4296319873487293, 0.3954576491945416, -0.5678210088392472, 0.9525489095524835, -0.9875394895908203, -0.4940352752331121, -0.13041693519110842, 0.5587658435875049, -0.6046298507994938, 0.7259864711984445, 0.9668013543506255, -0.6723155171906026, 0.19466788786571843, -0.98202780466489, -0.22685743471274122, -0.9116798841370009, 0.9133059354284718, -0.1277067062404047, 0.8979546135631256, 0.5726119718701219, 0.7325785971633969, -0.6536691570081037, -0.850102825973786, 0.2014854427555386, -0.6640556325631923, 0.4667603350211398, -0.18311227969597055, 0.05581764683584067, 0.875143167901884, 0.043392244889916, -0.7836132342255386, -0.6835531856304011, 0.09040530340642561, 0.04880816013694678, 0.2752204882519873, -0.1970091128194542, 0.2996102180386846, -0.20619999419653467, 0.24783222709644614, 0.5348099341802477, -0.6420521799177383, -0.24884846282491524, 0.005066118653868745, 0.3733341598326916, -0.4926407026772337, 0.10948172588511706, 0.24986168812819542, 0.7910023321122921, -0.27429282313374714, 0.2751141460374733, -0.6171071957620733, -0.004411770765388567, -0.6351091908575863, 0.8367660782795254, -0.13635585731754474, 0.6603762041966925, -0.16644739064327485, 0.8093351774867339, -0.19034956537818792, -0.33765099381775454, 0.14427754054549724, 0.6908872981882266, 0.7220286235061439, 0.19137623413666893, -0.8306767779591795, 0.19453321463834983, -0.5090925828337958, 0.46518689717993555, 0.7893025846334776, 0.0294679418262902, 0.20712702072041278, -0.8698643752343853, 0.08014945928561268, -0.7416264326591246, 0.22912569270066396, -0.2726993059103242, 0.5355160686614915, -0.902931727160895, -0.7803637637643119, 0.36804643024725525, 0.029307394167312983, 0.1432827432294983, 0.6874139879813108, -0.024524721700651453, 0.6202888442522898, 0.020487258589880097, 0.8534413864805024, 0.333855543079252, -0.7025463211318861, -0.27089364934848836, 0.7315498318881986, -0.29942957828896866, -0.6219484810876903, -0.0547573816684539, -0.21443765035574014, 0.23785985328818726, -0.12646741612097356, -0.47815568541100895, -0.17505557667448635, -0.16193193089539926, 0.8048437117522818, 0.9592325240809707, 0.24713767881382775, -0.8336317548582777, 0.46599743519199, 0.357370804957968, 0.6520457340504391, -0.3050973265778887, -0.8822398116837538, 0.2236436329105842, -0.751970763373456, 0.5190590583266628, 0.5888466351532844, -0.18274642650020412, 0.8875950117660911, -0.6524404124894483, 0.8851716994539605]",rhc,relu,False,False,100,[10],0.1,100,1
199,99,0.2595394999952987,1.5421652987638153,303.0,100,15,"[0.9340596780273533, 0.09446449835144466, 0.9453687199297687, 0.4296319873487293, 0.3954576491945416, -0.5678210088392472, 0.9525489095524835, -0.9875394895908203, -0.4940352752331121, -0.13041693519110842, 0.5587658435875049, -0.6046298507994938, 0.7259864711984445, 0.9668013543506255, -0.6723155171906026, 0.19466788786571843, -0.98202780466489, -0.22685743471274122, -0.9116798841370009, 0.9133059354284718, -0.1277067062404047, 0.8979546135631256, 0.5726119718701219, 0.7325785971633969, -0.6536691570081037, -0.850102825973786, 0.2014854427555386, -0.6640556325631923, 0.4667603350211398, -0.18311227969597055, 0.05581764683584067, 0.875143167901884, 0.043392244889916, -0.7836132342255386, -0.6835531856304011, 0.09040530340642561, 0.04880816013694678, 0.2752204882519873, -0.1970091128194542, 0.2996102180386846, -0.20619999419653467, 0.24783222709644614, 0.5348099341802477, -0.6420521799177383, -0.24884846282491524, 0.005066118653868745, 0.3733341598326916, -0.4926407026772337, 0.10948172588511706, 0.24986168812819542, 0.7910023321122921, -0.27429282313374714, 0.2751141460374733, -0.6171071957620733, -0.004411770765388567, -0.6351091908575863, 0.8367660782795254, -0.13635585731754474, 0.6603762041966925, -0.16644739064327485, 0.8093351774867339, -0.19034956537818792, -0.33765099381775454, 0.14427754054549724, 0.6908872981882266, 0.7220286235061439, 0.19137623413666893, -0.8306767779591795, 0.19453321463834983, -0.5090925828337958, 0.46518689717993555, 0.7893025846334776, 0.0294679418262902, 0.20712702072041278, -0.8698643752343853, 0.08014945928561268, -0.7416264326591246, 0.22912569270066396, -0.2726993059103242, 0.5355160686614915, -0.902931727160895, -0.7803637637643119, 0.36804643024725525, 0.029307394167312983, 0.1432827432294983, 0.6874139879813108, -0.024524721700651453, 0.6202888442522898, 0.020487258589880097, 0.8534413864805024, 0.333855543079252, -0.7025463211318861, -0.27089364934848836, 0.7315498318881986, -0.29942957828896866, -0.6219484810876903, -0.0547573816684539, -0.21443765035574014, 0.23785985328818726, -0.12646741612097356, -0.47815568541100895, -0.17505557667448635, -0.16193193089539926, 0.8048437117522818, 0.9592325240809707, 0.24713767881382775, -0.8336317548582777, 0.46599743519199, 0.357370804957968, 0.6520457340504391, -0.3050973265778887, -0.8822398116837538, 0.2236436329105842, -0.751970763373456, 0.5190590583266628, 0.5888466351532844, -0.18274642650020412, 0.8875950117660911, -0.6524404124894483, 0.8851716994539605]",rhc,relu,False,False,100,[10],0.1,100,1
200,100,0.26120120007544756,1.5421652987638153,304.0,100,15,"[0.9340596780273533, 0.09446449835144466, 0.9453687199297687, 0.4296319873487293, 0.3954576491945416, -0.5678210088392472, 0.9525489095524835, -0.9875394895908203, -0.4940352752331121, -0.13041693519110842, 0.5587658435875049, -0.6046298507994938, 0.7259864711984445, 0.9668013543506255, -0.6723155171906026, 0.19466788786571843, -0.98202780466489, -0.22685743471274122, -0.9116798841370009, 0.9133059354284718, -0.1277067062404047, 0.8979546135631256, 0.5726119718701219, 0.7325785971633969, -0.6536691570081037, -0.850102825973786, 0.2014854427555386, -0.6640556325631923, 0.4667603350211398, -0.18311227969597055, 0.05581764683584067, 0.875143167901884, 0.043392244889916, -0.7836132342255386, -0.6835531856304011, 0.09040530340642561, 0.04880816013694678, 0.2752204882519873, -0.1970091128194542, 0.2996102180386846, -0.20619999419653467, 0.24783222709644614, 0.5348099341802477, -0.6420521799177383, -0.24884846282491524, 0.005066118653868745, 0.3733341598326916, -0.4926407026772337, 0.10948172588511706, 0.24986168812819542, 0.7910023321122921, -0.27429282313374714, 0.2751141460374733, -0.6171071957620733, -0.004411770765388567, -0.6351091908575863, 0.8367660782795254, -0.13635585731754474, 0.6603762041966925, -0.16644739064327485, 0.8093351774867339, -0.19034956537818792, -0.33765099381775454, 0.14427754054549724, 0.6908872981882266, 0.7220286235061439, 0.19137623413666893, -0.8306767779591795, 0.19453321463834983, -0.5090925828337958, 0.46518689717993555, 0.7893025846334776, 0.0294679418262902, 0.20712702072041278, -0.8698643752343853, 0.08014945928561268, -0.7416264326591246, 0.22912569270066396, -0.2726993059103242, 0.5355160686614915, -0.902931727160895, -0.7803637637643119, 0.36804643024725525, 0.029307394167312983, 0.1432827432294983, 0.6874139879813108, -0.024524721700651453, 0.6202888442522898, 0.020487258589880097, 0.8534413864805024, 0.333855543079252, -0.7025463211318861, -0.27089364934848836, 0.7315498318881986, -0.29942957828896866, -0.6219484810876903, -0.0547573816684539, -0.21443765035574014, 0.23785985328818726, -0.12646741612097356, -0.47815568541100895, -0.17505557667448635, -0.16193193089539926, 0.8048437117522818, 0.9592325240809707, 0.24713767881382775, -0.8336317548582777, 0.46599743519199, 0.357370804957968, 0.6520457340504391, -0.3050973265778887, -0.8822398116837538, 0.2236436329105842, -0.751970763373456, 0.5190590583266628, 0.5888466351532844, -0.18274642650020412, 0.8875950117660911, -0.6524404124894483, 0.8851716994539605]",rhc,relu,False,False,100,[10],0.1,100,1
201,1,0.03315600007772446,1.9099841090186194,305.0,100,15,"[0.9340596780273533, 0.09446449835144466, 0.9453687199297687, 0.4296319873487293, 0.3954576491945416, -0.5678210088392472, 0.9525489095524835, -0.9875394895908203, -0.4940352752331121, -0.13041693519110842, 0.5587658435875049, -0.6046298507994938, 0.7259864711984445, 0.9668013543506255, -0.6723155171906026, 0.19466788786571843, -0.98202780466489, -0.22685743471274122, -0.9116798841370009, 0.9133059354284718, -0.1277067062404047, 0.8979546135631256, 0.5726119718701219, 0.7325785971633969, -0.6536691570081037, -0.850102825973786, 0.2014854427555386, -0.6640556325631923, 0.4667603350211398, -0.18311227969597055, 0.05581764683584067, 0.875143167901884, 0.043392244889916, -0.7836132342255386, -0.6835531856304011, 0.09040530340642561, 0.04880816013694678, 0.2752204882519873, -0.1970091128194542, 0.2996102180386846, -0.20619999419653467, 0.24783222709644614, 0.5348099341802477, -0.6420521799177383, -0.24884846282491524, 0.005066118653868745, 0.3733341598326916, -0.4926407026772337, 0.10948172588511706, 0.24986168812819542, 0.7910023321122921, -0.27429282313374714, 0.2751141460374733, -0.6171071957620733, -0.004411770765388567, -0.6351091908575863, 0.8367660782795254, -0.13635585731754474, 0.6603762041966925, -0.16644739064327485, 0.8093351774867339, -0.19034956537818792, -0.33765099381775454, 0.14427754054549724, 0.6908872981882266, 0.7220286235061439, 0.19137623413666893, -0.8306767779591795, 0.19453321463834983, -0.5090925828337958, 0.46518689717993555, 0.7893025846334776, 0.0294679418262902, 0.20712702072041278, -0.8698643752343853, 0.08014945928561268, -0.7416264326591246, 0.22912569270066396, -0.2726993059103242, 0.5355160686614915, -0.902931727160895, -0.7803637637643119, 0.36804643024725525, 0.029307394167312983, 0.1432827432294983, 0.6874139879813108, -0.024524721700651453, 0.6202888442522898, 0.020487258589880097, 0.8534413864805024, 0.333855543079252, -0.7025463211318861, -0.27089364934848836, 0.7315498318881986, -0.29942957828896866, -0.6219484810876903, -0.0547573816684539, -0.21443765035574014, 0.23785985328818726, -0.12646741612097356, -0.47815568541100895, -0.17505557667448635, -0.16193193089539926, 0.8048437117522818, 0.9592325240809707, 0.24713767881382775, -0.8336317548582777, 0.46599743519199, 0.357370804957968, 0.6520457340504391, -0.3050973265778887, -0.8822398116837538, 0.2236436329105842, -0.751970763373456, 0.5190590583266628, 0.5888466351532844, -0.18274642650020412, 0.8875950117660911, -0.6524404124894483, 0.8851716994539605]",rhc,relu,False,False,100,[10],0.1,100,2
202,2,0.03611099999397993,1.9099841090186194,306.0,100,15,"[0.9340596780273533, 0.09446449835144466, 0.9453687199297687, 0.4296319873487293, 0.3954576491945416, -0.5678210088392472, 0.9525489095524835, -0.9875394895908203, -0.4940352752331121, -0.13041693519110842, 0.5587658435875049, -0.6046298507994938, 0.7259864711984445, 0.9668013543506255, -0.6723155171906026, 0.19466788786571843, -0.98202780466489, -0.22685743471274122, -0.9116798841370009, 0.9133059354284718, -0.1277067062404047, 0.8979546135631256, 0.5726119718701219, 0.7325785971633969, -0.6536691570081037, -0.850102825973786, 0.2014854427555386, -0.6640556325631923, 0.4667603350211398, -0.18311227969597055, 0.05581764683584067, 0.875143167901884, 0.043392244889916, -0.7836132342255386, -0.6835531856304011, 0.09040530340642561, 0.04880816013694678, 0.2752204882519873, -0.1970091128194542, 0.2996102180386846, -0.20619999419653467, 0.24783222709644614, 0.5348099341802477, -0.6420521799177383, -0.24884846282491524, 0.005066118653868745, 0.3733341598326916, -0.4926407026772337, 0.10948172588511706, 0.24986168812819542, 0.7910023321122921, -0.27429282313374714, 0.2751141460374733, -0.6171071957620733, -0.004411770765388567, -0.6351091908575863, 0.8367660782795254, -0.13635585731754474, 0.6603762041966925, -0.16644739064327485, 0.8093351774867339, -0.19034956537818792, -0.33765099381775454, 0.14427754054549724, 0.6908872981882266, 0.7220286235061439, 0.19137623413666893, -0.8306767779591795, 0.19453321463834983, -0.5090925828337958, 0.46518689717993555, 0.7893025846334776, 0.0294679418262902, 0.20712702072041278, -0.8698643752343853, 0.08014945928561268, -0.7416264326591246, 0.22912569270066396, -0.2726993059103242, 0.5355160686614915, -0.902931727160895, -0.7803637637643119, 0.36804643024725525, 0.029307394167312983, 0.1432827432294983, 0.6874139879813108, -0.024524721700651453, 0.6202888442522898, 0.020487258589880097, 0.8534413864805024, 0.333855543079252, -0.7025463211318861, -0.27089364934848836, 0.7315498318881986, -0.29942957828896866, -0.6219484810876903, -0.0547573816684539, -0.21443765035574014, 0.23785985328818726, -0.12646741612097356, -0.47815568541100895, -0.17505557667448635, -0.16193193089539926, 0.8048437117522818, 0.9592325240809707, 0.24713767881382775, -0.8336317548582777, 0.46599743519199, 0.357370804957968, 0.6520457340504391, -0.3050973265778887, -0.8822398116837538, 0.2236436329105842, -0.751970763373456, 0.5190590583266628, 0.5888466351532844, -0.18274642650020412, 0.8875950117660911, -0.6524404124894483, 0.8851716994539605]",rhc,relu,False,False,100,[10],0.1,100,2
203,3,0.03751040005590767,1.9092088673351775,308.0,100,15,"[0.9340596780273533, 0.09446449835144466, 0.9453687199297687, 0.4296319873487293, 0.3954576491945416, -0.5678210088392472, 0.9525489095524835, -0.9875394895908203, -0.4940352752331121, -0.13041693519110842, 0.5587658435875049, -0.6046298507994938, 0.7259864711984445, 0.9668013543506255, -0.6723155171906026, 0.19466788786571843, -0.98202780466489, -0.22685743471274122, -0.9116798841370009, 0.9133059354284718, -0.1277067062404047, 0.8979546135631256, 0.5726119718701219, 0.7325785971633969, -0.6536691570081037, -0.850102825973786, 0.2014854427555386, -0.6640556325631923, 0.4667603350211398, -0.18311227969597055, 0.05581764683584067, 0.875143167901884, 0.043392244889916, -0.7836132342255386, -0.6835531856304011, 0.09040530340642561, 0.04880816013694678, 0.2752204882519873, -0.1970091128194542, 0.2996102180386846, -0.20619999419653467, 0.24783222709644614, 0.5348099341802477, -0.6420521799177383, -0.24884846282491524, 0.005066118653868745, 0.3733341598326916, -0.4926407026772337, 0.10948172588511706, 0.24986168812819542, 0.7910023321122921, -0.27429282313374714, 0.2751141460374733, -0.6171071957620733, -0.004411770765388567, -0.6351091908575863, 0.8367660782795254, -0.13635585731754474, 0.6603762041966925, -0.16644739064327485, 0.8093351774867339, -0.19034956537818792, -0.33765099381775454, 0.14427754054549724, 0.6908872981882266, 0.7220286235061439, 0.19137623413666893, -0.8306767779591795, 0.19453321463834983, -0.5090925828337958, 0.46518689717993555, 0.7893025846334776, 0.0294679418262902, 0.20712702072041278, -0.8698643752343853, 0.08014945928561268, -0.7416264326591246, 0.22912569270066396, -0.2726993059103242, 0.5355160686614915, -0.902931727160895, -0.7803637637643119, 0.36804643024725525, 0.029307394167312983, 0.1432827432294983, 0.6874139879813108, -0.024524721700651453, 0.6202888442522898, 0.020487258589880097, 0.8534413864805024, 0.333855543079252, -0.7025463211318861, -0.27089364934848836, 0.7315498318881986, -0.29942957828896866, -0.6219484810876903, -0.0547573816684539, -0.21443765035574014, 0.23785985328818726, -0.12646741612097356, -0.47815568541100895, -0.17505557667448635, -0.16193193089539926, 0.8048437117522818, 0.9592325240809707, 0.24713767881382775, -0.8336317548582777, 0.46599743519199, 0.357370804957968, 0.6520457340504391, -0.3050973265778887, -0.8822398116837538, 0.2236436329105842, -0.751970763373456, 0.5190590583266628, 0.5888466351532844, -0.18274642650020412, 0.8875950117660911, -0.6524404124894483, 0.8851716994539605]",rhc,relu,False,False,100,[10],0.1,100,2
204,4,0.0403158999979496,1.8417289877066028,310.0,100,15,"[0.9340596780273533, 0.09446449835144466, 0.9453687199297687, 0.4296319873487293, 0.3954576491945416, -0.5678210088392472, 0.9525489095524835, -0.9875394895908203, -0.4940352752331121, -0.13041693519110842, 0.5587658435875049, -0.6046298507994938, 0.7259864711984445, 0.9668013543506255, -0.6723155171906026, 0.19466788786571843, -0.98202780466489, -0.22685743471274122, -0.9116798841370009, 0.9133059354284718, -0.1277067062404047, 0.8979546135631256, 0.5726119718701219, 0.7325785971633969, -0.6536691570081037, -0.850102825973786, 0.2014854427555386, -0.6640556325631923, 0.4667603350211398, -0.18311227969597055, 0.05581764683584067, 0.875143167901884, 0.043392244889916, -0.7836132342255386, -0.6835531856304011, 0.09040530340642561, 0.04880816013694678, 0.2752204882519873, -0.1970091128194542, 0.2996102180386846, -0.20619999419653467, 0.24783222709644614, 0.5348099341802477, -0.6420521799177383, -0.24884846282491524, 0.005066118653868745, 0.3733341598326916, -0.4926407026772337, 0.10948172588511706, 0.24986168812819542, 0.7910023321122921, -0.27429282313374714, 0.2751141460374733, -0.6171071957620733, -0.004411770765388567, -0.6351091908575863, 0.8367660782795254, -0.13635585731754474, 0.6603762041966925, -0.16644739064327485, 0.8093351774867339, -0.19034956537818792, -0.33765099381775454, 0.14427754054549724, 0.6908872981882266, 0.7220286235061439, 0.19137623413666893, -0.8306767779591795, 0.19453321463834983, -0.5090925828337958, 0.46518689717993555, 0.7893025846334776, 0.0294679418262902, 0.20712702072041278, -0.8698643752343853, 0.08014945928561268, -0.7416264326591246, 0.22912569270066396, -0.2726993059103242, 0.5355160686614915, -0.902931727160895, -0.7803637637643119, 0.36804643024725525, 0.029307394167312983, 0.1432827432294983, 0.6874139879813108, -0.024524721700651453, 0.6202888442522898, 0.020487258589880097, 0.8534413864805024, 0.333855543079252, -0.7025463211318861, -0.27089364934848836, 0.7315498318881986, -0.29942957828896866, -0.6219484810876903, -0.0547573816684539, -0.21443765035574014, 0.23785985328818726, -0.12646741612097356, -0.47815568541100895, -0.17505557667448635, -0.16193193089539926, 0.8048437117522818, 0.9592325240809707, 0.24713767881382775, -0.8336317548582777, 0.46599743519199, 0.357370804957968, 0.6520457340504391, -0.3050973265778887, -0.8822398116837538, 0.2236436329105842, -0.751970763373456, 0.5190590583266628, 0.5888466351532844, -0.18274642650020412, 0.8875950117660911, -0.6524404124894483, 0.8851716994539605]",rhc,relu,False,False,100,[10],0.1,100,2
205,5,0.041674000094644725,1.8417289877066028,311.0,100,15,"[0.9340596780273533, 0.09446449835144466, 0.9453687199297687, 0.4296319873487293, 0.3954576491945416, -0.5678210088392472, 0.9525489095524835, -0.9875394895908203, -0.4940352752331121, -0.13041693519110842, 0.5587658435875049, -0.6046298507994938, 0.7259864711984445, 0.9668013543506255, -0.6723155171906026, 0.19466788786571843, -0.98202780466489, -0.22685743471274122, -0.9116798841370009, 0.9133059354284718, -0.1277067062404047, 0.8979546135631256, 0.5726119718701219, 0.7325785971633969, -0.6536691570081037, -0.850102825973786, 0.2014854427555386, -0.6640556325631923, 0.4667603350211398, -0.18311227969597055, 0.05581764683584067, 0.875143167901884, 0.043392244889916, -0.7836132342255386, -0.6835531856304011, 0.09040530340642561, 0.04880816013694678, 0.2752204882519873, -0.1970091128194542, 0.2996102180386846, -0.20619999419653467, 0.24783222709644614, 0.5348099341802477, -0.6420521799177383, -0.24884846282491524, 0.005066118653868745, 0.3733341598326916, -0.4926407026772337, 0.10948172588511706, 0.24986168812819542, 0.7910023321122921, -0.27429282313374714, 0.2751141460374733, -0.6171071957620733, -0.004411770765388567, -0.6351091908575863, 0.8367660782795254, -0.13635585731754474, 0.6603762041966925, -0.16644739064327485, 0.8093351774867339, -0.19034956537818792, -0.33765099381775454, 0.14427754054549724, 0.6908872981882266, 0.7220286235061439, 0.19137623413666893, -0.8306767779591795, 0.19453321463834983, -0.5090925828337958, 0.46518689717993555, 0.7893025846334776, 0.0294679418262902, 0.20712702072041278, -0.8698643752343853, 0.08014945928561268, -0.7416264326591246, 0.22912569270066396, -0.2726993059103242, 0.5355160686614915, -0.902931727160895, -0.7803637637643119, 0.36804643024725525, 0.029307394167312983, 0.1432827432294983, 0.6874139879813108, -0.024524721700651453, 0.6202888442522898, 0.020487258589880097, 0.8534413864805024, 0.333855543079252, -0.7025463211318861, -0.27089364934848836, 0.7315498318881986, -0.29942957828896866, -0.6219484810876903, -0.0547573816684539, -0.21443765035574014, 0.23785985328818726, -0.12646741612097356, -0.47815568541100895, -0.17505557667448635, -0.16193193089539926, 0.8048437117522818, 0.9592325240809707, 0.24713767881382775, -0.8336317548582777, 0.46599743519199, 0.357370804957968, 0.6520457340504391, -0.3050973265778887, -0.8822398116837538, 0.2236436329105842, -0.751970763373456, 0.5190590583266628, 0.5888466351532844, -0.18274642650020412, 0.8875950117660911, -0.6524404124894483, 0.8851716994539605]",rhc,relu,False,False,100,[10],0.1,100,2
206,6,0.04435340000782162,1.8417289877066028,312.0,100,15,"[0.9340596780273533, 0.09446449835144466, 0.9453687199297687, 0.4296319873487293, 0.3954576491945416, -0.5678210088392472, 0.9525489095524835, -0.9875394895908203, -0.4940352752331121, -0.13041693519110842, 0.5587658435875049, -0.6046298507994938, 0.7259864711984445, 0.9668013543506255, -0.6723155171906026, 0.19466788786571843, -0.98202780466489, -0.22685743471274122, -0.9116798841370009, 0.9133059354284718, -0.1277067062404047, 0.8979546135631256, 0.5726119718701219, 0.7325785971633969, -0.6536691570081037, -0.850102825973786, 0.2014854427555386, -0.6640556325631923, 0.4667603350211398, -0.18311227969597055, 0.05581764683584067, 0.875143167901884, 0.043392244889916, -0.7836132342255386, -0.6835531856304011, 0.09040530340642561, 0.04880816013694678, 0.2752204882519873, -0.1970091128194542, 0.2996102180386846, -0.20619999419653467, 0.24783222709644614, 0.5348099341802477, -0.6420521799177383, -0.24884846282491524, 0.005066118653868745, 0.3733341598326916, -0.4926407026772337, 0.10948172588511706, 0.24986168812819542, 0.7910023321122921, -0.27429282313374714, 0.2751141460374733, -0.6171071957620733, -0.004411770765388567, -0.6351091908575863, 0.8367660782795254, -0.13635585731754474, 0.6603762041966925, -0.16644739064327485, 0.8093351774867339, -0.19034956537818792, -0.33765099381775454, 0.14427754054549724, 0.6908872981882266, 0.7220286235061439, 0.19137623413666893, -0.8306767779591795, 0.19453321463834983, -0.5090925828337958, 0.46518689717993555, 0.7893025846334776, 0.0294679418262902, 0.20712702072041278, -0.8698643752343853, 0.08014945928561268, -0.7416264326591246, 0.22912569270066396, -0.2726993059103242, 0.5355160686614915, -0.902931727160895, -0.7803637637643119, 0.36804643024725525, 0.029307394167312983, 0.1432827432294983, 0.6874139879813108, -0.024524721700651453, 0.6202888442522898, 0.020487258589880097, 0.8534413864805024, 0.333855543079252, -0.7025463211318861, -0.27089364934848836, 0.7315498318881986, -0.29942957828896866, -0.6219484810876903, -0.0547573816684539, -0.21443765035574014, 0.23785985328818726, -0.12646741612097356, -0.47815568541100895, -0.17505557667448635, -0.16193193089539926, 0.8048437117522818, 0.9592325240809707, 0.24713767881382775, -0.8336317548582777, 0.46599743519199, 0.357370804957968, 0.6520457340504391, -0.3050973265778887, -0.8822398116837538, 0.2236436329105842, -0.751970763373456, 0.5190590583266628, 0.5888466351532844, -0.18274642650020412, 0.8875950117660911, -0.6524404124894483, 0.8851716994539605]",rhc,relu,False,False,100,[10],0.1,100,2
207,7,0.04734460008330643,1.8330338021794332,314.0,100,15,"[0.9340596780273533, 0.09446449835144466, 0.9453687199297687, 0.4296319873487293, 0.3954576491945416, -0.5678210088392472, 0.9525489095524835, -0.9875394895908203, -0.4940352752331121, -0.13041693519110842, 0.5587658435875049, -0.6046298507994938, 0.7259864711984445, 0.9668013543506255, -0.6723155171906026, 0.19466788786571843, -0.98202780466489, -0.22685743471274122, -0.9116798841370009, 0.9133059354284718, -0.1277067062404047, 0.8979546135631256, 0.5726119718701219, 0.7325785971633969, -0.6536691570081037, -0.850102825973786, 0.2014854427555386, -0.6640556325631923, 0.4667603350211398, -0.18311227969597055, 0.05581764683584067, 0.875143167901884, 0.043392244889916, -0.7836132342255386, -0.6835531856304011, 0.09040530340642561, 0.04880816013694678, 0.2752204882519873, -0.1970091128194542, 0.2996102180386846, -0.20619999419653467, 0.24783222709644614, 0.5348099341802477, -0.6420521799177383, -0.24884846282491524, 0.005066118653868745, 0.3733341598326916, -0.4926407026772337, 0.10948172588511706, 0.24986168812819542, 0.7910023321122921, -0.27429282313374714, 0.2751141460374733, -0.6171071957620733, -0.004411770765388567, -0.6351091908575863, 0.8367660782795254, -0.13635585731754474, 0.6603762041966925, -0.16644739064327485, 0.8093351774867339, -0.19034956537818792, -0.33765099381775454, 0.14427754054549724, 0.6908872981882266, 0.7220286235061439, 0.19137623413666893, -0.8306767779591795, 0.19453321463834983, -0.5090925828337958, 0.46518689717993555, 0.7893025846334776, 0.0294679418262902, 0.20712702072041278, -0.8698643752343853, 0.08014945928561268, -0.7416264326591246, 0.22912569270066396, -0.2726993059103242, 0.5355160686614915, -0.902931727160895, -0.7803637637643119, 0.36804643024725525, 0.029307394167312983, 0.1432827432294983, 0.6874139879813108, -0.024524721700651453, 0.6202888442522898, 0.020487258589880097, 0.8534413864805024, 0.333855543079252, -0.7025463211318861, -0.27089364934848836, 0.7315498318881986, -0.29942957828896866, -0.6219484810876903, -0.0547573816684539, -0.21443765035574014, 0.23785985328818726, -0.12646741612097356, -0.47815568541100895, -0.17505557667448635, -0.16193193089539926, 0.8048437117522818, 0.9592325240809707, 0.24713767881382775, -0.8336317548582777, 0.46599743519199, 0.357370804957968, 0.6520457340504391, -0.3050973265778887, -0.8822398116837538, 0.2236436329105842, -0.751970763373456, 0.5190590583266628, 0.5888466351532844, -0.18274642650020412, 0.8875950117660911, -0.6524404124894483, 0.8851716994539605]",rhc,relu,False,False,100,[10],0.1,100,2
208,8,0.049982900032773614,1.8330338021794332,315.0,100,15,"[0.9340596780273533, 0.09446449835144466, 0.9453687199297687, 0.4296319873487293, 0.3954576491945416, -0.5678210088392472, 0.9525489095524835, -0.9875394895908203, -0.4940352752331121, -0.13041693519110842, 0.5587658435875049, -0.6046298507994938, 0.7259864711984445, 0.9668013543506255, -0.6723155171906026, 0.19466788786571843, -0.98202780466489, -0.22685743471274122, -0.9116798841370009, 0.9133059354284718, -0.1277067062404047, 0.8979546135631256, 0.5726119718701219, 0.7325785971633969, -0.6536691570081037, -0.850102825973786, 0.2014854427555386, -0.6640556325631923, 0.4667603350211398, -0.18311227969597055, 0.05581764683584067, 0.875143167901884, 0.043392244889916, -0.7836132342255386, -0.6835531856304011, 0.09040530340642561, 0.04880816013694678, 0.2752204882519873, -0.1970091128194542, 0.2996102180386846, -0.20619999419653467, 0.24783222709644614, 0.5348099341802477, -0.6420521799177383, -0.24884846282491524, 0.005066118653868745, 0.3733341598326916, -0.4926407026772337, 0.10948172588511706, 0.24986168812819542, 0.7910023321122921, -0.27429282313374714, 0.2751141460374733, -0.6171071957620733, -0.004411770765388567, -0.6351091908575863, 0.8367660782795254, -0.13635585731754474, 0.6603762041966925, -0.16644739064327485, 0.8093351774867339, -0.19034956537818792, -0.33765099381775454, 0.14427754054549724, 0.6908872981882266, 0.7220286235061439, 0.19137623413666893, -0.8306767779591795, 0.19453321463834983, -0.5090925828337958, 0.46518689717993555, 0.7893025846334776, 0.0294679418262902, 0.20712702072041278, -0.8698643752343853, 0.08014945928561268, -0.7416264326591246, 0.22912569270066396, -0.2726993059103242, 0.5355160686614915, -0.902931727160895, -0.7803637637643119, 0.36804643024725525, 0.029307394167312983, 0.1432827432294983, 0.6874139879813108, -0.024524721700651453, 0.6202888442522898, 0.020487258589880097, 0.8534413864805024, 0.333855543079252, -0.7025463211318861, -0.27089364934848836, 0.7315498318881986, -0.29942957828896866, -0.6219484810876903, -0.0547573816684539, -0.21443765035574014, 0.23785985328818726, -0.12646741612097356, -0.47815568541100895, -0.17505557667448635, -0.16193193089539926, 0.8048437117522818, 0.9592325240809707, 0.24713767881382775, -0.8336317548582777, 0.46599743519199, 0.357370804957968, 0.6520457340504391, -0.3050973265778887, -0.8822398116837538, 0.2236436329105842, -0.751970763373456, 0.5190590583266628, 0.5888466351532844, -0.18274642650020412, 0.8875950117660911, -0.6524404124894483, 0.8851716994539605]",rhc,relu,False,False,100,[10],0.1,100,2
209,9,0.05281060002744198,1.825018667152408,317.0,100,15,"[0.9340596780273533, 0.09446449835144466, 0.9453687199297687, 0.4296319873487293, 0.3954576491945416, -0.5678210088392472, 0.9525489095524835, -0.9875394895908203, -0.4940352752331121, -0.13041693519110842, 0.5587658435875049, -0.6046298507994938, 0.7259864711984445, 0.9668013543506255, -0.6723155171906026, 0.19466788786571843, -0.98202780466489, -0.22685743471274122, -0.9116798841370009, 0.9133059354284718, -0.1277067062404047, 0.8979546135631256, 0.5726119718701219, 0.7325785971633969, -0.6536691570081037, -0.850102825973786, 0.2014854427555386, -0.6640556325631923, 0.4667603350211398, -0.18311227969597055, 0.05581764683584067, 0.875143167901884, 0.043392244889916, -0.7836132342255386, -0.6835531856304011, 0.09040530340642561, 0.04880816013694678, 0.2752204882519873, -0.1970091128194542, 0.2996102180386846, -0.20619999419653467, 0.24783222709644614, 0.5348099341802477, -0.6420521799177383, -0.24884846282491524, 0.005066118653868745, 0.3733341598326916, -0.4926407026772337, 0.10948172588511706, 0.24986168812819542, 0.7910023321122921, -0.27429282313374714, 0.2751141460374733, -0.6171071957620733, -0.004411770765388567, -0.6351091908575863, 0.8367660782795254, -0.13635585731754474, 0.6603762041966925, -0.16644739064327485, 0.8093351774867339, -0.19034956537818792, -0.33765099381775454, 0.14427754054549724, 0.6908872981882266, 0.7220286235061439, 0.19137623413666893, -0.8306767779591795, 0.19453321463834983, -0.5090925828337958, 0.46518689717993555, 0.7893025846334776, 0.0294679418262902, 0.20712702072041278, -0.8698643752343853, 0.08014945928561268, -0.7416264326591246, 0.22912569270066396, -0.2726993059103242, 0.5355160686614915, -0.902931727160895, -0.7803637637643119, 0.36804643024725525, 0.029307394167312983, 0.1432827432294983, 0.6874139879813108, -0.024524721700651453, 0.6202888442522898, 0.020487258589880097, 0.8534413864805024, 0.333855543079252, -0.7025463211318861, -0.27089364934848836, 0.7315498318881986, -0.29942957828896866, -0.6219484810876903, -0.0547573816684539, -0.21443765035574014, 0.23785985328818726, -0.12646741612097356, -0.47815568541100895, -0.17505557667448635, -0.16193193089539926, 0.8048437117522818, 0.9592325240809707, 0.24713767881382775, -0.8336317548582777, 0.46599743519199, 0.357370804957968, 0.6520457340504391, -0.3050973265778887, -0.8822398116837538, 0.2236436329105842, -0.751970763373456, 0.5190590583266628, 0.5888466351532844, -0.18274642650020412, 0.8875950117660911, -0.6524404124894483, 0.8851716994539605]",rhc,relu,False,False,100,[10],0.1,100,2
210,10,0.054268900072202086,1.825018667152408,318.0,100,15,"[0.9340596780273533, 0.09446449835144466, 0.9453687199297687, 0.4296319873487293, 0.3954576491945416, -0.5678210088392472, 0.9525489095524835, -0.9875394895908203, -0.4940352752331121, -0.13041693519110842, 0.5587658435875049, -0.6046298507994938, 0.7259864711984445, 0.9668013543506255, -0.6723155171906026, 0.19466788786571843, -0.98202780466489, -0.22685743471274122, -0.9116798841370009, 0.9133059354284718, -0.1277067062404047, 0.8979546135631256, 0.5726119718701219, 0.7325785971633969, -0.6536691570081037, -0.850102825973786, 0.2014854427555386, -0.6640556325631923, 0.4667603350211398, -0.18311227969597055, 0.05581764683584067, 0.875143167901884, 0.043392244889916, -0.7836132342255386, -0.6835531856304011, 0.09040530340642561, 0.04880816013694678, 0.2752204882519873, -0.1970091128194542, 0.2996102180386846, -0.20619999419653467, 0.24783222709644614, 0.5348099341802477, -0.6420521799177383, -0.24884846282491524, 0.005066118653868745, 0.3733341598326916, -0.4926407026772337, 0.10948172588511706, 0.24986168812819542, 0.7910023321122921, -0.27429282313374714, 0.2751141460374733, -0.6171071957620733, -0.004411770765388567, -0.6351091908575863, 0.8367660782795254, -0.13635585731754474, 0.6603762041966925, -0.16644739064327485, 0.8093351774867339, -0.19034956537818792, -0.33765099381775454, 0.14427754054549724, 0.6908872981882266, 0.7220286235061439, 0.19137623413666893, -0.8306767779591795, 0.19453321463834983, -0.5090925828337958, 0.46518689717993555, 0.7893025846334776, 0.0294679418262902, 0.20712702072041278, -0.8698643752343853, 0.08014945928561268, -0.7416264326591246, 0.22912569270066396, -0.2726993059103242, 0.5355160686614915, -0.902931727160895, -0.7803637637643119, 0.36804643024725525, 0.029307394167312983, 0.1432827432294983, 0.6874139879813108, -0.024524721700651453, 0.6202888442522898, 0.020487258589880097, 0.8534413864805024, 0.333855543079252, -0.7025463211318861, -0.27089364934848836, 0.7315498318881986, -0.29942957828896866, -0.6219484810876903, -0.0547573816684539, -0.21443765035574014, 0.23785985328818726, -0.12646741612097356, -0.47815568541100895, -0.17505557667448635, -0.16193193089539926, 0.8048437117522818, 0.9592325240809707, 0.24713767881382775, -0.8336317548582777, 0.46599743519199, 0.357370804957968, 0.6520457340504391, -0.3050973265778887, -0.8822398116837538, 0.2236436329105842, -0.751970763373456, 0.5190590583266628, 0.5888466351532844, -0.18274642650020412, 0.8875950117660911, -0.6524404124894483, 0.8851716994539605]",rhc,relu,False,False,100,[10],0.1,100,2
211,11,0.05699730000924319,1.825018667152408,319.0,100,15,"[0.9340596780273533, 0.09446449835144466, 0.9453687199297687, 0.4296319873487293, 0.3954576491945416, -0.5678210088392472, 0.9525489095524835, -0.9875394895908203, -0.4940352752331121, -0.13041693519110842, 0.5587658435875049, -0.6046298507994938, 0.7259864711984445, 0.9668013543506255, -0.6723155171906026, 0.19466788786571843, -0.98202780466489, -0.22685743471274122, -0.9116798841370009, 0.9133059354284718, -0.1277067062404047, 0.8979546135631256, 0.5726119718701219, 0.7325785971633969, -0.6536691570081037, -0.850102825973786, 0.2014854427555386, -0.6640556325631923, 0.4667603350211398, -0.18311227969597055, 0.05581764683584067, 0.875143167901884, 0.043392244889916, -0.7836132342255386, -0.6835531856304011, 0.09040530340642561, 0.04880816013694678, 0.2752204882519873, -0.1970091128194542, 0.2996102180386846, -0.20619999419653467, 0.24783222709644614, 0.5348099341802477, -0.6420521799177383, -0.24884846282491524, 0.005066118653868745, 0.3733341598326916, -0.4926407026772337, 0.10948172588511706, 0.24986168812819542, 0.7910023321122921, -0.27429282313374714, 0.2751141460374733, -0.6171071957620733, -0.004411770765388567, -0.6351091908575863, 0.8367660782795254, -0.13635585731754474, 0.6603762041966925, -0.16644739064327485, 0.8093351774867339, -0.19034956537818792, -0.33765099381775454, 0.14427754054549724, 0.6908872981882266, 0.7220286235061439, 0.19137623413666893, -0.8306767779591795, 0.19453321463834983, -0.5090925828337958, 0.46518689717993555, 0.7893025846334776, 0.0294679418262902, 0.20712702072041278, -0.8698643752343853, 0.08014945928561268, -0.7416264326591246, 0.22912569270066396, -0.2726993059103242, 0.5355160686614915, -0.902931727160895, -0.7803637637643119, 0.36804643024725525, 0.029307394167312983, 0.1432827432294983, 0.6874139879813108, -0.024524721700651453, 0.6202888442522898, 0.020487258589880097, 0.8534413864805024, 0.333855543079252, -0.7025463211318861, -0.27089364934848836, 0.7315498318881986, -0.29942957828896866, -0.6219484810876903, -0.0547573816684539, -0.21443765035574014, 0.23785985328818726, -0.12646741612097356, -0.47815568541100895, -0.17505557667448635, -0.16193193089539926, 0.8048437117522818, 0.9592325240809707, 0.24713767881382775, -0.8336317548582777, 0.46599743519199, 0.357370804957968, 0.6520457340504391, -0.3050973265778887, -0.8822398116837538, 0.2236436329105842, -0.751970763373456, 0.5190590583266628, 0.5888466351532844, -0.18274642650020412, 0.8875950117660911, -0.6524404124894483, 0.8851716994539605]",rhc,relu,False,False,100,[10],0.1,100,2
212,12,0.05975670006591827,1.822629217060363,321.0,100,15,"[0.9340596780273533, 0.09446449835144466, 0.9453687199297687, 0.4296319873487293, 0.3954576491945416, -0.5678210088392472, 0.9525489095524835, -0.9875394895908203, -0.4940352752331121, -0.13041693519110842, 0.5587658435875049, -0.6046298507994938, 0.7259864711984445, 0.9668013543506255, -0.6723155171906026, 0.19466788786571843, -0.98202780466489, -0.22685743471274122, -0.9116798841370009, 0.9133059354284718, -0.1277067062404047, 0.8979546135631256, 0.5726119718701219, 0.7325785971633969, -0.6536691570081037, -0.850102825973786, 0.2014854427555386, -0.6640556325631923, 0.4667603350211398, -0.18311227969597055, 0.05581764683584067, 0.875143167901884, 0.043392244889916, -0.7836132342255386, -0.6835531856304011, 0.09040530340642561, 0.04880816013694678, 0.2752204882519873, -0.1970091128194542, 0.2996102180386846, -0.20619999419653467, 0.24783222709644614, 0.5348099341802477, -0.6420521799177383, -0.24884846282491524, 0.005066118653868745, 0.3733341598326916, -0.4926407026772337, 0.10948172588511706, 0.24986168812819542, 0.7910023321122921, -0.27429282313374714, 0.2751141460374733, -0.6171071957620733, -0.004411770765388567, -0.6351091908575863, 0.8367660782795254, -0.13635585731754474, 0.6603762041966925, -0.16644739064327485, 0.8093351774867339, -0.19034956537818792, -0.33765099381775454, 0.14427754054549724, 0.6908872981882266, 0.7220286235061439, 0.19137623413666893, -0.8306767779591795, 0.19453321463834983, -0.5090925828337958, 0.46518689717993555, 0.7893025846334776, 0.0294679418262902, 0.20712702072041278, -0.8698643752343853, 0.08014945928561268, -0.7416264326591246, 0.22912569270066396, -0.2726993059103242, 0.5355160686614915, -0.902931727160895, -0.7803637637643119, 0.36804643024725525, 0.029307394167312983, 0.1432827432294983, 0.6874139879813108, -0.024524721700651453, 0.6202888442522898, 0.020487258589880097, 0.8534413864805024, 0.333855543079252, -0.7025463211318861, -0.27089364934848836, 0.7315498318881986, -0.29942957828896866, -0.6219484810876903, -0.0547573816684539, -0.21443765035574014, 0.23785985328818726, -0.12646741612097356, -0.47815568541100895, -0.17505557667448635, -0.16193193089539926, 0.8048437117522818, 0.9592325240809707, 0.24713767881382775, -0.8336317548582777, 0.46599743519199, 0.357370804957968, 0.6520457340504391, -0.3050973265778887, -0.8822398116837538, 0.2236436329105842, -0.751970763373456, 0.5190590583266628, 0.5888466351532844, -0.18274642650020412, 0.8875950117660911, -0.6524404124894483, 0.8851716994539605]",rhc,relu,False,False,100,[10],0.1,100,2
213,13,0.06276760005857795,1.822629217060363,322.0,100,15,"[0.9340596780273533, 0.09446449835144466, 0.9453687199297687, 0.4296319873487293, 0.3954576491945416, -0.5678210088392472, 0.9525489095524835, -0.9875394895908203, -0.4940352752331121, -0.13041693519110842, 0.5587658435875049, -0.6046298507994938, 0.7259864711984445, 0.9668013543506255, -0.6723155171906026, 0.19466788786571843, -0.98202780466489, -0.22685743471274122, -0.9116798841370009, 0.9133059354284718, -0.1277067062404047, 0.8979546135631256, 0.5726119718701219, 0.7325785971633969, -0.6536691570081037, -0.850102825973786, 0.2014854427555386, -0.6640556325631923, 0.4667603350211398, -0.18311227969597055, 0.05581764683584067, 0.875143167901884, 0.043392244889916, -0.7836132342255386, -0.6835531856304011, 0.09040530340642561, 0.04880816013694678, 0.2752204882519873, -0.1970091128194542, 0.2996102180386846, -0.20619999419653467, 0.24783222709644614, 0.5348099341802477, -0.6420521799177383, -0.24884846282491524, 0.005066118653868745, 0.3733341598326916, -0.4926407026772337, 0.10948172588511706, 0.24986168812819542, 0.7910023321122921, -0.27429282313374714, 0.2751141460374733, -0.6171071957620733, -0.004411770765388567, -0.6351091908575863, 0.8367660782795254, -0.13635585731754474, 0.6603762041966925, -0.16644739064327485, 0.8093351774867339, -0.19034956537818792, -0.33765099381775454, 0.14427754054549724, 0.6908872981882266, 0.7220286235061439, 0.19137623413666893, -0.8306767779591795, 0.19453321463834983, -0.5090925828337958, 0.46518689717993555, 0.7893025846334776, 0.0294679418262902, 0.20712702072041278, -0.8698643752343853, 0.08014945928561268, -0.7416264326591246, 0.22912569270066396, -0.2726993059103242, 0.5355160686614915, -0.902931727160895, -0.7803637637643119, 0.36804643024725525, 0.029307394167312983, 0.1432827432294983, 0.6874139879813108, -0.024524721700651453, 0.6202888442522898, 0.020487258589880097, 0.8534413864805024, 0.333855543079252, -0.7025463211318861, -0.27089364934848836, 0.7315498318881986, -0.29942957828896866, -0.6219484810876903, -0.0547573816684539, -0.21443765035574014, 0.23785985328818726, -0.12646741612097356, -0.47815568541100895, -0.17505557667448635, -0.16193193089539926, 0.8048437117522818, 0.9592325240809707, 0.24713767881382775, -0.8336317548582777, 0.46599743519199, 0.357370804957968, 0.6520457340504391, -0.3050973265778887, -0.8822398116837538, 0.2236436329105842, -0.751970763373456, 0.5190590583266628, 0.5888466351532844, -0.18274642650020412, 0.8875950117660911, -0.6524404124894483, 0.8851716994539605]",rhc,relu,False,False,100,[10],0.1,100,2
214,14,0.06632550002541393,1.8208887722877696,324.0,100,15,"[0.9340596780273533, 0.09446449835144466, 0.9453687199297687, 0.4296319873487293, 0.3954576491945416, -0.5678210088392472, 0.9525489095524835, -0.9875394895908203, -0.4940352752331121, -0.13041693519110842, 0.5587658435875049, -0.6046298507994938, 0.7259864711984445, 0.9668013543506255, -0.6723155171906026, 0.19466788786571843, -0.98202780466489, -0.22685743471274122, -0.9116798841370009, 0.9133059354284718, -0.1277067062404047, 0.8979546135631256, 0.5726119718701219, 0.7325785971633969, -0.6536691570081037, -0.850102825973786, 0.2014854427555386, -0.6640556325631923, 0.4667603350211398, -0.18311227969597055, 0.05581764683584067, 0.875143167901884, 0.043392244889916, -0.7836132342255386, -0.6835531856304011, 0.09040530340642561, 0.04880816013694678, 0.2752204882519873, -0.1970091128194542, 0.2996102180386846, -0.20619999419653467, 0.24783222709644614, 0.5348099341802477, -0.6420521799177383, -0.24884846282491524, 0.005066118653868745, 0.3733341598326916, -0.4926407026772337, 0.10948172588511706, 0.24986168812819542, 0.7910023321122921, -0.27429282313374714, 0.2751141460374733, -0.6171071957620733, -0.004411770765388567, -0.6351091908575863, 0.8367660782795254, -0.13635585731754474, 0.6603762041966925, -0.16644739064327485, 0.8093351774867339, -0.19034956537818792, -0.33765099381775454, 0.14427754054549724, 0.6908872981882266, 0.7220286235061439, 0.19137623413666893, -0.8306767779591795, 0.19453321463834983, -0.5090925828337958, 0.46518689717993555, 0.7893025846334776, 0.0294679418262902, 0.20712702072041278, -0.8698643752343853, 0.08014945928561268, -0.7416264326591246, 0.22912569270066396, -0.2726993059103242, 0.5355160686614915, -0.902931727160895, -0.7803637637643119, 0.36804643024725525, 0.029307394167312983, 0.1432827432294983, 0.6874139879813108, -0.024524721700651453, 0.6202888442522898, 0.020487258589880097, 0.8534413864805024, 0.333855543079252, -0.7025463211318861, -0.27089364934848836, 0.7315498318881986, -0.29942957828896866, -0.6219484810876903, -0.0547573816684539, -0.21443765035574014, 0.23785985328818726, -0.12646741612097356, -0.47815568541100895, -0.17505557667448635, -0.16193193089539926, 0.8048437117522818, 0.9592325240809707, 0.24713767881382775, -0.8336317548582777, 0.46599743519199, 0.357370804957968, 0.6520457340504391, -0.3050973265778887, -0.8822398116837538, 0.2236436329105842, -0.751970763373456, 0.5190590583266628, 0.5888466351532844, -0.18274642650020412, 0.8875950117660911, -0.6524404124894483, 0.8851716994539605]",rhc,relu,False,False,100,[10],0.1,100,2
215,15,0.06922320008743554,1.818644977469193,326.0,100,15,"[0.9340596780273533, 0.09446449835144466, 0.9453687199297687, 0.4296319873487293, 0.3954576491945416, -0.5678210088392472, 0.9525489095524835, -0.9875394895908203, -0.4940352752331121, -0.13041693519110842, 0.5587658435875049, -0.6046298507994938, 0.7259864711984445, 0.9668013543506255, -0.6723155171906026, 0.19466788786571843, -0.98202780466489, -0.22685743471274122, -0.9116798841370009, 0.9133059354284718, -0.1277067062404047, 0.8979546135631256, 0.5726119718701219, 0.7325785971633969, -0.6536691570081037, -0.850102825973786, 0.2014854427555386, -0.6640556325631923, 0.4667603350211398, -0.18311227969597055, 0.05581764683584067, 0.875143167901884, 0.043392244889916, -0.7836132342255386, -0.6835531856304011, 0.09040530340642561, 0.04880816013694678, 0.2752204882519873, -0.1970091128194542, 0.2996102180386846, -0.20619999419653467, 0.24783222709644614, 0.5348099341802477, -0.6420521799177383, -0.24884846282491524, 0.005066118653868745, 0.3733341598326916, -0.4926407026772337, 0.10948172588511706, 0.24986168812819542, 0.7910023321122921, -0.27429282313374714, 0.2751141460374733, -0.6171071957620733, -0.004411770765388567, -0.6351091908575863, 0.8367660782795254, -0.13635585731754474, 0.6603762041966925, -0.16644739064327485, 0.8093351774867339, -0.19034956537818792, -0.33765099381775454, 0.14427754054549724, 0.6908872981882266, 0.7220286235061439, 0.19137623413666893, -0.8306767779591795, 0.19453321463834983, -0.5090925828337958, 0.46518689717993555, 0.7893025846334776, 0.0294679418262902, 0.20712702072041278, -0.8698643752343853, 0.08014945928561268, -0.7416264326591246, 0.22912569270066396, -0.2726993059103242, 0.5355160686614915, -0.902931727160895, -0.7803637637643119, 0.36804643024725525, 0.029307394167312983, 0.1432827432294983, 0.6874139879813108, -0.024524721700651453, 0.6202888442522898, 0.020487258589880097, 0.8534413864805024, 0.333855543079252, -0.7025463211318861, -0.27089364934848836, 0.7315498318881986, -0.29942957828896866, -0.6219484810876903, -0.0547573816684539, -0.21443765035574014, 0.23785985328818726, -0.12646741612097356, -0.47815568541100895, -0.17505557667448635, -0.16193193089539926, 0.8048437117522818, 0.9592325240809707, 0.24713767881382775, -0.8336317548582777, 0.46599743519199, 0.357370804957968, 0.6520457340504391, -0.3050973265778887, -0.8822398116837538, 0.2236436329105842, -0.751970763373456, 0.5190590583266628, 0.5888466351532844, -0.18274642650020412, 0.8875950117660911, -0.6524404124894483, 0.8851716994539605]",rhc,relu,False,False,100,[10],0.1,100,2
216,16,0.07063110009767115,1.818644977469193,327.0,100,15,"[0.9340596780273533, 0.09446449835144466, 0.9453687199297687, 0.4296319873487293, 0.3954576491945416, -0.5678210088392472, 0.9525489095524835, -0.9875394895908203, -0.4940352752331121, -0.13041693519110842, 0.5587658435875049, -0.6046298507994938, 0.7259864711984445, 0.9668013543506255, -0.6723155171906026, 0.19466788786571843, -0.98202780466489, -0.22685743471274122, -0.9116798841370009, 0.9133059354284718, -0.1277067062404047, 0.8979546135631256, 0.5726119718701219, 0.7325785971633969, -0.6536691570081037, -0.850102825973786, 0.2014854427555386, -0.6640556325631923, 0.4667603350211398, -0.18311227969597055, 0.05581764683584067, 0.875143167901884, 0.043392244889916, -0.7836132342255386, -0.6835531856304011, 0.09040530340642561, 0.04880816013694678, 0.2752204882519873, -0.1970091128194542, 0.2996102180386846, -0.20619999419653467, 0.24783222709644614, 0.5348099341802477, -0.6420521799177383, -0.24884846282491524, 0.005066118653868745, 0.3733341598326916, -0.4926407026772337, 0.10948172588511706, 0.24986168812819542, 0.7910023321122921, -0.27429282313374714, 0.2751141460374733, -0.6171071957620733, -0.004411770765388567, -0.6351091908575863, 0.8367660782795254, -0.13635585731754474, 0.6603762041966925, -0.16644739064327485, 0.8093351774867339, -0.19034956537818792, -0.33765099381775454, 0.14427754054549724, 0.6908872981882266, 0.7220286235061439, 0.19137623413666893, -0.8306767779591795, 0.19453321463834983, -0.5090925828337958, 0.46518689717993555, 0.7893025846334776, 0.0294679418262902, 0.20712702072041278, -0.8698643752343853, 0.08014945928561268, -0.7416264326591246, 0.22912569270066396, -0.2726993059103242, 0.5355160686614915, -0.902931727160895, -0.7803637637643119, 0.36804643024725525, 0.029307394167312983, 0.1432827432294983, 0.6874139879813108, -0.024524721700651453, 0.6202888442522898, 0.020487258589880097, 0.8534413864805024, 0.333855543079252, -0.7025463211318861, -0.27089364934848836, 0.7315498318881986, -0.29942957828896866, -0.6219484810876903, -0.0547573816684539, -0.21443765035574014, 0.23785985328818726, -0.12646741612097356, -0.47815568541100895, -0.17505557667448635, -0.16193193089539926, 0.8048437117522818, 0.9592325240809707, 0.24713767881382775, -0.8336317548582777, 0.46599743519199, 0.357370804957968, 0.6520457340504391, -0.3050973265778887, -0.8822398116837538, 0.2236436329105842, -0.751970763373456, 0.5190590583266628, 0.5888466351532844, -0.18274642650020412, 0.8875950117660911, -0.6524404124894483, 0.8851716994539605]",rhc,relu,False,False,100,[10],0.1,100,2
217,17,0.07200020004529506,1.8172375212390712,329.0,100,15,"[0.9340596780273533, 0.09446449835144466, 0.9453687199297687, 0.4296319873487293, 0.3954576491945416, -0.5678210088392472, 0.9525489095524835, -0.9875394895908203, -0.4940352752331121, -0.13041693519110842, 0.5587658435875049, -0.6046298507994938, 0.7259864711984445, 0.9668013543506255, -0.6723155171906026, 0.19466788786571843, -0.98202780466489, -0.22685743471274122, -0.9116798841370009, 0.9133059354284718, -0.1277067062404047, 0.8979546135631256, 0.5726119718701219, 0.7325785971633969, -0.6536691570081037, -0.850102825973786, 0.2014854427555386, -0.6640556325631923, 0.4667603350211398, -0.18311227969597055, 0.05581764683584067, 0.875143167901884, 0.043392244889916, -0.7836132342255386, -0.6835531856304011, 0.09040530340642561, 0.04880816013694678, 0.2752204882519873, -0.1970091128194542, 0.2996102180386846, -0.20619999419653467, 0.24783222709644614, 0.5348099341802477, -0.6420521799177383, -0.24884846282491524, 0.005066118653868745, 0.3733341598326916, -0.4926407026772337, 0.10948172588511706, 0.24986168812819542, 0.7910023321122921, -0.27429282313374714, 0.2751141460374733, -0.6171071957620733, -0.004411770765388567, -0.6351091908575863, 0.8367660782795254, -0.13635585731754474, 0.6603762041966925, -0.16644739064327485, 0.8093351774867339, -0.19034956537818792, -0.33765099381775454, 0.14427754054549724, 0.6908872981882266, 0.7220286235061439, 0.19137623413666893, -0.8306767779591795, 0.19453321463834983, -0.5090925828337958, 0.46518689717993555, 0.7893025846334776, 0.0294679418262902, 0.20712702072041278, -0.8698643752343853, 0.08014945928561268, -0.7416264326591246, 0.22912569270066396, -0.2726993059103242, 0.5355160686614915, -0.902931727160895, -0.7803637637643119, 0.36804643024725525, 0.029307394167312983, 0.1432827432294983, 0.6874139879813108, -0.024524721700651453, 0.6202888442522898, 0.020487258589880097, 0.8534413864805024, 0.333855543079252, -0.7025463211318861, -0.27089364934848836, 0.7315498318881986, -0.29942957828896866, -0.6219484810876903, -0.0547573816684539, -0.21443765035574014, 0.23785985328818726, -0.12646741612097356, -0.47815568541100895, -0.17505557667448635, -0.16193193089539926, 0.8048437117522818, 0.9592325240809707, 0.24713767881382775, -0.8336317548582777, 0.46599743519199, 0.357370804957968, 0.6520457340504391, -0.3050973265778887, -0.8822398116837538, 0.2236436329105842, -0.751970763373456, 0.5190590583266628, 0.5888466351532844, -0.18274642650020412, 0.8875950117660911, -0.6524404124894483, 0.8851716994539605]",rhc,relu,False,False,100,[10],0.1,100,2
218,18,0.07342060003429651,1.8172375212390712,330.0,100,15,"[0.9340596780273533, 0.09446449835144466, 0.9453687199297687, 0.4296319873487293, 0.3954576491945416, -0.5678210088392472, 0.9525489095524835, -0.9875394895908203, -0.4940352752331121, -0.13041693519110842, 0.5587658435875049, -0.6046298507994938, 0.7259864711984445, 0.9668013543506255, -0.6723155171906026, 0.19466788786571843, -0.98202780466489, -0.22685743471274122, -0.9116798841370009, 0.9133059354284718, -0.1277067062404047, 0.8979546135631256, 0.5726119718701219, 0.7325785971633969, -0.6536691570081037, -0.850102825973786, 0.2014854427555386, -0.6640556325631923, 0.4667603350211398, -0.18311227969597055, 0.05581764683584067, 0.875143167901884, 0.043392244889916, -0.7836132342255386, -0.6835531856304011, 0.09040530340642561, 0.04880816013694678, 0.2752204882519873, -0.1970091128194542, 0.2996102180386846, -0.20619999419653467, 0.24783222709644614, 0.5348099341802477, -0.6420521799177383, -0.24884846282491524, 0.005066118653868745, 0.3733341598326916, -0.4926407026772337, 0.10948172588511706, 0.24986168812819542, 0.7910023321122921, -0.27429282313374714, 0.2751141460374733, -0.6171071957620733, -0.004411770765388567, -0.6351091908575863, 0.8367660782795254, -0.13635585731754474, 0.6603762041966925, -0.16644739064327485, 0.8093351774867339, -0.19034956537818792, -0.33765099381775454, 0.14427754054549724, 0.6908872981882266, 0.7220286235061439, 0.19137623413666893, -0.8306767779591795, 0.19453321463834983, -0.5090925828337958, 0.46518689717993555, 0.7893025846334776, 0.0294679418262902, 0.20712702072041278, -0.8698643752343853, 0.08014945928561268, -0.7416264326591246, 0.22912569270066396, -0.2726993059103242, 0.5355160686614915, -0.902931727160895, -0.7803637637643119, 0.36804643024725525, 0.029307394167312983, 0.1432827432294983, 0.6874139879813108, -0.024524721700651453, 0.6202888442522898, 0.020487258589880097, 0.8534413864805024, 0.333855543079252, -0.7025463211318861, -0.27089364934848836, 0.7315498318881986, -0.29942957828896866, -0.6219484810876903, -0.0547573816684539, -0.21443765035574014, 0.23785985328818726, -0.12646741612097356, -0.47815568541100895, -0.17505557667448635, -0.16193193089539926, 0.8048437117522818, 0.9592325240809707, 0.24713767881382775, -0.8336317548582777, 0.46599743519199, 0.357370804957968, 0.6520457340504391, -0.3050973265778887, -0.8822398116837538, 0.2236436329105842, -0.751970763373456, 0.5190590583266628, 0.5888466351532844, -0.18274642650020412, 0.8875950117660911, -0.6524404124894483, 0.8851716994539605]",rhc,relu,False,False,100,[10],0.1,100,2
219,19,0.07618380000349134,1.8172375212390712,331.0,100,15,"[0.9340596780273533, 0.09446449835144466, 0.9453687199297687, 0.4296319873487293, 0.3954576491945416, -0.5678210088392472, 0.9525489095524835, -0.9875394895908203, -0.4940352752331121, -0.13041693519110842, 0.5587658435875049, -0.6046298507994938, 0.7259864711984445, 0.9668013543506255, -0.6723155171906026, 0.19466788786571843, -0.98202780466489, -0.22685743471274122, -0.9116798841370009, 0.9133059354284718, -0.1277067062404047, 0.8979546135631256, 0.5726119718701219, 0.7325785971633969, -0.6536691570081037, -0.850102825973786, 0.2014854427555386, -0.6640556325631923, 0.4667603350211398, -0.18311227969597055, 0.05581764683584067, 0.875143167901884, 0.043392244889916, -0.7836132342255386, -0.6835531856304011, 0.09040530340642561, 0.04880816013694678, 0.2752204882519873, -0.1970091128194542, 0.2996102180386846, -0.20619999419653467, 0.24783222709644614, 0.5348099341802477, -0.6420521799177383, -0.24884846282491524, 0.005066118653868745, 0.3733341598326916, -0.4926407026772337, 0.10948172588511706, 0.24986168812819542, 0.7910023321122921, -0.27429282313374714, 0.2751141460374733, -0.6171071957620733, -0.004411770765388567, -0.6351091908575863, 0.8367660782795254, -0.13635585731754474, 0.6603762041966925, -0.16644739064327485, 0.8093351774867339, -0.19034956537818792, -0.33765099381775454, 0.14427754054549724, 0.6908872981882266, 0.7220286235061439, 0.19137623413666893, -0.8306767779591795, 0.19453321463834983, -0.5090925828337958, 0.46518689717993555, 0.7893025846334776, 0.0294679418262902, 0.20712702072041278, -0.8698643752343853, 0.08014945928561268, -0.7416264326591246, 0.22912569270066396, -0.2726993059103242, 0.5355160686614915, -0.902931727160895, -0.7803637637643119, 0.36804643024725525, 0.029307394167312983, 0.1432827432294983, 0.6874139879813108, -0.024524721700651453, 0.6202888442522898, 0.020487258589880097, 0.8534413864805024, 0.333855543079252, -0.7025463211318861, -0.27089364934848836, 0.7315498318881986, -0.29942957828896866, -0.6219484810876903, -0.0547573816684539, -0.21443765035574014, 0.23785985328818726, -0.12646741612097356, -0.47815568541100895, -0.17505557667448635, -0.16193193089539926, 0.8048437117522818, 0.9592325240809707, 0.24713767881382775, -0.8336317548582777, 0.46599743519199, 0.357370804957968, 0.6520457340504391, -0.3050973265778887, -0.8822398116837538, 0.2236436329105842, -0.751970763373456, 0.5190590583266628, 0.5888466351532844, -0.18274642650020412, 0.8875950117660911, -0.6524404124894483, 0.8851716994539605]",rhc,relu,False,False,100,[10],0.1,100,2
220,20,0.07762070000171661,1.8102013944087858,333.0,100,15,"[0.9340596780273533, 0.09446449835144466, 0.9453687199297687, 0.4296319873487293, 0.3954576491945416, -0.5678210088392472, 0.9525489095524835, -0.9875394895908203, -0.4940352752331121, -0.13041693519110842, 0.5587658435875049, -0.6046298507994938, 0.7259864711984445, 0.9668013543506255, -0.6723155171906026, 0.19466788786571843, -0.98202780466489, -0.22685743471274122, -0.9116798841370009, 0.9133059354284718, -0.1277067062404047, 0.8979546135631256, 0.5726119718701219, 0.7325785971633969, -0.6536691570081037, -0.850102825973786, 0.2014854427555386, -0.6640556325631923, 0.4667603350211398, -0.18311227969597055, 0.05581764683584067, 0.875143167901884, 0.043392244889916, -0.7836132342255386, -0.6835531856304011, 0.09040530340642561, 0.04880816013694678, 0.2752204882519873, -0.1970091128194542, 0.2996102180386846, -0.20619999419653467, 0.24783222709644614, 0.5348099341802477, -0.6420521799177383, -0.24884846282491524, 0.005066118653868745, 0.3733341598326916, -0.4926407026772337, 0.10948172588511706, 0.24986168812819542, 0.7910023321122921, -0.27429282313374714, 0.2751141460374733, -0.6171071957620733, -0.004411770765388567, -0.6351091908575863, 0.8367660782795254, -0.13635585731754474, 0.6603762041966925, -0.16644739064327485, 0.8093351774867339, -0.19034956537818792, -0.33765099381775454, 0.14427754054549724, 0.6908872981882266, 0.7220286235061439, 0.19137623413666893, -0.8306767779591795, 0.19453321463834983, -0.5090925828337958, 0.46518689717993555, 0.7893025846334776, 0.0294679418262902, 0.20712702072041278, -0.8698643752343853, 0.08014945928561268, -0.7416264326591246, 0.22912569270066396, -0.2726993059103242, 0.5355160686614915, -0.902931727160895, -0.7803637637643119, 0.36804643024725525, 0.029307394167312983, 0.1432827432294983, 0.6874139879813108, -0.024524721700651453, 0.6202888442522898, 0.020487258589880097, 0.8534413864805024, 0.333855543079252, -0.7025463211318861, -0.27089364934848836, 0.7315498318881986, -0.29942957828896866, -0.6219484810876903, -0.0547573816684539, -0.21443765035574014, 0.23785985328818726, -0.12646741612097356, -0.47815568541100895, -0.17505557667448635, -0.16193193089539926, 0.8048437117522818, 0.9592325240809707, 0.24713767881382775, -0.8336317548582777, 0.46599743519199, 0.357370804957968, 0.6520457340504391, -0.3050973265778887, -0.8822398116837538, 0.2236436329105842, -0.751970763373456, 0.5190590583266628, 0.5888466351532844, -0.18274642650020412, 0.8875950117660911, -0.6524404124894483, 0.8851716994539605]",rhc,relu,False,False,100,[10],0.1,100,2
221,21,0.07905250007752329,1.8102013944087858,334.0,100,15,"[0.9340596780273533, 0.09446449835144466, 0.9453687199297687, 0.4296319873487293, 0.3954576491945416, -0.5678210088392472, 0.9525489095524835, -0.9875394895908203, -0.4940352752331121, -0.13041693519110842, 0.5587658435875049, -0.6046298507994938, 0.7259864711984445, 0.9668013543506255, -0.6723155171906026, 0.19466788786571843, -0.98202780466489, -0.22685743471274122, -0.9116798841370009, 0.9133059354284718, -0.1277067062404047, 0.8979546135631256, 0.5726119718701219, 0.7325785971633969, -0.6536691570081037, -0.850102825973786, 0.2014854427555386, -0.6640556325631923, 0.4667603350211398, -0.18311227969597055, 0.05581764683584067, 0.875143167901884, 0.043392244889916, -0.7836132342255386, -0.6835531856304011, 0.09040530340642561, 0.04880816013694678, 0.2752204882519873, -0.1970091128194542, 0.2996102180386846, -0.20619999419653467, 0.24783222709644614, 0.5348099341802477, -0.6420521799177383, -0.24884846282491524, 0.005066118653868745, 0.3733341598326916, -0.4926407026772337, 0.10948172588511706, 0.24986168812819542, 0.7910023321122921, -0.27429282313374714, 0.2751141460374733, -0.6171071957620733, -0.004411770765388567, -0.6351091908575863, 0.8367660782795254, -0.13635585731754474, 0.6603762041966925, -0.16644739064327485, 0.8093351774867339, -0.19034956537818792, -0.33765099381775454, 0.14427754054549724, 0.6908872981882266, 0.7220286235061439, 0.19137623413666893, -0.8306767779591795, 0.19453321463834983, -0.5090925828337958, 0.46518689717993555, 0.7893025846334776, 0.0294679418262902, 0.20712702072041278, -0.8698643752343853, 0.08014945928561268, -0.7416264326591246, 0.22912569270066396, -0.2726993059103242, 0.5355160686614915, -0.902931727160895, -0.7803637637643119, 0.36804643024725525, 0.029307394167312983, 0.1432827432294983, 0.6874139879813108, -0.024524721700651453, 0.6202888442522898, 0.020487258589880097, 0.8534413864805024, 0.333855543079252, -0.7025463211318861, -0.27089364934848836, 0.7315498318881986, -0.29942957828896866, -0.6219484810876903, -0.0547573816684539, -0.21443765035574014, 0.23785985328818726, -0.12646741612097356, -0.47815568541100895, -0.17505557667448635, -0.16193193089539926, 0.8048437117522818, 0.9592325240809707, 0.24713767881382775, -0.8336317548582777, 0.46599743519199, 0.357370804957968, 0.6520457340504391, -0.3050973265778887, -0.8822398116837538, 0.2236436329105842, -0.751970763373456, 0.5190590583266628, 0.5888466351532844, -0.18274642650020412, 0.8875950117660911, -0.6524404124894483, 0.8851716994539605]",rhc,relu,False,False,100,[10],0.1,100,2
222,22,0.08195150003302842,1.8102013944087858,335.0,100,15,"[0.9340596780273533, 0.09446449835144466, 0.9453687199297687, 0.4296319873487293, 0.3954576491945416, -0.5678210088392472, 0.9525489095524835, -0.9875394895908203, -0.4940352752331121, -0.13041693519110842, 0.5587658435875049, -0.6046298507994938, 0.7259864711984445, 0.9668013543506255, -0.6723155171906026, 0.19466788786571843, -0.98202780466489, -0.22685743471274122, -0.9116798841370009, 0.9133059354284718, -0.1277067062404047, 0.8979546135631256, 0.5726119718701219, 0.7325785971633969, -0.6536691570081037, -0.850102825973786, 0.2014854427555386, -0.6640556325631923, 0.4667603350211398, -0.18311227969597055, 0.05581764683584067, 0.875143167901884, 0.043392244889916, -0.7836132342255386, -0.6835531856304011, 0.09040530340642561, 0.04880816013694678, 0.2752204882519873, -0.1970091128194542, 0.2996102180386846, -0.20619999419653467, 0.24783222709644614, 0.5348099341802477, -0.6420521799177383, -0.24884846282491524, 0.005066118653868745, 0.3733341598326916, -0.4926407026772337, 0.10948172588511706, 0.24986168812819542, 0.7910023321122921, -0.27429282313374714, 0.2751141460374733, -0.6171071957620733, -0.004411770765388567, -0.6351091908575863, 0.8367660782795254, -0.13635585731754474, 0.6603762041966925, -0.16644739064327485, 0.8093351774867339, -0.19034956537818792, -0.33765099381775454, 0.14427754054549724, 0.6908872981882266, 0.7220286235061439, 0.19137623413666893, -0.8306767779591795, 0.19453321463834983, -0.5090925828337958, 0.46518689717993555, 0.7893025846334776, 0.0294679418262902, 0.20712702072041278, -0.8698643752343853, 0.08014945928561268, -0.7416264326591246, 0.22912569270066396, -0.2726993059103242, 0.5355160686614915, -0.902931727160895, -0.7803637637643119, 0.36804643024725525, 0.029307394167312983, 0.1432827432294983, 0.6874139879813108, -0.024524721700651453, 0.6202888442522898, 0.020487258589880097, 0.8534413864805024, 0.333855543079252, -0.7025463211318861, -0.27089364934848836, 0.7315498318881986, -0.29942957828896866, -0.6219484810876903, -0.0547573816684539, -0.21443765035574014, 0.23785985328818726, -0.12646741612097356, -0.47815568541100895, -0.17505557667448635, -0.16193193089539926, 0.8048437117522818, 0.9592325240809707, 0.24713767881382775, -0.8336317548582777, 0.46599743519199, 0.357370804957968, 0.6520457340504391, -0.3050973265778887, -0.8822398116837538, 0.2236436329105842, -0.751970763373456, 0.5190590583266628, 0.5888466351532844, -0.18274642650020412, 0.8875950117660911, -0.6524404124894483, 0.8851716994539605]",rhc,relu,False,False,100,[10],0.1,100,2
223,23,0.08453910006210208,1.80392953354504,337.0,100,15,"[0.9340596780273533, 0.09446449835144466, 0.9453687199297687, 0.4296319873487293, 0.3954576491945416, -0.5678210088392472, 0.9525489095524835, -0.9875394895908203, -0.4940352752331121, -0.13041693519110842, 0.5587658435875049, -0.6046298507994938, 0.7259864711984445, 0.9668013543506255, -0.6723155171906026, 0.19466788786571843, -0.98202780466489, -0.22685743471274122, -0.9116798841370009, 0.9133059354284718, -0.1277067062404047, 0.8979546135631256, 0.5726119718701219, 0.7325785971633969, -0.6536691570081037, -0.850102825973786, 0.2014854427555386, -0.6640556325631923, 0.4667603350211398, -0.18311227969597055, 0.05581764683584067, 0.875143167901884, 0.043392244889916, -0.7836132342255386, -0.6835531856304011, 0.09040530340642561, 0.04880816013694678, 0.2752204882519873, -0.1970091128194542, 0.2996102180386846, -0.20619999419653467, 0.24783222709644614, 0.5348099341802477, -0.6420521799177383, -0.24884846282491524, 0.005066118653868745, 0.3733341598326916, -0.4926407026772337, 0.10948172588511706, 0.24986168812819542, 0.7910023321122921, -0.27429282313374714, 0.2751141460374733, -0.6171071957620733, -0.004411770765388567, -0.6351091908575863, 0.8367660782795254, -0.13635585731754474, 0.6603762041966925, -0.16644739064327485, 0.8093351774867339, -0.19034956537818792, -0.33765099381775454, 0.14427754054549724, 0.6908872981882266, 0.7220286235061439, 0.19137623413666893, -0.8306767779591795, 0.19453321463834983, -0.5090925828337958, 0.46518689717993555, 0.7893025846334776, 0.0294679418262902, 0.20712702072041278, -0.8698643752343853, 0.08014945928561268, -0.7416264326591246, 0.22912569270066396, -0.2726993059103242, 0.5355160686614915, -0.902931727160895, -0.7803637637643119, 0.36804643024725525, 0.029307394167312983, 0.1432827432294983, 0.6874139879813108, -0.024524721700651453, 0.6202888442522898, 0.020487258589880097, 0.8534413864805024, 0.333855543079252, -0.7025463211318861, -0.27089364934848836, 0.7315498318881986, -0.29942957828896866, -0.6219484810876903, -0.0547573816684539, -0.21443765035574014, 0.23785985328818726, -0.12646741612097356, -0.47815568541100895, -0.17505557667448635, -0.16193193089539926, 0.8048437117522818, 0.9592325240809707, 0.24713767881382775, -0.8336317548582777, 0.46599743519199, 0.357370804957968, 0.6520457340504391, -0.3050973265778887, -0.8822398116837538, 0.2236436329105842, -0.751970763373456, 0.5190590583266628, 0.5888466351532844, -0.18274642650020412, 0.8875950117660911, -0.6524404124894483, 0.8851716994539605]",rhc,relu,False,False,100,[10],0.1,100,2
224,24,0.08600310003384948,1.80392953354504,338.0,100,15,"[0.9340596780273533, 0.09446449835144466, 0.9453687199297687, 0.4296319873487293, 0.3954576491945416, -0.5678210088392472, 0.9525489095524835, -0.9875394895908203, -0.4940352752331121, -0.13041693519110842, 0.5587658435875049, -0.6046298507994938, 0.7259864711984445, 0.9668013543506255, -0.6723155171906026, 0.19466788786571843, -0.98202780466489, -0.22685743471274122, -0.9116798841370009, 0.9133059354284718, -0.1277067062404047, 0.8979546135631256, 0.5726119718701219, 0.7325785971633969, -0.6536691570081037, -0.850102825973786, 0.2014854427555386, -0.6640556325631923, 0.4667603350211398, -0.18311227969597055, 0.05581764683584067, 0.875143167901884, 0.043392244889916, -0.7836132342255386, -0.6835531856304011, 0.09040530340642561, 0.04880816013694678, 0.2752204882519873, -0.1970091128194542, 0.2996102180386846, -0.20619999419653467, 0.24783222709644614, 0.5348099341802477, -0.6420521799177383, -0.24884846282491524, 0.005066118653868745, 0.3733341598326916, -0.4926407026772337, 0.10948172588511706, 0.24986168812819542, 0.7910023321122921, -0.27429282313374714, 0.2751141460374733, -0.6171071957620733, -0.004411770765388567, -0.6351091908575863, 0.8367660782795254, -0.13635585731754474, 0.6603762041966925, -0.16644739064327485, 0.8093351774867339, -0.19034956537818792, -0.33765099381775454, 0.14427754054549724, 0.6908872981882266, 0.7220286235061439, 0.19137623413666893, -0.8306767779591795, 0.19453321463834983, -0.5090925828337958, 0.46518689717993555, 0.7893025846334776, 0.0294679418262902, 0.20712702072041278, -0.8698643752343853, 0.08014945928561268, -0.7416264326591246, 0.22912569270066396, -0.2726993059103242, 0.5355160686614915, -0.902931727160895, -0.7803637637643119, 0.36804643024725525, 0.029307394167312983, 0.1432827432294983, 0.6874139879813108, -0.024524721700651453, 0.6202888442522898, 0.020487258589880097, 0.8534413864805024, 0.333855543079252, -0.7025463211318861, -0.27089364934848836, 0.7315498318881986, -0.29942957828896866, -0.6219484810876903, -0.0547573816684539, -0.21443765035574014, 0.23785985328818726, -0.12646741612097356, -0.47815568541100895, -0.17505557667448635, -0.16193193089539926, 0.8048437117522818, 0.9592325240809707, 0.24713767881382775, -0.8336317548582777, 0.46599743519199, 0.357370804957968, 0.6520457340504391, -0.3050973265778887, -0.8822398116837538, 0.2236436329105842, -0.751970763373456, 0.5190590583266628, 0.5888466351532844, -0.18274642650020412, 0.8875950117660911, -0.6524404124894483, 0.8851716994539605]",rhc,relu,False,False,100,[10],0.1,100,2
225,25,0.08905609999783337,1.80392953354504,339.0,100,15,"[0.9340596780273533, 0.09446449835144466, 0.9453687199297687, 0.4296319873487293, 0.3954576491945416, -0.5678210088392472, 0.9525489095524835, -0.9875394895908203, -0.4940352752331121, -0.13041693519110842, 0.5587658435875049, -0.6046298507994938, 0.7259864711984445, 0.9668013543506255, -0.6723155171906026, 0.19466788786571843, -0.98202780466489, -0.22685743471274122, -0.9116798841370009, 0.9133059354284718, -0.1277067062404047, 0.8979546135631256, 0.5726119718701219, 0.7325785971633969, -0.6536691570081037, -0.850102825973786, 0.2014854427555386, -0.6640556325631923, 0.4667603350211398, -0.18311227969597055, 0.05581764683584067, 0.875143167901884, 0.043392244889916, -0.7836132342255386, -0.6835531856304011, 0.09040530340642561, 0.04880816013694678, 0.2752204882519873, -0.1970091128194542, 0.2996102180386846, -0.20619999419653467, 0.24783222709644614, 0.5348099341802477, -0.6420521799177383, -0.24884846282491524, 0.005066118653868745, 0.3733341598326916, -0.4926407026772337, 0.10948172588511706, 0.24986168812819542, 0.7910023321122921, -0.27429282313374714, 0.2751141460374733, -0.6171071957620733, -0.004411770765388567, -0.6351091908575863, 0.8367660782795254, -0.13635585731754474, 0.6603762041966925, -0.16644739064327485, 0.8093351774867339, -0.19034956537818792, -0.33765099381775454, 0.14427754054549724, 0.6908872981882266, 0.7220286235061439, 0.19137623413666893, -0.8306767779591795, 0.19453321463834983, -0.5090925828337958, 0.46518689717993555, 0.7893025846334776, 0.0294679418262902, 0.20712702072041278, -0.8698643752343853, 0.08014945928561268, -0.7416264326591246, 0.22912569270066396, -0.2726993059103242, 0.5355160686614915, -0.902931727160895, -0.7803637637643119, 0.36804643024725525, 0.029307394167312983, 0.1432827432294983, 0.6874139879813108, -0.024524721700651453, 0.6202888442522898, 0.020487258589880097, 0.8534413864805024, 0.333855543079252, -0.7025463211318861, -0.27089364934848836, 0.7315498318881986, -0.29942957828896866, -0.6219484810876903, -0.0547573816684539, -0.21443765035574014, 0.23785985328818726, -0.12646741612097356, -0.47815568541100895, -0.17505557667448635, -0.16193193089539926, 0.8048437117522818, 0.9592325240809707, 0.24713767881382775, -0.8336317548582777, 0.46599743519199, 0.357370804957968, 0.6520457340504391, -0.3050973265778887, -0.8822398116837538, 0.2236436329105842, -0.751970763373456, 0.5190590583266628, 0.5888466351532844, -0.18274642650020412, 0.8875950117660911, -0.6524404124894483, 0.8851716994539605]",rhc,relu,False,False,100,[10],0.1,100,2
226,26,0.09043240000028163,1.80392953354504,340.0,100,15,"[0.9340596780273533, 0.09446449835144466, 0.9453687199297687, 0.4296319873487293, 0.3954576491945416, -0.5678210088392472, 0.9525489095524835, -0.9875394895908203, -0.4940352752331121, -0.13041693519110842, 0.5587658435875049, -0.6046298507994938, 0.7259864711984445, 0.9668013543506255, -0.6723155171906026, 0.19466788786571843, -0.98202780466489, -0.22685743471274122, -0.9116798841370009, 0.9133059354284718, -0.1277067062404047, 0.8979546135631256, 0.5726119718701219, 0.7325785971633969, -0.6536691570081037, -0.850102825973786, 0.2014854427555386, -0.6640556325631923, 0.4667603350211398, -0.18311227969597055, 0.05581764683584067, 0.875143167901884, 0.043392244889916, -0.7836132342255386, -0.6835531856304011, 0.09040530340642561, 0.04880816013694678, 0.2752204882519873, -0.1970091128194542, 0.2996102180386846, -0.20619999419653467, 0.24783222709644614, 0.5348099341802477, -0.6420521799177383, -0.24884846282491524, 0.005066118653868745, 0.3733341598326916, -0.4926407026772337, 0.10948172588511706, 0.24986168812819542, 0.7910023321122921, -0.27429282313374714, 0.2751141460374733, -0.6171071957620733, -0.004411770765388567, -0.6351091908575863, 0.8367660782795254, -0.13635585731754474, 0.6603762041966925, -0.16644739064327485, 0.8093351774867339, -0.19034956537818792, -0.33765099381775454, 0.14427754054549724, 0.6908872981882266, 0.7220286235061439, 0.19137623413666893, -0.8306767779591795, 0.19453321463834983, -0.5090925828337958, 0.46518689717993555, 0.7893025846334776, 0.0294679418262902, 0.20712702072041278, -0.8698643752343853, 0.08014945928561268, -0.7416264326591246, 0.22912569270066396, -0.2726993059103242, 0.5355160686614915, -0.902931727160895, -0.7803637637643119, 0.36804643024725525, 0.029307394167312983, 0.1432827432294983, 0.6874139879813108, -0.024524721700651453, 0.6202888442522898, 0.020487258589880097, 0.8534413864805024, 0.333855543079252, -0.7025463211318861, -0.27089364934848836, 0.7315498318881986, -0.29942957828896866, -0.6219484810876903, -0.0547573816684539, -0.21443765035574014, 0.23785985328818726, -0.12646741612097356, -0.47815568541100895, -0.17505557667448635, -0.16193193089539926, 0.8048437117522818, 0.9592325240809707, 0.24713767881382775, -0.8336317548582777, 0.46599743519199, 0.357370804957968, 0.6520457340504391, -0.3050973265778887, -0.8822398116837538, 0.2236436329105842, -0.751970763373456, 0.5190590583266628, 0.5888466351532844, -0.18274642650020412, 0.8875950117660911, -0.6524404124894483, 0.8851716994539605]",rhc,relu,False,False,100,[10],0.1,100,2
227,27,0.09306690003722906,1.795817973706899,342.0,100,15,"[0.9340596780273533, 0.09446449835144466, 0.9453687199297687, 0.4296319873487293, 0.3954576491945416, -0.5678210088392472, 0.9525489095524835, -0.9875394895908203, -0.4940352752331121, -0.13041693519110842, 0.5587658435875049, -0.6046298507994938, 0.7259864711984445, 0.9668013543506255, -0.6723155171906026, 0.19466788786571843, -0.98202780466489, -0.22685743471274122, -0.9116798841370009, 0.9133059354284718, -0.1277067062404047, 0.8979546135631256, 0.5726119718701219, 0.7325785971633969, -0.6536691570081037, -0.850102825973786, 0.2014854427555386, -0.6640556325631923, 0.4667603350211398, -0.18311227969597055, 0.05581764683584067, 0.875143167901884, 0.043392244889916, -0.7836132342255386, -0.6835531856304011, 0.09040530340642561, 0.04880816013694678, 0.2752204882519873, -0.1970091128194542, 0.2996102180386846, -0.20619999419653467, 0.24783222709644614, 0.5348099341802477, -0.6420521799177383, -0.24884846282491524, 0.005066118653868745, 0.3733341598326916, -0.4926407026772337, 0.10948172588511706, 0.24986168812819542, 0.7910023321122921, -0.27429282313374714, 0.2751141460374733, -0.6171071957620733, -0.004411770765388567, -0.6351091908575863, 0.8367660782795254, -0.13635585731754474, 0.6603762041966925, -0.16644739064327485, 0.8093351774867339, -0.19034956537818792, -0.33765099381775454, 0.14427754054549724, 0.6908872981882266, 0.7220286235061439, 0.19137623413666893, -0.8306767779591795, 0.19453321463834983, -0.5090925828337958, 0.46518689717993555, 0.7893025846334776, 0.0294679418262902, 0.20712702072041278, -0.8698643752343853, 0.08014945928561268, -0.7416264326591246, 0.22912569270066396, -0.2726993059103242, 0.5355160686614915, -0.902931727160895, -0.7803637637643119, 0.36804643024725525, 0.029307394167312983, 0.1432827432294983, 0.6874139879813108, -0.024524721700651453, 0.6202888442522898, 0.020487258589880097, 0.8534413864805024, 0.333855543079252, -0.7025463211318861, -0.27089364934848836, 0.7315498318881986, -0.29942957828896866, -0.6219484810876903, -0.0547573816684539, -0.21443765035574014, 0.23785985328818726, -0.12646741612097356, -0.47815568541100895, -0.17505557667448635, -0.16193193089539926, 0.8048437117522818, 0.9592325240809707, 0.24713767881382775, -0.8336317548582777, 0.46599743519199, 0.357370804957968, 0.6520457340504391, -0.3050973265778887, -0.8822398116837538, 0.2236436329105842, -0.751970763373456, 0.5190590583266628, 0.5888466351532844, -0.18274642650020412, 0.8875950117660911, -0.6524404124894483, 0.8851716994539605]",rhc,relu,False,False,100,[10],0.1,100,2
228,28,0.0945393000729382,1.7878412813767603,344.0,100,15,"[0.9340596780273533, 0.09446449835144466, 0.9453687199297687, 0.4296319873487293, 0.3954576491945416, -0.5678210088392472, 0.9525489095524835, -0.9875394895908203, -0.4940352752331121, -0.13041693519110842, 0.5587658435875049, -0.6046298507994938, 0.7259864711984445, 0.9668013543506255, -0.6723155171906026, 0.19466788786571843, -0.98202780466489, -0.22685743471274122, -0.9116798841370009, 0.9133059354284718, -0.1277067062404047, 0.8979546135631256, 0.5726119718701219, 0.7325785971633969, -0.6536691570081037, -0.850102825973786, 0.2014854427555386, -0.6640556325631923, 0.4667603350211398, -0.18311227969597055, 0.05581764683584067, 0.875143167901884, 0.043392244889916, -0.7836132342255386, -0.6835531856304011, 0.09040530340642561, 0.04880816013694678, 0.2752204882519873, -0.1970091128194542, 0.2996102180386846, -0.20619999419653467, 0.24783222709644614, 0.5348099341802477, -0.6420521799177383, -0.24884846282491524, 0.005066118653868745, 0.3733341598326916, -0.4926407026772337, 0.10948172588511706, 0.24986168812819542, 0.7910023321122921, -0.27429282313374714, 0.2751141460374733, -0.6171071957620733, -0.004411770765388567, -0.6351091908575863, 0.8367660782795254, -0.13635585731754474, 0.6603762041966925, -0.16644739064327485, 0.8093351774867339, -0.19034956537818792, -0.33765099381775454, 0.14427754054549724, 0.6908872981882266, 0.7220286235061439, 0.19137623413666893, -0.8306767779591795, 0.19453321463834983, -0.5090925828337958, 0.46518689717993555, 0.7893025846334776, 0.0294679418262902, 0.20712702072041278, -0.8698643752343853, 0.08014945928561268, -0.7416264326591246, 0.22912569270066396, -0.2726993059103242, 0.5355160686614915, -0.902931727160895, -0.7803637637643119, 0.36804643024725525, 0.029307394167312983, 0.1432827432294983, 0.6874139879813108, -0.024524721700651453, 0.6202888442522898, 0.020487258589880097, 0.8534413864805024, 0.333855543079252, -0.7025463211318861, -0.27089364934848836, 0.7315498318881986, -0.29942957828896866, -0.6219484810876903, -0.0547573816684539, -0.21443765035574014, 0.23785985328818726, -0.12646741612097356, -0.47815568541100895, -0.17505557667448635, -0.16193193089539926, 0.8048437117522818, 0.9592325240809707, 0.24713767881382775, -0.8336317548582777, 0.46599743519199, 0.357370804957968, 0.6520457340504391, -0.3050973265778887, -0.8822398116837538, 0.2236436329105842, -0.751970763373456, 0.5190590583266628, 0.5888466351532844, -0.18274642650020412, 0.8875950117660911, -0.6524404124894483, 0.8851716994539605]",rhc,relu,False,False,100,[10],0.1,100,2
229,29,0.09622690000105649,1.7878412813767603,345.0,100,15,"[0.9340596780273533, 0.09446449835144466, 0.9453687199297687, 0.4296319873487293, 0.3954576491945416, -0.5678210088392472, 0.9525489095524835, -0.9875394895908203, -0.4940352752331121, -0.13041693519110842, 0.5587658435875049, -0.6046298507994938, 0.7259864711984445, 0.9668013543506255, -0.6723155171906026, 0.19466788786571843, -0.98202780466489, -0.22685743471274122, -0.9116798841370009, 0.9133059354284718, -0.1277067062404047, 0.8979546135631256, 0.5726119718701219, 0.7325785971633969, -0.6536691570081037, -0.850102825973786, 0.2014854427555386, -0.6640556325631923, 0.4667603350211398, -0.18311227969597055, 0.05581764683584067, 0.875143167901884, 0.043392244889916, -0.7836132342255386, -0.6835531856304011, 0.09040530340642561, 0.04880816013694678, 0.2752204882519873, -0.1970091128194542, 0.2996102180386846, -0.20619999419653467, 0.24783222709644614, 0.5348099341802477, -0.6420521799177383, -0.24884846282491524, 0.005066118653868745, 0.3733341598326916, -0.4926407026772337, 0.10948172588511706, 0.24986168812819542, 0.7910023321122921, -0.27429282313374714, 0.2751141460374733, -0.6171071957620733, -0.004411770765388567, -0.6351091908575863, 0.8367660782795254, -0.13635585731754474, 0.6603762041966925, -0.16644739064327485, 0.8093351774867339, -0.19034956537818792, -0.33765099381775454, 0.14427754054549724, 0.6908872981882266, 0.7220286235061439, 0.19137623413666893, -0.8306767779591795, 0.19453321463834983, -0.5090925828337958, 0.46518689717993555, 0.7893025846334776, 0.0294679418262902, 0.20712702072041278, -0.8698643752343853, 0.08014945928561268, -0.7416264326591246, 0.22912569270066396, -0.2726993059103242, 0.5355160686614915, -0.902931727160895, -0.7803637637643119, 0.36804643024725525, 0.029307394167312983, 0.1432827432294983, 0.6874139879813108, -0.024524721700651453, 0.6202888442522898, 0.020487258589880097, 0.8534413864805024, 0.333855543079252, -0.7025463211318861, -0.27089364934848836, 0.7315498318881986, -0.29942957828896866, -0.6219484810876903, -0.0547573816684539, -0.21443765035574014, 0.23785985328818726, -0.12646741612097356, -0.47815568541100895, -0.17505557667448635, -0.16193193089539926, 0.8048437117522818, 0.9592325240809707, 0.24713767881382775, -0.8336317548582777, 0.46599743519199, 0.357370804957968, 0.6520457340504391, -0.3050973265778887, -0.8822398116837538, 0.2236436329105842, -0.751970763373456, 0.5190590583266628, 0.5888466351532844, -0.18274642650020412, 0.8875950117660911, -0.6524404124894483, 0.8851716994539605]",rhc,relu,False,False,100,[10],0.1,100,2
230,30,0.09977780003100634,1.7770846704517318,347.0,100,15,"[0.9340596780273533, 0.09446449835144466, 0.9453687199297687, 0.4296319873487293, 0.3954576491945416, -0.5678210088392472, 0.9525489095524835, -0.9875394895908203, -0.4940352752331121, -0.13041693519110842, 0.5587658435875049, -0.6046298507994938, 0.7259864711984445, 0.9668013543506255, -0.6723155171906026, 0.19466788786571843, -0.98202780466489, -0.22685743471274122, -0.9116798841370009, 0.9133059354284718, -0.1277067062404047, 0.8979546135631256, 0.5726119718701219, 0.7325785971633969, -0.6536691570081037, -0.850102825973786, 0.2014854427555386, -0.6640556325631923, 0.4667603350211398, -0.18311227969597055, 0.05581764683584067, 0.875143167901884, 0.043392244889916, -0.7836132342255386, -0.6835531856304011, 0.09040530340642561, 0.04880816013694678, 0.2752204882519873, -0.1970091128194542, 0.2996102180386846, -0.20619999419653467, 0.24783222709644614, 0.5348099341802477, -0.6420521799177383, -0.24884846282491524, 0.005066118653868745, 0.3733341598326916, -0.4926407026772337, 0.10948172588511706, 0.24986168812819542, 0.7910023321122921, -0.27429282313374714, 0.2751141460374733, -0.6171071957620733, -0.004411770765388567, -0.6351091908575863, 0.8367660782795254, -0.13635585731754474, 0.6603762041966925, -0.16644739064327485, 0.8093351774867339, -0.19034956537818792, -0.33765099381775454, 0.14427754054549724, 0.6908872981882266, 0.7220286235061439, 0.19137623413666893, -0.8306767779591795, 0.19453321463834983, -0.5090925828337958, 0.46518689717993555, 0.7893025846334776, 0.0294679418262902, 0.20712702072041278, -0.8698643752343853, 0.08014945928561268, -0.7416264326591246, 0.22912569270066396, -0.2726993059103242, 0.5355160686614915, -0.902931727160895, -0.7803637637643119, 0.36804643024725525, 0.029307394167312983, 0.1432827432294983, 0.6874139879813108, -0.024524721700651453, 0.6202888442522898, 0.020487258589880097, 0.8534413864805024, 0.333855543079252, -0.7025463211318861, -0.27089364934848836, 0.7315498318881986, -0.29942957828896866, -0.6219484810876903, -0.0547573816684539, -0.21443765035574014, 0.23785985328818726, -0.12646741612097356, -0.47815568541100895, -0.17505557667448635, -0.16193193089539926, 0.8048437117522818, 0.9592325240809707, 0.24713767881382775, -0.8336317548582777, 0.46599743519199, 0.357370804957968, 0.6520457340504391, -0.3050973265778887, -0.8822398116837538, 0.2236436329105842, -0.751970763373456, 0.5190590583266628, 0.5888466351532844, -0.18274642650020412, 0.8875950117660911, -0.6524404124894483, 0.8851716994539605]",rhc,relu,False,False,100,[10],0.1,100,2
231,31,0.10406230005901307,1.7753833797182852,349.0,100,15,"[0.9340596780273533, 0.09446449835144466, 0.9453687199297687, 0.4296319873487293, 0.3954576491945416, -0.5678210088392472, 0.9525489095524835, -0.9875394895908203, -0.4940352752331121, -0.13041693519110842, 0.5587658435875049, -0.6046298507994938, 0.7259864711984445, 0.9668013543506255, -0.6723155171906026, 0.19466788786571843, -0.98202780466489, -0.22685743471274122, -0.9116798841370009, 0.9133059354284718, -0.1277067062404047, 0.8979546135631256, 0.5726119718701219, 0.7325785971633969, -0.6536691570081037, -0.850102825973786, 0.2014854427555386, -0.6640556325631923, 0.4667603350211398, -0.18311227969597055, 0.05581764683584067, 0.875143167901884, 0.043392244889916, -0.7836132342255386, -0.6835531856304011, 0.09040530340642561, 0.04880816013694678, 0.2752204882519873, -0.1970091128194542, 0.2996102180386846, -0.20619999419653467, 0.24783222709644614, 0.5348099341802477, -0.6420521799177383, -0.24884846282491524, 0.005066118653868745, 0.3733341598326916, -0.4926407026772337, 0.10948172588511706, 0.24986168812819542, 0.7910023321122921, -0.27429282313374714, 0.2751141460374733, -0.6171071957620733, -0.004411770765388567, -0.6351091908575863, 0.8367660782795254, -0.13635585731754474, 0.6603762041966925, -0.16644739064327485, 0.8093351774867339, -0.19034956537818792, -0.33765099381775454, 0.14427754054549724, 0.6908872981882266, 0.7220286235061439, 0.19137623413666893, -0.8306767779591795, 0.19453321463834983, -0.5090925828337958, 0.46518689717993555, 0.7893025846334776, 0.0294679418262902, 0.20712702072041278, -0.8698643752343853, 0.08014945928561268, -0.7416264326591246, 0.22912569270066396, -0.2726993059103242, 0.5355160686614915, -0.902931727160895, -0.7803637637643119, 0.36804643024725525, 0.029307394167312983, 0.1432827432294983, 0.6874139879813108, -0.024524721700651453, 0.6202888442522898, 0.020487258589880097, 0.8534413864805024, 0.333855543079252, -0.7025463211318861, -0.27089364934848836, 0.7315498318881986, -0.29942957828896866, -0.6219484810876903, -0.0547573816684539, -0.21443765035574014, 0.23785985328818726, -0.12646741612097356, -0.47815568541100895, -0.17505557667448635, -0.16193193089539926, 0.8048437117522818, 0.9592325240809707, 0.24713767881382775, -0.8336317548582777, 0.46599743519199, 0.357370804957968, 0.6520457340504391, -0.3050973265778887, -0.8822398116837538, 0.2236436329105842, -0.751970763373456, 0.5190590583266628, 0.5888466351532844, -0.18274642650020412, 0.8875950117660911, -0.6524404124894483, 0.8851716994539605]",rhc,relu,False,False,100,[10],0.1,100,2
232,32,0.1062065000878647,1.7753833797182852,350.0,100,15,"[0.9340596780273533, 0.09446449835144466, 0.9453687199297687, 0.4296319873487293, 0.3954576491945416, -0.5678210088392472, 0.9525489095524835, -0.9875394895908203, -0.4940352752331121, -0.13041693519110842, 0.5587658435875049, -0.6046298507994938, 0.7259864711984445, 0.9668013543506255, -0.6723155171906026, 0.19466788786571843, -0.98202780466489, -0.22685743471274122, -0.9116798841370009, 0.9133059354284718, -0.1277067062404047, 0.8979546135631256, 0.5726119718701219, 0.7325785971633969, -0.6536691570081037, -0.850102825973786, 0.2014854427555386, -0.6640556325631923, 0.4667603350211398, -0.18311227969597055, 0.05581764683584067, 0.875143167901884, 0.043392244889916, -0.7836132342255386, -0.6835531856304011, 0.09040530340642561, 0.04880816013694678, 0.2752204882519873, -0.1970091128194542, 0.2996102180386846, -0.20619999419653467, 0.24783222709644614, 0.5348099341802477, -0.6420521799177383, -0.24884846282491524, 0.005066118653868745, 0.3733341598326916, -0.4926407026772337, 0.10948172588511706, 0.24986168812819542, 0.7910023321122921, -0.27429282313374714, 0.2751141460374733, -0.6171071957620733, -0.004411770765388567, -0.6351091908575863, 0.8367660782795254, -0.13635585731754474, 0.6603762041966925, -0.16644739064327485, 0.8093351774867339, -0.19034956537818792, -0.33765099381775454, 0.14427754054549724, 0.6908872981882266, 0.7220286235061439, 0.19137623413666893, -0.8306767779591795, 0.19453321463834983, -0.5090925828337958, 0.46518689717993555, 0.7893025846334776, 0.0294679418262902, 0.20712702072041278, -0.8698643752343853, 0.08014945928561268, -0.7416264326591246, 0.22912569270066396, -0.2726993059103242, 0.5355160686614915, -0.902931727160895, -0.7803637637643119, 0.36804643024725525, 0.029307394167312983, 0.1432827432294983, 0.6874139879813108, -0.024524721700651453, 0.6202888442522898, 0.020487258589880097, 0.8534413864805024, 0.333855543079252, -0.7025463211318861, -0.27089364934848836, 0.7315498318881986, -0.29942957828896866, -0.6219484810876903, -0.0547573816684539, -0.21443765035574014, 0.23785985328818726, -0.12646741612097356, -0.47815568541100895, -0.17505557667448635, -0.16193193089539926, 0.8048437117522818, 0.9592325240809707, 0.24713767881382775, -0.8336317548582777, 0.46599743519199, 0.357370804957968, 0.6520457340504391, -0.3050973265778887, -0.8822398116837538, 0.2236436329105842, -0.751970763373456, 0.5190590583266628, 0.5888466351532844, -0.18274642650020412, 0.8875950117660911, -0.6524404124894483, 0.8851716994539605]",rhc,relu,False,False,100,[10],0.1,100,2
233,33,0.10762970009818673,1.7741917604603699,352.0,100,15,"[0.9340596780273533, 0.09446449835144466, 0.9453687199297687, 0.4296319873487293, 0.3954576491945416, -0.5678210088392472, 0.9525489095524835, -0.9875394895908203, -0.4940352752331121, -0.13041693519110842, 0.5587658435875049, -0.6046298507994938, 0.7259864711984445, 0.9668013543506255, -0.6723155171906026, 0.19466788786571843, -0.98202780466489, -0.22685743471274122, -0.9116798841370009, 0.9133059354284718, -0.1277067062404047, 0.8979546135631256, 0.5726119718701219, 0.7325785971633969, -0.6536691570081037, -0.850102825973786, 0.2014854427555386, -0.6640556325631923, 0.4667603350211398, -0.18311227969597055, 0.05581764683584067, 0.875143167901884, 0.043392244889916, -0.7836132342255386, -0.6835531856304011, 0.09040530340642561, 0.04880816013694678, 0.2752204882519873, -0.1970091128194542, 0.2996102180386846, -0.20619999419653467, 0.24783222709644614, 0.5348099341802477, -0.6420521799177383, -0.24884846282491524, 0.005066118653868745, 0.3733341598326916, -0.4926407026772337, 0.10948172588511706, 0.24986168812819542, 0.7910023321122921, -0.27429282313374714, 0.2751141460374733, -0.6171071957620733, -0.004411770765388567, -0.6351091908575863, 0.8367660782795254, -0.13635585731754474, 0.6603762041966925, -0.16644739064327485, 0.8093351774867339, -0.19034956537818792, -0.33765099381775454, 0.14427754054549724, 0.6908872981882266, 0.7220286235061439, 0.19137623413666893, -0.8306767779591795, 0.19453321463834983, -0.5090925828337958, 0.46518689717993555, 0.7893025846334776, 0.0294679418262902, 0.20712702072041278, -0.8698643752343853, 0.08014945928561268, -0.7416264326591246, 0.22912569270066396, -0.2726993059103242, 0.5355160686614915, -0.902931727160895, -0.7803637637643119, 0.36804643024725525, 0.029307394167312983, 0.1432827432294983, 0.6874139879813108, -0.024524721700651453, 0.6202888442522898, 0.020487258589880097, 0.8534413864805024, 0.333855543079252, -0.7025463211318861, -0.27089364934848836, 0.7315498318881986, -0.29942957828896866, -0.6219484810876903, -0.0547573816684539, -0.21443765035574014, 0.23785985328818726, -0.12646741612097356, -0.47815568541100895, -0.17505557667448635, -0.16193193089539926, 0.8048437117522818, 0.9592325240809707, 0.24713767881382775, -0.8336317548582777, 0.46599743519199, 0.357370804957968, 0.6520457340504391, -0.3050973265778887, -0.8822398116837538, 0.2236436329105842, -0.751970763373456, 0.5190590583266628, 0.5888466351532844, -0.18274642650020412, 0.8875950117660911, -0.6524404124894483, 0.8851716994539605]",rhc,relu,False,False,100,[10],0.1,100,2
234,34,0.10928710002917796,1.7741917604603699,353.0,100,15,"[0.9340596780273533, 0.09446449835144466, 0.9453687199297687, 0.4296319873487293, 0.3954576491945416, -0.5678210088392472, 0.9525489095524835, -0.9875394895908203, -0.4940352752331121, -0.13041693519110842, 0.5587658435875049, -0.6046298507994938, 0.7259864711984445, 0.9668013543506255, -0.6723155171906026, 0.19466788786571843, -0.98202780466489, -0.22685743471274122, -0.9116798841370009, 0.9133059354284718, -0.1277067062404047, 0.8979546135631256, 0.5726119718701219, 0.7325785971633969, -0.6536691570081037, -0.850102825973786, 0.2014854427555386, -0.6640556325631923, 0.4667603350211398, -0.18311227969597055, 0.05581764683584067, 0.875143167901884, 0.043392244889916, -0.7836132342255386, -0.6835531856304011, 0.09040530340642561, 0.04880816013694678, 0.2752204882519873, -0.1970091128194542, 0.2996102180386846, -0.20619999419653467, 0.24783222709644614, 0.5348099341802477, -0.6420521799177383, -0.24884846282491524, 0.005066118653868745, 0.3733341598326916, -0.4926407026772337, 0.10948172588511706, 0.24986168812819542, 0.7910023321122921, -0.27429282313374714, 0.2751141460374733, -0.6171071957620733, -0.004411770765388567, -0.6351091908575863, 0.8367660782795254, -0.13635585731754474, 0.6603762041966925, -0.16644739064327485, 0.8093351774867339, -0.19034956537818792, -0.33765099381775454, 0.14427754054549724, 0.6908872981882266, 0.7220286235061439, 0.19137623413666893, -0.8306767779591795, 0.19453321463834983, -0.5090925828337958, 0.46518689717993555, 0.7893025846334776, 0.0294679418262902, 0.20712702072041278, -0.8698643752343853, 0.08014945928561268, -0.7416264326591246, 0.22912569270066396, -0.2726993059103242, 0.5355160686614915, -0.902931727160895, -0.7803637637643119, 0.36804643024725525, 0.029307394167312983, 0.1432827432294983, 0.6874139879813108, -0.024524721700651453, 0.6202888442522898, 0.020487258589880097, 0.8534413864805024, 0.333855543079252, -0.7025463211318861, -0.27089364934848836, 0.7315498318881986, -0.29942957828896866, -0.6219484810876903, -0.0547573816684539, -0.21443765035574014, 0.23785985328818726, -0.12646741612097356, -0.47815568541100895, -0.17505557667448635, -0.16193193089539926, 0.8048437117522818, 0.9592325240809707, 0.24713767881382775, -0.8336317548582777, 0.46599743519199, 0.357370804957968, 0.6520457340504391, -0.3050973265778887, -0.8822398116837538, 0.2236436329105842, -0.751970763373456, 0.5190590583266628, 0.5888466351532844, -0.18274642650020412, 0.8875950117660911, -0.6524404124894483, 0.8851716994539605]",rhc,relu,False,False,100,[10],0.1,100,2
235,35,0.11070370010565966,1.7741917604603699,354.0,100,15,"[0.9340596780273533, 0.09446449835144466, 0.9453687199297687, 0.4296319873487293, 0.3954576491945416, -0.5678210088392472, 0.9525489095524835, -0.9875394895908203, -0.4940352752331121, -0.13041693519110842, 0.5587658435875049, -0.6046298507994938, 0.7259864711984445, 0.9668013543506255, -0.6723155171906026, 0.19466788786571843, -0.98202780466489, -0.22685743471274122, -0.9116798841370009, 0.9133059354284718, -0.1277067062404047, 0.8979546135631256, 0.5726119718701219, 0.7325785971633969, -0.6536691570081037, -0.850102825973786, 0.2014854427555386, -0.6640556325631923, 0.4667603350211398, -0.18311227969597055, 0.05581764683584067, 0.875143167901884, 0.043392244889916, -0.7836132342255386, -0.6835531856304011, 0.09040530340642561, 0.04880816013694678, 0.2752204882519873, -0.1970091128194542, 0.2996102180386846, -0.20619999419653467, 0.24783222709644614, 0.5348099341802477, -0.6420521799177383, -0.24884846282491524, 0.005066118653868745, 0.3733341598326916, -0.4926407026772337, 0.10948172588511706, 0.24986168812819542, 0.7910023321122921, -0.27429282313374714, 0.2751141460374733, -0.6171071957620733, -0.004411770765388567, -0.6351091908575863, 0.8367660782795254, -0.13635585731754474, 0.6603762041966925, -0.16644739064327485, 0.8093351774867339, -0.19034956537818792, -0.33765099381775454, 0.14427754054549724, 0.6908872981882266, 0.7220286235061439, 0.19137623413666893, -0.8306767779591795, 0.19453321463834983, -0.5090925828337958, 0.46518689717993555, 0.7893025846334776, 0.0294679418262902, 0.20712702072041278, -0.8698643752343853, 0.08014945928561268, -0.7416264326591246, 0.22912569270066396, -0.2726993059103242, 0.5355160686614915, -0.902931727160895, -0.7803637637643119, 0.36804643024725525, 0.029307394167312983, 0.1432827432294983, 0.6874139879813108, -0.024524721700651453, 0.6202888442522898, 0.020487258589880097, 0.8534413864805024, 0.333855543079252, -0.7025463211318861, -0.27089364934848836, 0.7315498318881986, -0.29942957828896866, -0.6219484810876903, -0.0547573816684539, -0.21443765035574014, 0.23785985328818726, -0.12646741612097356, -0.47815568541100895, -0.17505557667448635, -0.16193193089539926, 0.8048437117522818, 0.9592325240809707, 0.24713767881382775, -0.8336317548582777, 0.46599743519199, 0.357370804957968, 0.6520457340504391, -0.3050973265778887, -0.8822398116837538, 0.2236436329105842, -0.751970763373456, 0.5190590583266628, 0.5888466351532844, -0.18274642650020412, 0.8875950117660911, -0.6524404124894483, 0.8851716994539605]",rhc,relu,False,False,100,[10],0.1,100,2
236,36,0.1138131000334397,1.7731932763097997,356.0,100,15,"[0.9340596780273533, 0.09446449835144466, 0.9453687199297687, 0.4296319873487293, 0.3954576491945416, -0.5678210088392472, 0.9525489095524835, -0.9875394895908203, -0.4940352752331121, -0.13041693519110842, 0.5587658435875049, -0.6046298507994938, 0.7259864711984445, 0.9668013543506255, -0.6723155171906026, 0.19466788786571843, -0.98202780466489, -0.22685743471274122, -0.9116798841370009, 0.9133059354284718, -0.1277067062404047, 0.8979546135631256, 0.5726119718701219, 0.7325785971633969, -0.6536691570081037, -0.850102825973786, 0.2014854427555386, -0.6640556325631923, 0.4667603350211398, -0.18311227969597055, 0.05581764683584067, 0.875143167901884, 0.043392244889916, -0.7836132342255386, -0.6835531856304011, 0.09040530340642561, 0.04880816013694678, 0.2752204882519873, -0.1970091128194542, 0.2996102180386846, -0.20619999419653467, 0.24783222709644614, 0.5348099341802477, -0.6420521799177383, -0.24884846282491524, 0.005066118653868745, 0.3733341598326916, -0.4926407026772337, 0.10948172588511706, 0.24986168812819542, 0.7910023321122921, -0.27429282313374714, 0.2751141460374733, -0.6171071957620733, -0.004411770765388567, -0.6351091908575863, 0.8367660782795254, -0.13635585731754474, 0.6603762041966925, -0.16644739064327485, 0.8093351774867339, -0.19034956537818792, -0.33765099381775454, 0.14427754054549724, 0.6908872981882266, 0.7220286235061439, 0.19137623413666893, -0.8306767779591795, 0.19453321463834983, -0.5090925828337958, 0.46518689717993555, 0.7893025846334776, 0.0294679418262902, 0.20712702072041278, -0.8698643752343853, 0.08014945928561268, -0.7416264326591246, 0.22912569270066396, -0.2726993059103242, 0.5355160686614915, -0.902931727160895, -0.7803637637643119, 0.36804643024725525, 0.029307394167312983, 0.1432827432294983, 0.6874139879813108, -0.024524721700651453, 0.6202888442522898, 0.020487258589880097, 0.8534413864805024, 0.333855543079252, -0.7025463211318861, -0.27089364934848836, 0.7315498318881986, -0.29942957828896866, -0.6219484810876903, -0.0547573816684539, -0.21443765035574014, 0.23785985328818726, -0.12646741612097356, -0.47815568541100895, -0.17505557667448635, -0.16193193089539926, 0.8048437117522818, 0.9592325240809707, 0.24713767881382775, -0.8336317548582777, 0.46599743519199, 0.357370804957968, 0.6520457340504391, -0.3050973265778887, -0.8822398116837538, 0.2236436329105842, -0.751970763373456, 0.5190590583266628, 0.5888466351532844, -0.18274642650020412, 0.8875950117660911, -0.6524404124894483, 0.8851716994539605]",rhc,relu,False,False,100,[10],0.1,100,2
237,37,0.1166854000184685,1.7731932763097997,357.0,100,15,"[0.9340596780273533, 0.09446449835144466, 0.9453687199297687, 0.4296319873487293, 0.3954576491945416, -0.5678210088392472, 0.9525489095524835, -0.9875394895908203, -0.4940352752331121, -0.13041693519110842, 0.5587658435875049, -0.6046298507994938, 0.7259864711984445, 0.9668013543506255, -0.6723155171906026, 0.19466788786571843, -0.98202780466489, -0.22685743471274122, -0.9116798841370009, 0.9133059354284718, -0.1277067062404047, 0.8979546135631256, 0.5726119718701219, 0.7325785971633969, -0.6536691570081037, -0.850102825973786, 0.2014854427555386, -0.6640556325631923, 0.4667603350211398, -0.18311227969597055, 0.05581764683584067, 0.875143167901884, 0.043392244889916, -0.7836132342255386, -0.6835531856304011, 0.09040530340642561, 0.04880816013694678, 0.2752204882519873, -0.1970091128194542, 0.2996102180386846, -0.20619999419653467, 0.24783222709644614, 0.5348099341802477, -0.6420521799177383, -0.24884846282491524, 0.005066118653868745, 0.3733341598326916, -0.4926407026772337, 0.10948172588511706, 0.24986168812819542, 0.7910023321122921, -0.27429282313374714, 0.2751141460374733, -0.6171071957620733, -0.004411770765388567, -0.6351091908575863, 0.8367660782795254, -0.13635585731754474, 0.6603762041966925, -0.16644739064327485, 0.8093351774867339, -0.19034956537818792, -0.33765099381775454, 0.14427754054549724, 0.6908872981882266, 0.7220286235061439, 0.19137623413666893, -0.8306767779591795, 0.19453321463834983, -0.5090925828337958, 0.46518689717993555, 0.7893025846334776, 0.0294679418262902, 0.20712702072041278, -0.8698643752343853, 0.08014945928561268, -0.7416264326591246, 0.22912569270066396, -0.2726993059103242, 0.5355160686614915, -0.902931727160895, -0.7803637637643119, 0.36804643024725525, 0.029307394167312983, 0.1432827432294983, 0.6874139879813108, -0.024524721700651453, 0.6202888442522898, 0.020487258589880097, 0.8534413864805024, 0.333855543079252, -0.7025463211318861, -0.27089364934848836, 0.7315498318881986, -0.29942957828896866, -0.6219484810876903, -0.0547573816684539, -0.21443765035574014, 0.23785985328818726, -0.12646741612097356, -0.47815568541100895, -0.17505557667448635, -0.16193193089539926, 0.8048437117522818, 0.9592325240809707, 0.24713767881382775, -0.8336317548582777, 0.46599743519199, 0.357370804957968, 0.6520457340504391, -0.3050973265778887, -0.8822398116837538, 0.2236436329105842, -0.751970763373456, 0.5190590583266628, 0.5888466351532844, -0.18274642650020412, 0.8875950117660911, -0.6524404124894483, 0.8851716994539605]",rhc,relu,False,False,100,[10],0.1,100,2
238,38,0.11806140001863241,1.7689981795758183,359.0,100,15,"[0.9340596780273533, 0.09446449835144466, 0.9453687199297687, 0.4296319873487293, 0.3954576491945416, -0.5678210088392472, 0.9525489095524835, -0.9875394895908203, -0.4940352752331121, -0.13041693519110842, 0.5587658435875049, -0.6046298507994938, 0.7259864711984445, 0.9668013543506255, -0.6723155171906026, 0.19466788786571843, -0.98202780466489, -0.22685743471274122, -0.9116798841370009, 0.9133059354284718, -0.1277067062404047, 0.8979546135631256, 0.5726119718701219, 0.7325785971633969, -0.6536691570081037, -0.850102825973786, 0.2014854427555386, -0.6640556325631923, 0.4667603350211398, -0.18311227969597055, 0.05581764683584067, 0.875143167901884, 0.043392244889916, -0.7836132342255386, -0.6835531856304011, 0.09040530340642561, 0.04880816013694678, 0.2752204882519873, -0.1970091128194542, 0.2996102180386846, -0.20619999419653467, 0.24783222709644614, 0.5348099341802477, -0.6420521799177383, -0.24884846282491524, 0.005066118653868745, 0.3733341598326916, -0.4926407026772337, 0.10948172588511706, 0.24986168812819542, 0.7910023321122921, -0.27429282313374714, 0.2751141460374733, -0.6171071957620733, -0.004411770765388567, -0.6351091908575863, 0.8367660782795254, -0.13635585731754474, 0.6603762041966925, -0.16644739064327485, 0.8093351774867339, -0.19034956537818792, -0.33765099381775454, 0.14427754054549724, 0.6908872981882266, 0.7220286235061439, 0.19137623413666893, -0.8306767779591795, 0.19453321463834983, -0.5090925828337958, 0.46518689717993555, 0.7893025846334776, 0.0294679418262902, 0.20712702072041278, -0.8698643752343853, 0.08014945928561268, -0.7416264326591246, 0.22912569270066396, -0.2726993059103242, 0.5355160686614915, -0.902931727160895, -0.7803637637643119, 0.36804643024725525, 0.029307394167312983, 0.1432827432294983, 0.6874139879813108, -0.024524721700651453, 0.6202888442522898, 0.020487258589880097, 0.8534413864805024, 0.333855543079252, -0.7025463211318861, -0.27089364934848836, 0.7315498318881986, -0.29942957828896866, -0.6219484810876903, -0.0547573816684539, -0.21443765035574014, 0.23785985328818726, -0.12646741612097356, -0.47815568541100895, -0.17505557667448635, -0.16193193089539926, 0.8048437117522818, 0.9592325240809707, 0.24713767881382775, -0.8336317548582777, 0.46599743519199, 0.357370804957968, 0.6520457340504391, -0.3050973265778887, -0.8822398116837538, 0.2236436329105842, -0.751970763373456, 0.5190590583266628, 0.5888466351532844, -0.18274642650020412, 0.8875950117660911, -0.6524404124894483, 0.8851716994539605]",rhc,relu,False,False,100,[10],0.1,100,2
239,39,0.12082070007454604,1.7689981795758183,360.0,100,15,"[0.9340596780273533, 0.09446449835144466, 0.9453687199297687, 0.4296319873487293, 0.3954576491945416, -0.5678210088392472, 0.9525489095524835, -0.9875394895908203, -0.4940352752331121, -0.13041693519110842, 0.5587658435875049, -0.6046298507994938, 0.7259864711984445, 0.9668013543506255, -0.6723155171906026, 0.19466788786571843, -0.98202780466489, -0.22685743471274122, -0.9116798841370009, 0.9133059354284718, -0.1277067062404047, 0.8979546135631256, 0.5726119718701219, 0.7325785971633969, -0.6536691570081037, -0.850102825973786, 0.2014854427555386, -0.6640556325631923, 0.4667603350211398, -0.18311227969597055, 0.05581764683584067, 0.875143167901884, 0.043392244889916, -0.7836132342255386, -0.6835531856304011, 0.09040530340642561, 0.04880816013694678, 0.2752204882519873, -0.1970091128194542, 0.2996102180386846, -0.20619999419653467, 0.24783222709644614, 0.5348099341802477, -0.6420521799177383, -0.24884846282491524, 0.005066118653868745, 0.3733341598326916, -0.4926407026772337, 0.10948172588511706, 0.24986168812819542, 0.7910023321122921, -0.27429282313374714, 0.2751141460374733, -0.6171071957620733, -0.004411770765388567, -0.6351091908575863, 0.8367660782795254, -0.13635585731754474, 0.6603762041966925, -0.16644739064327485, 0.8093351774867339, -0.19034956537818792, -0.33765099381775454, 0.14427754054549724, 0.6908872981882266, 0.7220286235061439, 0.19137623413666893, -0.8306767779591795, 0.19453321463834983, -0.5090925828337958, 0.46518689717993555, 0.7893025846334776, 0.0294679418262902, 0.20712702072041278, -0.8698643752343853, 0.08014945928561268, -0.7416264326591246, 0.22912569270066396, -0.2726993059103242, 0.5355160686614915, -0.902931727160895, -0.7803637637643119, 0.36804643024725525, 0.029307394167312983, 0.1432827432294983, 0.6874139879813108, -0.024524721700651453, 0.6202888442522898, 0.020487258589880097, 0.8534413864805024, 0.333855543079252, -0.7025463211318861, -0.27089364934848836, 0.7315498318881986, -0.29942957828896866, -0.6219484810876903, -0.0547573816684539, -0.21443765035574014, 0.23785985328818726, -0.12646741612097356, -0.47815568541100895, -0.17505557667448635, -0.16193193089539926, 0.8048437117522818, 0.9592325240809707, 0.24713767881382775, -0.8336317548582777, 0.46599743519199, 0.357370804957968, 0.6520457340504391, -0.3050973265778887, -0.8822398116837538, 0.2236436329105842, -0.751970763373456, 0.5190590583266628, 0.5888466351532844, -0.18274642650020412, 0.8875950117660911, -0.6524404124894483, 0.8851716994539605]",rhc,relu,False,False,100,[10],0.1,100,2
240,40,0.12267690000589937,1.7661219906157137,362.0,100,15,"[0.9340596780273533, 0.09446449835144466, 0.9453687199297687, 0.4296319873487293, 0.3954576491945416, -0.5678210088392472, 0.9525489095524835, -0.9875394895908203, -0.4940352752331121, -0.13041693519110842, 0.5587658435875049, -0.6046298507994938, 0.7259864711984445, 0.9668013543506255, -0.6723155171906026, 0.19466788786571843, -0.98202780466489, -0.22685743471274122, -0.9116798841370009, 0.9133059354284718, -0.1277067062404047, 0.8979546135631256, 0.5726119718701219, 0.7325785971633969, -0.6536691570081037, -0.850102825973786, 0.2014854427555386, -0.6640556325631923, 0.4667603350211398, -0.18311227969597055, 0.05581764683584067, 0.875143167901884, 0.043392244889916, -0.7836132342255386, -0.6835531856304011, 0.09040530340642561, 0.04880816013694678, 0.2752204882519873, -0.1970091128194542, 0.2996102180386846, -0.20619999419653467, 0.24783222709644614, 0.5348099341802477, -0.6420521799177383, -0.24884846282491524, 0.005066118653868745, 0.3733341598326916, -0.4926407026772337, 0.10948172588511706, 0.24986168812819542, 0.7910023321122921, -0.27429282313374714, 0.2751141460374733, -0.6171071957620733, -0.004411770765388567, -0.6351091908575863, 0.8367660782795254, -0.13635585731754474, 0.6603762041966925, -0.16644739064327485, 0.8093351774867339, -0.19034956537818792, -0.33765099381775454, 0.14427754054549724, 0.6908872981882266, 0.7220286235061439, 0.19137623413666893, -0.8306767779591795, 0.19453321463834983, -0.5090925828337958, 0.46518689717993555, 0.7893025846334776, 0.0294679418262902, 0.20712702072041278, -0.8698643752343853, 0.08014945928561268, -0.7416264326591246, 0.22912569270066396, -0.2726993059103242, 0.5355160686614915, -0.902931727160895, -0.7803637637643119, 0.36804643024725525, 0.029307394167312983, 0.1432827432294983, 0.6874139879813108, -0.024524721700651453, 0.6202888442522898, 0.020487258589880097, 0.8534413864805024, 0.333855543079252, -0.7025463211318861, -0.27089364934848836, 0.7315498318881986, -0.29942957828896866, -0.6219484810876903, -0.0547573816684539, -0.21443765035574014, 0.23785985328818726, -0.12646741612097356, -0.47815568541100895, -0.17505557667448635, -0.16193193089539926, 0.8048437117522818, 0.9592325240809707, 0.24713767881382775, -0.8336317548582777, 0.46599743519199, 0.357370804957968, 0.6520457340504391, -0.3050973265778887, -0.8822398116837538, 0.2236436329105842, -0.751970763373456, 0.5190590583266628, 0.5888466351532844, -0.18274642650020412, 0.8875950117660911, -0.6524404124894483, 0.8851716994539605]",rhc,relu,False,False,100,[10],0.1,100,2
241,41,0.1255848000291735,1.7661219906157137,363.0,100,15,"[0.9340596780273533, 0.09446449835144466, 0.9453687199297687, 0.4296319873487293, 0.3954576491945416, -0.5678210088392472, 0.9525489095524835, -0.9875394895908203, -0.4940352752331121, -0.13041693519110842, 0.5587658435875049, -0.6046298507994938, 0.7259864711984445, 0.9668013543506255, -0.6723155171906026, 0.19466788786571843, -0.98202780466489, -0.22685743471274122, -0.9116798841370009, 0.9133059354284718, -0.1277067062404047, 0.8979546135631256, 0.5726119718701219, 0.7325785971633969, -0.6536691570081037, -0.850102825973786, 0.2014854427555386, -0.6640556325631923, 0.4667603350211398, -0.18311227969597055, 0.05581764683584067, 0.875143167901884, 0.043392244889916, -0.7836132342255386, -0.6835531856304011, 0.09040530340642561, 0.04880816013694678, 0.2752204882519873, -0.1970091128194542, 0.2996102180386846, -0.20619999419653467, 0.24783222709644614, 0.5348099341802477, -0.6420521799177383, -0.24884846282491524, 0.005066118653868745, 0.3733341598326916, -0.4926407026772337, 0.10948172588511706, 0.24986168812819542, 0.7910023321122921, -0.27429282313374714, 0.2751141460374733, -0.6171071957620733, -0.004411770765388567, -0.6351091908575863, 0.8367660782795254, -0.13635585731754474, 0.6603762041966925, -0.16644739064327485, 0.8093351774867339, -0.19034956537818792, -0.33765099381775454, 0.14427754054549724, 0.6908872981882266, 0.7220286235061439, 0.19137623413666893, -0.8306767779591795, 0.19453321463834983, -0.5090925828337958, 0.46518689717993555, 0.7893025846334776, 0.0294679418262902, 0.20712702072041278, -0.8698643752343853, 0.08014945928561268, -0.7416264326591246, 0.22912569270066396, -0.2726993059103242, 0.5355160686614915, -0.902931727160895, -0.7803637637643119, 0.36804643024725525, 0.029307394167312983, 0.1432827432294983, 0.6874139879813108, -0.024524721700651453, 0.6202888442522898, 0.020487258589880097, 0.8534413864805024, 0.333855543079252, -0.7025463211318861, -0.27089364934848836, 0.7315498318881986, -0.29942957828896866, -0.6219484810876903, -0.0547573816684539, -0.21443765035574014, 0.23785985328818726, -0.12646741612097356, -0.47815568541100895, -0.17505557667448635, -0.16193193089539926, 0.8048437117522818, 0.9592325240809707, 0.24713767881382775, -0.8336317548582777, 0.46599743519199, 0.357370804957968, 0.6520457340504391, -0.3050973265778887, -0.8822398116837538, 0.2236436329105842, -0.751970763373456, 0.5190590583266628, 0.5888466351532844, -0.18274642650020412, 0.8875950117660911, -0.6524404124894483, 0.8851716994539605]",rhc,relu,False,False,100,[10],0.1,100,2
242,42,0.12696350004989654,1.7660269275566474,365.0,100,15,"[0.9340596780273533, 0.09446449835144466, 0.9453687199297687, 0.4296319873487293, 0.3954576491945416, -0.5678210088392472, 0.9525489095524835, -0.9875394895908203, -0.4940352752331121, -0.13041693519110842, 0.5587658435875049, -0.6046298507994938, 0.7259864711984445, 0.9668013543506255, -0.6723155171906026, 0.19466788786571843, -0.98202780466489, -0.22685743471274122, -0.9116798841370009, 0.9133059354284718, -0.1277067062404047, 0.8979546135631256, 0.5726119718701219, 0.7325785971633969, -0.6536691570081037, -0.850102825973786, 0.2014854427555386, -0.6640556325631923, 0.4667603350211398, -0.18311227969597055, 0.05581764683584067, 0.875143167901884, 0.043392244889916, -0.7836132342255386, -0.6835531856304011, 0.09040530340642561, 0.04880816013694678, 0.2752204882519873, -0.1970091128194542, 0.2996102180386846, -0.20619999419653467, 0.24783222709644614, 0.5348099341802477, -0.6420521799177383, -0.24884846282491524, 0.005066118653868745, 0.3733341598326916, -0.4926407026772337, 0.10948172588511706, 0.24986168812819542, 0.7910023321122921, -0.27429282313374714, 0.2751141460374733, -0.6171071957620733, -0.004411770765388567, -0.6351091908575863, 0.8367660782795254, -0.13635585731754474, 0.6603762041966925, -0.16644739064327485, 0.8093351774867339, -0.19034956537818792, -0.33765099381775454, 0.14427754054549724, 0.6908872981882266, 0.7220286235061439, 0.19137623413666893, -0.8306767779591795, 0.19453321463834983, -0.5090925828337958, 0.46518689717993555, 0.7893025846334776, 0.0294679418262902, 0.20712702072041278, -0.8698643752343853, 0.08014945928561268, -0.7416264326591246, 0.22912569270066396, -0.2726993059103242, 0.5355160686614915, -0.902931727160895, -0.7803637637643119, 0.36804643024725525, 0.029307394167312983, 0.1432827432294983, 0.6874139879813108, -0.024524721700651453, 0.6202888442522898, 0.020487258589880097, 0.8534413864805024, 0.333855543079252, -0.7025463211318861, -0.27089364934848836, 0.7315498318881986, -0.29942957828896866, -0.6219484810876903, -0.0547573816684539, -0.21443765035574014, 0.23785985328818726, -0.12646741612097356, -0.47815568541100895, -0.17505557667448635, -0.16193193089539926, 0.8048437117522818, 0.9592325240809707, 0.24713767881382775, -0.8336317548582777, 0.46599743519199, 0.357370804957968, 0.6520457340504391, -0.3050973265778887, -0.8822398116837538, 0.2236436329105842, -0.751970763373456, 0.5190590583266628, 0.5888466351532844, -0.18274642650020412, 0.8875950117660911, -0.6524404124894483, 0.8851716994539605]",rhc,relu,False,False,100,[10],0.1,100,2
243,43,0.13002750009763986,1.7660269275566474,366.0,100,15,"[0.9340596780273533, 0.09446449835144466, 0.9453687199297687, 0.4296319873487293, 0.3954576491945416, -0.5678210088392472, 0.9525489095524835, -0.9875394895908203, -0.4940352752331121, -0.13041693519110842, 0.5587658435875049, -0.6046298507994938, 0.7259864711984445, 0.9668013543506255, -0.6723155171906026, 0.19466788786571843, -0.98202780466489, -0.22685743471274122, -0.9116798841370009, 0.9133059354284718, -0.1277067062404047, 0.8979546135631256, 0.5726119718701219, 0.7325785971633969, -0.6536691570081037, -0.850102825973786, 0.2014854427555386, -0.6640556325631923, 0.4667603350211398, -0.18311227969597055, 0.05581764683584067, 0.875143167901884, 0.043392244889916, -0.7836132342255386, -0.6835531856304011, 0.09040530340642561, 0.04880816013694678, 0.2752204882519873, -0.1970091128194542, 0.2996102180386846, -0.20619999419653467, 0.24783222709644614, 0.5348099341802477, -0.6420521799177383, -0.24884846282491524, 0.005066118653868745, 0.3733341598326916, -0.4926407026772337, 0.10948172588511706, 0.24986168812819542, 0.7910023321122921, -0.27429282313374714, 0.2751141460374733, -0.6171071957620733, -0.004411770765388567, -0.6351091908575863, 0.8367660782795254, -0.13635585731754474, 0.6603762041966925, -0.16644739064327485, 0.8093351774867339, -0.19034956537818792, -0.33765099381775454, 0.14427754054549724, 0.6908872981882266, 0.7220286235061439, 0.19137623413666893, -0.8306767779591795, 0.19453321463834983, -0.5090925828337958, 0.46518689717993555, 0.7893025846334776, 0.0294679418262902, 0.20712702072041278, -0.8698643752343853, 0.08014945928561268, -0.7416264326591246, 0.22912569270066396, -0.2726993059103242, 0.5355160686614915, -0.902931727160895, -0.7803637637643119, 0.36804643024725525, 0.029307394167312983, 0.1432827432294983, 0.6874139879813108, -0.024524721700651453, 0.6202888442522898, 0.020487258589880097, 0.8534413864805024, 0.333855543079252, -0.7025463211318861, -0.27089364934848836, 0.7315498318881986, -0.29942957828896866, -0.6219484810876903, -0.0547573816684539, -0.21443765035574014, 0.23785985328818726, -0.12646741612097356, -0.47815568541100895, -0.17505557667448635, -0.16193193089539926, 0.8048437117522818, 0.9592325240809707, 0.24713767881382775, -0.8336317548582777, 0.46599743519199, 0.357370804957968, 0.6520457340504391, -0.3050973265778887, -0.8822398116837538, 0.2236436329105842, -0.751970763373456, 0.5190590583266628, 0.5888466351532844, -0.18274642650020412, 0.8875950117660911, -0.6524404124894483, 0.8851716994539605]",rhc,relu,False,False,100,[10],0.1,100,2
244,44,0.1314245000248775,1.7660269275566474,367.0,100,15,"[0.9340596780273533, 0.09446449835144466, 0.9453687199297687, 0.4296319873487293, 0.3954576491945416, -0.5678210088392472, 0.9525489095524835, -0.9875394895908203, -0.4940352752331121, -0.13041693519110842, 0.5587658435875049, -0.6046298507994938, 0.7259864711984445, 0.9668013543506255, -0.6723155171906026, 0.19466788786571843, -0.98202780466489, -0.22685743471274122, -0.9116798841370009, 0.9133059354284718, -0.1277067062404047, 0.8979546135631256, 0.5726119718701219, 0.7325785971633969, -0.6536691570081037, -0.850102825973786, 0.2014854427555386, -0.6640556325631923, 0.4667603350211398, -0.18311227969597055, 0.05581764683584067, 0.875143167901884, 0.043392244889916, -0.7836132342255386, -0.6835531856304011, 0.09040530340642561, 0.04880816013694678, 0.2752204882519873, -0.1970091128194542, 0.2996102180386846, -0.20619999419653467, 0.24783222709644614, 0.5348099341802477, -0.6420521799177383, -0.24884846282491524, 0.005066118653868745, 0.3733341598326916, -0.4926407026772337, 0.10948172588511706, 0.24986168812819542, 0.7910023321122921, -0.27429282313374714, 0.2751141460374733, -0.6171071957620733, -0.004411770765388567, -0.6351091908575863, 0.8367660782795254, -0.13635585731754474, 0.6603762041966925, -0.16644739064327485, 0.8093351774867339, -0.19034956537818792, -0.33765099381775454, 0.14427754054549724, 0.6908872981882266, 0.7220286235061439, 0.19137623413666893, -0.8306767779591795, 0.19453321463834983, -0.5090925828337958, 0.46518689717993555, 0.7893025846334776, 0.0294679418262902, 0.20712702072041278, -0.8698643752343853, 0.08014945928561268, -0.7416264326591246, 0.22912569270066396, -0.2726993059103242, 0.5355160686614915, -0.902931727160895, -0.7803637637643119, 0.36804643024725525, 0.029307394167312983, 0.1432827432294983, 0.6874139879813108, -0.024524721700651453, 0.6202888442522898, 0.020487258589880097, 0.8534413864805024, 0.333855543079252, -0.7025463211318861, -0.27089364934848836, 0.7315498318881986, -0.29942957828896866, -0.6219484810876903, -0.0547573816684539, -0.21443765035574014, 0.23785985328818726, -0.12646741612097356, -0.47815568541100895, -0.17505557667448635, -0.16193193089539926, 0.8048437117522818, 0.9592325240809707, 0.24713767881382775, -0.8336317548582777, 0.46599743519199, 0.357370804957968, 0.6520457340504391, -0.3050973265778887, -0.8822398116837538, 0.2236436329105842, -0.751970763373456, 0.5190590583266628, 0.5888466351532844, -0.18274642650020412, 0.8875950117660911, -0.6524404124894483, 0.8851716994539605]",rhc,relu,False,False,100,[10],0.1,100,2
245,45,0.13282990001607686,1.7660269275566474,368.0,100,15,"[0.9340596780273533, 0.09446449835144466, 0.9453687199297687, 0.4296319873487293, 0.3954576491945416, -0.5678210088392472, 0.9525489095524835, -0.9875394895908203, -0.4940352752331121, -0.13041693519110842, 0.5587658435875049, -0.6046298507994938, 0.7259864711984445, 0.9668013543506255, -0.6723155171906026, 0.19466788786571843, -0.98202780466489, -0.22685743471274122, -0.9116798841370009, 0.9133059354284718, -0.1277067062404047, 0.8979546135631256, 0.5726119718701219, 0.7325785971633969, -0.6536691570081037, -0.850102825973786, 0.2014854427555386, -0.6640556325631923, 0.4667603350211398, -0.18311227969597055, 0.05581764683584067, 0.875143167901884, 0.043392244889916, -0.7836132342255386, -0.6835531856304011, 0.09040530340642561, 0.04880816013694678, 0.2752204882519873, -0.1970091128194542, 0.2996102180386846, -0.20619999419653467, 0.24783222709644614, 0.5348099341802477, -0.6420521799177383, -0.24884846282491524, 0.005066118653868745, 0.3733341598326916, -0.4926407026772337, 0.10948172588511706, 0.24986168812819542, 0.7910023321122921, -0.27429282313374714, 0.2751141460374733, -0.6171071957620733, -0.004411770765388567, -0.6351091908575863, 0.8367660782795254, -0.13635585731754474, 0.6603762041966925, -0.16644739064327485, 0.8093351774867339, -0.19034956537818792, -0.33765099381775454, 0.14427754054549724, 0.6908872981882266, 0.7220286235061439, 0.19137623413666893, -0.8306767779591795, 0.19453321463834983, -0.5090925828337958, 0.46518689717993555, 0.7893025846334776, 0.0294679418262902, 0.20712702072041278, -0.8698643752343853, 0.08014945928561268, -0.7416264326591246, 0.22912569270066396, -0.2726993059103242, 0.5355160686614915, -0.902931727160895, -0.7803637637643119, 0.36804643024725525, 0.029307394167312983, 0.1432827432294983, 0.6874139879813108, -0.024524721700651453, 0.6202888442522898, 0.020487258589880097, 0.8534413864805024, 0.333855543079252, -0.7025463211318861, -0.27089364934848836, 0.7315498318881986, -0.29942957828896866, -0.6219484810876903, -0.0547573816684539, -0.21443765035574014, 0.23785985328818726, -0.12646741612097356, -0.47815568541100895, -0.17505557667448635, -0.16193193089539926, 0.8048437117522818, 0.9592325240809707, 0.24713767881382775, -0.8336317548582777, 0.46599743519199, 0.357370804957968, 0.6520457340504391, -0.3050973265778887, -0.8822398116837538, 0.2236436329105842, -0.751970763373456, 0.5190590583266628, 0.5888466351532844, -0.18274642650020412, 0.8875950117660911, -0.6524404124894483, 0.8851716994539605]",rhc,relu,False,False,100,[10],0.1,100,2
246,46,0.13423810002859682,1.7660269275566474,369.0,100,15,"[0.9340596780273533, 0.09446449835144466, 0.9453687199297687, 0.4296319873487293, 0.3954576491945416, -0.5678210088392472, 0.9525489095524835, -0.9875394895908203, -0.4940352752331121, -0.13041693519110842, 0.5587658435875049, -0.6046298507994938, 0.7259864711984445, 0.9668013543506255, -0.6723155171906026, 0.19466788786571843, -0.98202780466489, -0.22685743471274122, -0.9116798841370009, 0.9133059354284718, -0.1277067062404047, 0.8979546135631256, 0.5726119718701219, 0.7325785971633969, -0.6536691570081037, -0.850102825973786, 0.2014854427555386, -0.6640556325631923, 0.4667603350211398, -0.18311227969597055, 0.05581764683584067, 0.875143167901884, 0.043392244889916, -0.7836132342255386, -0.6835531856304011, 0.09040530340642561, 0.04880816013694678, 0.2752204882519873, -0.1970091128194542, 0.2996102180386846, -0.20619999419653467, 0.24783222709644614, 0.5348099341802477, -0.6420521799177383, -0.24884846282491524, 0.005066118653868745, 0.3733341598326916, -0.4926407026772337, 0.10948172588511706, 0.24986168812819542, 0.7910023321122921, -0.27429282313374714, 0.2751141460374733, -0.6171071957620733, -0.004411770765388567, -0.6351091908575863, 0.8367660782795254, -0.13635585731754474, 0.6603762041966925, -0.16644739064327485, 0.8093351774867339, -0.19034956537818792, -0.33765099381775454, 0.14427754054549724, 0.6908872981882266, 0.7220286235061439, 0.19137623413666893, -0.8306767779591795, 0.19453321463834983, -0.5090925828337958, 0.46518689717993555, 0.7893025846334776, 0.0294679418262902, 0.20712702072041278, -0.8698643752343853, 0.08014945928561268, -0.7416264326591246, 0.22912569270066396, -0.2726993059103242, 0.5355160686614915, -0.902931727160895, -0.7803637637643119, 0.36804643024725525, 0.029307394167312983, 0.1432827432294983, 0.6874139879813108, -0.024524721700651453, 0.6202888442522898, 0.020487258589880097, 0.8534413864805024, 0.333855543079252, -0.7025463211318861, -0.27089364934848836, 0.7315498318881986, -0.29942957828896866, -0.6219484810876903, -0.0547573816684539, -0.21443765035574014, 0.23785985328818726, -0.12646741612097356, -0.47815568541100895, -0.17505557667448635, -0.16193193089539926, 0.8048437117522818, 0.9592325240809707, 0.24713767881382775, -0.8336317548582777, 0.46599743519199, 0.357370804957968, 0.6520457340504391, -0.3050973265778887, -0.8822398116837538, 0.2236436329105842, -0.751970763373456, 0.5190590583266628, 0.5888466351532844, -0.18274642650020412, 0.8875950117660911, -0.6524404124894483, 0.8851716994539605]",rhc,relu,False,False,100,[10],0.1,100,2
247,47,0.13724380009807646,1.7616567478712217,371.0,100,15,"[0.9340596780273533, 0.09446449835144466, 0.9453687199297687, 0.4296319873487293, 0.3954576491945416, -0.5678210088392472, 0.9525489095524835, -0.9875394895908203, -0.4940352752331121, -0.13041693519110842, 0.5587658435875049, -0.6046298507994938, 0.7259864711984445, 0.9668013543506255, -0.6723155171906026, 0.19466788786571843, -0.98202780466489, -0.22685743471274122, -0.9116798841370009, 0.9133059354284718, -0.1277067062404047, 0.8979546135631256, 0.5726119718701219, 0.7325785971633969, -0.6536691570081037, -0.850102825973786, 0.2014854427555386, -0.6640556325631923, 0.4667603350211398, -0.18311227969597055, 0.05581764683584067, 0.875143167901884, 0.043392244889916, -0.7836132342255386, -0.6835531856304011, 0.09040530340642561, 0.04880816013694678, 0.2752204882519873, -0.1970091128194542, 0.2996102180386846, -0.20619999419653467, 0.24783222709644614, 0.5348099341802477, -0.6420521799177383, -0.24884846282491524, 0.005066118653868745, 0.3733341598326916, -0.4926407026772337, 0.10948172588511706, 0.24986168812819542, 0.7910023321122921, -0.27429282313374714, 0.2751141460374733, -0.6171071957620733, -0.004411770765388567, -0.6351091908575863, 0.8367660782795254, -0.13635585731754474, 0.6603762041966925, -0.16644739064327485, 0.8093351774867339, -0.19034956537818792, -0.33765099381775454, 0.14427754054549724, 0.6908872981882266, 0.7220286235061439, 0.19137623413666893, -0.8306767779591795, 0.19453321463834983, -0.5090925828337958, 0.46518689717993555, 0.7893025846334776, 0.0294679418262902, 0.20712702072041278, -0.8698643752343853, 0.08014945928561268, -0.7416264326591246, 0.22912569270066396, -0.2726993059103242, 0.5355160686614915, -0.902931727160895, -0.7803637637643119, 0.36804643024725525, 0.029307394167312983, 0.1432827432294983, 0.6874139879813108, -0.024524721700651453, 0.6202888442522898, 0.020487258589880097, 0.8534413864805024, 0.333855543079252, -0.7025463211318861, -0.27089364934848836, 0.7315498318881986, -0.29942957828896866, -0.6219484810876903, -0.0547573816684539, -0.21443765035574014, 0.23785985328818726, -0.12646741612097356, -0.47815568541100895, -0.17505557667448635, -0.16193193089539926, 0.8048437117522818, 0.9592325240809707, 0.24713767881382775, -0.8336317548582777, 0.46599743519199, 0.357370804957968, 0.6520457340504391, -0.3050973265778887, -0.8822398116837538, 0.2236436329105842, -0.751970763373456, 0.5190590583266628, 0.5888466351532844, -0.18274642650020412, 0.8875950117660911, -0.6524404124894483, 0.8851716994539605]",rhc,relu,False,False,100,[10],0.1,100,2
248,48,0.13920730003155768,1.7616567478712217,372.0,100,15,"[0.9340596780273533, 0.09446449835144466, 0.9453687199297687, 0.4296319873487293, 0.3954576491945416, -0.5678210088392472, 0.9525489095524835, -0.9875394895908203, -0.4940352752331121, -0.13041693519110842, 0.5587658435875049, -0.6046298507994938, 0.7259864711984445, 0.9668013543506255, -0.6723155171906026, 0.19466788786571843, -0.98202780466489, -0.22685743471274122, -0.9116798841370009, 0.9133059354284718, -0.1277067062404047, 0.8979546135631256, 0.5726119718701219, 0.7325785971633969, -0.6536691570081037, -0.850102825973786, 0.2014854427555386, -0.6640556325631923, 0.4667603350211398, -0.18311227969597055, 0.05581764683584067, 0.875143167901884, 0.043392244889916, -0.7836132342255386, -0.6835531856304011, 0.09040530340642561, 0.04880816013694678, 0.2752204882519873, -0.1970091128194542, 0.2996102180386846, -0.20619999419653467, 0.24783222709644614, 0.5348099341802477, -0.6420521799177383, -0.24884846282491524, 0.005066118653868745, 0.3733341598326916, -0.4926407026772337, 0.10948172588511706, 0.24986168812819542, 0.7910023321122921, -0.27429282313374714, 0.2751141460374733, -0.6171071957620733, -0.004411770765388567, -0.6351091908575863, 0.8367660782795254, -0.13635585731754474, 0.6603762041966925, -0.16644739064327485, 0.8093351774867339, -0.19034956537818792, -0.33765099381775454, 0.14427754054549724, 0.6908872981882266, 0.7220286235061439, 0.19137623413666893, -0.8306767779591795, 0.19453321463834983, -0.5090925828337958, 0.46518689717993555, 0.7893025846334776, 0.0294679418262902, 0.20712702072041278, -0.8698643752343853, 0.08014945928561268, -0.7416264326591246, 0.22912569270066396, -0.2726993059103242, 0.5355160686614915, -0.902931727160895, -0.7803637637643119, 0.36804643024725525, 0.029307394167312983, 0.1432827432294983, 0.6874139879813108, -0.024524721700651453, 0.6202888442522898, 0.020487258589880097, 0.8534413864805024, 0.333855543079252, -0.7025463211318861, -0.27089364934848836, 0.7315498318881986, -0.29942957828896866, -0.6219484810876903, -0.0547573816684539, -0.21443765035574014, 0.23785985328818726, -0.12646741612097356, -0.47815568541100895, -0.17505557667448635, -0.16193193089539926, 0.8048437117522818, 0.9592325240809707, 0.24713767881382775, -0.8336317548582777, 0.46599743519199, 0.357370804957968, 0.6520457340504391, -0.3050973265778887, -0.8822398116837538, 0.2236436329105842, -0.751970763373456, 0.5190590583266628, 0.5888466351532844, -0.18274642650020412, 0.8875950117660911, -0.6524404124894483, 0.8851716994539605]",rhc,relu,False,False,100,[10],0.1,100,2
249,49,0.14330590004101396,1.7616567478712217,373.0,100,15,"[0.9340596780273533, 0.09446449835144466, 0.9453687199297687, 0.4296319873487293, 0.3954576491945416, -0.5678210088392472, 0.9525489095524835, -0.9875394895908203, -0.4940352752331121, -0.13041693519110842, 0.5587658435875049, -0.6046298507994938, 0.7259864711984445, 0.9668013543506255, -0.6723155171906026, 0.19466788786571843, -0.98202780466489, -0.22685743471274122, -0.9116798841370009, 0.9133059354284718, -0.1277067062404047, 0.8979546135631256, 0.5726119718701219, 0.7325785971633969, -0.6536691570081037, -0.850102825973786, 0.2014854427555386, -0.6640556325631923, 0.4667603350211398, -0.18311227969597055, 0.05581764683584067, 0.875143167901884, 0.043392244889916, -0.7836132342255386, -0.6835531856304011, 0.09040530340642561, 0.04880816013694678, 0.2752204882519873, -0.1970091128194542, 0.2996102180386846, -0.20619999419653467, 0.24783222709644614, 0.5348099341802477, -0.6420521799177383, -0.24884846282491524, 0.005066118653868745, 0.3733341598326916, -0.4926407026772337, 0.10948172588511706, 0.24986168812819542, 0.7910023321122921, -0.27429282313374714, 0.2751141460374733, -0.6171071957620733, -0.004411770765388567, -0.6351091908575863, 0.8367660782795254, -0.13635585731754474, 0.6603762041966925, -0.16644739064327485, 0.8093351774867339, -0.19034956537818792, -0.33765099381775454, 0.14427754054549724, 0.6908872981882266, 0.7220286235061439, 0.19137623413666893, -0.8306767779591795, 0.19453321463834983, -0.5090925828337958, 0.46518689717993555, 0.7893025846334776, 0.0294679418262902, 0.20712702072041278, -0.8698643752343853, 0.08014945928561268, -0.7416264326591246, 0.22912569270066396, -0.2726993059103242, 0.5355160686614915, -0.902931727160895, -0.7803637637643119, 0.36804643024725525, 0.029307394167312983, 0.1432827432294983, 0.6874139879813108, -0.024524721700651453, 0.6202888442522898, 0.020487258589880097, 0.8534413864805024, 0.333855543079252, -0.7025463211318861, -0.27089364934848836, 0.7315498318881986, -0.29942957828896866, -0.6219484810876903, -0.0547573816684539, -0.21443765035574014, 0.23785985328818726, -0.12646741612097356, -0.47815568541100895, -0.17505557667448635, -0.16193193089539926, 0.8048437117522818, 0.9592325240809707, 0.24713767881382775, -0.8336317548582777, 0.46599743519199, 0.357370804957968, 0.6520457340504391, -0.3050973265778887, -0.8822398116837538, 0.2236436329105842, -0.751970763373456, 0.5190590583266628, 0.5888466351532844, -0.18274642650020412, 0.8875950117660911, -0.6524404124894483, 0.8851716994539605]",rhc,relu,False,False,100,[10],0.1,100,2
250,50,0.14690749999135733,1.750559594289224,375.0,100,15,"[0.9340596780273533, 0.09446449835144466, 0.9453687199297687, 0.4296319873487293, 0.3954576491945416, -0.5678210088392472, 0.9525489095524835, -0.9875394895908203, -0.4940352752331121, -0.13041693519110842, 0.5587658435875049, -0.6046298507994938, 0.7259864711984445, 0.9668013543506255, -0.6723155171906026, 0.19466788786571843, -0.98202780466489, -0.22685743471274122, -0.9116798841370009, 0.9133059354284718, -0.1277067062404047, 0.8979546135631256, 0.5726119718701219, 0.7325785971633969, -0.6536691570081037, -0.850102825973786, 0.2014854427555386, -0.6640556325631923, 0.4667603350211398, -0.18311227969597055, 0.05581764683584067, 0.875143167901884, 0.043392244889916, -0.7836132342255386, -0.6835531856304011, 0.09040530340642561, 0.04880816013694678, 0.2752204882519873, -0.1970091128194542, 0.2996102180386846, -0.20619999419653467, 0.24783222709644614, 0.5348099341802477, -0.6420521799177383, -0.24884846282491524, 0.005066118653868745, 0.3733341598326916, -0.4926407026772337, 0.10948172588511706, 0.24986168812819542, 0.7910023321122921, -0.27429282313374714, 0.2751141460374733, -0.6171071957620733, -0.004411770765388567, -0.6351091908575863, 0.8367660782795254, -0.13635585731754474, 0.6603762041966925, -0.16644739064327485, 0.8093351774867339, -0.19034956537818792, -0.33765099381775454, 0.14427754054549724, 0.6908872981882266, 0.7220286235061439, 0.19137623413666893, -0.8306767779591795, 0.19453321463834983, -0.5090925828337958, 0.46518689717993555, 0.7893025846334776, 0.0294679418262902, 0.20712702072041278, -0.8698643752343853, 0.08014945928561268, -0.7416264326591246, 0.22912569270066396, -0.2726993059103242, 0.5355160686614915, -0.902931727160895, -0.7803637637643119, 0.36804643024725525, 0.029307394167312983, 0.1432827432294983, 0.6874139879813108, -0.024524721700651453, 0.6202888442522898, 0.020487258589880097, 0.8534413864805024, 0.333855543079252, -0.7025463211318861, -0.27089364934848836, 0.7315498318881986, -0.29942957828896866, -0.6219484810876903, -0.0547573816684539, -0.21443765035574014, 0.23785985328818726, -0.12646741612097356, -0.47815568541100895, -0.17505557667448635, -0.16193193089539926, 0.8048437117522818, 0.9592325240809707, 0.24713767881382775, -0.8336317548582777, 0.46599743519199, 0.357370804957968, 0.6520457340504391, -0.3050973265778887, -0.8822398116837538, 0.2236436329105842, -0.751970763373456, 0.5190590583266628, 0.5888466351532844, -0.18274642650020412, 0.8875950117660911, -0.6524404124894483, 0.8851716994539605]",rhc,relu,False,False,100,[10],0.1,100,2
251,51,0.14868640003260225,1.750559594289224,376.0,100,15,"[0.9340596780273533, 0.09446449835144466, 0.9453687199297687, 0.4296319873487293, 0.3954576491945416, -0.5678210088392472, 0.9525489095524835, -0.9875394895908203, -0.4940352752331121, -0.13041693519110842, 0.5587658435875049, -0.6046298507994938, 0.7259864711984445, 0.9668013543506255, -0.6723155171906026, 0.19466788786571843, -0.98202780466489, -0.22685743471274122, -0.9116798841370009, 0.9133059354284718, -0.1277067062404047, 0.8979546135631256, 0.5726119718701219, 0.7325785971633969, -0.6536691570081037, -0.850102825973786, 0.2014854427555386, -0.6640556325631923, 0.4667603350211398, -0.18311227969597055, 0.05581764683584067, 0.875143167901884, 0.043392244889916, -0.7836132342255386, -0.6835531856304011, 0.09040530340642561, 0.04880816013694678, 0.2752204882519873, -0.1970091128194542, 0.2996102180386846, -0.20619999419653467, 0.24783222709644614, 0.5348099341802477, -0.6420521799177383, -0.24884846282491524, 0.005066118653868745, 0.3733341598326916, -0.4926407026772337, 0.10948172588511706, 0.24986168812819542, 0.7910023321122921, -0.27429282313374714, 0.2751141460374733, -0.6171071957620733, -0.004411770765388567, -0.6351091908575863, 0.8367660782795254, -0.13635585731754474, 0.6603762041966925, -0.16644739064327485, 0.8093351774867339, -0.19034956537818792, -0.33765099381775454, 0.14427754054549724, 0.6908872981882266, 0.7220286235061439, 0.19137623413666893, -0.8306767779591795, 0.19453321463834983, -0.5090925828337958, 0.46518689717993555, 0.7893025846334776, 0.0294679418262902, 0.20712702072041278, -0.8698643752343853, 0.08014945928561268, -0.7416264326591246, 0.22912569270066396, -0.2726993059103242, 0.5355160686614915, -0.902931727160895, -0.7803637637643119, 0.36804643024725525, 0.029307394167312983, 0.1432827432294983, 0.6874139879813108, -0.024524721700651453, 0.6202888442522898, 0.020487258589880097, 0.8534413864805024, 0.333855543079252, -0.7025463211318861, -0.27089364934848836, 0.7315498318881986, -0.29942957828896866, -0.6219484810876903, -0.0547573816684539, -0.21443765035574014, 0.23785985328818726, -0.12646741612097356, -0.47815568541100895, -0.17505557667448635, -0.16193193089539926, 0.8048437117522818, 0.9592325240809707, 0.24713767881382775, -0.8336317548582777, 0.46599743519199, 0.357370804957968, 0.6520457340504391, -0.3050973265778887, -0.8822398116837538, 0.2236436329105842, -0.751970763373456, 0.5190590583266628, 0.5888466351532844, -0.18274642650020412, 0.8875950117660911, -0.6524404124894483, 0.8851716994539605]",rhc,relu,False,False,100,[10],0.1,100,2
252,52,0.15030470001511276,1.750559594289224,377.0,100,15,"[0.9340596780273533, 0.09446449835144466, 0.9453687199297687, 0.4296319873487293, 0.3954576491945416, -0.5678210088392472, 0.9525489095524835, -0.9875394895908203, -0.4940352752331121, -0.13041693519110842, 0.5587658435875049, -0.6046298507994938, 0.7259864711984445, 0.9668013543506255, -0.6723155171906026, 0.19466788786571843, -0.98202780466489, -0.22685743471274122, -0.9116798841370009, 0.9133059354284718, -0.1277067062404047, 0.8979546135631256, 0.5726119718701219, 0.7325785971633969, -0.6536691570081037, -0.850102825973786, 0.2014854427555386, -0.6640556325631923, 0.4667603350211398, -0.18311227969597055, 0.05581764683584067, 0.875143167901884, 0.043392244889916, -0.7836132342255386, -0.6835531856304011, 0.09040530340642561, 0.04880816013694678, 0.2752204882519873, -0.1970091128194542, 0.2996102180386846, -0.20619999419653467, 0.24783222709644614, 0.5348099341802477, -0.6420521799177383, -0.24884846282491524, 0.005066118653868745, 0.3733341598326916, -0.4926407026772337, 0.10948172588511706, 0.24986168812819542, 0.7910023321122921, -0.27429282313374714, 0.2751141460374733, -0.6171071957620733, -0.004411770765388567, -0.6351091908575863, 0.8367660782795254, -0.13635585731754474, 0.6603762041966925, -0.16644739064327485, 0.8093351774867339, -0.19034956537818792, -0.33765099381775454, 0.14427754054549724, 0.6908872981882266, 0.7220286235061439, 0.19137623413666893, -0.8306767779591795, 0.19453321463834983, -0.5090925828337958, 0.46518689717993555, 0.7893025846334776, 0.0294679418262902, 0.20712702072041278, -0.8698643752343853, 0.08014945928561268, -0.7416264326591246, 0.22912569270066396, -0.2726993059103242, 0.5355160686614915, -0.902931727160895, -0.7803637637643119, 0.36804643024725525, 0.029307394167312983, 0.1432827432294983, 0.6874139879813108, -0.024524721700651453, 0.6202888442522898, 0.020487258589880097, 0.8534413864805024, 0.333855543079252, -0.7025463211318861, -0.27089364934848836, 0.7315498318881986, -0.29942957828896866, -0.6219484810876903, -0.0547573816684539, -0.21443765035574014, 0.23785985328818726, -0.12646741612097356, -0.47815568541100895, -0.17505557667448635, -0.16193193089539926, 0.8048437117522818, 0.9592325240809707, 0.24713767881382775, -0.8336317548582777, 0.46599743519199, 0.357370804957968, 0.6520457340504391, -0.3050973265778887, -0.8822398116837538, 0.2236436329105842, -0.751970763373456, 0.5190590583266628, 0.5888466351532844, -0.18274642650020412, 0.8875950117660911, -0.6524404124894483, 0.8851716994539605]",rhc,relu,False,False,100,[10],0.1,100,2
253,53,0.15169550001155585,1.7365976062997603,379.0,100,15,"[0.9340596780273533, 0.09446449835144466, 0.9453687199297687, 0.4296319873487293, 0.3954576491945416, -0.5678210088392472, 0.9525489095524835, -0.9875394895908203, -0.4940352752331121, -0.13041693519110842, 0.5587658435875049, -0.6046298507994938, 0.7259864711984445, 0.9668013543506255, -0.6723155171906026, 0.19466788786571843, -0.98202780466489, -0.22685743471274122, -0.9116798841370009, 0.9133059354284718, -0.1277067062404047, 0.8979546135631256, 0.5726119718701219, 0.7325785971633969, -0.6536691570081037, -0.850102825973786, 0.2014854427555386, -0.6640556325631923, 0.4667603350211398, -0.18311227969597055, 0.05581764683584067, 0.875143167901884, 0.043392244889916, -0.7836132342255386, -0.6835531856304011, 0.09040530340642561, 0.04880816013694678, 0.2752204882519873, -0.1970091128194542, 0.2996102180386846, -0.20619999419653467, 0.24783222709644614, 0.5348099341802477, -0.6420521799177383, -0.24884846282491524, 0.005066118653868745, 0.3733341598326916, -0.4926407026772337, 0.10948172588511706, 0.24986168812819542, 0.7910023321122921, -0.27429282313374714, 0.2751141460374733, -0.6171071957620733, -0.004411770765388567, -0.6351091908575863, 0.8367660782795254, -0.13635585731754474, 0.6603762041966925, -0.16644739064327485, 0.8093351774867339, -0.19034956537818792, -0.33765099381775454, 0.14427754054549724, 0.6908872981882266, 0.7220286235061439, 0.19137623413666893, -0.8306767779591795, 0.19453321463834983, -0.5090925828337958, 0.46518689717993555, 0.7893025846334776, 0.0294679418262902, 0.20712702072041278, -0.8698643752343853, 0.08014945928561268, -0.7416264326591246, 0.22912569270066396, -0.2726993059103242, 0.5355160686614915, -0.902931727160895, -0.7803637637643119, 0.36804643024725525, 0.029307394167312983, 0.1432827432294983, 0.6874139879813108, -0.024524721700651453, 0.6202888442522898, 0.020487258589880097, 0.8534413864805024, 0.333855543079252, -0.7025463211318861, -0.27089364934848836, 0.7315498318881986, -0.29942957828896866, -0.6219484810876903, -0.0547573816684539, -0.21443765035574014, 0.23785985328818726, -0.12646741612097356, -0.47815568541100895, -0.17505557667448635, -0.16193193089539926, 0.8048437117522818, 0.9592325240809707, 0.24713767881382775, -0.8336317548582777, 0.46599743519199, 0.357370804957968, 0.6520457340504391, -0.3050973265778887, -0.8822398116837538, 0.2236436329105842, -0.751970763373456, 0.5190590583266628, 0.5888466351532844, -0.18274642650020412, 0.8875950117660911, -0.6524404124894483, 0.8851716994539605]",rhc,relu,False,False,100,[10],0.1,100,2
254,54,0.15469950006809086,1.7161726037777514,381.0,100,15,"[0.9340596780273533, 0.09446449835144466, 0.9453687199297687, 0.4296319873487293, 0.3954576491945416, -0.5678210088392472, 0.9525489095524835, -0.9875394895908203, -0.4940352752331121, -0.13041693519110842, 0.5587658435875049, -0.6046298507994938, 0.7259864711984445, 0.9668013543506255, -0.6723155171906026, 0.19466788786571843, -0.98202780466489, -0.22685743471274122, -0.9116798841370009, 0.9133059354284718, -0.1277067062404047, 0.8979546135631256, 0.5726119718701219, 0.7325785971633969, -0.6536691570081037, -0.850102825973786, 0.2014854427555386, -0.6640556325631923, 0.4667603350211398, -0.18311227969597055, 0.05581764683584067, 0.875143167901884, 0.043392244889916, -0.7836132342255386, -0.6835531856304011, 0.09040530340642561, 0.04880816013694678, 0.2752204882519873, -0.1970091128194542, 0.2996102180386846, -0.20619999419653467, 0.24783222709644614, 0.5348099341802477, -0.6420521799177383, -0.24884846282491524, 0.005066118653868745, 0.3733341598326916, -0.4926407026772337, 0.10948172588511706, 0.24986168812819542, 0.7910023321122921, -0.27429282313374714, 0.2751141460374733, -0.6171071957620733, -0.004411770765388567, -0.6351091908575863, 0.8367660782795254, -0.13635585731754474, 0.6603762041966925, -0.16644739064327485, 0.8093351774867339, -0.19034956537818792, -0.33765099381775454, 0.14427754054549724, 0.6908872981882266, 0.7220286235061439, 0.19137623413666893, -0.8306767779591795, 0.19453321463834983, -0.5090925828337958, 0.46518689717993555, 0.7893025846334776, 0.0294679418262902, 0.20712702072041278, -0.8698643752343853, 0.08014945928561268, -0.7416264326591246, 0.22912569270066396, -0.2726993059103242, 0.5355160686614915, -0.902931727160895, -0.7803637637643119, 0.36804643024725525, 0.029307394167312983, 0.1432827432294983, 0.6874139879813108, -0.024524721700651453, 0.6202888442522898, 0.020487258589880097, 0.8534413864805024, 0.333855543079252, -0.7025463211318861, -0.27089364934848836, 0.7315498318881986, -0.29942957828896866, -0.6219484810876903, -0.0547573816684539, -0.21443765035574014, 0.23785985328818726, -0.12646741612097356, -0.47815568541100895, -0.17505557667448635, -0.16193193089539926, 0.8048437117522818, 0.9592325240809707, 0.24713767881382775, -0.8336317548582777, 0.46599743519199, 0.357370804957968, 0.6520457340504391, -0.3050973265778887, -0.8822398116837538, 0.2236436329105842, -0.751970763373456, 0.5190590583266628, 0.5888466351532844, -0.18274642650020412, 0.8875950117660911, -0.6524404124894483, 0.8851716994539605]",rhc,relu,False,False,100,[10],0.1,100,2
255,55,0.15623610001057386,1.7152835751607205,383.0,100,15,"[0.9340596780273533, 0.09446449835144466, 0.9453687199297687, 0.4296319873487293, 0.3954576491945416, -0.5678210088392472, 0.9525489095524835, -0.9875394895908203, -0.4940352752331121, -0.13041693519110842, 0.5587658435875049, -0.6046298507994938, 0.7259864711984445, 0.9668013543506255, -0.6723155171906026, 0.19466788786571843, -0.98202780466489, -0.22685743471274122, -0.9116798841370009, 0.9133059354284718, -0.1277067062404047, 0.8979546135631256, 0.5726119718701219, 0.7325785971633969, -0.6536691570081037, -0.850102825973786, 0.2014854427555386, -0.6640556325631923, 0.4667603350211398, -0.18311227969597055, 0.05581764683584067, 0.875143167901884, 0.043392244889916, -0.7836132342255386, -0.6835531856304011, 0.09040530340642561, 0.04880816013694678, 0.2752204882519873, -0.1970091128194542, 0.2996102180386846, -0.20619999419653467, 0.24783222709644614, 0.5348099341802477, -0.6420521799177383, -0.24884846282491524, 0.005066118653868745, 0.3733341598326916, -0.4926407026772337, 0.10948172588511706, 0.24986168812819542, 0.7910023321122921, -0.27429282313374714, 0.2751141460374733, -0.6171071957620733, -0.004411770765388567, -0.6351091908575863, 0.8367660782795254, -0.13635585731754474, 0.6603762041966925, -0.16644739064327485, 0.8093351774867339, -0.19034956537818792, -0.33765099381775454, 0.14427754054549724, 0.6908872981882266, 0.7220286235061439, 0.19137623413666893, -0.8306767779591795, 0.19453321463834983, -0.5090925828337958, 0.46518689717993555, 0.7893025846334776, 0.0294679418262902, 0.20712702072041278, -0.8698643752343853, 0.08014945928561268, -0.7416264326591246, 0.22912569270066396, -0.2726993059103242, 0.5355160686614915, -0.902931727160895, -0.7803637637643119, 0.36804643024725525, 0.029307394167312983, 0.1432827432294983, 0.6874139879813108, -0.024524721700651453, 0.6202888442522898, 0.020487258589880097, 0.8534413864805024, 0.333855543079252, -0.7025463211318861, -0.27089364934848836, 0.7315498318881986, -0.29942957828896866, -0.6219484810876903, -0.0547573816684539, -0.21443765035574014, 0.23785985328818726, -0.12646741612097356, -0.47815568541100895, -0.17505557667448635, -0.16193193089539926, 0.8048437117522818, 0.9592325240809707, 0.24713767881382775, -0.8336317548582777, 0.46599743519199, 0.357370804957968, 0.6520457340504391, -0.3050973265778887, -0.8822398116837538, 0.2236436329105842, -0.751970763373456, 0.5190590583266628, 0.5888466351532844, -0.18274642650020412, 0.8875950117660911, -0.6524404124894483, 0.8851716994539605]",rhc,relu,False,False,100,[10],0.1,100,2
256,56,0.15794740000274032,1.705157507650418,385.0,100,15,"[0.9340596780273533, 0.09446449835144466, 0.9453687199297687, 0.4296319873487293, 0.3954576491945416, -0.5678210088392472, 0.9525489095524835, -0.9875394895908203, -0.4940352752331121, -0.13041693519110842, 0.5587658435875049, -0.6046298507994938, 0.7259864711984445, 0.9668013543506255, -0.6723155171906026, 0.19466788786571843, -0.98202780466489, -0.22685743471274122, -0.9116798841370009, 0.9133059354284718, -0.1277067062404047, 0.8979546135631256, 0.5726119718701219, 0.7325785971633969, -0.6536691570081037, -0.850102825973786, 0.2014854427555386, -0.6640556325631923, 0.4667603350211398, -0.18311227969597055, 0.05581764683584067, 0.875143167901884, 0.043392244889916, -0.7836132342255386, -0.6835531856304011, 0.09040530340642561, 0.04880816013694678, 0.2752204882519873, -0.1970091128194542, 0.2996102180386846, -0.20619999419653467, 0.24783222709644614, 0.5348099341802477, -0.6420521799177383, -0.24884846282491524, 0.005066118653868745, 0.3733341598326916, -0.4926407026772337, 0.10948172588511706, 0.24986168812819542, 0.7910023321122921, -0.27429282313374714, 0.2751141460374733, -0.6171071957620733, -0.004411770765388567, -0.6351091908575863, 0.8367660782795254, -0.13635585731754474, 0.6603762041966925, -0.16644739064327485, 0.8093351774867339, -0.19034956537818792, -0.33765099381775454, 0.14427754054549724, 0.6908872981882266, 0.7220286235061439, 0.19137623413666893, -0.8306767779591795, 0.19453321463834983, -0.5090925828337958, 0.46518689717993555, 0.7893025846334776, 0.0294679418262902, 0.20712702072041278, -0.8698643752343853, 0.08014945928561268, -0.7416264326591246, 0.22912569270066396, -0.2726993059103242, 0.5355160686614915, -0.902931727160895, -0.7803637637643119, 0.36804643024725525, 0.029307394167312983, 0.1432827432294983, 0.6874139879813108, -0.024524721700651453, 0.6202888442522898, 0.020487258589880097, 0.8534413864805024, 0.333855543079252, -0.7025463211318861, -0.27089364934848836, 0.7315498318881986, -0.29942957828896866, -0.6219484810876903, -0.0547573816684539, -0.21443765035574014, 0.23785985328818726, -0.12646741612097356, -0.47815568541100895, -0.17505557667448635, -0.16193193089539926, 0.8048437117522818, 0.9592325240809707, 0.24713767881382775, -0.8336317548582777, 0.46599743519199, 0.357370804957968, 0.6520457340504391, -0.3050973265778887, -0.8822398116837538, 0.2236436329105842, -0.751970763373456, 0.5190590583266628, 0.5888466351532844, -0.18274642650020412, 0.8875950117660911, -0.6524404124894483, 0.8851716994539605]",rhc,relu,False,False,100,[10],0.1,100,2
257,57,0.15946009999606758,1.703653764885746,387.0,100,15,"[0.9340596780273533, 0.09446449835144466, 0.9453687199297687, 0.4296319873487293, 0.3954576491945416, -0.5678210088392472, 0.9525489095524835, -0.9875394895908203, -0.4940352752331121, -0.13041693519110842, 0.5587658435875049, -0.6046298507994938, 0.7259864711984445, 0.9668013543506255, -0.6723155171906026, 0.19466788786571843, -0.98202780466489, -0.22685743471274122, -0.9116798841370009, 0.9133059354284718, -0.1277067062404047, 0.8979546135631256, 0.5726119718701219, 0.7325785971633969, -0.6536691570081037, -0.850102825973786, 0.2014854427555386, -0.6640556325631923, 0.4667603350211398, -0.18311227969597055, 0.05581764683584067, 0.875143167901884, 0.043392244889916, -0.7836132342255386, -0.6835531856304011, 0.09040530340642561, 0.04880816013694678, 0.2752204882519873, -0.1970091128194542, 0.2996102180386846, -0.20619999419653467, 0.24783222709644614, 0.5348099341802477, -0.6420521799177383, -0.24884846282491524, 0.005066118653868745, 0.3733341598326916, -0.4926407026772337, 0.10948172588511706, 0.24986168812819542, 0.7910023321122921, -0.27429282313374714, 0.2751141460374733, -0.6171071957620733, -0.004411770765388567, -0.6351091908575863, 0.8367660782795254, -0.13635585731754474, 0.6603762041966925, -0.16644739064327485, 0.8093351774867339, -0.19034956537818792, -0.33765099381775454, 0.14427754054549724, 0.6908872981882266, 0.7220286235061439, 0.19137623413666893, -0.8306767779591795, 0.19453321463834983, -0.5090925828337958, 0.46518689717993555, 0.7893025846334776, 0.0294679418262902, 0.20712702072041278, -0.8698643752343853, 0.08014945928561268, -0.7416264326591246, 0.22912569270066396, -0.2726993059103242, 0.5355160686614915, -0.902931727160895, -0.7803637637643119, 0.36804643024725525, 0.029307394167312983, 0.1432827432294983, 0.6874139879813108, -0.024524721700651453, 0.6202888442522898, 0.020487258589880097, 0.8534413864805024, 0.333855543079252, -0.7025463211318861, -0.27089364934848836, 0.7315498318881986, -0.29942957828896866, -0.6219484810876903, -0.0547573816684539, -0.21443765035574014, 0.23785985328818726, -0.12646741612097356, -0.47815568541100895, -0.17505557667448635, -0.16193193089539926, 0.8048437117522818, 0.9592325240809707, 0.24713767881382775, -0.8336317548582777, 0.46599743519199, 0.357370804957968, 0.6520457340504391, -0.3050973265778887, -0.8822398116837538, 0.2236436329105842, -0.751970763373456, 0.5190590583266628, 0.5888466351532844, -0.18274642650020412, 0.8875950117660911, -0.6524404124894483, 0.8851716994539605]",rhc,relu,False,False,100,[10],0.1,100,2
258,58,0.16259170009288937,1.703653764885746,388.0,100,15,"[0.9340596780273533, 0.09446449835144466, 0.9453687199297687, 0.4296319873487293, 0.3954576491945416, -0.5678210088392472, 0.9525489095524835, -0.9875394895908203, -0.4940352752331121, -0.13041693519110842, 0.5587658435875049, -0.6046298507994938, 0.7259864711984445, 0.9668013543506255, -0.6723155171906026, 0.19466788786571843, -0.98202780466489, -0.22685743471274122, -0.9116798841370009, 0.9133059354284718, -0.1277067062404047, 0.8979546135631256, 0.5726119718701219, 0.7325785971633969, -0.6536691570081037, -0.850102825973786, 0.2014854427555386, -0.6640556325631923, 0.4667603350211398, -0.18311227969597055, 0.05581764683584067, 0.875143167901884, 0.043392244889916, -0.7836132342255386, -0.6835531856304011, 0.09040530340642561, 0.04880816013694678, 0.2752204882519873, -0.1970091128194542, 0.2996102180386846, -0.20619999419653467, 0.24783222709644614, 0.5348099341802477, -0.6420521799177383, -0.24884846282491524, 0.005066118653868745, 0.3733341598326916, -0.4926407026772337, 0.10948172588511706, 0.24986168812819542, 0.7910023321122921, -0.27429282313374714, 0.2751141460374733, -0.6171071957620733, -0.004411770765388567, -0.6351091908575863, 0.8367660782795254, -0.13635585731754474, 0.6603762041966925, -0.16644739064327485, 0.8093351774867339, -0.19034956537818792, -0.33765099381775454, 0.14427754054549724, 0.6908872981882266, 0.7220286235061439, 0.19137623413666893, -0.8306767779591795, 0.19453321463834983, -0.5090925828337958, 0.46518689717993555, 0.7893025846334776, 0.0294679418262902, 0.20712702072041278, -0.8698643752343853, 0.08014945928561268, -0.7416264326591246, 0.22912569270066396, -0.2726993059103242, 0.5355160686614915, -0.902931727160895, -0.7803637637643119, 0.36804643024725525, 0.029307394167312983, 0.1432827432294983, 0.6874139879813108, -0.024524721700651453, 0.6202888442522898, 0.020487258589880097, 0.8534413864805024, 0.333855543079252, -0.7025463211318861, -0.27089364934848836, 0.7315498318881986, -0.29942957828896866, -0.6219484810876903, -0.0547573816684539, -0.21443765035574014, 0.23785985328818726, -0.12646741612097356, -0.47815568541100895, -0.17505557667448635, -0.16193193089539926, 0.8048437117522818, 0.9592325240809707, 0.24713767881382775, -0.8336317548582777, 0.46599743519199, 0.357370804957968, 0.6520457340504391, -0.3050973265778887, -0.8822398116837538, 0.2236436329105842, -0.751970763373456, 0.5190590583266628, 0.5888466351532844, -0.18274642650020412, 0.8875950117660911, -0.6524404124894483, 0.8851716994539605]",rhc,relu,False,False,100,[10],0.1,100,2
259,59,0.16467890003696084,1.703653764885746,389.0,100,15,"[0.9340596780273533, 0.09446449835144466, 0.9453687199297687, 0.4296319873487293, 0.3954576491945416, -0.5678210088392472, 0.9525489095524835, -0.9875394895908203, -0.4940352752331121, -0.13041693519110842, 0.5587658435875049, -0.6046298507994938, 0.7259864711984445, 0.9668013543506255, -0.6723155171906026, 0.19466788786571843, -0.98202780466489, -0.22685743471274122, -0.9116798841370009, 0.9133059354284718, -0.1277067062404047, 0.8979546135631256, 0.5726119718701219, 0.7325785971633969, -0.6536691570081037, -0.850102825973786, 0.2014854427555386, -0.6640556325631923, 0.4667603350211398, -0.18311227969597055, 0.05581764683584067, 0.875143167901884, 0.043392244889916, -0.7836132342255386, -0.6835531856304011, 0.09040530340642561, 0.04880816013694678, 0.2752204882519873, -0.1970091128194542, 0.2996102180386846, -0.20619999419653467, 0.24783222709644614, 0.5348099341802477, -0.6420521799177383, -0.24884846282491524, 0.005066118653868745, 0.3733341598326916, -0.4926407026772337, 0.10948172588511706, 0.24986168812819542, 0.7910023321122921, -0.27429282313374714, 0.2751141460374733, -0.6171071957620733, -0.004411770765388567, -0.6351091908575863, 0.8367660782795254, -0.13635585731754474, 0.6603762041966925, -0.16644739064327485, 0.8093351774867339, -0.19034956537818792, -0.33765099381775454, 0.14427754054549724, 0.6908872981882266, 0.7220286235061439, 0.19137623413666893, -0.8306767779591795, 0.19453321463834983, -0.5090925828337958, 0.46518689717993555, 0.7893025846334776, 0.0294679418262902, 0.20712702072041278, -0.8698643752343853, 0.08014945928561268, -0.7416264326591246, 0.22912569270066396, -0.2726993059103242, 0.5355160686614915, -0.902931727160895, -0.7803637637643119, 0.36804643024725525, 0.029307394167312983, 0.1432827432294983, 0.6874139879813108, -0.024524721700651453, 0.6202888442522898, 0.020487258589880097, 0.8534413864805024, 0.333855543079252, -0.7025463211318861, -0.27089364934848836, 0.7315498318881986, -0.29942957828896866, -0.6219484810876903, -0.0547573816684539, -0.21443765035574014, 0.23785985328818726, -0.12646741612097356, -0.47815568541100895, -0.17505557667448635, -0.16193193089539926, 0.8048437117522818, 0.9592325240809707, 0.24713767881382775, -0.8336317548582777, 0.46599743519199, 0.357370804957968, 0.6520457340504391, -0.3050973265778887, -0.8822398116837538, 0.2236436329105842, -0.751970763373456, 0.5190590583266628, 0.5888466351532844, -0.18274642650020412, 0.8875950117660911, -0.6524404124894483, 0.8851716994539605]",rhc,relu,False,False,100,[10],0.1,100,2
260,60,0.16787820006720722,1.703653764885746,390.0,100,15,"[0.9340596780273533, 0.09446449835144466, 0.9453687199297687, 0.4296319873487293, 0.3954576491945416, -0.5678210088392472, 0.9525489095524835, -0.9875394895908203, -0.4940352752331121, -0.13041693519110842, 0.5587658435875049, -0.6046298507994938, 0.7259864711984445, 0.9668013543506255, -0.6723155171906026, 0.19466788786571843, -0.98202780466489, -0.22685743471274122, -0.9116798841370009, 0.9133059354284718, -0.1277067062404047, 0.8979546135631256, 0.5726119718701219, 0.7325785971633969, -0.6536691570081037, -0.850102825973786, 0.2014854427555386, -0.6640556325631923, 0.4667603350211398, -0.18311227969597055, 0.05581764683584067, 0.875143167901884, 0.043392244889916, -0.7836132342255386, -0.6835531856304011, 0.09040530340642561, 0.04880816013694678, 0.2752204882519873, -0.1970091128194542, 0.2996102180386846, -0.20619999419653467, 0.24783222709644614, 0.5348099341802477, -0.6420521799177383, -0.24884846282491524, 0.005066118653868745, 0.3733341598326916, -0.4926407026772337, 0.10948172588511706, 0.24986168812819542, 0.7910023321122921, -0.27429282313374714, 0.2751141460374733, -0.6171071957620733, -0.004411770765388567, -0.6351091908575863, 0.8367660782795254, -0.13635585731754474, 0.6603762041966925, -0.16644739064327485, 0.8093351774867339, -0.19034956537818792, -0.33765099381775454, 0.14427754054549724, 0.6908872981882266, 0.7220286235061439, 0.19137623413666893, -0.8306767779591795, 0.19453321463834983, -0.5090925828337958, 0.46518689717993555, 0.7893025846334776, 0.0294679418262902, 0.20712702072041278, -0.8698643752343853, 0.08014945928561268, -0.7416264326591246, 0.22912569270066396, -0.2726993059103242, 0.5355160686614915, -0.902931727160895, -0.7803637637643119, 0.36804643024725525, 0.029307394167312983, 0.1432827432294983, 0.6874139879813108, -0.024524721700651453, 0.6202888442522898, 0.020487258589880097, 0.8534413864805024, 0.333855543079252, -0.7025463211318861, -0.27089364934848836, 0.7315498318881986, -0.29942957828896866, -0.6219484810876903, -0.0547573816684539, -0.21443765035574014, 0.23785985328818726, -0.12646741612097356, -0.47815568541100895, -0.17505557667448635, -0.16193193089539926, 0.8048437117522818, 0.9592325240809707, 0.24713767881382775, -0.8336317548582777, 0.46599743519199, 0.357370804957968, 0.6520457340504391, -0.3050973265778887, -0.8822398116837538, 0.2236436329105842, -0.751970763373456, 0.5190590583266628, 0.5888466351532844, -0.18274642650020412, 0.8875950117660911, -0.6524404124894483, 0.8851716994539605]",rhc,relu,False,False,100,[10],0.1,100,2
261,61,0.16964800003916025,1.7022797728068728,392.0,100,15,"[0.9340596780273533, 0.09446449835144466, 0.9453687199297687, 0.4296319873487293, 0.3954576491945416, -0.5678210088392472, 0.9525489095524835, -0.9875394895908203, -0.4940352752331121, -0.13041693519110842, 0.5587658435875049, -0.6046298507994938, 0.7259864711984445, 0.9668013543506255, -0.6723155171906026, 0.19466788786571843, -0.98202780466489, -0.22685743471274122, -0.9116798841370009, 0.9133059354284718, -0.1277067062404047, 0.8979546135631256, 0.5726119718701219, 0.7325785971633969, -0.6536691570081037, -0.850102825973786, 0.2014854427555386, -0.6640556325631923, 0.4667603350211398, -0.18311227969597055, 0.05581764683584067, 0.875143167901884, 0.043392244889916, -0.7836132342255386, -0.6835531856304011, 0.09040530340642561, 0.04880816013694678, 0.2752204882519873, -0.1970091128194542, 0.2996102180386846, -0.20619999419653467, 0.24783222709644614, 0.5348099341802477, -0.6420521799177383, -0.24884846282491524, 0.005066118653868745, 0.3733341598326916, -0.4926407026772337, 0.10948172588511706, 0.24986168812819542, 0.7910023321122921, -0.27429282313374714, 0.2751141460374733, -0.6171071957620733, -0.004411770765388567, -0.6351091908575863, 0.8367660782795254, -0.13635585731754474, 0.6603762041966925, -0.16644739064327485, 0.8093351774867339, -0.19034956537818792, -0.33765099381775454, 0.14427754054549724, 0.6908872981882266, 0.7220286235061439, 0.19137623413666893, -0.8306767779591795, 0.19453321463834983, -0.5090925828337958, 0.46518689717993555, 0.7893025846334776, 0.0294679418262902, 0.20712702072041278, -0.8698643752343853, 0.08014945928561268, -0.7416264326591246, 0.22912569270066396, -0.2726993059103242, 0.5355160686614915, -0.902931727160895, -0.7803637637643119, 0.36804643024725525, 0.029307394167312983, 0.1432827432294983, 0.6874139879813108, -0.024524721700651453, 0.6202888442522898, 0.020487258589880097, 0.8534413864805024, 0.333855543079252, -0.7025463211318861, -0.27089364934848836, 0.7315498318881986, -0.29942957828896866, -0.6219484810876903, -0.0547573816684539, -0.21443765035574014, 0.23785985328818726, -0.12646741612097356, -0.47815568541100895, -0.17505557667448635, -0.16193193089539926, 0.8048437117522818, 0.9592325240809707, 0.24713767881382775, -0.8336317548582777, 0.46599743519199, 0.357370804957968, 0.6520457340504391, -0.3050973265778887, -0.8822398116837538, 0.2236436329105842, -0.751970763373456, 0.5190590583266628, 0.5888466351532844, -0.18274642650020412, 0.8875950117660911, -0.6524404124894483, 0.8851716994539605]",rhc,relu,False,False,100,[10],0.1,100,2
262,62,0.172666700091213,1.7022797728068728,393.0,100,15,"[0.9340596780273533, 0.09446449835144466, 0.9453687199297687, 0.4296319873487293, 0.3954576491945416, -0.5678210088392472, 0.9525489095524835, -0.9875394895908203, -0.4940352752331121, -0.13041693519110842, 0.5587658435875049, -0.6046298507994938, 0.7259864711984445, 0.9668013543506255, -0.6723155171906026, 0.19466788786571843, -0.98202780466489, -0.22685743471274122, -0.9116798841370009, 0.9133059354284718, -0.1277067062404047, 0.8979546135631256, 0.5726119718701219, 0.7325785971633969, -0.6536691570081037, -0.850102825973786, 0.2014854427555386, -0.6640556325631923, 0.4667603350211398, -0.18311227969597055, 0.05581764683584067, 0.875143167901884, 0.043392244889916, -0.7836132342255386, -0.6835531856304011, 0.09040530340642561, 0.04880816013694678, 0.2752204882519873, -0.1970091128194542, 0.2996102180386846, -0.20619999419653467, 0.24783222709644614, 0.5348099341802477, -0.6420521799177383, -0.24884846282491524, 0.005066118653868745, 0.3733341598326916, -0.4926407026772337, 0.10948172588511706, 0.24986168812819542, 0.7910023321122921, -0.27429282313374714, 0.2751141460374733, -0.6171071957620733, -0.004411770765388567, -0.6351091908575863, 0.8367660782795254, -0.13635585731754474, 0.6603762041966925, -0.16644739064327485, 0.8093351774867339, -0.19034956537818792, -0.33765099381775454, 0.14427754054549724, 0.6908872981882266, 0.7220286235061439, 0.19137623413666893, -0.8306767779591795, 0.19453321463834983, -0.5090925828337958, 0.46518689717993555, 0.7893025846334776, 0.0294679418262902, 0.20712702072041278, -0.8698643752343853, 0.08014945928561268, -0.7416264326591246, 0.22912569270066396, -0.2726993059103242, 0.5355160686614915, -0.902931727160895, -0.7803637637643119, 0.36804643024725525, 0.029307394167312983, 0.1432827432294983, 0.6874139879813108, -0.024524721700651453, 0.6202888442522898, 0.020487258589880097, 0.8534413864805024, 0.333855543079252, -0.7025463211318861, -0.27089364934848836, 0.7315498318881986, -0.29942957828896866, -0.6219484810876903, -0.0547573816684539, -0.21443765035574014, 0.23785985328818726, -0.12646741612097356, -0.47815568541100895, -0.17505557667448635, -0.16193193089539926, 0.8048437117522818, 0.9592325240809707, 0.24713767881382775, -0.8336317548582777, 0.46599743519199, 0.357370804957968, 0.6520457340504391, -0.3050973265778887, -0.8822398116837538, 0.2236436329105842, -0.751970763373456, 0.5190590583266628, 0.5888466351532844, -0.18274642650020412, 0.8875950117660911, -0.6524404124894483, 0.8851716994539605]",rhc,relu,False,False,100,[10],0.1,100,2
263,63,0.1759350000647828,1.7022797728068728,394.0,100,15,"[0.9340596780273533, 0.09446449835144466, 0.9453687199297687, 0.4296319873487293, 0.3954576491945416, -0.5678210088392472, 0.9525489095524835, -0.9875394895908203, -0.4940352752331121, -0.13041693519110842, 0.5587658435875049, -0.6046298507994938, 0.7259864711984445, 0.9668013543506255, -0.6723155171906026, 0.19466788786571843, -0.98202780466489, -0.22685743471274122, -0.9116798841370009, 0.9133059354284718, -0.1277067062404047, 0.8979546135631256, 0.5726119718701219, 0.7325785971633969, -0.6536691570081037, -0.850102825973786, 0.2014854427555386, -0.6640556325631923, 0.4667603350211398, -0.18311227969597055, 0.05581764683584067, 0.875143167901884, 0.043392244889916, -0.7836132342255386, -0.6835531856304011, 0.09040530340642561, 0.04880816013694678, 0.2752204882519873, -0.1970091128194542, 0.2996102180386846, -0.20619999419653467, 0.24783222709644614, 0.5348099341802477, -0.6420521799177383, -0.24884846282491524, 0.005066118653868745, 0.3733341598326916, -0.4926407026772337, 0.10948172588511706, 0.24986168812819542, 0.7910023321122921, -0.27429282313374714, 0.2751141460374733, -0.6171071957620733, -0.004411770765388567, -0.6351091908575863, 0.8367660782795254, -0.13635585731754474, 0.6603762041966925, -0.16644739064327485, 0.8093351774867339, -0.19034956537818792, -0.33765099381775454, 0.14427754054549724, 0.6908872981882266, 0.7220286235061439, 0.19137623413666893, -0.8306767779591795, 0.19453321463834983, -0.5090925828337958, 0.46518689717993555, 0.7893025846334776, 0.0294679418262902, 0.20712702072041278, -0.8698643752343853, 0.08014945928561268, -0.7416264326591246, 0.22912569270066396, -0.2726993059103242, 0.5355160686614915, -0.902931727160895, -0.7803637637643119, 0.36804643024725525, 0.029307394167312983, 0.1432827432294983, 0.6874139879813108, -0.024524721700651453, 0.6202888442522898, 0.020487258589880097, 0.8534413864805024, 0.333855543079252, -0.7025463211318861, -0.27089364934848836, 0.7315498318881986, -0.29942957828896866, -0.6219484810876903, -0.0547573816684539, -0.21443765035574014, 0.23785985328818726, -0.12646741612097356, -0.47815568541100895, -0.17505557667448635, -0.16193193089539926, 0.8048437117522818, 0.9592325240809707, 0.24713767881382775, -0.8336317548582777, 0.46599743519199, 0.357370804957968, 0.6520457340504391, -0.3050973265778887, -0.8822398116837538, 0.2236436329105842, -0.751970763373456, 0.5190590583266628, 0.5888466351532844, -0.18274642650020412, 0.8875950117660911, -0.6524404124894483, 0.8851716994539605]",rhc,relu,False,False,100,[10],0.1,100,2
264,64,0.17886750004254282,1.7022797728068728,395.0,100,15,"[0.9340596780273533, 0.09446449835144466, 0.9453687199297687, 0.4296319873487293, 0.3954576491945416, -0.5678210088392472, 0.9525489095524835, -0.9875394895908203, -0.4940352752331121, -0.13041693519110842, 0.5587658435875049, -0.6046298507994938, 0.7259864711984445, 0.9668013543506255, -0.6723155171906026, 0.19466788786571843, -0.98202780466489, -0.22685743471274122, -0.9116798841370009, 0.9133059354284718, -0.1277067062404047, 0.8979546135631256, 0.5726119718701219, 0.7325785971633969, -0.6536691570081037, -0.850102825973786, 0.2014854427555386, -0.6640556325631923, 0.4667603350211398, -0.18311227969597055, 0.05581764683584067, 0.875143167901884, 0.043392244889916, -0.7836132342255386, -0.6835531856304011, 0.09040530340642561, 0.04880816013694678, 0.2752204882519873, -0.1970091128194542, 0.2996102180386846, -0.20619999419653467, 0.24783222709644614, 0.5348099341802477, -0.6420521799177383, -0.24884846282491524, 0.005066118653868745, 0.3733341598326916, -0.4926407026772337, 0.10948172588511706, 0.24986168812819542, 0.7910023321122921, -0.27429282313374714, 0.2751141460374733, -0.6171071957620733, -0.004411770765388567, -0.6351091908575863, 0.8367660782795254, -0.13635585731754474, 0.6603762041966925, -0.16644739064327485, 0.8093351774867339, -0.19034956537818792, -0.33765099381775454, 0.14427754054549724, 0.6908872981882266, 0.7220286235061439, 0.19137623413666893, -0.8306767779591795, 0.19453321463834983, -0.5090925828337958, 0.46518689717993555, 0.7893025846334776, 0.0294679418262902, 0.20712702072041278, -0.8698643752343853, 0.08014945928561268, -0.7416264326591246, 0.22912569270066396, -0.2726993059103242, 0.5355160686614915, -0.902931727160895, -0.7803637637643119, 0.36804643024725525, 0.029307394167312983, 0.1432827432294983, 0.6874139879813108, -0.024524721700651453, 0.6202888442522898, 0.020487258589880097, 0.8534413864805024, 0.333855543079252, -0.7025463211318861, -0.27089364934848836, 0.7315498318881986, -0.29942957828896866, -0.6219484810876903, -0.0547573816684539, -0.21443765035574014, 0.23785985328818726, -0.12646741612097356, -0.47815568541100895, -0.17505557667448635, -0.16193193089539926, 0.8048437117522818, 0.9592325240809707, 0.24713767881382775, -0.8336317548582777, 0.46599743519199, 0.357370804957968, 0.6520457340504391, -0.3050973265778887, -0.8822398116837538, 0.2236436329105842, -0.751970763373456, 0.5190590583266628, 0.5888466351532844, -0.18274642650020412, 0.8875950117660911, -0.6524404124894483, 0.8851716994539605]",rhc,relu,False,False,100,[10],0.1,100,2
265,65,0.1803774000145495,1.7022797728068728,396.0,100,15,"[0.9340596780273533, 0.09446449835144466, 0.9453687199297687, 0.4296319873487293, 0.3954576491945416, -0.5678210088392472, 0.9525489095524835, -0.9875394895908203, -0.4940352752331121, -0.13041693519110842, 0.5587658435875049, -0.6046298507994938, 0.7259864711984445, 0.9668013543506255, -0.6723155171906026, 0.19466788786571843, -0.98202780466489, -0.22685743471274122, -0.9116798841370009, 0.9133059354284718, -0.1277067062404047, 0.8979546135631256, 0.5726119718701219, 0.7325785971633969, -0.6536691570081037, -0.850102825973786, 0.2014854427555386, -0.6640556325631923, 0.4667603350211398, -0.18311227969597055, 0.05581764683584067, 0.875143167901884, 0.043392244889916, -0.7836132342255386, -0.6835531856304011, 0.09040530340642561, 0.04880816013694678, 0.2752204882519873, -0.1970091128194542, 0.2996102180386846, -0.20619999419653467, 0.24783222709644614, 0.5348099341802477, -0.6420521799177383, -0.24884846282491524, 0.005066118653868745, 0.3733341598326916, -0.4926407026772337, 0.10948172588511706, 0.24986168812819542, 0.7910023321122921, -0.27429282313374714, 0.2751141460374733, -0.6171071957620733, -0.004411770765388567, -0.6351091908575863, 0.8367660782795254, -0.13635585731754474, 0.6603762041966925, -0.16644739064327485, 0.8093351774867339, -0.19034956537818792, -0.33765099381775454, 0.14427754054549724, 0.6908872981882266, 0.7220286235061439, 0.19137623413666893, -0.8306767779591795, 0.19453321463834983, -0.5090925828337958, 0.46518689717993555, 0.7893025846334776, 0.0294679418262902, 0.20712702072041278, -0.8698643752343853, 0.08014945928561268, -0.7416264326591246, 0.22912569270066396, -0.2726993059103242, 0.5355160686614915, -0.902931727160895, -0.7803637637643119, 0.36804643024725525, 0.029307394167312983, 0.1432827432294983, 0.6874139879813108, -0.024524721700651453, 0.6202888442522898, 0.020487258589880097, 0.8534413864805024, 0.333855543079252, -0.7025463211318861, -0.27089364934848836, 0.7315498318881986, -0.29942957828896866, -0.6219484810876903, -0.0547573816684539, -0.21443765035574014, 0.23785985328818726, -0.12646741612097356, -0.47815568541100895, -0.17505557667448635, -0.16193193089539926, 0.8048437117522818, 0.9592325240809707, 0.24713767881382775, -0.8336317548582777, 0.46599743519199, 0.357370804957968, 0.6520457340504391, -0.3050973265778887, -0.8822398116837538, 0.2236436329105842, -0.751970763373456, 0.5190590583266628, 0.5888466351532844, -0.18274642650020412, 0.8875950117660911, -0.6524404124894483, 0.8851716994539605]",rhc,relu,False,False,100,[10],0.1,100,2
266,66,0.18194050004240125,1.6956320323965546,398.0,100,15,"[0.9340596780273533, 0.09446449835144466, 0.9453687199297687, 0.4296319873487293, 0.3954576491945416, -0.5678210088392472, 0.9525489095524835, -0.9875394895908203, -0.4940352752331121, -0.13041693519110842, 0.5587658435875049, -0.6046298507994938, 0.7259864711984445, 0.9668013543506255, -0.6723155171906026, 0.19466788786571843, -0.98202780466489, -0.22685743471274122, -0.9116798841370009, 0.9133059354284718, -0.1277067062404047, 0.8979546135631256, 0.5726119718701219, 0.7325785971633969, -0.6536691570081037, -0.850102825973786, 0.2014854427555386, -0.6640556325631923, 0.4667603350211398, -0.18311227969597055, 0.05581764683584067, 0.875143167901884, 0.043392244889916, -0.7836132342255386, -0.6835531856304011, 0.09040530340642561, 0.04880816013694678, 0.2752204882519873, -0.1970091128194542, 0.2996102180386846, -0.20619999419653467, 0.24783222709644614, 0.5348099341802477, -0.6420521799177383, -0.24884846282491524, 0.005066118653868745, 0.3733341598326916, -0.4926407026772337, 0.10948172588511706, 0.24986168812819542, 0.7910023321122921, -0.27429282313374714, 0.2751141460374733, -0.6171071957620733, -0.004411770765388567, -0.6351091908575863, 0.8367660782795254, -0.13635585731754474, 0.6603762041966925, -0.16644739064327485, 0.8093351774867339, -0.19034956537818792, -0.33765099381775454, 0.14427754054549724, 0.6908872981882266, 0.7220286235061439, 0.19137623413666893, -0.8306767779591795, 0.19453321463834983, -0.5090925828337958, 0.46518689717993555, 0.7893025846334776, 0.0294679418262902, 0.20712702072041278, -0.8698643752343853, 0.08014945928561268, -0.7416264326591246, 0.22912569270066396, -0.2726993059103242, 0.5355160686614915, -0.902931727160895, -0.7803637637643119, 0.36804643024725525, 0.029307394167312983, 0.1432827432294983, 0.6874139879813108, -0.024524721700651453, 0.6202888442522898, 0.020487258589880097, 0.8534413864805024, 0.333855543079252, -0.7025463211318861, -0.27089364934848836, 0.7315498318881986, -0.29942957828896866, -0.6219484810876903, -0.0547573816684539, -0.21443765035574014, 0.23785985328818726, -0.12646741612097356, -0.47815568541100895, -0.17505557667448635, -0.16193193089539926, 0.8048437117522818, 0.9592325240809707, 0.24713767881382775, -0.8336317548582777, 0.46599743519199, 0.357370804957968, 0.6520457340504391, -0.3050973265778887, -0.8822398116837538, 0.2236436329105842, -0.751970763373456, 0.5190590583266628, 0.5888466351532844, -0.18274642650020412, 0.8875950117660911, -0.6524404124894483, 0.8851716994539605]",rhc,relu,False,False,100,[10],0.1,100,2
267,67,0.1847929999930784,1.6710701213238777,400.0,100,15,"[0.9340596780273533, 0.09446449835144466, 0.9453687199297687, 0.4296319873487293, 0.3954576491945416, -0.5678210088392472, 0.9525489095524835, -0.9875394895908203, -0.4940352752331121, -0.13041693519110842, 0.5587658435875049, -0.6046298507994938, 0.7259864711984445, 0.9668013543506255, -0.6723155171906026, 0.19466788786571843, -0.98202780466489, -0.22685743471274122, -0.9116798841370009, 0.9133059354284718, -0.1277067062404047, 0.8979546135631256, 0.5726119718701219, 0.7325785971633969, -0.6536691570081037, -0.850102825973786, 0.2014854427555386, -0.6640556325631923, 0.4667603350211398, -0.18311227969597055, 0.05581764683584067, 0.875143167901884, 0.043392244889916, -0.7836132342255386, -0.6835531856304011, 0.09040530340642561, 0.04880816013694678, 0.2752204882519873, -0.1970091128194542, 0.2996102180386846, -0.20619999419653467, 0.24783222709644614, 0.5348099341802477, -0.6420521799177383, -0.24884846282491524, 0.005066118653868745, 0.3733341598326916, -0.4926407026772337, 0.10948172588511706, 0.24986168812819542, 0.7910023321122921, -0.27429282313374714, 0.2751141460374733, -0.6171071957620733, -0.004411770765388567, -0.6351091908575863, 0.8367660782795254, -0.13635585731754474, 0.6603762041966925, -0.16644739064327485, 0.8093351774867339, -0.19034956537818792, -0.33765099381775454, 0.14427754054549724, 0.6908872981882266, 0.7220286235061439, 0.19137623413666893, -0.8306767779591795, 0.19453321463834983, -0.5090925828337958, 0.46518689717993555, 0.7893025846334776, 0.0294679418262902, 0.20712702072041278, -0.8698643752343853, 0.08014945928561268, -0.7416264326591246, 0.22912569270066396, -0.2726993059103242, 0.5355160686614915, -0.902931727160895, -0.7803637637643119, 0.36804643024725525, 0.029307394167312983, 0.1432827432294983, 0.6874139879813108, -0.024524721700651453, 0.6202888442522898, 0.020487258589880097, 0.8534413864805024, 0.333855543079252, -0.7025463211318861, -0.27089364934848836, 0.7315498318881986, -0.29942957828896866, -0.6219484810876903, -0.0547573816684539, -0.21443765035574014, 0.23785985328818726, -0.12646741612097356, -0.47815568541100895, -0.17505557667448635, -0.16193193089539926, 0.8048437117522818, 0.9592325240809707, 0.24713767881382775, -0.8336317548582777, 0.46599743519199, 0.357370804957968, 0.6520457340504391, -0.3050973265778887, -0.8822398116837538, 0.2236436329105842, -0.751970763373456, 0.5190590583266628, 0.5888466351532844, -0.18274642650020412, 0.8875950117660911, -0.6524404124894483, 0.8851716994539605]",rhc,relu,False,False,100,[10],0.1,100,2
268,68,0.18640930007677525,1.6688393269727149,402.0,100,15,"[0.9340596780273533, 0.09446449835144466, 0.9453687199297687, 0.4296319873487293, 0.3954576491945416, -0.5678210088392472, 0.9525489095524835, -0.9875394895908203, -0.4940352752331121, -0.13041693519110842, 0.5587658435875049, -0.6046298507994938, 0.7259864711984445, 0.9668013543506255, -0.6723155171906026, 0.19466788786571843, -0.98202780466489, -0.22685743471274122, -0.9116798841370009, 0.9133059354284718, -0.1277067062404047, 0.8979546135631256, 0.5726119718701219, 0.7325785971633969, -0.6536691570081037, -0.850102825973786, 0.2014854427555386, -0.6640556325631923, 0.4667603350211398, -0.18311227969597055, 0.05581764683584067, 0.875143167901884, 0.043392244889916, -0.7836132342255386, -0.6835531856304011, 0.09040530340642561, 0.04880816013694678, 0.2752204882519873, -0.1970091128194542, 0.2996102180386846, -0.20619999419653467, 0.24783222709644614, 0.5348099341802477, -0.6420521799177383, -0.24884846282491524, 0.005066118653868745, 0.3733341598326916, -0.4926407026772337, 0.10948172588511706, 0.24986168812819542, 0.7910023321122921, -0.27429282313374714, 0.2751141460374733, -0.6171071957620733, -0.004411770765388567, -0.6351091908575863, 0.8367660782795254, -0.13635585731754474, 0.6603762041966925, -0.16644739064327485, 0.8093351774867339, -0.19034956537818792, -0.33765099381775454, 0.14427754054549724, 0.6908872981882266, 0.7220286235061439, 0.19137623413666893, -0.8306767779591795, 0.19453321463834983, -0.5090925828337958, 0.46518689717993555, 0.7893025846334776, 0.0294679418262902, 0.20712702072041278, -0.8698643752343853, 0.08014945928561268, -0.7416264326591246, 0.22912569270066396, -0.2726993059103242, 0.5355160686614915, -0.902931727160895, -0.7803637637643119, 0.36804643024725525, 0.029307394167312983, 0.1432827432294983, 0.6874139879813108, -0.024524721700651453, 0.6202888442522898, 0.020487258589880097, 0.8534413864805024, 0.333855543079252, -0.7025463211318861, -0.27089364934848836, 0.7315498318881986, -0.29942957828896866, -0.6219484810876903, -0.0547573816684539, -0.21443765035574014, 0.23785985328818726, -0.12646741612097356, -0.47815568541100895, -0.17505557667448635, -0.16193193089539926, 0.8048437117522818, 0.9592325240809707, 0.24713767881382775, -0.8336317548582777, 0.46599743519199, 0.357370804957968, 0.6520457340504391, -0.3050973265778887, -0.8822398116837538, 0.2236436329105842, -0.751970763373456, 0.5190590583266628, 0.5888466351532844, -0.18274642650020412, 0.8875950117660911, -0.6524404124894483, 0.8851716994539605]",rhc,relu,False,False,100,[10],0.1,100,2
269,69,0.18797269999049604,1.660356553793159,404.0,100,15,"[0.9340596780273533, 0.09446449835144466, 0.9453687199297687, 0.4296319873487293, 0.3954576491945416, -0.5678210088392472, 0.9525489095524835, -0.9875394895908203, -0.4940352752331121, -0.13041693519110842, 0.5587658435875049, -0.6046298507994938, 0.7259864711984445, 0.9668013543506255, -0.6723155171906026, 0.19466788786571843, -0.98202780466489, -0.22685743471274122, -0.9116798841370009, 0.9133059354284718, -0.1277067062404047, 0.8979546135631256, 0.5726119718701219, 0.7325785971633969, -0.6536691570081037, -0.850102825973786, 0.2014854427555386, -0.6640556325631923, 0.4667603350211398, -0.18311227969597055, 0.05581764683584067, 0.875143167901884, 0.043392244889916, -0.7836132342255386, -0.6835531856304011, 0.09040530340642561, 0.04880816013694678, 0.2752204882519873, -0.1970091128194542, 0.2996102180386846, -0.20619999419653467, 0.24783222709644614, 0.5348099341802477, -0.6420521799177383, -0.24884846282491524, 0.005066118653868745, 0.3733341598326916, -0.4926407026772337, 0.10948172588511706, 0.24986168812819542, 0.7910023321122921, -0.27429282313374714, 0.2751141460374733, -0.6171071957620733, -0.004411770765388567, -0.6351091908575863, 0.8367660782795254, -0.13635585731754474, 0.6603762041966925, -0.16644739064327485, 0.8093351774867339, -0.19034956537818792, -0.33765099381775454, 0.14427754054549724, 0.6908872981882266, 0.7220286235061439, 0.19137623413666893, -0.8306767779591795, 0.19453321463834983, -0.5090925828337958, 0.46518689717993555, 0.7893025846334776, 0.0294679418262902, 0.20712702072041278, -0.8698643752343853, 0.08014945928561268, -0.7416264326591246, 0.22912569270066396, -0.2726993059103242, 0.5355160686614915, -0.902931727160895, -0.7803637637643119, 0.36804643024725525, 0.029307394167312983, 0.1432827432294983, 0.6874139879813108, -0.024524721700651453, 0.6202888442522898, 0.020487258589880097, 0.8534413864805024, 0.333855543079252, -0.7025463211318861, -0.27089364934848836, 0.7315498318881986, -0.29942957828896866, -0.6219484810876903, -0.0547573816684539, -0.21443765035574014, 0.23785985328818726, -0.12646741612097356, -0.47815568541100895, -0.17505557667448635, -0.16193193089539926, 0.8048437117522818, 0.9592325240809707, 0.24713767881382775, -0.8336317548582777, 0.46599743519199, 0.357370804957968, 0.6520457340504391, -0.3050973265778887, -0.8822398116837538, 0.2236436329105842, -0.751970763373456, 0.5190590583266628, 0.5888466351532844, -0.18274642650020412, 0.8875950117660911, -0.6524404124894483, 0.8851716994539605]",rhc,relu,False,False,100,[10],0.1,100,2
270,70,0.1908457000972703,1.660356553793159,405.0,100,15,"[0.9340596780273533, 0.09446449835144466, 0.9453687199297687, 0.4296319873487293, 0.3954576491945416, -0.5678210088392472, 0.9525489095524835, -0.9875394895908203, -0.4940352752331121, -0.13041693519110842, 0.5587658435875049, -0.6046298507994938, 0.7259864711984445, 0.9668013543506255, -0.6723155171906026, 0.19466788786571843, -0.98202780466489, -0.22685743471274122, -0.9116798841370009, 0.9133059354284718, -0.1277067062404047, 0.8979546135631256, 0.5726119718701219, 0.7325785971633969, -0.6536691570081037, -0.850102825973786, 0.2014854427555386, -0.6640556325631923, 0.4667603350211398, -0.18311227969597055, 0.05581764683584067, 0.875143167901884, 0.043392244889916, -0.7836132342255386, -0.6835531856304011, 0.09040530340642561, 0.04880816013694678, 0.2752204882519873, -0.1970091128194542, 0.2996102180386846, -0.20619999419653467, 0.24783222709644614, 0.5348099341802477, -0.6420521799177383, -0.24884846282491524, 0.005066118653868745, 0.3733341598326916, -0.4926407026772337, 0.10948172588511706, 0.24986168812819542, 0.7910023321122921, -0.27429282313374714, 0.2751141460374733, -0.6171071957620733, -0.004411770765388567, -0.6351091908575863, 0.8367660782795254, -0.13635585731754474, 0.6603762041966925, -0.16644739064327485, 0.8093351774867339, -0.19034956537818792, -0.33765099381775454, 0.14427754054549724, 0.6908872981882266, 0.7220286235061439, 0.19137623413666893, -0.8306767779591795, 0.19453321463834983, -0.5090925828337958, 0.46518689717993555, 0.7893025846334776, 0.0294679418262902, 0.20712702072041278, -0.8698643752343853, 0.08014945928561268, -0.7416264326591246, 0.22912569270066396, -0.2726993059103242, 0.5355160686614915, -0.902931727160895, -0.7803637637643119, 0.36804643024725525, 0.029307394167312983, 0.1432827432294983, 0.6874139879813108, -0.024524721700651453, 0.6202888442522898, 0.020487258589880097, 0.8534413864805024, 0.333855543079252, -0.7025463211318861, -0.27089364934848836, 0.7315498318881986, -0.29942957828896866, -0.6219484810876903, -0.0547573816684539, -0.21443765035574014, 0.23785985328818726, -0.12646741612097356, -0.47815568541100895, -0.17505557667448635, -0.16193193089539926, 0.8048437117522818, 0.9592325240809707, 0.24713767881382775, -0.8336317548582777, 0.46599743519199, 0.357370804957968, 0.6520457340504391, -0.3050973265778887, -0.8822398116837538, 0.2236436329105842, -0.751970763373456, 0.5190590583266628, 0.5888466351532844, -0.18274642650020412, 0.8875950117660911, -0.6524404124894483, 0.8851716994539605]",rhc,relu,False,False,100,[10],0.1,100,2
271,71,0.1941902000689879,1.655796544912139,407.0,100,15,"[0.9340596780273533, 0.09446449835144466, 0.9453687199297687, 0.4296319873487293, 0.3954576491945416, -0.5678210088392472, 0.9525489095524835, -0.9875394895908203, -0.4940352752331121, -0.13041693519110842, 0.5587658435875049, -0.6046298507994938, 0.7259864711984445, 0.9668013543506255, -0.6723155171906026, 0.19466788786571843, -0.98202780466489, -0.22685743471274122, -0.9116798841370009, 0.9133059354284718, -0.1277067062404047, 0.8979546135631256, 0.5726119718701219, 0.7325785971633969, -0.6536691570081037, -0.850102825973786, 0.2014854427555386, -0.6640556325631923, 0.4667603350211398, -0.18311227969597055, 0.05581764683584067, 0.875143167901884, 0.043392244889916, -0.7836132342255386, -0.6835531856304011, 0.09040530340642561, 0.04880816013694678, 0.2752204882519873, -0.1970091128194542, 0.2996102180386846, -0.20619999419653467, 0.24783222709644614, 0.5348099341802477, -0.6420521799177383, -0.24884846282491524, 0.005066118653868745, 0.3733341598326916, -0.4926407026772337, 0.10948172588511706, 0.24986168812819542, 0.7910023321122921, -0.27429282313374714, 0.2751141460374733, -0.6171071957620733, -0.004411770765388567, -0.6351091908575863, 0.8367660782795254, -0.13635585731754474, 0.6603762041966925, -0.16644739064327485, 0.8093351774867339, -0.19034956537818792, -0.33765099381775454, 0.14427754054549724, 0.6908872981882266, 0.7220286235061439, 0.19137623413666893, -0.8306767779591795, 0.19453321463834983, -0.5090925828337958, 0.46518689717993555, 0.7893025846334776, 0.0294679418262902, 0.20712702072041278, -0.8698643752343853, 0.08014945928561268, -0.7416264326591246, 0.22912569270066396, -0.2726993059103242, 0.5355160686614915, -0.902931727160895, -0.7803637637643119, 0.36804643024725525, 0.029307394167312983, 0.1432827432294983, 0.6874139879813108, -0.024524721700651453, 0.6202888442522898, 0.020487258589880097, 0.8534413864805024, 0.333855543079252, -0.7025463211318861, -0.27089364934848836, 0.7315498318881986, -0.29942957828896866, -0.6219484810876903, -0.0547573816684539, -0.21443765035574014, 0.23785985328818726, -0.12646741612097356, -0.47815568541100895, -0.17505557667448635, -0.16193193089539926, 0.8048437117522818, 0.9592325240809707, 0.24713767881382775, -0.8336317548582777, 0.46599743519199, 0.357370804957968, 0.6520457340504391, -0.3050973265778887, -0.8822398116837538, 0.2236436329105842, -0.751970763373456, 0.5190590583266628, 0.5888466351532844, -0.18274642650020412, 0.8875950117660911, -0.6524404124894483, 0.8851716994539605]",rhc,relu,False,False,100,[10],0.1,100,2
272,72,0.19706690008752048,1.642396145608952,409.0,100,15,"[0.9340596780273533, 0.09446449835144466, 0.9453687199297687, 0.4296319873487293, 0.3954576491945416, -0.5678210088392472, 0.9525489095524835, -0.9875394895908203, -0.4940352752331121, -0.13041693519110842, 0.5587658435875049, -0.6046298507994938, 0.7259864711984445, 0.9668013543506255, -0.6723155171906026, 0.19466788786571843, -0.98202780466489, -0.22685743471274122, -0.9116798841370009, 0.9133059354284718, -0.1277067062404047, 0.8979546135631256, 0.5726119718701219, 0.7325785971633969, -0.6536691570081037, -0.850102825973786, 0.2014854427555386, -0.6640556325631923, 0.4667603350211398, -0.18311227969597055, 0.05581764683584067, 0.875143167901884, 0.043392244889916, -0.7836132342255386, -0.6835531856304011, 0.09040530340642561, 0.04880816013694678, 0.2752204882519873, -0.1970091128194542, 0.2996102180386846, -0.20619999419653467, 0.24783222709644614, 0.5348099341802477, -0.6420521799177383, -0.24884846282491524, 0.005066118653868745, 0.3733341598326916, -0.4926407026772337, 0.10948172588511706, 0.24986168812819542, 0.7910023321122921, -0.27429282313374714, 0.2751141460374733, -0.6171071957620733, -0.004411770765388567, -0.6351091908575863, 0.8367660782795254, -0.13635585731754474, 0.6603762041966925, -0.16644739064327485, 0.8093351774867339, -0.19034956537818792, -0.33765099381775454, 0.14427754054549724, 0.6908872981882266, 0.7220286235061439, 0.19137623413666893, -0.8306767779591795, 0.19453321463834983, -0.5090925828337958, 0.46518689717993555, 0.7893025846334776, 0.0294679418262902, 0.20712702072041278, -0.8698643752343853, 0.08014945928561268, -0.7416264326591246, 0.22912569270066396, -0.2726993059103242, 0.5355160686614915, -0.902931727160895, -0.7803637637643119, 0.36804643024725525, 0.029307394167312983, 0.1432827432294983, 0.6874139879813108, -0.024524721700651453, 0.6202888442522898, 0.020487258589880097, 0.8534413864805024, 0.333855543079252, -0.7025463211318861, -0.27089364934848836, 0.7315498318881986, -0.29942957828896866, -0.6219484810876903, -0.0547573816684539, -0.21443765035574014, 0.23785985328818726, -0.12646741612097356, -0.47815568541100895, -0.17505557667448635, -0.16193193089539926, 0.8048437117522818, 0.9592325240809707, 0.24713767881382775, -0.8336317548582777, 0.46599743519199, 0.357370804957968, 0.6520457340504391, -0.3050973265778887, -0.8822398116837538, 0.2236436329105842, -0.751970763373456, 0.5190590583266628, 0.5888466351532844, -0.18274642650020412, 0.8875950117660911, -0.6524404124894483, 0.8851716994539605]",rhc,relu,False,False,100,[10],0.1,100,2
273,73,0.19875830004457384,1.642396145608952,410.0,100,15,"[0.9340596780273533, 0.09446449835144466, 0.9453687199297687, 0.4296319873487293, 0.3954576491945416, -0.5678210088392472, 0.9525489095524835, -0.9875394895908203, -0.4940352752331121, -0.13041693519110842, 0.5587658435875049, -0.6046298507994938, 0.7259864711984445, 0.9668013543506255, -0.6723155171906026, 0.19466788786571843, -0.98202780466489, -0.22685743471274122, -0.9116798841370009, 0.9133059354284718, -0.1277067062404047, 0.8979546135631256, 0.5726119718701219, 0.7325785971633969, -0.6536691570081037, -0.850102825973786, 0.2014854427555386, -0.6640556325631923, 0.4667603350211398, -0.18311227969597055, 0.05581764683584067, 0.875143167901884, 0.043392244889916, -0.7836132342255386, -0.6835531856304011, 0.09040530340642561, 0.04880816013694678, 0.2752204882519873, -0.1970091128194542, 0.2996102180386846, -0.20619999419653467, 0.24783222709644614, 0.5348099341802477, -0.6420521799177383, -0.24884846282491524, 0.005066118653868745, 0.3733341598326916, -0.4926407026772337, 0.10948172588511706, 0.24986168812819542, 0.7910023321122921, -0.27429282313374714, 0.2751141460374733, -0.6171071957620733, -0.004411770765388567, -0.6351091908575863, 0.8367660782795254, -0.13635585731754474, 0.6603762041966925, -0.16644739064327485, 0.8093351774867339, -0.19034956537818792, -0.33765099381775454, 0.14427754054549724, 0.6908872981882266, 0.7220286235061439, 0.19137623413666893, -0.8306767779591795, 0.19453321463834983, -0.5090925828337958, 0.46518689717993555, 0.7893025846334776, 0.0294679418262902, 0.20712702072041278, -0.8698643752343853, 0.08014945928561268, -0.7416264326591246, 0.22912569270066396, -0.2726993059103242, 0.5355160686614915, -0.902931727160895, -0.7803637637643119, 0.36804643024725525, 0.029307394167312983, 0.1432827432294983, 0.6874139879813108, -0.024524721700651453, 0.6202888442522898, 0.020487258589880097, 0.8534413864805024, 0.333855543079252, -0.7025463211318861, -0.27089364934848836, 0.7315498318881986, -0.29942957828896866, -0.6219484810876903, -0.0547573816684539, -0.21443765035574014, 0.23785985328818726, -0.12646741612097356, -0.47815568541100895, -0.17505557667448635, -0.16193193089539926, 0.8048437117522818, 0.9592325240809707, 0.24713767881382775, -0.8336317548582777, 0.46599743519199, 0.357370804957968, 0.6520457340504391, -0.3050973265778887, -0.8822398116837538, 0.2236436329105842, -0.751970763373456, 0.5190590583266628, 0.5888466351532844, -0.18274642650020412, 0.8875950117660911, -0.6524404124894483, 0.8851716994539605]",rhc,relu,False,False,100,[10],0.1,100,2
274,74,0.20192090002819896,1.6280188406798233,412.0,100,15,"[0.9340596780273533, 0.09446449835144466, 0.9453687199297687, 0.4296319873487293, 0.3954576491945416, -0.5678210088392472, 0.9525489095524835, -0.9875394895908203, -0.4940352752331121, -0.13041693519110842, 0.5587658435875049, -0.6046298507994938, 0.7259864711984445, 0.9668013543506255, -0.6723155171906026, 0.19466788786571843, -0.98202780466489, -0.22685743471274122, -0.9116798841370009, 0.9133059354284718, -0.1277067062404047, 0.8979546135631256, 0.5726119718701219, 0.7325785971633969, -0.6536691570081037, -0.850102825973786, 0.2014854427555386, -0.6640556325631923, 0.4667603350211398, -0.18311227969597055, 0.05581764683584067, 0.875143167901884, 0.043392244889916, -0.7836132342255386, -0.6835531856304011, 0.09040530340642561, 0.04880816013694678, 0.2752204882519873, -0.1970091128194542, 0.2996102180386846, -0.20619999419653467, 0.24783222709644614, 0.5348099341802477, -0.6420521799177383, -0.24884846282491524, 0.005066118653868745, 0.3733341598326916, -0.4926407026772337, 0.10948172588511706, 0.24986168812819542, 0.7910023321122921, -0.27429282313374714, 0.2751141460374733, -0.6171071957620733, -0.004411770765388567, -0.6351091908575863, 0.8367660782795254, -0.13635585731754474, 0.6603762041966925, -0.16644739064327485, 0.8093351774867339, -0.19034956537818792, -0.33765099381775454, 0.14427754054549724, 0.6908872981882266, 0.7220286235061439, 0.19137623413666893, -0.8306767779591795, 0.19453321463834983, -0.5090925828337958, 0.46518689717993555, 0.7893025846334776, 0.0294679418262902, 0.20712702072041278, -0.8698643752343853, 0.08014945928561268, -0.7416264326591246, 0.22912569270066396, -0.2726993059103242, 0.5355160686614915, -0.902931727160895, -0.7803637637643119, 0.36804643024725525, 0.029307394167312983, 0.1432827432294983, 0.6874139879813108, -0.024524721700651453, 0.6202888442522898, 0.020487258589880097, 0.8534413864805024, 0.333855543079252, -0.7025463211318861, -0.27089364934848836, 0.7315498318881986, -0.29942957828896866, -0.6219484810876903, -0.0547573816684539, -0.21443765035574014, 0.23785985328818726, -0.12646741612097356, -0.47815568541100895, -0.17505557667448635, -0.16193193089539926, 0.8048437117522818, 0.9592325240809707, 0.24713767881382775, -0.8336317548582777, 0.46599743519199, 0.357370804957968, 0.6520457340504391, -0.3050973265778887, -0.8822398116837538, 0.2236436329105842, -0.751970763373456, 0.5190590583266628, 0.5888466351532844, -0.18274642650020412, 0.8875950117660911, -0.6524404124894483, 0.8851716994539605]",rhc,relu,False,False,100,[10],0.1,100,2
275,75,0.2034730000887066,1.6280188406798233,413.0,100,15,"[0.9340596780273533, 0.09446449835144466, 0.9453687199297687, 0.4296319873487293, 0.3954576491945416, -0.5678210088392472, 0.9525489095524835, -0.9875394895908203, -0.4940352752331121, -0.13041693519110842, 0.5587658435875049, -0.6046298507994938, 0.7259864711984445, 0.9668013543506255, -0.6723155171906026, 0.19466788786571843, -0.98202780466489, -0.22685743471274122, -0.9116798841370009, 0.9133059354284718, -0.1277067062404047, 0.8979546135631256, 0.5726119718701219, 0.7325785971633969, -0.6536691570081037, -0.850102825973786, 0.2014854427555386, -0.6640556325631923, 0.4667603350211398, -0.18311227969597055, 0.05581764683584067, 0.875143167901884, 0.043392244889916, -0.7836132342255386, -0.6835531856304011, 0.09040530340642561, 0.04880816013694678, 0.2752204882519873, -0.1970091128194542, 0.2996102180386846, -0.20619999419653467, 0.24783222709644614, 0.5348099341802477, -0.6420521799177383, -0.24884846282491524, 0.005066118653868745, 0.3733341598326916, -0.4926407026772337, 0.10948172588511706, 0.24986168812819542, 0.7910023321122921, -0.27429282313374714, 0.2751141460374733, -0.6171071957620733, -0.004411770765388567, -0.6351091908575863, 0.8367660782795254, -0.13635585731754474, 0.6603762041966925, -0.16644739064327485, 0.8093351774867339, -0.19034956537818792, -0.33765099381775454, 0.14427754054549724, 0.6908872981882266, 0.7220286235061439, 0.19137623413666893, -0.8306767779591795, 0.19453321463834983, -0.5090925828337958, 0.46518689717993555, 0.7893025846334776, 0.0294679418262902, 0.20712702072041278, -0.8698643752343853, 0.08014945928561268, -0.7416264326591246, 0.22912569270066396, -0.2726993059103242, 0.5355160686614915, -0.902931727160895, -0.7803637637643119, 0.36804643024725525, 0.029307394167312983, 0.1432827432294983, 0.6874139879813108, -0.024524721700651453, 0.6202888442522898, 0.020487258589880097, 0.8534413864805024, 0.333855543079252, -0.7025463211318861, -0.27089364934848836, 0.7315498318881986, -0.29942957828896866, -0.6219484810876903, -0.0547573816684539, -0.21443765035574014, 0.23785985328818726, -0.12646741612097356, -0.47815568541100895, -0.17505557667448635, -0.16193193089539926, 0.8048437117522818, 0.9592325240809707, 0.24713767881382775, -0.8336317548582777, 0.46599743519199, 0.357370804957968, 0.6520457340504391, -0.3050973265778887, -0.8822398116837538, 0.2236436329105842, -0.751970763373456, 0.5190590583266628, 0.5888466351532844, -0.18274642650020412, 0.8875950117660911, -0.6524404124894483, 0.8851716994539605]",rhc,relu,False,False,100,[10],0.1,100,2
276,76,0.2065150000853464,1.6224018300553358,415.0,100,15,"[0.9340596780273533, 0.09446449835144466, 0.9453687199297687, 0.4296319873487293, 0.3954576491945416, -0.5678210088392472, 0.9525489095524835, -0.9875394895908203, -0.4940352752331121, -0.13041693519110842, 0.5587658435875049, -0.6046298507994938, 0.7259864711984445, 0.9668013543506255, -0.6723155171906026, 0.19466788786571843, -0.98202780466489, -0.22685743471274122, -0.9116798841370009, 0.9133059354284718, -0.1277067062404047, 0.8979546135631256, 0.5726119718701219, 0.7325785971633969, -0.6536691570081037, -0.850102825973786, 0.2014854427555386, -0.6640556325631923, 0.4667603350211398, -0.18311227969597055, 0.05581764683584067, 0.875143167901884, 0.043392244889916, -0.7836132342255386, -0.6835531856304011, 0.09040530340642561, 0.04880816013694678, 0.2752204882519873, -0.1970091128194542, 0.2996102180386846, -0.20619999419653467, 0.24783222709644614, 0.5348099341802477, -0.6420521799177383, -0.24884846282491524, 0.005066118653868745, 0.3733341598326916, -0.4926407026772337, 0.10948172588511706, 0.24986168812819542, 0.7910023321122921, -0.27429282313374714, 0.2751141460374733, -0.6171071957620733, -0.004411770765388567, -0.6351091908575863, 0.8367660782795254, -0.13635585731754474, 0.6603762041966925, -0.16644739064327485, 0.8093351774867339, -0.19034956537818792, -0.33765099381775454, 0.14427754054549724, 0.6908872981882266, 0.7220286235061439, 0.19137623413666893, -0.8306767779591795, 0.19453321463834983, -0.5090925828337958, 0.46518689717993555, 0.7893025846334776, 0.0294679418262902, 0.20712702072041278, -0.8698643752343853, 0.08014945928561268, -0.7416264326591246, 0.22912569270066396, -0.2726993059103242, 0.5355160686614915, -0.902931727160895, -0.7803637637643119, 0.36804643024725525, 0.029307394167312983, 0.1432827432294983, 0.6874139879813108, -0.024524721700651453, 0.6202888442522898, 0.020487258589880097, 0.8534413864805024, 0.333855543079252, -0.7025463211318861, -0.27089364934848836, 0.7315498318881986, -0.29942957828896866, -0.6219484810876903, -0.0547573816684539, -0.21443765035574014, 0.23785985328818726, -0.12646741612097356, -0.47815568541100895, -0.17505557667448635, -0.16193193089539926, 0.8048437117522818, 0.9592325240809707, 0.24713767881382775, -0.8336317548582777, 0.46599743519199, 0.357370804957968, 0.6520457340504391, -0.3050973265778887, -0.8822398116837538, 0.2236436329105842, -0.751970763373456, 0.5190590583266628, 0.5888466351532844, -0.18274642650020412, 0.8875950117660911, -0.6524404124894483, 0.8851716994539605]",rhc,relu,False,False,100,[10],0.1,100,2
277,77,0.20961990009527653,1.6224018300553358,416.0,100,15,"[0.9340596780273533, 0.09446449835144466, 0.9453687199297687, 0.4296319873487293, 0.3954576491945416, -0.5678210088392472, 0.9525489095524835, -0.9875394895908203, -0.4940352752331121, -0.13041693519110842, 0.5587658435875049, -0.6046298507994938, 0.7259864711984445, 0.9668013543506255, -0.6723155171906026, 0.19466788786571843, -0.98202780466489, -0.22685743471274122, -0.9116798841370009, 0.9133059354284718, -0.1277067062404047, 0.8979546135631256, 0.5726119718701219, 0.7325785971633969, -0.6536691570081037, -0.850102825973786, 0.2014854427555386, -0.6640556325631923, 0.4667603350211398, -0.18311227969597055, 0.05581764683584067, 0.875143167901884, 0.043392244889916, -0.7836132342255386, -0.6835531856304011, 0.09040530340642561, 0.04880816013694678, 0.2752204882519873, -0.1970091128194542, 0.2996102180386846, -0.20619999419653467, 0.24783222709644614, 0.5348099341802477, -0.6420521799177383, -0.24884846282491524, 0.005066118653868745, 0.3733341598326916, -0.4926407026772337, 0.10948172588511706, 0.24986168812819542, 0.7910023321122921, -0.27429282313374714, 0.2751141460374733, -0.6171071957620733, -0.004411770765388567, -0.6351091908575863, 0.8367660782795254, -0.13635585731754474, 0.6603762041966925, -0.16644739064327485, 0.8093351774867339, -0.19034956537818792, -0.33765099381775454, 0.14427754054549724, 0.6908872981882266, 0.7220286235061439, 0.19137623413666893, -0.8306767779591795, 0.19453321463834983, -0.5090925828337958, 0.46518689717993555, 0.7893025846334776, 0.0294679418262902, 0.20712702072041278, -0.8698643752343853, 0.08014945928561268, -0.7416264326591246, 0.22912569270066396, -0.2726993059103242, 0.5355160686614915, -0.902931727160895, -0.7803637637643119, 0.36804643024725525, 0.029307394167312983, 0.1432827432294983, 0.6874139879813108, -0.024524721700651453, 0.6202888442522898, 0.020487258589880097, 0.8534413864805024, 0.333855543079252, -0.7025463211318861, -0.27089364934848836, 0.7315498318881986, -0.29942957828896866, -0.6219484810876903, -0.0547573816684539, -0.21443765035574014, 0.23785985328818726, -0.12646741612097356, -0.47815568541100895, -0.17505557667448635, -0.16193193089539926, 0.8048437117522818, 0.9592325240809707, 0.24713767881382775, -0.8336317548582777, 0.46599743519199, 0.357370804957968, 0.6520457340504391, -0.3050973265778887, -0.8822398116837538, 0.2236436329105842, -0.751970763373456, 0.5190590583266628, 0.5888466351532844, -0.18274642650020412, 0.8875950117660911, -0.6524404124894483, 0.8851716994539605]",rhc,relu,False,False,100,[10],0.1,100,2
278,78,0.2124417000450194,1.621680667451044,418.0,100,15,"[0.9340596780273533, 0.09446449835144466, 0.9453687199297687, 0.4296319873487293, 0.3954576491945416, -0.5678210088392472, 0.9525489095524835, -0.9875394895908203, -0.4940352752331121, -0.13041693519110842, 0.5587658435875049, -0.6046298507994938, 0.7259864711984445, 0.9668013543506255, -0.6723155171906026, 0.19466788786571843, -0.98202780466489, -0.22685743471274122, -0.9116798841370009, 0.9133059354284718, -0.1277067062404047, 0.8979546135631256, 0.5726119718701219, 0.7325785971633969, -0.6536691570081037, -0.850102825973786, 0.2014854427555386, -0.6640556325631923, 0.4667603350211398, -0.18311227969597055, 0.05581764683584067, 0.875143167901884, 0.043392244889916, -0.7836132342255386, -0.6835531856304011, 0.09040530340642561, 0.04880816013694678, 0.2752204882519873, -0.1970091128194542, 0.2996102180386846, -0.20619999419653467, 0.24783222709644614, 0.5348099341802477, -0.6420521799177383, -0.24884846282491524, 0.005066118653868745, 0.3733341598326916, -0.4926407026772337, 0.10948172588511706, 0.24986168812819542, 0.7910023321122921, -0.27429282313374714, 0.2751141460374733, -0.6171071957620733, -0.004411770765388567, -0.6351091908575863, 0.8367660782795254, -0.13635585731754474, 0.6603762041966925, -0.16644739064327485, 0.8093351774867339, -0.19034956537818792, -0.33765099381775454, 0.14427754054549724, 0.6908872981882266, 0.7220286235061439, 0.19137623413666893, -0.8306767779591795, 0.19453321463834983, -0.5090925828337958, 0.46518689717993555, 0.7893025846334776, 0.0294679418262902, 0.20712702072041278, -0.8698643752343853, 0.08014945928561268, -0.7416264326591246, 0.22912569270066396, -0.2726993059103242, 0.5355160686614915, -0.902931727160895, -0.7803637637643119, 0.36804643024725525, 0.029307394167312983, 0.1432827432294983, 0.6874139879813108, -0.024524721700651453, 0.6202888442522898, 0.020487258589880097, 0.8534413864805024, 0.333855543079252, -0.7025463211318861, -0.27089364934848836, 0.7315498318881986, -0.29942957828896866, -0.6219484810876903, -0.0547573816684539, -0.21443765035574014, 0.23785985328818726, -0.12646741612097356, -0.47815568541100895, -0.17505557667448635, -0.16193193089539926, 0.8048437117522818, 0.9592325240809707, 0.24713767881382775, -0.8336317548582777, 0.46599743519199, 0.357370804957968, 0.6520457340504391, -0.3050973265778887, -0.8822398116837538, 0.2236436329105842, -0.751970763373456, 0.5190590583266628, 0.5888466351532844, -0.18274642650020412, 0.8875950117660911, -0.6524404124894483, 0.8851716994539605]",rhc,relu,False,False,100,[10],0.1,100,2
279,79,0.21469990001060069,1.620157042036784,420.0,100,15,"[0.9340596780273533, 0.09446449835144466, 0.9453687199297687, 0.4296319873487293, 0.3954576491945416, -0.5678210088392472, 0.9525489095524835, -0.9875394895908203, -0.4940352752331121, -0.13041693519110842, 0.5587658435875049, -0.6046298507994938, 0.7259864711984445, 0.9668013543506255, -0.6723155171906026, 0.19466788786571843, -0.98202780466489, -0.22685743471274122, -0.9116798841370009, 0.9133059354284718, -0.1277067062404047, 0.8979546135631256, 0.5726119718701219, 0.7325785971633969, -0.6536691570081037, -0.850102825973786, 0.2014854427555386, -0.6640556325631923, 0.4667603350211398, -0.18311227969597055, 0.05581764683584067, 0.875143167901884, 0.043392244889916, -0.7836132342255386, -0.6835531856304011, 0.09040530340642561, 0.04880816013694678, 0.2752204882519873, -0.1970091128194542, 0.2996102180386846, -0.20619999419653467, 0.24783222709644614, 0.5348099341802477, -0.6420521799177383, -0.24884846282491524, 0.005066118653868745, 0.3733341598326916, -0.4926407026772337, 0.10948172588511706, 0.24986168812819542, 0.7910023321122921, -0.27429282313374714, 0.2751141460374733, -0.6171071957620733, -0.004411770765388567, -0.6351091908575863, 0.8367660782795254, -0.13635585731754474, 0.6603762041966925, -0.16644739064327485, 0.8093351774867339, -0.19034956537818792, -0.33765099381775454, 0.14427754054549724, 0.6908872981882266, 0.7220286235061439, 0.19137623413666893, -0.8306767779591795, 0.19453321463834983, -0.5090925828337958, 0.46518689717993555, 0.7893025846334776, 0.0294679418262902, 0.20712702072041278, -0.8698643752343853, 0.08014945928561268, -0.7416264326591246, 0.22912569270066396, -0.2726993059103242, 0.5355160686614915, -0.902931727160895, -0.7803637637643119, 0.36804643024725525, 0.029307394167312983, 0.1432827432294983, 0.6874139879813108, -0.024524721700651453, 0.6202888442522898, 0.020487258589880097, 0.8534413864805024, 0.333855543079252, -0.7025463211318861, -0.27089364934848836, 0.7315498318881986, -0.29942957828896866, -0.6219484810876903, -0.0547573816684539, -0.21443765035574014, 0.23785985328818726, -0.12646741612097356, -0.47815568541100895, -0.17505557667448635, -0.16193193089539926, 0.8048437117522818, 0.9592325240809707, 0.24713767881382775, -0.8336317548582777, 0.46599743519199, 0.357370804957968, 0.6520457340504391, -0.3050973265778887, -0.8822398116837538, 0.2236436329105842, -0.751970763373456, 0.5190590583266628, 0.5888466351532844, -0.18274642650020412, 0.8875950117660911, -0.6524404124894483, 0.8851716994539605]",rhc,relu,False,False,100,[10],0.1,100,2
280,80,0.21622890001162887,1.620157042036784,421.0,100,15,"[0.9340596780273533, 0.09446449835144466, 0.9453687199297687, 0.4296319873487293, 0.3954576491945416, -0.5678210088392472, 0.9525489095524835, -0.9875394895908203, -0.4940352752331121, -0.13041693519110842, 0.5587658435875049, -0.6046298507994938, 0.7259864711984445, 0.9668013543506255, -0.6723155171906026, 0.19466788786571843, -0.98202780466489, -0.22685743471274122, -0.9116798841370009, 0.9133059354284718, -0.1277067062404047, 0.8979546135631256, 0.5726119718701219, 0.7325785971633969, -0.6536691570081037, -0.850102825973786, 0.2014854427555386, -0.6640556325631923, 0.4667603350211398, -0.18311227969597055, 0.05581764683584067, 0.875143167901884, 0.043392244889916, -0.7836132342255386, -0.6835531856304011, 0.09040530340642561, 0.04880816013694678, 0.2752204882519873, -0.1970091128194542, 0.2996102180386846, -0.20619999419653467, 0.24783222709644614, 0.5348099341802477, -0.6420521799177383, -0.24884846282491524, 0.005066118653868745, 0.3733341598326916, -0.4926407026772337, 0.10948172588511706, 0.24986168812819542, 0.7910023321122921, -0.27429282313374714, 0.2751141460374733, -0.6171071957620733, -0.004411770765388567, -0.6351091908575863, 0.8367660782795254, -0.13635585731754474, 0.6603762041966925, -0.16644739064327485, 0.8093351774867339, -0.19034956537818792, -0.33765099381775454, 0.14427754054549724, 0.6908872981882266, 0.7220286235061439, 0.19137623413666893, -0.8306767779591795, 0.19453321463834983, -0.5090925828337958, 0.46518689717993555, 0.7893025846334776, 0.0294679418262902, 0.20712702072041278, -0.8698643752343853, 0.08014945928561268, -0.7416264326591246, 0.22912569270066396, -0.2726993059103242, 0.5355160686614915, -0.902931727160895, -0.7803637637643119, 0.36804643024725525, 0.029307394167312983, 0.1432827432294983, 0.6874139879813108, -0.024524721700651453, 0.6202888442522898, 0.020487258589880097, 0.8534413864805024, 0.333855543079252, -0.7025463211318861, -0.27089364934848836, 0.7315498318881986, -0.29942957828896866, -0.6219484810876903, -0.0547573816684539, -0.21443765035574014, 0.23785985328818726, -0.12646741612097356, -0.47815568541100895, -0.17505557667448635, -0.16193193089539926, 0.8048437117522818, 0.9592325240809707, 0.24713767881382775, -0.8336317548582777, 0.46599743519199, 0.357370804957968, 0.6520457340504391, -0.3050973265778887, -0.8822398116837538, 0.2236436329105842, -0.751970763373456, 0.5190590583266628, 0.5888466351532844, -0.18274642650020412, 0.8875950117660911, -0.6524404124894483, 0.8851716994539605]",rhc,relu,False,False,100,[10],0.1,100,2
281,81,0.21764280006755143,1.6187741254332892,423.0,100,15,"[0.9340596780273533, 0.09446449835144466, 0.9453687199297687, 0.4296319873487293, 0.3954576491945416, -0.5678210088392472, 0.9525489095524835, -0.9875394895908203, -0.4940352752331121, -0.13041693519110842, 0.5587658435875049, -0.6046298507994938, 0.7259864711984445, 0.9668013543506255, -0.6723155171906026, 0.19466788786571843, -0.98202780466489, -0.22685743471274122, -0.9116798841370009, 0.9133059354284718, -0.1277067062404047, 0.8979546135631256, 0.5726119718701219, 0.7325785971633969, -0.6536691570081037, -0.850102825973786, 0.2014854427555386, -0.6640556325631923, 0.4667603350211398, -0.18311227969597055, 0.05581764683584067, 0.875143167901884, 0.043392244889916, -0.7836132342255386, -0.6835531856304011, 0.09040530340642561, 0.04880816013694678, 0.2752204882519873, -0.1970091128194542, 0.2996102180386846, -0.20619999419653467, 0.24783222709644614, 0.5348099341802477, -0.6420521799177383, -0.24884846282491524, 0.005066118653868745, 0.3733341598326916, -0.4926407026772337, 0.10948172588511706, 0.24986168812819542, 0.7910023321122921, -0.27429282313374714, 0.2751141460374733, -0.6171071957620733, -0.004411770765388567, -0.6351091908575863, 0.8367660782795254, -0.13635585731754474, 0.6603762041966925, -0.16644739064327485, 0.8093351774867339, -0.19034956537818792, -0.33765099381775454, 0.14427754054549724, 0.6908872981882266, 0.7220286235061439, 0.19137623413666893, -0.8306767779591795, 0.19453321463834983, -0.5090925828337958, 0.46518689717993555, 0.7893025846334776, 0.0294679418262902, 0.20712702072041278, -0.8698643752343853, 0.08014945928561268, -0.7416264326591246, 0.22912569270066396, -0.2726993059103242, 0.5355160686614915, -0.902931727160895, -0.7803637637643119, 0.36804643024725525, 0.029307394167312983, 0.1432827432294983, 0.6874139879813108, -0.024524721700651453, 0.6202888442522898, 0.020487258589880097, 0.8534413864805024, 0.333855543079252, -0.7025463211318861, -0.27089364934848836, 0.7315498318881986, -0.29942957828896866, -0.6219484810876903, -0.0547573816684539, -0.21443765035574014, 0.23785985328818726, -0.12646741612097356, -0.47815568541100895, -0.17505557667448635, -0.16193193089539926, 0.8048437117522818, 0.9592325240809707, 0.24713767881382775, -0.8336317548582777, 0.46599743519199, 0.357370804957968, 0.6520457340504391, -0.3050973265778887, -0.8822398116837538, 0.2236436329105842, -0.751970763373456, 0.5190590583266628, 0.5888466351532844, -0.18274642650020412, 0.8875950117660911, -0.6524404124894483, 0.8851716994539605]",rhc,relu,False,False,100,[10],0.1,100,2
282,82,0.2193455999949947,1.6175486228891034,425.0,100,15,"[0.9340596780273533, 0.09446449835144466, 0.9453687199297687, 0.4296319873487293, 0.3954576491945416, -0.5678210088392472, 0.9525489095524835, -0.9875394895908203, -0.4940352752331121, -0.13041693519110842, 0.5587658435875049, -0.6046298507994938, 0.7259864711984445, 0.9668013543506255, -0.6723155171906026, 0.19466788786571843, -0.98202780466489, -0.22685743471274122, -0.9116798841370009, 0.9133059354284718, -0.1277067062404047, 0.8979546135631256, 0.5726119718701219, 0.7325785971633969, -0.6536691570081037, -0.850102825973786, 0.2014854427555386, -0.6640556325631923, 0.4667603350211398, -0.18311227969597055, 0.05581764683584067, 0.875143167901884, 0.043392244889916, -0.7836132342255386, -0.6835531856304011, 0.09040530340642561, 0.04880816013694678, 0.2752204882519873, -0.1970091128194542, 0.2996102180386846, -0.20619999419653467, 0.24783222709644614, 0.5348099341802477, -0.6420521799177383, -0.24884846282491524, 0.005066118653868745, 0.3733341598326916, -0.4926407026772337, 0.10948172588511706, 0.24986168812819542, 0.7910023321122921, -0.27429282313374714, 0.2751141460374733, -0.6171071957620733, -0.004411770765388567, -0.6351091908575863, 0.8367660782795254, -0.13635585731754474, 0.6603762041966925, -0.16644739064327485, 0.8093351774867339, -0.19034956537818792, -0.33765099381775454, 0.14427754054549724, 0.6908872981882266, 0.7220286235061439, 0.19137623413666893, -0.8306767779591795, 0.19453321463834983, -0.5090925828337958, 0.46518689717993555, 0.7893025846334776, 0.0294679418262902, 0.20712702072041278, -0.8698643752343853, 0.08014945928561268, -0.7416264326591246, 0.22912569270066396, -0.2726993059103242, 0.5355160686614915, -0.902931727160895, -0.7803637637643119, 0.36804643024725525, 0.029307394167312983, 0.1432827432294983, 0.6874139879813108, -0.024524721700651453, 0.6202888442522898, 0.020487258589880097, 0.8534413864805024, 0.333855543079252, -0.7025463211318861, -0.27089364934848836, 0.7315498318881986, -0.29942957828896866, -0.6219484810876903, -0.0547573816684539, -0.21443765035574014, 0.23785985328818726, -0.12646741612097356, -0.47815568541100895, -0.17505557667448635, -0.16193193089539926, 0.8048437117522818, 0.9592325240809707, 0.24713767881382775, -0.8336317548582777, 0.46599743519199, 0.357370804957968, 0.6520457340504391, -0.3050973265778887, -0.8822398116837538, 0.2236436329105842, -0.751970763373456, 0.5190590583266628, 0.5888466351532844, -0.18274642650020412, 0.8875950117660911, -0.6524404124894483, 0.8851716994539605]",rhc,relu,False,False,100,[10],0.1,100,2
283,83,0.22115360002499074,1.6175486228891034,426.0,100,15,"[0.9340596780273533, 0.09446449835144466, 0.9453687199297687, 0.4296319873487293, 0.3954576491945416, -0.5678210088392472, 0.9525489095524835, -0.9875394895908203, -0.4940352752331121, -0.13041693519110842, 0.5587658435875049, -0.6046298507994938, 0.7259864711984445, 0.9668013543506255, -0.6723155171906026, 0.19466788786571843, -0.98202780466489, -0.22685743471274122, -0.9116798841370009, 0.9133059354284718, -0.1277067062404047, 0.8979546135631256, 0.5726119718701219, 0.7325785971633969, -0.6536691570081037, -0.850102825973786, 0.2014854427555386, -0.6640556325631923, 0.4667603350211398, -0.18311227969597055, 0.05581764683584067, 0.875143167901884, 0.043392244889916, -0.7836132342255386, -0.6835531856304011, 0.09040530340642561, 0.04880816013694678, 0.2752204882519873, -0.1970091128194542, 0.2996102180386846, -0.20619999419653467, 0.24783222709644614, 0.5348099341802477, -0.6420521799177383, -0.24884846282491524, 0.005066118653868745, 0.3733341598326916, -0.4926407026772337, 0.10948172588511706, 0.24986168812819542, 0.7910023321122921, -0.27429282313374714, 0.2751141460374733, -0.6171071957620733, -0.004411770765388567, -0.6351091908575863, 0.8367660782795254, -0.13635585731754474, 0.6603762041966925, -0.16644739064327485, 0.8093351774867339, -0.19034956537818792, -0.33765099381775454, 0.14427754054549724, 0.6908872981882266, 0.7220286235061439, 0.19137623413666893, -0.8306767779591795, 0.19453321463834983, -0.5090925828337958, 0.46518689717993555, 0.7893025846334776, 0.0294679418262902, 0.20712702072041278, -0.8698643752343853, 0.08014945928561268, -0.7416264326591246, 0.22912569270066396, -0.2726993059103242, 0.5355160686614915, -0.902931727160895, -0.7803637637643119, 0.36804643024725525, 0.029307394167312983, 0.1432827432294983, 0.6874139879813108, -0.024524721700651453, 0.6202888442522898, 0.020487258589880097, 0.8534413864805024, 0.333855543079252, -0.7025463211318861, -0.27089364934848836, 0.7315498318881986, -0.29942957828896866, -0.6219484810876903, -0.0547573816684539, -0.21443765035574014, 0.23785985328818726, -0.12646741612097356, -0.47815568541100895, -0.17505557667448635, -0.16193193089539926, 0.8048437117522818, 0.9592325240809707, 0.24713767881382775, -0.8336317548582777, 0.46599743519199, 0.357370804957968, 0.6520457340504391, -0.3050973265778887, -0.8822398116837538, 0.2236436329105842, -0.751970763373456, 0.5190590583266628, 0.5888466351532844, -0.18274642650020412, 0.8875950117660911, -0.6524404124894483, 0.8851716994539605]",rhc,relu,False,False,100,[10],0.1,100,2
284,84,0.22437200008425862,1.6175486228891034,427.0,100,15,"[0.9340596780273533, 0.09446449835144466, 0.9453687199297687, 0.4296319873487293, 0.3954576491945416, -0.5678210088392472, 0.9525489095524835, -0.9875394895908203, -0.4940352752331121, -0.13041693519110842, 0.5587658435875049, -0.6046298507994938, 0.7259864711984445, 0.9668013543506255, -0.6723155171906026, 0.19466788786571843, -0.98202780466489, -0.22685743471274122, -0.9116798841370009, 0.9133059354284718, -0.1277067062404047, 0.8979546135631256, 0.5726119718701219, 0.7325785971633969, -0.6536691570081037, -0.850102825973786, 0.2014854427555386, -0.6640556325631923, 0.4667603350211398, -0.18311227969597055, 0.05581764683584067, 0.875143167901884, 0.043392244889916, -0.7836132342255386, -0.6835531856304011, 0.09040530340642561, 0.04880816013694678, 0.2752204882519873, -0.1970091128194542, 0.2996102180386846, -0.20619999419653467, 0.24783222709644614, 0.5348099341802477, -0.6420521799177383, -0.24884846282491524, 0.005066118653868745, 0.3733341598326916, -0.4926407026772337, 0.10948172588511706, 0.24986168812819542, 0.7910023321122921, -0.27429282313374714, 0.2751141460374733, -0.6171071957620733, -0.004411770765388567, -0.6351091908575863, 0.8367660782795254, -0.13635585731754474, 0.6603762041966925, -0.16644739064327485, 0.8093351774867339, -0.19034956537818792, -0.33765099381775454, 0.14427754054549724, 0.6908872981882266, 0.7220286235061439, 0.19137623413666893, -0.8306767779591795, 0.19453321463834983, -0.5090925828337958, 0.46518689717993555, 0.7893025846334776, 0.0294679418262902, 0.20712702072041278, -0.8698643752343853, 0.08014945928561268, -0.7416264326591246, 0.22912569270066396, -0.2726993059103242, 0.5355160686614915, -0.902931727160895, -0.7803637637643119, 0.36804643024725525, 0.029307394167312983, 0.1432827432294983, 0.6874139879813108, -0.024524721700651453, 0.6202888442522898, 0.020487258589880097, 0.8534413864805024, 0.333855543079252, -0.7025463211318861, -0.27089364934848836, 0.7315498318881986, -0.29942957828896866, -0.6219484810876903, -0.0547573816684539, -0.21443765035574014, 0.23785985328818726, -0.12646741612097356, -0.47815568541100895, -0.17505557667448635, -0.16193193089539926, 0.8048437117522818, 0.9592325240809707, 0.24713767881382775, -0.8336317548582777, 0.46599743519199, 0.357370804957968, 0.6520457340504391, -0.3050973265778887, -0.8822398116837538, 0.2236436329105842, -0.751970763373456, 0.5190590583266628, 0.5888466351532844, -0.18274642650020412, 0.8875950117660911, -0.6524404124894483, 0.8851716994539605]",rhc,relu,False,False,100,[10],0.1,100,2
285,85,0.2259537000209093,1.6100006852255173,429.0,100,15,"[0.9340596780273533, 0.09446449835144466, 0.9453687199297687, 0.4296319873487293, 0.3954576491945416, -0.5678210088392472, 0.9525489095524835, -0.9875394895908203, -0.4940352752331121, -0.13041693519110842, 0.5587658435875049, -0.6046298507994938, 0.7259864711984445, 0.9668013543506255, -0.6723155171906026, 0.19466788786571843, -0.98202780466489, -0.22685743471274122, -0.9116798841370009, 0.9133059354284718, -0.1277067062404047, 0.8979546135631256, 0.5726119718701219, 0.7325785971633969, -0.6536691570081037, -0.850102825973786, 0.2014854427555386, -0.6640556325631923, 0.4667603350211398, -0.18311227969597055, 0.05581764683584067, 0.875143167901884, 0.043392244889916, -0.7836132342255386, -0.6835531856304011, 0.09040530340642561, 0.04880816013694678, 0.2752204882519873, -0.1970091128194542, 0.2996102180386846, -0.20619999419653467, 0.24783222709644614, 0.5348099341802477, -0.6420521799177383, -0.24884846282491524, 0.005066118653868745, 0.3733341598326916, -0.4926407026772337, 0.10948172588511706, 0.24986168812819542, 0.7910023321122921, -0.27429282313374714, 0.2751141460374733, -0.6171071957620733, -0.004411770765388567, -0.6351091908575863, 0.8367660782795254, -0.13635585731754474, 0.6603762041966925, -0.16644739064327485, 0.8093351774867339, -0.19034956537818792, -0.33765099381775454, 0.14427754054549724, 0.6908872981882266, 0.7220286235061439, 0.19137623413666893, -0.8306767779591795, 0.19453321463834983, -0.5090925828337958, 0.46518689717993555, 0.7893025846334776, 0.0294679418262902, 0.20712702072041278, -0.8698643752343853, 0.08014945928561268, -0.7416264326591246, 0.22912569270066396, -0.2726993059103242, 0.5355160686614915, -0.902931727160895, -0.7803637637643119, 0.36804643024725525, 0.029307394167312983, 0.1432827432294983, 0.6874139879813108, -0.024524721700651453, 0.6202888442522898, 0.020487258589880097, 0.8534413864805024, 0.333855543079252, -0.7025463211318861, -0.27089364934848836, 0.7315498318881986, -0.29942957828896866, -0.6219484810876903, -0.0547573816684539, -0.21443765035574014, 0.23785985328818726, -0.12646741612097356, -0.47815568541100895, -0.17505557667448635, -0.16193193089539926, 0.8048437117522818, 0.9592325240809707, 0.24713767881382775, -0.8336317548582777, 0.46599743519199, 0.357370804957968, 0.6520457340504391, -0.3050973265778887, -0.8822398116837538, 0.2236436329105842, -0.751970763373456, 0.5190590583266628, 0.5888466351532844, -0.18274642650020412, 0.8875950117660911, -0.6524404124894483, 0.8851716994539605]",rhc,relu,False,False,100,[10],0.1,100,2
286,86,0.22897670010570437,1.6091489495109967,431.0,100,15,"[0.9340596780273533, 0.09446449835144466, 0.9453687199297687, 0.4296319873487293, 0.3954576491945416, -0.5678210088392472, 0.9525489095524835, -0.9875394895908203, -0.4940352752331121, -0.13041693519110842, 0.5587658435875049, -0.6046298507994938, 0.7259864711984445, 0.9668013543506255, -0.6723155171906026, 0.19466788786571843, -0.98202780466489, -0.22685743471274122, -0.9116798841370009, 0.9133059354284718, -0.1277067062404047, 0.8979546135631256, 0.5726119718701219, 0.7325785971633969, -0.6536691570081037, -0.850102825973786, 0.2014854427555386, -0.6640556325631923, 0.4667603350211398, -0.18311227969597055, 0.05581764683584067, 0.875143167901884, 0.043392244889916, -0.7836132342255386, -0.6835531856304011, 0.09040530340642561, 0.04880816013694678, 0.2752204882519873, -0.1970091128194542, 0.2996102180386846, -0.20619999419653467, 0.24783222709644614, 0.5348099341802477, -0.6420521799177383, -0.24884846282491524, 0.005066118653868745, 0.3733341598326916, -0.4926407026772337, 0.10948172588511706, 0.24986168812819542, 0.7910023321122921, -0.27429282313374714, 0.2751141460374733, -0.6171071957620733, -0.004411770765388567, -0.6351091908575863, 0.8367660782795254, -0.13635585731754474, 0.6603762041966925, -0.16644739064327485, 0.8093351774867339, -0.19034956537818792, -0.33765099381775454, 0.14427754054549724, 0.6908872981882266, 0.7220286235061439, 0.19137623413666893, -0.8306767779591795, 0.19453321463834983, -0.5090925828337958, 0.46518689717993555, 0.7893025846334776, 0.0294679418262902, 0.20712702072041278, -0.8698643752343853, 0.08014945928561268, -0.7416264326591246, 0.22912569270066396, -0.2726993059103242, 0.5355160686614915, -0.902931727160895, -0.7803637637643119, 0.36804643024725525, 0.029307394167312983, 0.1432827432294983, 0.6874139879813108, -0.024524721700651453, 0.6202888442522898, 0.020487258589880097, 0.8534413864805024, 0.333855543079252, -0.7025463211318861, -0.27089364934848836, 0.7315498318881986, -0.29942957828896866, -0.6219484810876903, -0.0547573816684539, -0.21443765035574014, 0.23785985328818726, -0.12646741612097356, -0.47815568541100895, -0.17505557667448635, -0.16193193089539926, 0.8048437117522818, 0.9592325240809707, 0.24713767881382775, -0.8336317548582777, 0.46599743519199, 0.357370804957968, 0.6520457340504391, -0.3050973265778887, -0.8822398116837538, 0.2236436329105842, -0.751970763373456, 0.5190590583266628, 0.5888466351532844, -0.18274642650020412, 0.8875950117660911, -0.6524404124894483, 0.8851716994539605]",rhc,relu,False,False,100,[10],0.1,100,2
287,87,0.23168840003199875,1.6072398707520759,433.0,100,15,"[0.9340596780273533, 0.09446449835144466, 0.9453687199297687, 0.4296319873487293, 0.3954576491945416, -0.5678210088392472, 0.9525489095524835, -0.9875394895908203, -0.4940352752331121, -0.13041693519110842, 0.5587658435875049, -0.6046298507994938, 0.7259864711984445, 0.9668013543506255, -0.6723155171906026, 0.19466788786571843, -0.98202780466489, -0.22685743471274122, -0.9116798841370009, 0.9133059354284718, -0.1277067062404047, 0.8979546135631256, 0.5726119718701219, 0.7325785971633969, -0.6536691570081037, -0.850102825973786, 0.2014854427555386, -0.6640556325631923, 0.4667603350211398, -0.18311227969597055, 0.05581764683584067, 0.875143167901884, 0.043392244889916, -0.7836132342255386, -0.6835531856304011, 0.09040530340642561, 0.04880816013694678, 0.2752204882519873, -0.1970091128194542, 0.2996102180386846, -0.20619999419653467, 0.24783222709644614, 0.5348099341802477, -0.6420521799177383, -0.24884846282491524, 0.005066118653868745, 0.3733341598326916, -0.4926407026772337, 0.10948172588511706, 0.24986168812819542, 0.7910023321122921, -0.27429282313374714, 0.2751141460374733, -0.6171071957620733, -0.004411770765388567, -0.6351091908575863, 0.8367660782795254, -0.13635585731754474, 0.6603762041966925, -0.16644739064327485, 0.8093351774867339, -0.19034956537818792, -0.33765099381775454, 0.14427754054549724, 0.6908872981882266, 0.7220286235061439, 0.19137623413666893, -0.8306767779591795, 0.19453321463834983, -0.5090925828337958, 0.46518689717993555, 0.7893025846334776, 0.0294679418262902, 0.20712702072041278, -0.8698643752343853, 0.08014945928561268, -0.7416264326591246, 0.22912569270066396, -0.2726993059103242, 0.5355160686614915, -0.902931727160895, -0.7803637637643119, 0.36804643024725525, 0.029307394167312983, 0.1432827432294983, 0.6874139879813108, -0.024524721700651453, 0.6202888442522898, 0.020487258589880097, 0.8534413864805024, 0.333855543079252, -0.7025463211318861, -0.27089364934848836, 0.7315498318881986, -0.29942957828896866, -0.6219484810876903, -0.0547573816684539, -0.21443765035574014, 0.23785985328818726, -0.12646741612097356, -0.47815568541100895, -0.17505557667448635, -0.16193193089539926, 0.8048437117522818, 0.9592325240809707, 0.24713767881382775, -0.8336317548582777, 0.46599743519199, 0.357370804957968, 0.6520457340504391, -0.3050973265778887, -0.8822398116837538, 0.2236436329105842, -0.751970763373456, 0.5190590583266628, 0.5888466351532844, -0.18274642650020412, 0.8875950117660911, -0.6524404124894483, 0.8851716994539605]",rhc,relu,False,False,100,[10],0.1,100,2
288,88,0.23309100000187755,1.6072398707520759,434.0,100,15,"[0.9340596780273533, 0.09446449835144466, 0.9453687199297687, 0.4296319873487293, 0.3954576491945416, -0.5678210088392472, 0.9525489095524835, -0.9875394895908203, -0.4940352752331121, -0.13041693519110842, 0.5587658435875049, -0.6046298507994938, 0.7259864711984445, 0.9668013543506255, -0.6723155171906026, 0.19466788786571843, -0.98202780466489, -0.22685743471274122, -0.9116798841370009, 0.9133059354284718, -0.1277067062404047, 0.8979546135631256, 0.5726119718701219, 0.7325785971633969, -0.6536691570081037, -0.850102825973786, 0.2014854427555386, -0.6640556325631923, 0.4667603350211398, -0.18311227969597055, 0.05581764683584067, 0.875143167901884, 0.043392244889916, -0.7836132342255386, -0.6835531856304011, 0.09040530340642561, 0.04880816013694678, 0.2752204882519873, -0.1970091128194542, 0.2996102180386846, -0.20619999419653467, 0.24783222709644614, 0.5348099341802477, -0.6420521799177383, -0.24884846282491524, 0.005066118653868745, 0.3733341598326916, -0.4926407026772337, 0.10948172588511706, 0.24986168812819542, 0.7910023321122921, -0.27429282313374714, 0.2751141460374733, -0.6171071957620733, -0.004411770765388567, -0.6351091908575863, 0.8367660782795254, -0.13635585731754474, 0.6603762041966925, -0.16644739064327485, 0.8093351774867339, -0.19034956537818792, -0.33765099381775454, 0.14427754054549724, 0.6908872981882266, 0.7220286235061439, 0.19137623413666893, -0.8306767779591795, 0.19453321463834983, -0.5090925828337958, 0.46518689717993555, 0.7893025846334776, 0.0294679418262902, 0.20712702072041278, -0.8698643752343853, 0.08014945928561268, -0.7416264326591246, 0.22912569270066396, -0.2726993059103242, 0.5355160686614915, -0.902931727160895, -0.7803637637643119, 0.36804643024725525, 0.029307394167312983, 0.1432827432294983, 0.6874139879813108, -0.024524721700651453, 0.6202888442522898, 0.020487258589880097, 0.8534413864805024, 0.333855543079252, -0.7025463211318861, -0.27089364934848836, 0.7315498318881986, -0.29942957828896866, -0.6219484810876903, -0.0547573816684539, -0.21443765035574014, 0.23785985328818726, -0.12646741612097356, -0.47815568541100895, -0.17505557667448635, -0.16193193089539926, 0.8048437117522818, 0.9592325240809707, 0.24713767881382775, -0.8336317548582777, 0.46599743519199, 0.357370804957968, 0.6520457340504391, -0.3050973265778887, -0.8822398116837538, 0.2236436329105842, -0.751970763373456, 0.5190590583266628, 0.5888466351532844, -0.18274642650020412, 0.8875950117660911, -0.6524404124894483, 0.8851716994539605]",rhc,relu,False,False,100,[10],0.1,100,2
289,89,0.23613770003430545,1.59392189187315,436.0,100,15,"[0.9340596780273533, 0.09446449835144466, 0.9453687199297687, 0.4296319873487293, 0.3954576491945416, -0.5678210088392472, 0.9525489095524835, -0.9875394895908203, -0.4940352752331121, -0.13041693519110842, 0.5587658435875049, -0.6046298507994938, 0.7259864711984445, 0.9668013543506255, -0.6723155171906026, 0.19466788786571843, -0.98202780466489, -0.22685743471274122, -0.9116798841370009, 0.9133059354284718, -0.1277067062404047, 0.8979546135631256, 0.5726119718701219, 0.7325785971633969, -0.6536691570081037, -0.850102825973786, 0.2014854427555386, -0.6640556325631923, 0.4667603350211398, -0.18311227969597055, 0.05581764683584067, 0.875143167901884, 0.043392244889916, -0.7836132342255386, -0.6835531856304011, 0.09040530340642561, 0.04880816013694678, 0.2752204882519873, -0.1970091128194542, 0.2996102180386846, -0.20619999419653467, 0.24783222709644614, 0.5348099341802477, -0.6420521799177383, -0.24884846282491524, 0.005066118653868745, 0.3733341598326916, -0.4926407026772337, 0.10948172588511706, 0.24986168812819542, 0.7910023321122921, -0.27429282313374714, 0.2751141460374733, -0.6171071957620733, -0.004411770765388567, -0.6351091908575863, 0.8367660782795254, -0.13635585731754474, 0.6603762041966925, -0.16644739064327485, 0.8093351774867339, -0.19034956537818792, -0.33765099381775454, 0.14427754054549724, 0.6908872981882266, 0.7220286235061439, 0.19137623413666893, -0.8306767779591795, 0.19453321463834983, -0.5090925828337958, 0.46518689717993555, 0.7893025846334776, 0.0294679418262902, 0.20712702072041278, -0.8698643752343853, 0.08014945928561268, -0.7416264326591246, 0.22912569270066396, -0.2726993059103242, 0.5355160686614915, -0.902931727160895, -0.7803637637643119, 0.36804643024725525, 0.029307394167312983, 0.1432827432294983, 0.6874139879813108, -0.024524721700651453, 0.6202888442522898, 0.020487258589880097, 0.8534413864805024, 0.333855543079252, -0.7025463211318861, -0.27089364934848836, 0.7315498318881986, -0.29942957828896866, -0.6219484810876903, -0.0547573816684539, -0.21443765035574014, 0.23785985328818726, -0.12646741612097356, -0.47815568541100895, -0.17505557667448635, -0.16193193089539926, 0.8048437117522818, 0.9592325240809707, 0.24713767881382775, -0.8336317548582777, 0.46599743519199, 0.357370804957968, 0.6520457340504391, -0.3050973265778887, -0.8822398116837538, 0.2236436329105842, -0.751970763373456, 0.5190590583266628, 0.5888466351532844, -0.18274642650020412, 0.8875950117660911, -0.6524404124894483, 0.8851716994539605]",rhc,relu,False,False,100,[10],0.1,100,2
290,90,0.23915060004219413,1.5916182030612682,438.0,100,15,"[0.9340596780273533, 0.09446449835144466, 0.9453687199297687, 0.4296319873487293, 0.3954576491945416, -0.5678210088392472, 0.9525489095524835, -0.9875394895908203, -0.4940352752331121, -0.13041693519110842, 0.5587658435875049, -0.6046298507994938, 0.7259864711984445, 0.9668013543506255, -0.6723155171906026, 0.19466788786571843, -0.98202780466489, -0.22685743471274122, -0.9116798841370009, 0.9133059354284718, -0.1277067062404047, 0.8979546135631256, 0.5726119718701219, 0.7325785971633969, -0.6536691570081037, -0.850102825973786, 0.2014854427555386, -0.6640556325631923, 0.4667603350211398, -0.18311227969597055, 0.05581764683584067, 0.875143167901884, 0.043392244889916, -0.7836132342255386, -0.6835531856304011, 0.09040530340642561, 0.04880816013694678, 0.2752204882519873, -0.1970091128194542, 0.2996102180386846, -0.20619999419653467, 0.24783222709644614, 0.5348099341802477, -0.6420521799177383, -0.24884846282491524, 0.005066118653868745, 0.3733341598326916, -0.4926407026772337, 0.10948172588511706, 0.24986168812819542, 0.7910023321122921, -0.27429282313374714, 0.2751141460374733, -0.6171071957620733, -0.004411770765388567, -0.6351091908575863, 0.8367660782795254, -0.13635585731754474, 0.6603762041966925, -0.16644739064327485, 0.8093351774867339, -0.19034956537818792, -0.33765099381775454, 0.14427754054549724, 0.6908872981882266, 0.7220286235061439, 0.19137623413666893, -0.8306767779591795, 0.19453321463834983, -0.5090925828337958, 0.46518689717993555, 0.7893025846334776, 0.0294679418262902, 0.20712702072041278, -0.8698643752343853, 0.08014945928561268, -0.7416264326591246, 0.22912569270066396, -0.2726993059103242, 0.5355160686614915, -0.902931727160895, -0.7803637637643119, 0.36804643024725525, 0.029307394167312983, 0.1432827432294983, 0.6874139879813108, -0.024524721700651453, 0.6202888442522898, 0.020487258589880097, 0.8534413864805024, 0.333855543079252, -0.7025463211318861, -0.27089364934848836, 0.7315498318881986, -0.29942957828896866, -0.6219484810876903, -0.0547573816684539, -0.21443765035574014, 0.23785985328818726, -0.12646741612097356, -0.47815568541100895, -0.17505557667448635, -0.16193193089539926, 0.8048437117522818, 0.9592325240809707, 0.24713767881382775, -0.8336317548582777, 0.46599743519199, 0.357370804957968, 0.6520457340504391, -0.3050973265778887, -0.8822398116837538, 0.2236436329105842, -0.751970763373456, 0.5190590583266628, 0.5888466351532844, -0.18274642650020412, 0.8875950117660911, -0.6524404124894483, 0.8851716994539605]",rhc,relu,False,False,100,[10],0.1,100,2
291,91,0.24208670004736632,1.5916182030612682,439.0,100,15,"[0.9340596780273533, 0.09446449835144466, 0.9453687199297687, 0.4296319873487293, 0.3954576491945416, -0.5678210088392472, 0.9525489095524835, -0.9875394895908203, -0.4940352752331121, -0.13041693519110842, 0.5587658435875049, -0.6046298507994938, 0.7259864711984445, 0.9668013543506255, -0.6723155171906026, 0.19466788786571843, -0.98202780466489, -0.22685743471274122, -0.9116798841370009, 0.9133059354284718, -0.1277067062404047, 0.8979546135631256, 0.5726119718701219, 0.7325785971633969, -0.6536691570081037, -0.850102825973786, 0.2014854427555386, -0.6640556325631923, 0.4667603350211398, -0.18311227969597055, 0.05581764683584067, 0.875143167901884, 0.043392244889916, -0.7836132342255386, -0.6835531856304011, 0.09040530340642561, 0.04880816013694678, 0.2752204882519873, -0.1970091128194542, 0.2996102180386846, -0.20619999419653467, 0.24783222709644614, 0.5348099341802477, -0.6420521799177383, -0.24884846282491524, 0.005066118653868745, 0.3733341598326916, -0.4926407026772337, 0.10948172588511706, 0.24986168812819542, 0.7910023321122921, -0.27429282313374714, 0.2751141460374733, -0.6171071957620733, -0.004411770765388567, -0.6351091908575863, 0.8367660782795254, -0.13635585731754474, 0.6603762041966925, -0.16644739064327485, 0.8093351774867339, -0.19034956537818792, -0.33765099381775454, 0.14427754054549724, 0.6908872981882266, 0.7220286235061439, 0.19137623413666893, -0.8306767779591795, 0.19453321463834983, -0.5090925828337958, 0.46518689717993555, 0.7893025846334776, 0.0294679418262902, 0.20712702072041278, -0.8698643752343853, 0.08014945928561268, -0.7416264326591246, 0.22912569270066396, -0.2726993059103242, 0.5355160686614915, -0.902931727160895, -0.7803637637643119, 0.36804643024725525, 0.029307394167312983, 0.1432827432294983, 0.6874139879813108, -0.024524721700651453, 0.6202888442522898, 0.020487258589880097, 0.8534413864805024, 0.333855543079252, -0.7025463211318861, -0.27089364934848836, 0.7315498318881986, -0.29942957828896866, -0.6219484810876903, -0.0547573816684539, -0.21443765035574014, 0.23785985328818726, -0.12646741612097356, -0.47815568541100895, -0.17505557667448635, -0.16193193089539926, 0.8048437117522818, 0.9592325240809707, 0.24713767881382775, -0.8336317548582777, 0.46599743519199, 0.357370804957968, 0.6520457340504391, -0.3050973265778887, -0.8822398116837538, 0.2236436329105842, -0.751970763373456, 0.5190590583266628, 0.5888466351532844, -0.18274642650020412, 0.8875950117660911, -0.6524404124894483, 0.8851716994539605]",rhc,relu,False,False,100,[10],0.1,100,2
292,92,0.24406210007146,1.5715611720608247,441.0,100,15,"[0.9340596780273533, 0.09446449835144466, 0.9453687199297687, 0.4296319873487293, 0.3954576491945416, -0.5678210088392472, 0.9525489095524835, -0.9875394895908203, -0.4940352752331121, -0.13041693519110842, 0.5587658435875049, -0.6046298507994938, 0.7259864711984445, 0.9668013543506255, -0.6723155171906026, 0.19466788786571843, -0.98202780466489, -0.22685743471274122, -0.9116798841370009, 0.9133059354284718, -0.1277067062404047, 0.8979546135631256, 0.5726119718701219, 0.7325785971633969, -0.6536691570081037, -0.850102825973786, 0.2014854427555386, -0.6640556325631923, 0.4667603350211398, -0.18311227969597055, 0.05581764683584067, 0.875143167901884, 0.043392244889916, -0.7836132342255386, -0.6835531856304011, 0.09040530340642561, 0.04880816013694678, 0.2752204882519873, -0.1970091128194542, 0.2996102180386846, -0.20619999419653467, 0.24783222709644614, 0.5348099341802477, -0.6420521799177383, -0.24884846282491524, 0.005066118653868745, 0.3733341598326916, -0.4926407026772337, 0.10948172588511706, 0.24986168812819542, 0.7910023321122921, -0.27429282313374714, 0.2751141460374733, -0.6171071957620733, -0.004411770765388567, -0.6351091908575863, 0.8367660782795254, -0.13635585731754474, 0.6603762041966925, -0.16644739064327485, 0.8093351774867339, -0.19034956537818792, -0.33765099381775454, 0.14427754054549724, 0.6908872981882266, 0.7220286235061439, 0.19137623413666893, -0.8306767779591795, 0.19453321463834983, -0.5090925828337958, 0.46518689717993555, 0.7893025846334776, 0.0294679418262902, 0.20712702072041278, -0.8698643752343853, 0.08014945928561268, -0.7416264326591246, 0.22912569270066396, -0.2726993059103242, 0.5355160686614915, -0.902931727160895, -0.7803637637643119, 0.36804643024725525, 0.029307394167312983, 0.1432827432294983, 0.6874139879813108, -0.024524721700651453, 0.6202888442522898, 0.020487258589880097, 0.8534413864805024, 0.333855543079252, -0.7025463211318861, -0.27089364934848836, 0.7315498318881986, -0.29942957828896866, -0.6219484810876903, -0.0547573816684539, -0.21443765035574014, 0.23785985328818726, -0.12646741612097356, -0.47815568541100895, -0.17505557667448635, -0.16193193089539926, 0.8048437117522818, 0.9592325240809707, 0.24713767881382775, -0.8336317548582777, 0.46599743519199, 0.357370804957968, 0.6520457340504391, -0.3050973265778887, -0.8822398116837538, 0.2236436329105842, -0.751970763373456, 0.5190590583266628, 0.5888466351532844, -0.18274642650020412, 0.8875950117660911, -0.6524404124894483, 0.8851716994539605]",rhc,relu,False,False,100,[10],0.1,100,2
293,93,0.2456533000804484,1.5715611720608247,442.0,100,15,"[0.9340596780273533, 0.09446449835144466, 0.9453687199297687, 0.4296319873487293, 0.3954576491945416, -0.5678210088392472, 0.9525489095524835, -0.9875394895908203, -0.4940352752331121, -0.13041693519110842, 0.5587658435875049, -0.6046298507994938, 0.7259864711984445, 0.9668013543506255, -0.6723155171906026, 0.19466788786571843, -0.98202780466489, -0.22685743471274122, -0.9116798841370009, 0.9133059354284718, -0.1277067062404047, 0.8979546135631256, 0.5726119718701219, 0.7325785971633969, -0.6536691570081037, -0.850102825973786, 0.2014854427555386, -0.6640556325631923, 0.4667603350211398, -0.18311227969597055, 0.05581764683584067, 0.875143167901884, 0.043392244889916, -0.7836132342255386, -0.6835531856304011, 0.09040530340642561, 0.04880816013694678, 0.2752204882519873, -0.1970091128194542, 0.2996102180386846, -0.20619999419653467, 0.24783222709644614, 0.5348099341802477, -0.6420521799177383, -0.24884846282491524, 0.005066118653868745, 0.3733341598326916, -0.4926407026772337, 0.10948172588511706, 0.24986168812819542, 0.7910023321122921, -0.27429282313374714, 0.2751141460374733, -0.6171071957620733, -0.004411770765388567, -0.6351091908575863, 0.8367660782795254, -0.13635585731754474, 0.6603762041966925, -0.16644739064327485, 0.8093351774867339, -0.19034956537818792, -0.33765099381775454, 0.14427754054549724, 0.6908872981882266, 0.7220286235061439, 0.19137623413666893, -0.8306767779591795, 0.19453321463834983, -0.5090925828337958, 0.46518689717993555, 0.7893025846334776, 0.0294679418262902, 0.20712702072041278, -0.8698643752343853, 0.08014945928561268, -0.7416264326591246, 0.22912569270066396, -0.2726993059103242, 0.5355160686614915, -0.902931727160895, -0.7803637637643119, 0.36804643024725525, 0.029307394167312983, 0.1432827432294983, 0.6874139879813108, -0.024524721700651453, 0.6202888442522898, 0.020487258589880097, 0.8534413864805024, 0.333855543079252, -0.7025463211318861, -0.27089364934848836, 0.7315498318881986, -0.29942957828896866, -0.6219484810876903, -0.0547573816684539, -0.21443765035574014, 0.23785985328818726, -0.12646741612097356, -0.47815568541100895, -0.17505557667448635, -0.16193193089539926, 0.8048437117522818, 0.9592325240809707, 0.24713767881382775, -0.8336317548582777, 0.46599743519199, 0.357370804957968, 0.6520457340504391, -0.3050973265778887, -0.8822398116837538, 0.2236436329105842, -0.751970763373456, 0.5190590583266628, 0.5888466351532844, -0.18274642650020412, 0.8875950117660911, -0.6524404124894483, 0.8851716994539605]",rhc,relu,False,False,100,[10],0.1,100,2
294,94,0.24860799999441952,1.5715611720608247,443.0,100,15,"[0.9340596780273533, 0.09446449835144466, 0.9453687199297687, 0.4296319873487293, 0.3954576491945416, -0.5678210088392472, 0.9525489095524835, -0.9875394895908203, -0.4940352752331121, -0.13041693519110842, 0.5587658435875049, -0.6046298507994938, 0.7259864711984445, 0.9668013543506255, -0.6723155171906026, 0.19466788786571843, -0.98202780466489, -0.22685743471274122, -0.9116798841370009, 0.9133059354284718, -0.1277067062404047, 0.8979546135631256, 0.5726119718701219, 0.7325785971633969, -0.6536691570081037, -0.850102825973786, 0.2014854427555386, -0.6640556325631923, 0.4667603350211398, -0.18311227969597055, 0.05581764683584067, 0.875143167901884, 0.043392244889916, -0.7836132342255386, -0.6835531856304011, 0.09040530340642561, 0.04880816013694678, 0.2752204882519873, -0.1970091128194542, 0.2996102180386846, -0.20619999419653467, 0.24783222709644614, 0.5348099341802477, -0.6420521799177383, -0.24884846282491524, 0.005066118653868745, 0.3733341598326916, -0.4926407026772337, 0.10948172588511706, 0.24986168812819542, 0.7910023321122921, -0.27429282313374714, 0.2751141460374733, -0.6171071957620733, -0.004411770765388567, -0.6351091908575863, 0.8367660782795254, -0.13635585731754474, 0.6603762041966925, -0.16644739064327485, 0.8093351774867339, -0.19034956537818792, -0.33765099381775454, 0.14427754054549724, 0.6908872981882266, 0.7220286235061439, 0.19137623413666893, -0.8306767779591795, 0.19453321463834983, -0.5090925828337958, 0.46518689717993555, 0.7893025846334776, 0.0294679418262902, 0.20712702072041278, -0.8698643752343853, 0.08014945928561268, -0.7416264326591246, 0.22912569270066396, -0.2726993059103242, 0.5355160686614915, -0.902931727160895, -0.7803637637643119, 0.36804643024725525, 0.029307394167312983, 0.1432827432294983, 0.6874139879813108, -0.024524721700651453, 0.6202888442522898, 0.020487258589880097, 0.8534413864805024, 0.333855543079252, -0.7025463211318861, -0.27089364934848836, 0.7315498318881986, -0.29942957828896866, -0.6219484810876903, -0.0547573816684539, -0.21443765035574014, 0.23785985328818726, -0.12646741612097356, -0.47815568541100895, -0.17505557667448635, -0.16193193089539926, 0.8048437117522818, 0.9592325240809707, 0.24713767881382775, -0.8336317548582777, 0.46599743519199, 0.357370804957968, 0.6520457340504391, -0.3050973265778887, -0.8822398116837538, 0.2236436329105842, -0.751970763373456, 0.5190590583266628, 0.5888466351532844, -0.18274642650020412, 0.8875950117660911, -0.6524404124894483, 0.8851716994539605]",rhc,relu,False,False,100,[10],0.1,100,2
295,95,0.25007430010009557,1.5710775109135215,445.0,100,15,"[0.9340596780273533, 0.09446449835144466, 0.9453687199297687, 0.4296319873487293, 0.3954576491945416, -0.5678210088392472, 0.9525489095524835, -0.9875394895908203, -0.4940352752331121, -0.13041693519110842, 0.5587658435875049, -0.6046298507994938, 0.7259864711984445, 0.9668013543506255, -0.6723155171906026, 0.19466788786571843, -0.98202780466489, -0.22685743471274122, -0.9116798841370009, 0.9133059354284718, -0.1277067062404047, 0.8979546135631256, 0.5726119718701219, 0.7325785971633969, -0.6536691570081037, -0.850102825973786, 0.2014854427555386, -0.6640556325631923, 0.4667603350211398, -0.18311227969597055, 0.05581764683584067, 0.875143167901884, 0.043392244889916, -0.7836132342255386, -0.6835531856304011, 0.09040530340642561, 0.04880816013694678, 0.2752204882519873, -0.1970091128194542, 0.2996102180386846, -0.20619999419653467, 0.24783222709644614, 0.5348099341802477, -0.6420521799177383, -0.24884846282491524, 0.005066118653868745, 0.3733341598326916, -0.4926407026772337, 0.10948172588511706, 0.24986168812819542, 0.7910023321122921, -0.27429282313374714, 0.2751141460374733, -0.6171071957620733, -0.004411770765388567, -0.6351091908575863, 0.8367660782795254, -0.13635585731754474, 0.6603762041966925, -0.16644739064327485, 0.8093351774867339, -0.19034956537818792, -0.33765099381775454, 0.14427754054549724, 0.6908872981882266, 0.7220286235061439, 0.19137623413666893, -0.8306767779591795, 0.19453321463834983, -0.5090925828337958, 0.46518689717993555, 0.7893025846334776, 0.0294679418262902, 0.20712702072041278, -0.8698643752343853, 0.08014945928561268, -0.7416264326591246, 0.22912569270066396, -0.2726993059103242, 0.5355160686614915, -0.902931727160895, -0.7803637637643119, 0.36804643024725525, 0.029307394167312983, 0.1432827432294983, 0.6874139879813108, -0.024524721700651453, 0.6202888442522898, 0.020487258589880097, 0.8534413864805024, 0.333855543079252, -0.7025463211318861, -0.27089364934848836, 0.7315498318881986, -0.29942957828896866, -0.6219484810876903, -0.0547573816684539, -0.21443765035574014, 0.23785985328818726, -0.12646741612097356, -0.47815568541100895, -0.17505557667448635, -0.16193193089539926, 0.8048437117522818, 0.9592325240809707, 0.24713767881382775, -0.8336317548582777, 0.46599743519199, 0.357370804957968, 0.6520457340504391, -0.3050973265778887, -0.8822398116837538, 0.2236436329105842, -0.751970763373456, 0.5190590583266628, 0.5888466351532844, -0.18274642650020412, 0.8875950117660911, -0.6524404124894483, 0.8851716994539605]",rhc,relu,False,False,100,[10],0.1,100,2
296,96,0.253057699999772,1.5671586451240407,447.0,100,15,"[0.9340596780273533, 0.09446449835144466, 0.9453687199297687, 0.4296319873487293, 0.3954576491945416, -0.5678210088392472, 0.9525489095524835, -0.9875394895908203, -0.4940352752331121, -0.13041693519110842, 0.5587658435875049, -0.6046298507994938, 0.7259864711984445, 0.9668013543506255, -0.6723155171906026, 0.19466788786571843, -0.98202780466489, -0.22685743471274122, -0.9116798841370009, 0.9133059354284718, -0.1277067062404047, 0.8979546135631256, 0.5726119718701219, 0.7325785971633969, -0.6536691570081037, -0.850102825973786, 0.2014854427555386, -0.6640556325631923, 0.4667603350211398, -0.18311227969597055, 0.05581764683584067, 0.875143167901884, 0.043392244889916, -0.7836132342255386, -0.6835531856304011, 0.09040530340642561, 0.04880816013694678, 0.2752204882519873, -0.1970091128194542, 0.2996102180386846, -0.20619999419653467, 0.24783222709644614, 0.5348099341802477, -0.6420521799177383, -0.24884846282491524, 0.005066118653868745, 0.3733341598326916, -0.4926407026772337, 0.10948172588511706, 0.24986168812819542, 0.7910023321122921, -0.27429282313374714, 0.2751141460374733, -0.6171071957620733, -0.004411770765388567, -0.6351091908575863, 0.8367660782795254, -0.13635585731754474, 0.6603762041966925, -0.16644739064327485, 0.8093351774867339, -0.19034956537818792, -0.33765099381775454, 0.14427754054549724, 0.6908872981882266, 0.7220286235061439, 0.19137623413666893, -0.8306767779591795, 0.19453321463834983, -0.5090925828337958, 0.46518689717993555, 0.7893025846334776, 0.0294679418262902, 0.20712702072041278, -0.8698643752343853, 0.08014945928561268, -0.7416264326591246, 0.22912569270066396, -0.2726993059103242, 0.5355160686614915, -0.902931727160895, -0.7803637637643119, 0.36804643024725525, 0.029307394167312983, 0.1432827432294983, 0.6874139879813108, -0.024524721700651453, 0.6202888442522898, 0.020487258589880097, 0.8534413864805024, 0.333855543079252, -0.7025463211318861, -0.27089364934848836, 0.7315498318881986, -0.29942957828896866, -0.6219484810876903, -0.0547573816684539, -0.21443765035574014, 0.23785985328818726, -0.12646741612097356, -0.47815568541100895, -0.17505557667448635, -0.16193193089539926, 0.8048437117522818, 0.9592325240809707, 0.24713767881382775, -0.8336317548582777, 0.46599743519199, 0.357370804957968, 0.6520457340504391, -0.3050973265778887, -0.8822398116837538, 0.2236436329105842, -0.751970763373456, 0.5190590583266628, 0.5888466351532844, -0.18274642650020412, 0.8875950117660911, -0.6524404124894483, 0.8851716994539605]",rhc,relu,False,False,100,[10],0.1,100,2
297,97,0.2544917000923306,1.5671586451240407,448.0,100,15,"[0.9340596780273533, 0.09446449835144466, 0.9453687199297687, 0.4296319873487293, 0.3954576491945416, -0.5678210088392472, 0.9525489095524835, -0.9875394895908203, -0.4940352752331121, -0.13041693519110842, 0.5587658435875049, -0.6046298507994938, 0.7259864711984445, 0.9668013543506255, -0.6723155171906026, 0.19466788786571843, -0.98202780466489, -0.22685743471274122, -0.9116798841370009, 0.9133059354284718, -0.1277067062404047, 0.8979546135631256, 0.5726119718701219, 0.7325785971633969, -0.6536691570081037, -0.850102825973786, 0.2014854427555386, -0.6640556325631923, 0.4667603350211398, -0.18311227969597055, 0.05581764683584067, 0.875143167901884, 0.043392244889916, -0.7836132342255386, -0.6835531856304011, 0.09040530340642561, 0.04880816013694678, 0.2752204882519873, -0.1970091128194542, 0.2996102180386846, -0.20619999419653467, 0.24783222709644614, 0.5348099341802477, -0.6420521799177383, -0.24884846282491524, 0.005066118653868745, 0.3733341598326916, -0.4926407026772337, 0.10948172588511706, 0.24986168812819542, 0.7910023321122921, -0.27429282313374714, 0.2751141460374733, -0.6171071957620733, -0.004411770765388567, -0.6351091908575863, 0.8367660782795254, -0.13635585731754474, 0.6603762041966925, -0.16644739064327485, 0.8093351774867339, -0.19034956537818792, -0.33765099381775454, 0.14427754054549724, 0.6908872981882266, 0.7220286235061439, 0.19137623413666893, -0.8306767779591795, 0.19453321463834983, -0.5090925828337958, 0.46518689717993555, 0.7893025846334776, 0.0294679418262902, 0.20712702072041278, -0.8698643752343853, 0.08014945928561268, -0.7416264326591246, 0.22912569270066396, -0.2726993059103242, 0.5355160686614915, -0.902931727160895, -0.7803637637643119, 0.36804643024725525, 0.029307394167312983, 0.1432827432294983, 0.6874139879813108, -0.024524721700651453, 0.6202888442522898, 0.020487258589880097, 0.8534413864805024, 0.333855543079252, -0.7025463211318861, -0.27089364934848836, 0.7315498318881986, -0.29942957828896866, -0.6219484810876903, -0.0547573816684539, -0.21443765035574014, 0.23785985328818726, -0.12646741612097356, -0.47815568541100895, -0.17505557667448635, -0.16193193089539926, 0.8048437117522818, 0.9592325240809707, 0.24713767881382775, -0.8336317548582777, 0.46599743519199, 0.357370804957968, 0.6520457340504391, -0.3050973265778887, -0.8822398116837538, 0.2236436329105842, -0.751970763373456, 0.5190590583266628, 0.5888466351532844, -0.18274642650020412, 0.8875950117660911, -0.6524404124894483, 0.8851716994539605]",rhc,relu,False,False,100,[10],0.1,100,2
298,98,0.25626020005438477,1.563547428464904,450.0,100,15,"[0.9340596780273533, 0.09446449835144466, 0.9453687199297687, 0.4296319873487293, 0.3954576491945416, -0.5678210088392472, 0.9525489095524835, -0.9875394895908203, -0.4940352752331121, -0.13041693519110842, 0.5587658435875049, -0.6046298507994938, 0.7259864711984445, 0.9668013543506255, -0.6723155171906026, 0.19466788786571843, -0.98202780466489, -0.22685743471274122, -0.9116798841370009, 0.9133059354284718, -0.1277067062404047, 0.8979546135631256, 0.5726119718701219, 0.7325785971633969, -0.6536691570081037, -0.850102825973786, 0.2014854427555386, -0.6640556325631923, 0.4667603350211398, -0.18311227969597055, 0.05581764683584067, 0.875143167901884, 0.043392244889916, -0.7836132342255386, -0.6835531856304011, 0.09040530340642561, 0.04880816013694678, 0.2752204882519873, -0.1970091128194542, 0.2996102180386846, -0.20619999419653467, 0.24783222709644614, 0.5348099341802477, -0.6420521799177383, -0.24884846282491524, 0.005066118653868745, 0.3733341598326916, -0.4926407026772337, 0.10948172588511706, 0.24986168812819542, 0.7910023321122921, -0.27429282313374714, 0.2751141460374733, -0.6171071957620733, -0.004411770765388567, -0.6351091908575863, 0.8367660782795254, -0.13635585731754474, 0.6603762041966925, -0.16644739064327485, 0.8093351774867339, -0.19034956537818792, -0.33765099381775454, 0.14427754054549724, 0.6908872981882266, 0.7220286235061439, 0.19137623413666893, -0.8306767779591795, 0.19453321463834983, -0.5090925828337958, 0.46518689717993555, 0.7893025846334776, 0.0294679418262902, 0.20712702072041278, -0.8698643752343853, 0.08014945928561268, -0.7416264326591246, 0.22912569270066396, -0.2726993059103242, 0.5355160686614915, -0.902931727160895, -0.7803637637643119, 0.36804643024725525, 0.029307394167312983, 0.1432827432294983, 0.6874139879813108, -0.024524721700651453, 0.6202888442522898, 0.020487258589880097, 0.8534413864805024, 0.333855543079252, -0.7025463211318861, -0.27089364934848836, 0.7315498318881986, -0.29942957828896866, -0.6219484810876903, -0.0547573816684539, -0.21443765035574014, 0.23785985328818726, -0.12646741612097356, -0.47815568541100895, -0.17505557667448635, -0.16193193089539926, 0.8048437117522818, 0.9592325240809707, 0.24713767881382775, -0.8336317548582777, 0.46599743519199, 0.357370804957968, 0.6520457340504391, -0.3050973265778887, -0.8822398116837538, 0.2236436329105842, -0.751970763373456, 0.5190590583266628, 0.5888466351532844, -0.18274642650020412, 0.8875950117660911, -0.6524404124894483, 0.8851716994539605]",rhc,relu,False,False,100,[10],0.1,100,2
299,99,0.2595394999952987,1.563547428464904,451.0,100,15,"[0.9340596780273533, 0.09446449835144466, 0.9453687199297687, 0.4296319873487293, 0.3954576491945416, -0.5678210088392472, 0.9525489095524835, -0.9875394895908203, -0.4940352752331121, -0.13041693519110842, 0.5587658435875049, -0.6046298507994938, 0.7259864711984445, 0.9668013543506255, -0.6723155171906026, 0.19466788786571843, -0.98202780466489, -0.22685743471274122, -0.9116798841370009, 0.9133059354284718, -0.1277067062404047, 0.8979546135631256, 0.5726119718701219, 0.7325785971633969, -0.6536691570081037, -0.850102825973786, 0.2014854427555386, -0.6640556325631923, 0.4667603350211398, -0.18311227969597055, 0.05581764683584067, 0.875143167901884, 0.043392244889916, -0.7836132342255386, -0.6835531856304011, 0.09040530340642561, 0.04880816013694678, 0.2752204882519873, -0.1970091128194542, 0.2996102180386846, -0.20619999419653467, 0.24783222709644614, 0.5348099341802477, -0.6420521799177383, -0.24884846282491524, 0.005066118653868745, 0.3733341598326916, -0.4926407026772337, 0.10948172588511706, 0.24986168812819542, 0.7910023321122921, -0.27429282313374714, 0.2751141460374733, -0.6171071957620733, -0.004411770765388567, -0.6351091908575863, 0.8367660782795254, -0.13635585731754474, 0.6603762041966925, -0.16644739064327485, 0.8093351774867339, -0.19034956537818792, -0.33765099381775454, 0.14427754054549724, 0.6908872981882266, 0.7220286235061439, 0.19137623413666893, -0.8306767779591795, 0.19453321463834983, -0.5090925828337958, 0.46518689717993555, 0.7893025846334776, 0.0294679418262902, 0.20712702072041278, -0.8698643752343853, 0.08014945928561268, -0.7416264326591246, 0.22912569270066396, -0.2726993059103242, 0.5355160686614915, -0.902931727160895, -0.7803637637643119, 0.36804643024725525, 0.029307394167312983, 0.1432827432294983, 0.6874139879813108, -0.024524721700651453, 0.6202888442522898, 0.020487258589880097, 0.8534413864805024, 0.333855543079252, -0.7025463211318861, -0.27089364934848836, 0.7315498318881986, -0.29942957828896866, -0.6219484810876903, -0.0547573816684539, -0.21443765035574014, 0.23785985328818726, -0.12646741612097356, -0.47815568541100895, -0.17505557667448635, -0.16193193089539926, 0.8048437117522818, 0.9592325240809707, 0.24713767881382775, -0.8336317548582777, 0.46599743519199, 0.357370804957968, 0.6520457340504391, -0.3050973265778887, -0.8822398116837538, 0.2236436329105842, -0.751970763373456, 0.5190590583266628, 0.5888466351532844, -0.18274642650020412, 0.8875950117660911, -0.6524404124894483, 0.8851716994539605]",rhc,relu,False,False,100,[10],0.1,100,2
300,100,0.26120120007544756,1.5435783521523774,453.0,100,15,"[0.9340596780273533, 0.09446449835144466, 0.9453687199297687, 0.4296319873487293, 0.3954576491945416, -0.5678210088392472, 0.9525489095524835, -0.9875394895908203, -0.4940352752331121, -0.13041693519110842, 0.5587658435875049, -0.6046298507994938, 0.7259864711984445, 0.9668013543506255, -0.6723155171906026, 0.19466788786571843, -0.98202780466489, -0.22685743471274122, -0.9116798841370009, 0.9133059354284718, -0.1277067062404047, 0.8979546135631256, 0.5726119718701219, 0.7325785971633969, -0.6536691570081037, -0.850102825973786, 0.2014854427555386, -0.6640556325631923, 0.4667603350211398, -0.18311227969597055, 0.05581764683584067, 0.875143167901884, 0.043392244889916, -0.7836132342255386, -0.6835531856304011, 0.09040530340642561, 0.04880816013694678, 0.2752204882519873, -0.1970091128194542, 0.2996102180386846, -0.20619999419653467, 0.24783222709644614, 0.5348099341802477, -0.6420521799177383, -0.24884846282491524, 0.005066118653868745, 0.3733341598326916, -0.4926407026772337, 0.10948172588511706, 0.24986168812819542, 0.7910023321122921, -0.27429282313374714, 0.2751141460374733, -0.6171071957620733, -0.004411770765388567, -0.6351091908575863, 0.8367660782795254, -0.13635585731754474, 0.6603762041966925, -0.16644739064327485, 0.8093351774867339, -0.19034956537818792, -0.33765099381775454, 0.14427754054549724, 0.6908872981882266, 0.7220286235061439, 0.19137623413666893, -0.8306767779591795, 0.19453321463834983, -0.5090925828337958, 0.46518689717993555, 0.7893025846334776, 0.0294679418262902, 0.20712702072041278, -0.8698643752343853, 0.08014945928561268, -0.7416264326591246, 0.22912569270066396, -0.2726993059103242, 0.5355160686614915, -0.902931727160895, -0.7803637637643119, 0.36804643024725525, 0.029307394167312983, 0.1432827432294983, 0.6874139879813108, -0.024524721700651453, 0.6202888442522898, 0.020487258589880097, 0.8534413864805024, 0.333855543079252, -0.7025463211318861, -0.27089364934848836, 0.7315498318881986, -0.29942957828896866, -0.6219484810876903, -0.0547573816684539, -0.21443765035574014, 0.23785985328818726, -0.12646741612097356, -0.47815568541100895, -0.17505557667448635, -0.16193193089539926, 0.8048437117522818, 0.9592325240809707, 0.24713767881382775, -0.8336317548582777, 0.46599743519199, 0.357370804957968, 0.6520457340504391, -0.3050973265778887, -0.8822398116837538, 0.2236436329105842, -0.751970763373456, 0.5190590583266628, 0.5888466351532844, -0.18274642650020412, 0.8875950117660911, -0.6524404124894483, 0.8851716994539605]",rhc,relu,False,False,100,[10],0.1,100,2
301,1,0.03315600007772446,1.9095120845760662,455.0,100,15,"[0.9340596780273533, 0.09446449835144466, 0.9453687199297687, 0.4296319873487293, 0.3954576491945416, -0.5678210088392472, 0.9525489095524835, -0.9875394895908203, -0.4940352752331121, -0.13041693519110842, 0.5587658435875049, -0.6046298507994938, 0.7259864711984445, 0.9668013543506255, -0.6723155171906026, 0.19466788786571843, -0.98202780466489, -0.22685743471274122, -0.9116798841370009, 0.9133059354284718, -0.1277067062404047, 0.8979546135631256, 0.5726119718701219, 0.7325785971633969, -0.6536691570081037, -0.850102825973786, 0.2014854427555386, -0.6640556325631923, 0.4667603350211398, -0.18311227969597055, 0.05581764683584067, 0.875143167901884, 0.043392244889916, -0.7836132342255386, -0.6835531856304011, 0.09040530340642561, 0.04880816013694678, 0.2752204882519873, -0.1970091128194542, 0.2996102180386846, -0.20619999419653467, 0.24783222709644614, 0.5348099341802477, -0.6420521799177383, -0.24884846282491524, 0.005066118653868745, 0.3733341598326916, -0.4926407026772337, 0.10948172588511706, 0.24986168812819542, 0.7910023321122921, -0.27429282313374714, 0.2751141460374733, -0.6171071957620733, -0.004411770765388567, -0.6351091908575863, 0.8367660782795254, -0.13635585731754474, 0.6603762041966925, -0.16644739064327485, 0.8093351774867339, -0.19034956537818792, -0.33765099381775454, 0.14427754054549724, 0.6908872981882266, 0.7220286235061439, 0.19137623413666893, -0.8306767779591795, 0.19453321463834983, -0.5090925828337958, 0.46518689717993555, 0.7893025846334776, 0.0294679418262902, 0.20712702072041278, -0.8698643752343853, 0.08014945928561268, -0.7416264326591246, 0.22912569270066396, -0.2726993059103242, 0.5355160686614915, -0.902931727160895, -0.7803637637643119, 0.36804643024725525, 0.029307394167312983, 0.1432827432294983, 0.6874139879813108, -0.024524721700651453, 0.6202888442522898, 0.020487258589880097, 0.8534413864805024, 0.333855543079252, -0.7025463211318861, -0.27089364934848836, 0.7315498318881986, -0.29942957828896866, -0.6219484810876903, -0.0547573816684539, -0.21443765035574014, 0.23785985328818726, -0.12646741612097356, -0.47815568541100895, -0.17505557667448635, -0.16193193089539926, 0.8048437117522818, 0.9592325240809707, 0.24713767881382775, -0.8336317548582777, 0.46599743519199, 0.357370804957968, 0.6520457340504391, -0.3050973265778887, -0.8822398116837538, 0.2236436329105842, -0.751970763373456, 0.5190590583266628, 0.5888466351532844, -0.18274642650020412, 0.8875950117660911, -0.6524404124894483, 0.8851716994539605]",rhc,relu,False,False,100,[10],0.1,100,3
302,2,0.03611099999397993,1.9095120845760662,456.0,100,15,"[0.9340596780273533, 0.09446449835144466, 0.9453687199297687, 0.4296319873487293, 0.3954576491945416, -0.5678210088392472, 0.9525489095524835, -0.9875394895908203, -0.4940352752331121, -0.13041693519110842, 0.5587658435875049, -0.6046298507994938, 0.7259864711984445, 0.9668013543506255, -0.6723155171906026, 0.19466788786571843, -0.98202780466489, -0.22685743471274122, -0.9116798841370009, 0.9133059354284718, -0.1277067062404047, 0.8979546135631256, 0.5726119718701219, 0.7325785971633969, -0.6536691570081037, -0.850102825973786, 0.2014854427555386, -0.6640556325631923, 0.4667603350211398, -0.18311227969597055, 0.05581764683584067, 0.875143167901884, 0.043392244889916, -0.7836132342255386, -0.6835531856304011, 0.09040530340642561, 0.04880816013694678, 0.2752204882519873, -0.1970091128194542, 0.2996102180386846, -0.20619999419653467, 0.24783222709644614, 0.5348099341802477, -0.6420521799177383, -0.24884846282491524, 0.005066118653868745, 0.3733341598326916, -0.4926407026772337, 0.10948172588511706, 0.24986168812819542, 0.7910023321122921, -0.27429282313374714, 0.2751141460374733, -0.6171071957620733, -0.004411770765388567, -0.6351091908575863, 0.8367660782795254, -0.13635585731754474, 0.6603762041966925, -0.16644739064327485, 0.8093351774867339, -0.19034956537818792, -0.33765099381775454, 0.14427754054549724, 0.6908872981882266, 0.7220286235061439, 0.19137623413666893, -0.8306767779591795, 0.19453321463834983, -0.5090925828337958, 0.46518689717993555, 0.7893025846334776, 0.0294679418262902, 0.20712702072041278, -0.8698643752343853, 0.08014945928561268, -0.7416264326591246, 0.22912569270066396, -0.2726993059103242, 0.5355160686614915, -0.902931727160895, -0.7803637637643119, 0.36804643024725525, 0.029307394167312983, 0.1432827432294983, 0.6874139879813108, -0.024524721700651453, 0.6202888442522898, 0.020487258589880097, 0.8534413864805024, 0.333855543079252, -0.7025463211318861, -0.27089364934848836, 0.7315498318881986, -0.29942957828896866, -0.6219484810876903, -0.0547573816684539, -0.21443765035574014, 0.23785985328818726, -0.12646741612097356, -0.47815568541100895, -0.17505557667448635, -0.16193193089539926, 0.8048437117522818, 0.9592325240809707, 0.24713767881382775, -0.8336317548582777, 0.46599743519199, 0.357370804957968, 0.6520457340504391, -0.3050973265778887, -0.8822398116837538, 0.2236436329105842, -0.751970763373456, 0.5190590583266628, 0.5888466351532844, -0.18274642650020412, 0.8875950117660911, -0.6524404124894483, 0.8851716994539605]",rhc,relu,False,False,100,[10],0.1,100,3
303,3,0.03751040005590767,1.9095120845760662,457.0,100,15,"[0.9340596780273533, 0.09446449835144466, 0.9453687199297687, 0.4296319873487293, 0.3954576491945416, -0.5678210088392472, 0.9525489095524835, -0.9875394895908203, -0.4940352752331121, -0.13041693519110842, 0.5587658435875049, -0.6046298507994938, 0.7259864711984445, 0.9668013543506255, -0.6723155171906026, 0.19466788786571843, -0.98202780466489, -0.22685743471274122, -0.9116798841370009, 0.9133059354284718, -0.1277067062404047, 0.8979546135631256, 0.5726119718701219, 0.7325785971633969, -0.6536691570081037, -0.850102825973786, 0.2014854427555386, -0.6640556325631923, 0.4667603350211398, -0.18311227969597055, 0.05581764683584067, 0.875143167901884, 0.043392244889916, -0.7836132342255386, -0.6835531856304011, 0.09040530340642561, 0.04880816013694678, 0.2752204882519873, -0.1970091128194542, 0.2996102180386846, -0.20619999419653467, 0.24783222709644614, 0.5348099341802477, -0.6420521799177383, -0.24884846282491524, 0.005066118653868745, 0.3733341598326916, -0.4926407026772337, 0.10948172588511706, 0.24986168812819542, 0.7910023321122921, -0.27429282313374714, 0.2751141460374733, -0.6171071957620733, -0.004411770765388567, -0.6351091908575863, 0.8367660782795254, -0.13635585731754474, 0.6603762041966925, -0.16644739064327485, 0.8093351774867339, -0.19034956537818792, -0.33765099381775454, 0.14427754054549724, 0.6908872981882266, 0.7220286235061439, 0.19137623413666893, -0.8306767779591795, 0.19453321463834983, -0.5090925828337958, 0.46518689717993555, 0.7893025846334776, 0.0294679418262902, 0.20712702072041278, -0.8698643752343853, 0.08014945928561268, -0.7416264326591246, 0.22912569270066396, -0.2726993059103242, 0.5355160686614915, -0.902931727160895, -0.7803637637643119, 0.36804643024725525, 0.029307394167312983, 0.1432827432294983, 0.6874139879813108, -0.024524721700651453, 0.6202888442522898, 0.020487258589880097, 0.8534413864805024, 0.333855543079252, -0.7025463211318861, -0.27089364934848836, 0.7315498318881986, -0.29942957828896866, -0.6219484810876903, -0.0547573816684539, -0.21443765035574014, 0.23785985328818726, -0.12646741612097356, -0.47815568541100895, -0.17505557667448635, -0.16193193089539926, 0.8048437117522818, 0.9592325240809707, 0.24713767881382775, -0.8336317548582777, 0.46599743519199, 0.357370804957968, 0.6520457340504391, -0.3050973265778887, -0.8822398116837538, 0.2236436329105842, -0.751970763373456, 0.5190590583266628, 0.5888466351532844, -0.18274642650020412, 0.8875950117660911, -0.6524404124894483, 0.8851716994539605]",rhc,relu,False,False,100,[10],0.1,100,3
304,4,0.0403158999979496,1.9095120845760662,458.0,100,15,"[0.9340596780273533, 0.09446449835144466, 0.9453687199297687, 0.4296319873487293, 0.3954576491945416, -0.5678210088392472, 0.9525489095524835, -0.9875394895908203, -0.4940352752331121, -0.13041693519110842, 0.5587658435875049, -0.6046298507994938, 0.7259864711984445, 0.9668013543506255, -0.6723155171906026, 0.19466788786571843, -0.98202780466489, -0.22685743471274122, -0.9116798841370009, 0.9133059354284718, -0.1277067062404047, 0.8979546135631256, 0.5726119718701219, 0.7325785971633969, -0.6536691570081037, -0.850102825973786, 0.2014854427555386, -0.6640556325631923, 0.4667603350211398, -0.18311227969597055, 0.05581764683584067, 0.875143167901884, 0.043392244889916, -0.7836132342255386, -0.6835531856304011, 0.09040530340642561, 0.04880816013694678, 0.2752204882519873, -0.1970091128194542, 0.2996102180386846, -0.20619999419653467, 0.24783222709644614, 0.5348099341802477, -0.6420521799177383, -0.24884846282491524, 0.005066118653868745, 0.3733341598326916, -0.4926407026772337, 0.10948172588511706, 0.24986168812819542, 0.7910023321122921, -0.27429282313374714, 0.2751141460374733, -0.6171071957620733, -0.004411770765388567, -0.6351091908575863, 0.8367660782795254, -0.13635585731754474, 0.6603762041966925, -0.16644739064327485, 0.8093351774867339, -0.19034956537818792, -0.33765099381775454, 0.14427754054549724, 0.6908872981882266, 0.7220286235061439, 0.19137623413666893, -0.8306767779591795, 0.19453321463834983, -0.5090925828337958, 0.46518689717993555, 0.7893025846334776, 0.0294679418262902, 0.20712702072041278, -0.8698643752343853, 0.08014945928561268, -0.7416264326591246, 0.22912569270066396, -0.2726993059103242, 0.5355160686614915, -0.902931727160895, -0.7803637637643119, 0.36804643024725525, 0.029307394167312983, 0.1432827432294983, 0.6874139879813108, -0.024524721700651453, 0.6202888442522898, 0.020487258589880097, 0.8534413864805024, 0.333855543079252, -0.7025463211318861, -0.27089364934848836, 0.7315498318881986, -0.29942957828896866, -0.6219484810876903, -0.0547573816684539, -0.21443765035574014, 0.23785985328818726, -0.12646741612097356, -0.47815568541100895, -0.17505557667448635, -0.16193193089539926, 0.8048437117522818, 0.9592325240809707, 0.24713767881382775, -0.8336317548582777, 0.46599743519199, 0.357370804957968, 0.6520457340504391, -0.3050973265778887, -0.8822398116837538, 0.2236436329105842, -0.751970763373456, 0.5190590583266628, 0.5888466351532844, -0.18274642650020412, 0.8875950117660911, -0.6524404124894483, 0.8851716994539605]",rhc,relu,False,False,100,[10],0.1,100,3
305,5,0.041674000094644725,1.9024981593878107,460.0,100,15,"[0.9340596780273533, 0.09446449835144466, 0.9453687199297687, 0.4296319873487293, 0.3954576491945416, -0.5678210088392472, 0.9525489095524835, -0.9875394895908203, -0.4940352752331121, -0.13041693519110842, 0.5587658435875049, -0.6046298507994938, 0.7259864711984445, 0.9668013543506255, -0.6723155171906026, 0.19466788786571843, -0.98202780466489, -0.22685743471274122, -0.9116798841370009, 0.9133059354284718, -0.1277067062404047, 0.8979546135631256, 0.5726119718701219, 0.7325785971633969, -0.6536691570081037, -0.850102825973786, 0.2014854427555386, -0.6640556325631923, 0.4667603350211398, -0.18311227969597055, 0.05581764683584067, 0.875143167901884, 0.043392244889916, -0.7836132342255386, -0.6835531856304011, 0.09040530340642561, 0.04880816013694678, 0.2752204882519873, -0.1970091128194542, 0.2996102180386846, -0.20619999419653467, 0.24783222709644614, 0.5348099341802477, -0.6420521799177383, -0.24884846282491524, 0.005066118653868745, 0.3733341598326916, -0.4926407026772337, 0.10948172588511706, 0.24986168812819542, 0.7910023321122921, -0.27429282313374714, 0.2751141460374733, -0.6171071957620733, -0.004411770765388567, -0.6351091908575863, 0.8367660782795254, -0.13635585731754474, 0.6603762041966925, -0.16644739064327485, 0.8093351774867339, -0.19034956537818792, -0.33765099381775454, 0.14427754054549724, 0.6908872981882266, 0.7220286235061439, 0.19137623413666893, -0.8306767779591795, 0.19453321463834983, -0.5090925828337958, 0.46518689717993555, 0.7893025846334776, 0.0294679418262902, 0.20712702072041278, -0.8698643752343853, 0.08014945928561268, -0.7416264326591246, 0.22912569270066396, -0.2726993059103242, 0.5355160686614915, -0.902931727160895, -0.7803637637643119, 0.36804643024725525, 0.029307394167312983, 0.1432827432294983, 0.6874139879813108, -0.024524721700651453, 0.6202888442522898, 0.020487258589880097, 0.8534413864805024, 0.333855543079252, -0.7025463211318861, -0.27089364934848836, 0.7315498318881986, -0.29942957828896866, -0.6219484810876903, -0.0547573816684539, -0.21443765035574014, 0.23785985328818726, -0.12646741612097356, -0.47815568541100895, -0.17505557667448635, -0.16193193089539926, 0.8048437117522818, 0.9592325240809707, 0.24713767881382775, -0.8336317548582777, 0.46599743519199, 0.357370804957968, 0.6520457340504391, -0.3050973265778887, -0.8822398116837538, 0.2236436329105842, -0.751970763373456, 0.5190590583266628, 0.5888466351532844, -0.18274642650020412, 0.8875950117660911, -0.6524404124894483, 0.8851716994539605]",rhc,relu,False,False,100,[10],0.1,100,3
306,6,0.04435340000782162,1.9024981593878107,461.0,100,15,"[0.9340596780273533, 0.09446449835144466, 0.9453687199297687, 0.4296319873487293, 0.3954576491945416, -0.5678210088392472, 0.9525489095524835, -0.9875394895908203, -0.4940352752331121, -0.13041693519110842, 0.5587658435875049, -0.6046298507994938, 0.7259864711984445, 0.9668013543506255, -0.6723155171906026, 0.19466788786571843, -0.98202780466489, -0.22685743471274122, -0.9116798841370009, 0.9133059354284718, -0.1277067062404047, 0.8979546135631256, 0.5726119718701219, 0.7325785971633969, -0.6536691570081037, -0.850102825973786, 0.2014854427555386, -0.6640556325631923, 0.4667603350211398, -0.18311227969597055, 0.05581764683584067, 0.875143167901884, 0.043392244889916, -0.7836132342255386, -0.6835531856304011, 0.09040530340642561, 0.04880816013694678, 0.2752204882519873, -0.1970091128194542, 0.2996102180386846, -0.20619999419653467, 0.24783222709644614, 0.5348099341802477, -0.6420521799177383, -0.24884846282491524, 0.005066118653868745, 0.3733341598326916, -0.4926407026772337, 0.10948172588511706, 0.24986168812819542, 0.7910023321122921, -0.27429282313374714, 0.2751141460374733, -0.6171071957620733, -0.004411770765388567, -0.6351091908575863, 0.8367660782795254, -0.13635585731754474, 0.6603762041966925, -0.16644739064327485, 0.8093351774867339, -0.19034956537818792, -0.33765099381775454, 0.14427754054549724, 0.6908872981882266, 0.7220286235061439, 0.19137623413666893, -0.8306767779591795, 0.19453321463834983, -0.5090925828337958, 0.46518689717993555, 0.7893025846334776, 0.0294679418262902, 0.20712702072041278, -0.8698643752343853, 0.08014945928561268, -0.7416264326591246, 0.22912569270066396, -0.2726993059103242, 0.5355160686614915, -0.902931727160895, -0.7803637637643119, 0.36804643024725525, 0.029307394167312983, 0.1432827432294983, 0.6874139879813108, -0.024524721700651453, 0.6202888442522898, 0.020487258589880097, 0.8534413864805024, 0.333855543079252, -0.7025463211318861, -0.27089364934848836, 0.7315498318881986, -0.29942957828896866, -0.6219484810876903, -0.0547573816684539, -0.21443765035574014, 0.23785985328818726, -0.12646741612097356, -0.47815568541100895, -0.17505557667448635, -0.16193193089539926, 0.8048437117522818, 0.9592325240809707, 0.24713767881382775, -0.8336317548582777, 0.46599743519199, 0.357370804957968, 0.6520457340504391, -0.3050973265778887, -0.8822398116837538, 0.2236436329105842, -0.751970763373456, 0.5190590583266628, 0.5888466351532844, -0.18274642650020412, 0.8875950117660911, -0.6524404124894483, 0.8851716994539605]",rhc,relu,False,False,100,[10],0.1,100,3
307,7,0.04734460008330643,1.901400124143665,463.0,100,15,"[0.9340596780273533, 0.09446449835144466, 0.9453687199297687, 0.4296319873487293, 0.3954576491945416, -0.5678210088392472, 0.9525489095524835, -0.9875394895908203, -0.4940352752331121, -0.13041693519110842, 0.5587658435875049, -0.6046298507994938, 0.7259864711984445, 0.9668013543506255, -0.6723155171906026, 0.19466788786571843, -0.98202780466489, -0.22685743471274122, -0.9116798841370009, 0.9133059354284718, -0.1277067062404047, 0.8979546135631256, 0.5726119718701219, 0.7325785971633969, -0.6536691570081037, -0.850102825973786, 0.2014854427555386, -0.6640556325631923, 0.4667603350211398, -0.18311227969597055, 0.05581764683584067, 0.875143167901884, 0.043392244889916, -0.7836132342255386, -0.6835531856304011, 0.09040530340642561, 0.04880816013694678, 0.2752204882519873, -0.1970091128194542, 0.2996102180386846, -0.20619999419653467, 0.24783222709644614, 0.5348099341802477, -0.6420521799177383, -0.24884846282491524, 0.005066118653868745, 0.3733341598326916, -0.4926407026772337, 0.10948172588511706, 0.24986168812819542, 0.7910023321122921, -0.27429282313374714, 0.2751141460374733, -0.6171071957620733, -0.004411770765388567, -0.6351091908575863, 0.8367660782795254, -0.13635585731754474, 0.6603762041966925, -0.16644739064327485, 0.8093351774867339, -0.19034956537818792, -0.33765099381775454, 0.14427754054549724, 0.6908872981882266, 0.7220286235061439, 0.19137623413666893, -0.8306767779591795, 0.19453321463834983, -0.5090925828337958, 0.46518689717993555, 0.7893025846334776, 0.0294679418262902, 0.20712702072041278, -0.8698643752343853, 0.08014945928561268, -0.7416264326591246, 0.22912569270066396, -0.2726993059103242, 0.5355160686614915, -0.902931727160895, -0.7803637637643119, 0.36804643024725525, 0.029307394167312983, 0.1432827432294983, 0.6874139879813108, -0.024524721700651453, 0.6202888442522898, 0.020487258589880097, 0.8534413864805024, 0.333855543079252, -0.7025463211318861, -0.27089364934848836, 0.7315498318881986, -0.29942957828896866, -0.6219484810876903, -0.0547573816684539, -0.21443765035574014, 0.23785985328818726, -0.12646741612097356, -0.47815568541100895, -0.17505557667448635, -0.16193193089539926, 0.8048437117522818, 0.9592325240809707, 0.24713767881382775, -0.8336317548582777, 0.46599743519199, 0.357370804957968, 0.6520457340504391, -0.3050973265778887, -0.8822398116837538, 0.2236436329105842, -0.751970763373456, 0.5190590583266628, 0.5888466351532844, -0.18274642650020412, 0.8875950117660911, -0.6524404124894483, 0.8851716994539605]",rhc,relu,False,False,100,[10],0.1,100,3
308,8,0.049982900032773614,1.901400124143665,464.0,100,15,"[0.9340596780273533, 0.09446449835144466, 0.9453687199297687, 0.4296319873487293, 0.3954576491945416, -0.5678210088392472, 0.9525489095524835, -0.9875394895908203, -0.4940352752331121, -0.13041693519110842, 0.5587658435875049, -0.6046298507994938, 0.7259864711984445, 0.9668013543506255, -0.6723155171906026, 0.19466788786571843, -0.98202780466489, -0.22685743471274122, -0.9116798841370009, 0.9133059354284718, -0.1277067062404047, 0.8979546135631256, 0.5726119718701219, 0.7325785971633969, -0.6536691570081037, -0.850102825973786, 0.2014854427555386, -0.6640556325631923, 0.4667603350211398, -0.18311227969597055, 0.05581764683584067, 0.875143167901884, 0.043392244889916, -0.7836132342255386, -0.6835531856304011, 0.09040530340642561, 0.04880816013694678, 0.2752204882519873, -0.1970091128194542, 0.2996102180386846, -0.20619999419653467, 0.24783222709644614, 0.5348099341802477, -0.6420521799177383, -0.24884846282491524, 0.005066118653868745, 0.3733341598326916, -0.4926407026772337, 0.10948172588511706, 0.24986168812819542, 0.7910023321122921, -0.27429282313374714, 0.2751141460374733, -0.6171071957620733, -0.004411770765388567, -0.6351091908575863, 0.8367660782795254, -0.13635585731754474, 0.6603762041966925, -0.16644739064327485, 0.8093351774867339, -0.19034956537818792, -0.33765099381775454, 0.14427754054549724, 0.6908872981882266, 0.7220286235061439, 0.19137623413666893, -0.8306767779591795, 0.19453321463834983, -0.5090925828337958, 0.46518689717993555, 0.7893025846334776, 0.0294679418262902, 0.20712702072041278, -0.8698643752343853, 0.08014945928561268, -0.7416264326591246, 0.22912569270066396, -0.2726993059103242, 0.5355160686614915, -0.902931727160895, -0.7803637637643119, 0.36804643024725525, 0.029307394167312983, 0.1432827432294983, 0.6874139879813108, -0.024524721700651453, 0.6202888442522898, 0.020487258589880097, 0.8534413864805024, 0.333855543079252, -0.7025463211318861, -0.27089364934848836, 0.7315498318881986, -0.29942957828896866, -0.6219484810876903, -0.0547573816684539, -0.21443765035574014, 0.23785985328818726, -0.12646741612097356, -0.47815568541100895, -0.17505557667448635, -0.16193193089539926, 0.8048437117522818, 0.9592325240809707, 0.24713767881382775, -0.8336317548582777, 0.46599743519199, 0.357370804957968, 0.6520457340504391, -0.3050973265778887, -0.8822398116837538, 0.2236436329105842, -0.751970763373456, 0.5190590583266628, 0.5888466351532844, -0.18274642650020412, 0.8875950117660911, -0.6524404124894483, 0.8851716994539605]",rhc,relu,False,False,100,[10],0.1,100,3
309,9,0.05281060002744198,1.901400124143665,465.0,100,15,"[0.9340596780273533, 0.09446449835144466, 0.9453687199297687, 0.4296319873487293, 0.3954576491945416, -0.5678210088392472, 0.9525489095524835, -0.9875394895908203, -0.4940352752331121, -0.13041693519110842, 0.5587658435875049, -0.6046298507994938, 0.7259864711984445, 0.9668013543506255, -0.6723155171906026, 0.19466788786571843, -0.98202780466489, -0.22685743471274122, -0.9116798841370009, 0.9133059354284718, -0.1277067062404047, 0.8979546135631256, 0.5726119718701219, 0.7325785971633969, -0.6536691570081037, -0.850102825973786, 0.2014854427555386, -0.6640556325631923, 0.4667603350211398, -0.18311227969597055, 0.05581764683584067, 0.875143167901884, 0.043392244889916, -0.7836132342255386, -0.6835531856304011, 0.09040530340642561, 0.04880816013694678, 0.2752204882519873, -0.1970091128194542, 0.2996102180386846, -0.20619999419653467, 0.24783222709644614, 0.5348099341802477, -0.6420521799177383, -0.24884846282491524, 0.005066118653868745, 0.3733341598326916, -0.4926407026772337, 0.10948172588511706, 0.24986168812819542, 0.7910023321122921, -0.27429282313374714, 0.2751141460374733, -0.6171071957620733, -0.004411770765388567, -0.6351091908575863, 0.8367660782795254, -0.13635585731754474, 0.6603762041966925, -0.16644739064327485, 0.8093351774867339, -0.19034956537818792, -0.33765099381775454, 0.14427754054549724, 0.6908872981882266, 0.7220286235061439, 0.19137623413666893, -0.8306767779591795, 0.19453321463834983, -0.5090925828337958, 0.46518689717993555, 0.7893025846334776, 0.0294679418262902, 0.20712702072041278, -0.8698643752343853, 0.08014945928561268, -0.7416264326591246, 0.22912569270066396, -0.2726993059103242, 0.5355160686614915, -0.902931727160895, -0.7803637637643119, 0.36804643024725525, 0.029307394167312983, 0.1432827432294983, 0.6874139879813108, -0.024524721700651453, 0.6202888442522898, 0.020487258589880097, 0.8534413864805024, 0.333855543079252, -0.7025463211318861, -0.27089364934848836, 0.7315498318881986, -0.29942957828896866, -0.6219484810876903, -0.0547573816684539, -0.21443765035574014, 0.23785985328818726, -0.12646741612097356, -0.47815568541100895, -0.17505557667448635, -0.16193193089539926, 0.8048437117522818, 0.9592325240809707, 0.24713767881382775, -0.8336317548582777, 0.46599743519199, 0.357370804957968, 0.6520457340504391, -0.3050973265778887, -0.8822398116837538, 0.2236436329105842, -0.751970763373456, 0.5190590583266628, 0.5888466351532844, -0.18274642650020412, 0.8875950117660911, -0.6524404124894483, 0.8851716994539605]",rhc,relu,False,False,100,[10],0.1,100,3
310,10,0.054268900072202086,1.901400124143665,466.0,100,15,"[0.9340596780273533, 0.09446449835144466, 0.9453687199297687, 0.4296319873487293, 0.3954576491945416, -0.5678210088392472, 0.9525489095524835, -0.9875394895908203, -0.4940352752331121, -0.13041693519110842, 0.5587658435875049, -0.6046298507994938, 0.7259864711984445, 0.9668013543506255, -0.6723155171906026, 0.19466788786571843, -0.98202780466489, -0.22685743471274122, -0.9116798841370009, 0.9133059354284718, -0.1277067062404047, 0.8979546135631256, 0.5726119718701219, 0.7325785971633969, -0.6536691570081037, -0.850102825973786, 0.2014854427555386, -0.6640556325631923, 0.4667603350211398, -0.18311227969597055, 0.05581764683584067, 0.875143167901884, 0.043392244889916, -0.7836132342255386, -0.6835531856304011, 0.09040530340642561, 0.04880816013694678, 0.2752204882519873, -0.1970091128194542, 0.2996102180386846, -0.20619999419653467, 0.24783222709644614, 0.5348099341802477, -0.6420521799177383, -0.24884846282491524, 0.005066118653868745, 0.3733341598326916, -0.4926407026772337, 0.10948172588511706, 0.24986168812819542, 0.7910023321122921, -0.27429282313374714, 0.2751141460374733, -0.6171071957620733, -0.004411770765388567, -0.6351091908575863, 0.8367660782795254, -0.13635585731754474, 0.6603762041966925, -0.16644739064327485, 0.8093351774867339, -0.19034956537818792, -0.33765099381775454, 0.14427754054549724, 0.6908872981882266, 0.7220286235061439, 0.19137623413666893, -0.8306767779591795, 0.19453321463834983, -0.5090925828337958, 0.46518689717993555, 0.7893025846334776, 0.0294679418262902, 0.20712702072041278, -0.8698643752343853, 0.08014945928561268, -0.7416264326591246, 0.22912569270066396, -0.2726993059103242, 0.5355160686614915, -0.902931727160895, -0.7803637637643119, 0.36804643024725525, 0.029307394167312983, 0.1432827432294983, 0.6874139879813108, -0.024524721700651453, 0.6202888442522898, 0.020487258589880097, 0.8534413864805024, 0.333855543079252, -0.7025463211318861, -0.27089364934848836, 0.7315498318881986, -0.29942957828896866, -0.6219484810876903, -0.0547573816684539, -0.21443765035574014, 0.23785985328818726, -0.12646741612097356, -0.47815568541100895, -0.17505557667448635, -0.16193193089539926, 0.8048437117522818, 0.9592325240809707, 0.24713767881382775, -0.8336317548582777, 0.46599743519199, 0.357370804957968, 0.6520457340504391, -0.3050973265778887, -0.8822398116837538, 0.2236436329105842, -0.751970763373456, 0.5190590583266628, 0.5888466351532844, -0.18274642650020412, 0.8875950117660911, -0.6524404124894483, 0.8851716994539605]",rhc,relu,False,False,100,[10],0.1,100,3
311,11,0.05699730000924319,1.8959507675709628,468.0,100,15,"[0.9340596780273533, 0.09446449835144466, 0.9453687199297687, 0.4296319873487293, 0.3954576491945416, -0.5678210088392472, 0.9525489095524835, -0.9875394895908203, -0.4940352752331121, -0.13041693519110842, 0.5587658435875049, -0.6046298507994938, 0.7259864711984445, 0.9668013543506255, -0.6723155171906026, 0.19466788786571843, -0.98202780466489, -0.22685743471274122, -0.9116798841370009, 0.9133059354284718, -0.1277067062404047, 0.8979546135631256, 0.5726119718701219, 0.7325785971633969, -0.6536691570081037, -0.850102825973786, 0.2014854427555386, -0.6640556325631923, 0.4667603350211398, -0.18311227969597055, 0.05581764683584067, 0.875143167901884, 0.043392244889916, -0.7836132342255386, -0.6835531856304011, 0.09040530340642561, 0.04880816013694678, 0.2752204882519873, -0.1970091128194542, 0.2996102180386846, -0.20619999419653467, 0.24783222709644614, 0.5348099341802477, -0.6420521799177383, -0.24884846282491524, 0.005066118653868745, 0.3733341598326916, -0.4926407026772337, 0.10948172588511706, 0.24986168812819542, 0.7910023321122921, -0.27429282313374714, 0.2751141460374733, -0.6171071957620733, -0.004411770765388567, -0.6351091908575863, 0.8367660782795254, -0.13635585731754474, 0.6603762041966925, -0.16644739064327485, 0.8093351774867339, -0.19034956537818792, -0.33765099381775454, 0.14427754054549724, 0.6908872981882266, 0.7220286235061439, 0.19137623413666893, -0.8306767779591795, 0.19453321463834983, -0.5090925828337958, 0.46518689717993555, 0.7893025846334776, 0.0294679418262902, 0.20712702072041278, -0.8698643752343853, 0.08014945928561268, -0.7416264326591246, 0.22912569270066396, -0.2726993059103242, 0.5355160686614915, -0.902931727160895, -0.7803637637643119, 0.36804643024725525, 0.029307394167312983, 0.1432827432294983, 0.6874139879813108, -0.024524721700651453, 0.6202888442522898, 0.020487258589880097, 0.8534413864805024, 0.333855543079252, -0.7025463211318861, -0.27089364934848836, 0.7315498318881986, -0.29942957828896866, -0.6219484810876903, -0.0547573816684539, -0.21443765035574014, 0.23785985328818726, -0.12646741612097356, -0.47815568541100895, -0.17505557667448635, -0.16193193089539926, 0.8048437117522818, 0.9592325240809707, 0.24713767881382775, -0.8336317548582777, 0.46599743519199, 0.357370804957968, 0.6520457340504391, -0.3050973265778887, -0.8822398116837538, 0.2236436329105842, -0.751970763373456, 0.5190590583266628, 0.5888466351532844, -0.18274642650020412, 0.8875950117660911, -0.6524404124894483, 0.8851716994539605]",rhc,relu,False,False,100,[10],0.1,100,3
312,12,0.05975670006591827,1.8959507675709628,469.0,100,15,"[0.9340596780273533, 0.09446449835144466, 0.9453687199297687, 0.4296319873487293, 0.3954576491945416, -0.5678210088392472, 0.9525489095524835, -0.9875394895908203, -0.4940352752331121, -0.13041693519110842, 0.5587658435875049, -0.6046298507994938, 0.7259864711984445, 0.9668013543506255, -0.6723155171906026, 0.19466788786571843, -0.98202780466489, -0.22685743471274122, -0.9116798841370009, 0.9133059354284718, -0.1277067062404047, 0.8979546135631256, 0.5726119718701219, 0.7325785971633969, -0.6536691570081037, -0.850102825973786, 0.2014854427555386, -0.6640556325631923, 0.4667603350211398, -0.18311227969597055, 0.05581764683584067, 0.875143167901884, 0.043392244889916, -0.7836132342255386, -0.6835531856304011, 0.09040530340642561, 0.04880816013694678, 0.2752204882519873, -0.1970091128194542, 0.2996102180386846, -0.20619999419653467, 0.24783222709644614, 0.5348099341802477, -0.6420521799177383, -0.24884846282491524, 0.005066118653868745, 0.3733341598326916, -0.4926407026772337, 0.10948172588511706, 0.24986168812819542, 0.7910023321122921, -0.27429282313374714, 0.2751141460374733, -0.6171071957620733, -0.004411770765388567, -0.6351091908575863, 0.8367660782795254, -0.13635585731754474, 0.6603762041966925, -0.16644739064327485, 0.8093351774867339, -0.19034956537818792, -0.33765099381775454, 0.14427754054549724, 0.6908872981882266, 0.7220286235061439, 0.19137623413666893, -0.8306767779591795, 0.19453321463834983, -0.5090925828337958, 0.46518689717993555, 0.7893025846334776, 0.0294679418262902, 0.20712702072041278, -0.8698643752343853, 0.08014945928561268, -0.7416264326591246, 0.22912569270066396, -0.2726993059103242, 0.5355160686614915, -0.902931727160895, -0.7803637637643119, 0.36804643024725525, 0.029307394167312983, 0.1432827432294983, 0.6874139879813108, -0.024524721700651453, 0.6202888442522898, 0.020487258589880097, 0.8534413864805024, 0.333855543079252, -0.7025463211318861, -0.27089364934848836, 0.7315498318881986, -0.29942957828896866, -0.6219484810876903, -0.0547573816684539, -0.21443765035574014, 0.23785985328818726, -0.12646741612097356, -0.47815568541100895, -0.17505557667448635, -0.16193193089539926, 0.8048437117522818, 0.9592325240809707, 0.24713767881382775, -0.8336317548582777, 0.46599743519199, 0.357370804957968, 0.6520457340504391, -0.3050973265778887, -0.8822398116837538, 0.2236436329105842, -0.751970763373456, 0.5190590583266628, 0.5888466351532844, -0.18274642650020412, 0.8875950117660911, -0.6524404124894483, 0.8851716994539605]",rhc,relu,False,False,100,[10],0.1,100,3
313,13,0.06276760005857795,1.8932420796050442,471.0,100,15,"[0.9340596780273533, 0.09446449835144466, 0.9453687199297687, 0.4296319873487293, 0.3954576491945416, -0.5678210088392472, 0.9525489095524835, -0.9875394895908203, -0.4940352752331121, -0.13041693519110842, 0.5587658435875049, -0.6046298507994938, 0.7259864711984445, 0.9668013543506255, -0.6723155171906026, 0.19466788786571843, -0.98202780466489, -0.22685743471274122, -0.9116798841370009, 0.9133059354284718, -0.1277067062404047, 0.8979546135631256, 0.5726119718701219, 0.7325785971633969, -0.6536691570081037, -0.850102825973786, 0.2014854427555386, -0.6640556325631923, 0.4667603350211398, -0.18311227969597055, 0.05581764683584067, 0.875143167901884, 0.043392244889916, -0.7836132342255386, -0.6835531856304011, 0.09040530340642561, 0.04880816013694678, 0.2752204882519873, -0.1970091128194542, 0.2996102180386846, -0.20619999419653467, 0.24783222709644614, 0.5348099341802477, -0.6420521799177383, -0.24884846282491524, 0.005066118653868745, 0.3733341598326916, -0.4926407026772337, 0.10948172588511706, 0.24986168812819542, 0.7910023321122921, -0.27429282313374714, 0.2751141460374733, -0.6171071957620733, -0.004411770765388567, -0.6351091908575863, 0.8367660782795254, -0.13635585731754474, 0.6603762041966925, -0.16644739064327485, 0.8093351774867339, -0.19034956537818792, -0.33765099381775454, 0.14427754054549724, 0.6908872981882266, 0.7220286235061439, 0.19137623413666893, -0.8306767779591795, 0.19453321463834983, -0.5090925828337958, 0.46518689717993555, 0.7893025846334776, 0.0294679418262902, 0.20712702072041278, -0.8698643752343853, 0.08014945928561268, -0.7416264326591246, 0.22912569270066396, -0.2726993059103242, 0.5355160686614915, -0.902931727160895, -0.7803637637643119, 0.36804643024725525, 0.029307394167312983, 0.1432827432294983, 0.6874139879813108, -0.024524721700651453, 0.6202888442522898, 0.020487258589880097, 0.8534413864805024, 0.333855543079252, -0.7025463211318861, -0.27089364934848836, 0.7315498318881986, -0.29942957828896866, -0.6219484810876903, -0.0547573816684539, -0.21443765035574014, 0.23785985328818726, -0.12646741612097356, -0.47815568541100895, -0.17505557667448635, -0.16193193089539926, 0.8048437117522818, 0.9592325240809707, 0.24713767881382775, -0.8336317548582777, 0.46599743519199, 0.357370804957968, 0.6520457340504391, -0.3050973265778887, -0.8822398116837538, 0.2236436329105842, -0.751970763373456, 0.5190590583266628, 0.5888466351532844, -0.18274642650020412, 0.8875950117660911, -0.6524404124894483, 0.8851716994539605]",rhc,relu,False,False,100,[10],0.1,100,3
314,14,0.06632550002541393,1.8932420796050442,472.0,100,15,"[0.9340596780273533, 0.09446449835144466, 0.9453687199297687, 0.4296319873487293, 0.3954576491945416, -0.5678210088392472, 0.9525489095524835, -0.9875394895908203, -0.4940352752331121, -0.13041693519110842, 0.5587658435875049, -0.6046298507994938, 0.7259864711984445, 0.9668013543506255, -0.6723155171906026, 0.19466788786571843, -0.98202780466489, -0.22685743471274122, -0.9116798841370009, 0.9133059354284718, -0.1277067062404047, 0.8979546135631256, 0.5726119718701219, 0.7325785971633969, -0.6536691570081037, -0.850102825973786, 0.2014854427555386, -0.6640556325631923, 0.4667603350211398, -0.18311227969597055, 0.05581764683584067, 0.875143167901884, 0.043392244889916, -0.7836132342255386, -0.6835531856304011, 0.09040530340642561, 0.04880816013694678, 0.2752204882519873, -0.1970091128194542, 0.2996102180386846, -0.20619999419653467, 0.24783222709644614, 0.5348099341802477, -0.6420521799177383, -0.24884846282491524, 0.005066118653868745, 0.3733341598326916, -0.4926407026772337, 0.10948172588511706, 0.24986168812819542, 0.7910023321122921, -0.27429282313374714, 0.2751141460374733, -0.6171071957620733, -0.004411770765388567, -0.6351091908575863, 0.8367660782795254, -0.13635585731754474, 0.6603762041966925, -0.16644739064327485, 0.8093351774867339, -0.19034956537818792, -0.33765099381775454, 0.14427754054549724, 0.6908872981882266, 0.7220286235061439, 0.19137623413666893, -0.8306767779591795, 0.19453321463834983, -0.5090925828337958, 0.46518689717993555, 0.7893025846334776, 0.0294679418262902, 0.20712702072041278, -0.8698643752343853, 0.08014945928561268, -0.7416264326591246, 0.22912569270066396, -0.2726993059103242, 0.5355160686614915, -0.902931727160895, -0.7803637637643119, 0.36804643024725525, 0.029307394167312983, 0.1432827432294983, 0.6874139879813108, -0.024524721700651453, 0.6202888442522898, 0.020487258589880097, 0.8534413864805024, 0.333855543079252, -0.7025463211318861, -0.27089364934848836, 0.7315498318881986, -0.29942957828896866, -0.6219484810876903, -0.0547573816684539, -0.21443765035574014, 0.23785985328818726, -0.12646741612097356, -0.47815568541100895, -0.17505557667448635, -0.16193193089539926, 0.8048437117522818, 0.9592325240809707, 0.24713767881382775, -0.8336317548582777, 0.46599743519199, 0.357370804957968, 0.6520457340504391, -0.3050973265778887, -0.8822398116837538, 0.2236436329105842, -0.751970763373456, 0.5190590583266628, 0.5888466351532844, -0.18274642650020412, 0.8875950117660911, -0.6524404124894483, 0.8851716994539605]",rhc,relu,False,False,100,[10],0.1,100,3
315,15,0.06922320008743554,1.8932420796050442,473.0,100,15,"[0.9340596780273533, 0.09446449835144466, 0.9453687199297687, 0.4296319873487293, 0.3954576491945416, -0.5678210088392472, 0.9525489095524835, -0.9875394895908203, -0.4940352752331121, -0.13041693519110842, 0.5587658435875049, -0.6046298507994938, 0.7259864711984445, 0.9668013543506255, -0.6723155171906026, 0.19466788786571843, -0.98202780466489, -0.22685743471274122, -0.9116798841370009, 0.9133059354284718, -0.1277067062404047, 0.8979546135631256, 0.5726119718701219, 0.7325785971633969, -0.6536691570081037, -0.850102825973786, 0.2014854427555386, -0.6640556325631923, 0.4667603350211398, -0.18311227969597055, 0.05581764683584067, 0.875143167901884, 0.043392244889916, -0.7836132342255386, -0.6835531856304011, 0.09040530340642561, 0.04880816013694678, 0.2752204882519873, -0.1970091128194542, 0.2996102180386846, -0.20619999419653467, 0.24783222709644614, 0.5348099341802477, -0.6420521799177383, -0.24884846282491524, 0.005066118653868745, 0.3733341598326916, -0.4926407026772337, 0.10948172588511706, 0.24986168812819542, 0.7910023321122921, -0.27429282313374714, 0.2751141460374733, -0.6171071957620733, -0.004411770765388567, -0.6351091908575863, 0.8367660782795254, -0.13635585731754474, 0.6603762041966925, -0.16644739064327485, 0.8093351774867339, -0.19034956537818792, -0.33765099381775454, 0.14427754054549724, 0.6908872981882266, 0.7220286235061439, 0.19137623413666893, -0.8306767779591795, 0.19453321463834983, -0.5090925828337958, 0.46518689717993555, 0.7893025846334776, 0.0294679418262902, 0.20712702072041278, -0.8698643752343853, 0.08014945928561268, -0.7416264326591246, 0.22912569270066396, -0.2726993059103242, 0.5355160686614915, -0.902931727160895, -0.7803637637643119, 0.36804643024725525, 0.029307394167312983, 0.1432827432294983, 0.6874139879813108, -0.024524721700651453, 0.6202888442522898, 0.020487258589880097, 0.8534413864805024, 0.333855543079252, -0.7025463211318861, -0.27089364934848836, 0.7315498318881986, -0.29942957828896866, -0.6219484810876903, -0.0547573816684539, -0.21443765035574014, 0.23785985328818726, -0.12646741612097356, -0.47815568541100895, -0.17505557667448635, -0.16193193089539926, 0.8048437117522818, 0.9592325240809707, 0.24713767881382775, -0.8336317548582777, 0.46599743519199, 0.357370804957968, 0.6520457340504391, -0.3050973265778887, -0.8822398116837538, 0.2236436329105842, -0.751970763373456, 0.5190590583266628, 0.5888466351532844, -0.18274642650020412, 0.8875950117660911, -0.6524404124894483, 0.8851716994539605]",rhc,relu,False,False,100,[10],0.1,100,3
316,16,0.07063110009767115,1.8876017440337398,475.0,100,15,"[0.9340596780273533, 0.09446449835144466, 0.9453687199297687, 0.4296319873487293, 0.3954576491945416, -0.5678210088392472, 0.9525489095524835, -0.9875394895908203, -0.4940352752331121, -0.13041693519110842, 0.5587658435875049, -0.6046298507994938, 0.7259864711984445, 0.9668013543506255, -0.6723155171906026, 0.19466788786571843, -0.98202780466489, -0.22685743471274122, -0.9116798841370009, 0.9133059354284718, -0.1277067062404047, 0.8979546135631256, 0.5726119718701219, 0.7325785971633969, -0.6536691570081037, -0.850102825973786, 0.2014854427555386, -0.6640556325631923, 0.4667603350211398, -0.18311227969597055, 0.05581764683584067, 0.875143167901884, 0.043392244889916, -0.7836132342255386, -0.6835531856304011, 0.09040530340642561, 0.04880816013694678, 0.2752204882519873, -0.1970091128194542, 0.2996102180386846, -0.20619999419653467, 0.24783222709644614, 0.5348099341802477, -0.6420521799177383, -0.24884846282491524, 0.005066118653868745, 0.3733341598326916, -0.4926407026772337, 0.10948172588511706, 0.24986168812819542, 0.7910023321122921, -0.27429282313374714, 0.2751141460374733, -0.6171071957620733, -0.004411770765388567, -0.6351091908575863, 0.8367660782795254, -0.13635585731754474, 0.6603762041966925, -0.16644739064327485, 0.8093351774867339, -0.19034956537818792, -0.33765099381775454, 0.14427754054549724, 0.6908872981882266, 0.7220286235061439, 0.19137623413666893, -0.8306767779591795, 0.19453321463834983, -0.5090925828337958, 0.46518689717993555, 0.7893025846334776, 0.0294679418262902, 0.20712702072041278, -0.8698643752343853, 0.08014945928561268, -0.7416264326591246, 0.22912569270066396, -0.2726993059103242, 0.5355160686614915, -0.902931727160895, -0.7803637637643119, 0.36804643024725525, 0.029307394167312983, 0.1432827432294983, 0.6874139879813108, -0.024524721700651453, 0.6202888442522898, 0.020487258589880097, 0.8534413864805024, 0.333855543079252, -0.7025463211318861, -0.27089364934848836, 0.7315498318881986, -0.29942957828896866, -0.6219484810876903, -0.0547573816684539, -0.21443765035574014, 0.23785985328818726, -0.12646741612097356, -0.47815568541100895, -0.17505557667448635, -0.16193193089539926, 0.8048437117522818, 0.9592325240809707, 0.24713767881382775, -0.8336317548582777, 0.46599743519199, 0.357370804957968, 0.6520457340504391, -0.3050973265778887, -0.8822398116837538, 0.2236436329105842, -0.751970763373456, 0.5190590583266628, 0.5888466351532844, -0.18274642650020412, 0.8875950117660911, -0.6524404124894483, 0.8851716994539605]",rhc,relu,False,False,100,[10],0.1,100,3
317,17,0.07200020004529506,1.8867461470404723,477.0,100,15,"[0.9340596780273533, 0.09446449835144466, 0.9453687199297687, 0.4296319873487293, 0.3954576491945416, -0.5678210088392472, 0.9525489095524835, -0.9875394895908203, -0.4940352752331121, -0.13041693519110842, 0.5587658435875049, -0.6046298507994938, 0.7259864711984445, 0.9668013543506255, -0.6723155171906026, 0.19466788786571843, -0.98202780466489, -0.22685743471274122, -0.9116798841370009, 0.9133059354284718, -0.1277067062404047, 0.8979546135631256, 0.5726119718701219, 0.7325785971633969, -0.6536691570081037, -0.850102825973786, 0.2014854427555386, -0.6640556325631923, 0.4667603350211398, -0.18311227969597055, 0.05581764683584067, 0.875143167901884, 0.043392244889916, -0.7836132342255386, -0.6835531856304011, 0.09040530340642561, 0.04880816013694678, 0.2752204882519873, -0.1970091128194542, 0.2996102180386846, -0.20619999419653467, 0.24783222709644614, 0.5348099341802477, -0.6420521799177383, -0.24884846282491524, 0.005066118653868745, 0.3733341598326916, -0.4926407026772337, 0.10948172588511706, 0.24986168812819542, 0.7910023321122921, -0.27429282313374714, 0.2751141460374733, -0.6171071957620733, -0.004411770765388567, -0.6351091908575863, 0.8367660782795254, -0.13635585731754474, 0.6603762041966925, -0.16644739064327485, 0.8093351774867339, -0.19034956537818792, -0.33765099381775454, 0.14427754054549724, 0.6908872981882266, 0.7220286235061439, 0.19137623413666893, -0.8306767779591795, 0.19453321463834983, -0.5090925828337958, 0.46518689717993555, 0.7893025846334776, 0.0294679418262902, 0.20712702072041278, -0.8698643752343853, 0.08014945928561268, -0.7416264326591246, 0.22912569270066396, -0.2726993059103242, 0.5355160686614915, -0.902931727160895, -0.7803637637643119, 0.36804643024725525, 0.029307394167312983, 0.1432827432294983, 0.6874139879813108, -0.024524721700651453, 0.6202888442522898, 0.020487258589880097, 0.8534413864805024, 0.333855543079252, -0.7025463211318861, -0.27089364934848836, 0.7315498318881986, -0.29942957828896866, -0.6219484810876903, -0.0547573816684539, -0.21443765035574014, 0.23785985328818726, -0.12646741612097356, -0.47815568541100895, -0.17505557667448635, -0.16193193089539926, 0.8048437117522818, 0.9592325240809707, 0.24713767881382775, -0.8336317548582777, 0.46599743519199, 0.357370804957968, 0.6520457340504391, -0.3050973265778887, -0.8822398116837538, 0.2236436329105842, -0.751970763373456, 0.5190590583266628, 0.5888466351532844, -0.18274642650020412, 0.8875950117660911, -0.6524404124894483, 0.8851716994539605]",rhc,relu,False,False,100,[10],0.1,100,3
318,18,0.07342060003429651,1.8840454349243085,479.0,100,15,"[0.9340596780273533, 0.09446449835144466, 0.9453687199297687, 0.4296319873487293, 0.3954576491945416, -0.5678210088392472, 0.9525489095524835, -0.9875394895908203, -0.4940352752331121, -0.13041693519110842, 0.5587658435875049, -0.6046298507994938, 0.7259864711984445, 0.9668013543506255, -0.6723155171906026, 0.19466788786571843, -0.98202780466489, -0.22685743471274122, -0.9116798841370009, 0.9133059354284718, -0.1277067062404047, 0.8979546135631256, 0.5726119718701219, 0.7325785971633969, -0.6536691570081037, -0.850102825973786, 0.2014854427555386, -0.6640556325631923, 0.4667603350211398, -0.18311227969597055, 0.05581764683584067, 0.875143167901884, 0.043392244889916, -0.7836132342255386, -0.6835531856304011, 0.09040530340642561, 0.04880816013694678, 0.2752204882519873, -0.1970091128194542, 0.2996102180386846, -0.20619999419653467, 0.24783222709644614, 0.5348099341802477, -0.6420521799177383, -0.24884846282491524, 0.005066118653868745, 0.3733341598326916, -0.4926407026772337, 0.10948172588511706, 0.24986168812819542, 0.7910023321122921, -0.27429282313374714, 0.2751141460374733, -0.6171071957620733, -0.004411770765388567, -0.6351091908575863, 0.8367660782795254, -0.13635585731754474, 0.6603762041966925, -0.16644739064327485, 0.8093351774867339, -0.19034956537818792, -0.33765099381775454, 0.14427754054549724, 0.6908872981882266, 0.7220286235061439, 0.19137623413666893, -0.8306767779591795, 0.19453321463834983, -0.5090925828337958, 0.46518689717993555, 0.7893025846334776, 0.0294679418262902, 0.20712702072041278, -0.8698643752343853, 0.08014945928561268, -0.7416264326591246, 0.22912569270066396, -0.2726993059103242, 0.5355160686614915, -0.902931727160895, -0.7803637637643119, 0.36804643024725525, 0.029307394167312983, 0.1432827432294983, 0.6874139879813108, -0.024524721700651453, 0.6202888442522898, 0.020487258589880097, 0.8534413864805024, 0.333855543079252, -0.7025463211318861, -0.27089364934848836, 0.7315498318881986, -0.29942957828896866, -0.6219484810876903, -0.0547573816684539, -0.21443765035574014, 0.23785985328818726, -0.12646741612097356, -0.47815568541100895, -0.17505557667448635, -0.16193193089539926, 0.8048437117522818, 0.9592325240809707, 0.24713767881382775, -0.8336317548582777, 0.46599743519199, 0.357370804957968, 0.6520457340504391, -0.3050973265778887, -0.8822398116837538, 0.2236436329105842, -0.751970763373456, 0.5190590583266628, 0.5888466351532844, -0.18274642650020412, 0.8875950117660911, -0.6524404124894483, 0.8851716994539605]",rhc,relu,False,False,100,[10],0.1,100,3
319,19,0.07618380000349134,1.8840454349243085,480.0,100,15,"[0.9340596780273533, 0.09446449835144466, 0.9453687199297687, 0.4296319873487293, 0.3954576491945416, -0.5678210088392472, 0.9525489095524835, -0.9875394895908203, -0.4940352752331121, -0.13041693519110842, 0.5587658435875049, -0.6046298507994938, 0.7259864711984445, 0.9668013543506255, -0.6723155171906026, 0.19466788786571843, -0.98202780466489, -0.22685743471274122, -0.9116798841370009, 0.9133059354284718, -0.1277067062404047, 0.8979546135631256, 0.5726119718701219, 0.7325785971633969, -0.6536691570081037, -0.850102825973786, 0.2014854427555386, -0.6640556325631923, 0.4667603350211398, -0.18311227969597055, 0.05581764683584067, 0.875143167901884, 0.043392244889916, -0.7836132342255386, -0.6835531856304011, 0.09040530340642561, 0.04880816013694678, 0.2752204882519873, -0.1970091128194542, 0.2996102180386846, -0.20619999419653467, 0.24783222709644614, 0.5348099341802477, -0.6420521799177383, -0.24884846282491524, 0.005066118653868745, 0.3733341598326916, -0.4926407026772337, 0.10948172588511706, 0.24986168812819542, 0.7910023321122921, -0.27429282313374714, 0.2751141460374733, -0.6171071957620733, -0.004411770765388567, -0.6351091908575863, 0.8367660782795254, -0.13635585731754474, 0.6603762041966925, -0.16644739064327485, 0.8093351774867339, -0.19034956537818792, -0.33765099381775454, 0.14427754054549724, 0.6908872981882266, 0.7220286235061439, 0.19137623413666893, -0.8306767779591795, 0.19453321463834983, -0.5090925828337958, 0.46518689717993555, 0.7893025846334776, 0.0294679418262902, 0.20712702072041278, -0.8698643752343853, 0.08014945928561268, -0.7416264326591246, 0.22912569270066396, -0.2726993059103242, 0.5355160686614915, -0.902931727160895, -0.7803637637643119, 0.36804643024725525, 0.029307394167312983, 0.1432827432294983, 0.6874139879813108, -0.024524721700651453, 0.6202888442522898, 0.020487258589880097, 0.8534413864805024, 0.333855543079252, -0.7025463211318861, -0.27089364934848836, 0.7315498318881986, -0.29942957828896866, -0.6219484810876903, -0.0547573816684539, -0.21443765035574014, 0.23785985328818726, -0.12646741612097356, -0.47815568541100895, -0.17505557667448635, -0.16193193089539926, 0.8048437117522818, 0.9592325240809707, 0.24713767881382775, -0.8336317548582777, 0.46599743519199, 0.357370804957968, 0.6520457340504391, -0.3050973265778887, -0.8822398116837538, 0.2236436329105842, -0.751970763373456, 0.5190590583266628, 0.5888466351532844, -0.18274642650020412, 0.8875950117660911, -0.6524404124894483, 0.8851716994539605]",rhc,relu,False,False,100,[10],0.1,100,3
320,20,0.07762070000171661,1.8840454349243085,481.0,100,15,"[0.9340596780273533, 0.09446449835144466, 0.9453687199297687, 0.4296319873487293, 0.3954576491945416, -0.5678210088392472, 0.9525489095524835, -0.9875394895908203, -0.4940352752331121, -0.13041693519110842, 0.5587658435875049, -0.6046298507994938, 0.7259864711984445, 0.9668013543506255, -0.6723155171906026, 0.19466788786571843, -0.98202780466489, -0.22685743471274122, -0.9116798841370009, 0.9133059354284718, -0.1277067062404047, 0.8979546135631256, 0.5726119718701219, 0.7325785971633969, -0.6536691570081037, -0.850102825973786, 0.2014854427555386, -0.6640556325631923, 0.4667603350211398, -0.18311227969597055, 0.05581764683584067, 0.875143167901884, 0.043392244889916, -0.7836132342255386, -0.6835531856304011, 0.09040530340642561, 0.04880816013694678, 0.2752204882519873, -0.1970091128194542, 0.2996102180386846, -0.20619999419653467, 0.24783222709644614, 0.5348099341802477, -0.6420521799177383, -0.24884846282491524, 0.005066118653868745, 0.3733341598326916, -0.4926407026772337, 0.10948172588511706, 0.24986168812819542, 0.7910023321122921, -0.27429282313374714, 0.2751141460374733, -0.6171071957620733, -0.004411770765388567, -0.6351091908575863, 0.8367660782795254, -0.13635585731754474, 0.6603762041966925, -0.16644739064327485, 0.8093351774867339, -0.19034956537818792, -0.33765099381775454, 0.14427754054549724, 0.6908872981882266, 0.7220286235061439, 0.19137623413666893, -0.8306767779591795, 0.19453321463834983, -0.5090925828337958, 0.46518689717993555, 0.7893025846334776, 0.0294679418262902, 0.20712702072041278, -0.8698643752343853, 0.08014945928561268, -0.7416264326591246, 0.22912569270066396, -0.2726993059103242, 0.5355160686614915, -0.902931727160895, -0.7803637637643119, 0.36804643024725525, 0.029307394167312983, 0.1432827432294983, 0.6874139879813108, -0.024524721700651453, 0.6202888442522898, 0.020487258589880097, 0.8534413864805024, 0.333855543079252, -0.7025463211318861, -0.27089364934848836, 0.7315498318881986, -0.29942957828896866, -0.6219484810876903, -0.0547573816684539, -0.21443765035574014, 0.23785985328818726, -0.12646741612097356, -0.47815568541100895, -0.17505557667448635, -0.16193193089539926, 0.8048437117522818, 0.9592325240809707, 0.24713767881382775, -0.8336317548582777, 0.46599743519199, 0.357370804957968, 0.6520457340504391, -0.3050973265778887, -0.8822398116837538, 0.2236436329105842, -0.751970763373456, 0.5190590583266628, 0.5888466351532844, -0.18274642650020412, 0.8875950117660911, -0.6524404124894483, 0.8851716994539605]",rhc,relu,False,False,100,[10],0.1,100,3
321,21,0.07905250007752329,1.8840454349243085,482.0,100,15,"[0.9340596780273533, 0.09446449835144466, 0.9453687199297687, 0.4296319873487293, 0.3954576491945416, -0.5678210088392472, 0.9525489095524835, -0.9875394895908203, -0.4940352752331121, -0.13041693519110842, 0.5587658435875049, -0.6046298507994938, 0.7259864711984445, 0.9668013543506255, -0.6723155171906026, 0.19466788786571843, -0.98202780466489, -0.22685743471274122, -0.9116798841370009, 0.9133059354284718, -0.1277067062404047, 0.8979546135631256, 0.5726119718701219, 0.7325785971633969, -0.6536691570081037, -0.850102825973786, 0.2014854427555386, -0.6640556325631923, 0.4667603350211398, -0.18311227969597055, 0.05581764683584067, 0.875143167901884, 0.043392244889916, -0.7836132342255386, -0.6835531856304011, 0.09040530340642561, 0.04880816013694678, 0.2752204882519873, -0.1970091128194542, 0.2996102180386846, -0.20619999419653467, 0.24783222709644614, 0.5348099341802477, -0.6420521799177383, -0.24884846282491524, 0.005066118653868745, 0.3733341598326916, -0.4926407026772337, 0.10948172588511706, 0.24986168812819542, 0.7910023321122921, -0.27429282313374714, 0.2751141460374733, -0.6171071957620733, -0.004411770765388567, -0.6351091908575863, 0.8367660782795254, -0.13635585731754474, 0.6603762041966925, -0.16644739064327485, 0.8093351774867339, -0.19034956537818792, -0.33765099381775454, 0.14427754054549724, 0.6908872981882266, 0.7220286235061439, 0.19137623413666893, -0.8306767779591795, 0.19453321463834983, -0.5090925828337958, 0.46518689717993555, 0.7893025846334776, 0.0294679418262902, 0.20712702072041278, -0.8698643752343853, 0.08014945928561268, -0.7416264326591246, 0.22912569270066396, -0.2726993059103242, 0.5355160686614915, -0.902931727160895, -0.7803637637643119, 0.36804643024725525, 0.029307394167312983, 0.1432827432294983, 0.6874139879813108, -0.024524721700651453, 0.6202888442522898, 0.020487258589880097, 0.8534413864805024, 0.333855543079252, -0.7025463211318861, -0.27089364934848836, 0.7315498318881986, -0.29942957828896866, -0.6219484810876903, -0.0547573816684539, -0.21443765035574014, 0.23785985328818726, -0.12646741612097356, -0.47815568541100895, -0.17505557667448635, -0.16193193089539926, 0.8048437117522818, 0.9592325240809707, 0.24713767881382775, -0.8336317548582777, 0.46599743519199, 0.357370804957968, 0.6520457340504391, -0.3050973265778887, -0.8822398116837538, 0.2236436329105842, -0.751970763373456, 0.5190590583266628, 0.5888466351532844, -0.18274642650020412, 0.8875950117660911, -0.6524404124894483, 0.8851716994539605]",rhc,relu,False,False,100,[10],0.1,100,3
322,22,0.08195150003302842,1.8800732967306333,484.0,100,15,"[0.9340596780273533, 0.09446449835144466, 0.9453687199297687, 0.4296319873487293, 0.3954576491945416, -0.5678210088392472, 0.9525489095524835, -0.9875394895908203, -0.4940352752331121, -0.13041693519110842, 0.5587658435875049, -0.6046298507994938, 0.7259864711984445, 0.9668013543506255, -0.6723155171906026, 0.19466788786571843, -0.98202780466489, -0.22685743471274122, -0.9116798841370009, 0.9133059354284718, -0.1277067062404047, 0.8979546135631256, 0.5726119718701219, 0.7325785971633969, -0.6536691570081037, -0.850102825973786, 0.2014854427555386, -0.6640556325631923, 0.4667603350211398, -0.18311227969597055, 0.05581764683584067, 0.875143167901884, 0.043392244889916, -0.7836132342255386, -0.6835531856304011, 0.09040530340642561, 0.04880816013694678, 0.2752204882519873, -0.1970091128194542, 0.2996102180386846, -0.20619999419653467, 0.24783222709644614, 0.5348099341802477, -0.6420521799177383, -0.24884846282491524, 0.005066118653868745, 0.3733341598326916, -0.4926407026772337, 0.10948172588511706, 0.24986168812819542, 0.7910023321122921, -0.27429282313374714, 0.2751141460374733, -0.6171071957620733, -0.004411770765388567, -0.6351091908575863, 0.8367660782795254, -0.13635585731754474, 0.6603762041966925, -0.16644739064327485, 0.8093351774867339, -0.19034956537818792, -0.33765099381775454, 0.14427754054549724, 0.6908872981882266, 0.7220286235061439, 0.19137623413666893, -0.8306767779591795, 0.19453321463834983, -0.5090925828337958, 0.46518689717993555, 0.7893025846334776, 0.0294679418262902, 0.20712702072041278, -0.8698643752343853, 0.08014945928561268, -0.7416264326591246, 0.22912569270066396, -0.2726993059103242, 0.5355160686614915, -0.902931727160895, -0.7803637637643119, 0.36804643024725525, 0.029307394167312983, 0.1432827432294983, 0.6874139879813108, -0.024524721700651453, 0.6202888442522898, 0.020487258589880097, 0.8534413864805024, 0.333855543079252, -0.7025463211318861, -0.27089364934848836, 0.7315498318881986, -0.29942957828896866, -0.6219484810876903, -0.0547573816684539, -0.21443765035574014, 0.23785985328818726, -0.12646741612097356, -0.47815568541100895, -0.17505557667448635, -0.16193193089539926, 0.8048437117522818, 0.9592325240809707, 0.24713767881382775, -0.8336317548582777, 0.46599743519199, 0.357370804957968, 0.6520457340504391, -0.3050973265778887, -0.8822398116837538, 0.2236436329105842, -0.751970763373456, 0.5190590583266628, 0.5888466351532844, -0.18274642650020412, 0.8875950117660911, -0.6524404124894483, 0.8851716994539605]",rhc,relu,False,False,100,[10],0.1,100,3
323,23,0.08453910006210208,1.878153139115437,486.0,100,15,"[0.9340596780273533, 0.09446449835144466, 0.9453687199297687, 0.4296319873487293, 0.3954576491945416, -0.5678210088392472, 0.9525489095524835, -0.9875394895908203, -0.4940352752331121, -0.13041693519110842, 0.5587658435875049, -0.6046298507994938, 0.7259864711984445, 0.9668013543506255, -0.6723155171906026, 0.19466788786571843, -0.98202780466489, -0.22685743471274122, -0.9116798841370009, 0.9133059354284718, -0.1277067062404047, 0.8979546135631256, 0.5726119718701219, 0.7325785971633969, -0.6536691570081037, -0.850102825973786, 0.2014854427555386, -0.6640556325631923, 0.4667603350211398, -0.18311227969597055, 0.05581764683584067, 0.875143167901884, 0.043392244889916, -0.7836132342255386, -0.6835531856304011, 0.09040530340642561, 0.04880816013694678, 0.2752204882519873, -0.1970091128194542, 0.2996102180386846, -0.20619999419653467, 0.24783222709644614, 0.5348099341802477, -0.6420521799177383, -0.24884846282491524, 0.005066118653868745, 0.3733341598326916, -0.4926407026772337, 0.10948172588511706, 0.24986168812819542, 0.7910023321122921, -0.27429282313374714, 0.2751141460374733, -0.6171071957620733, -0.004411770765388567, -0.6351091908575863, 0.8367660782795254, -0.13635585731754474, 0.6603762041966925, -0.16644739064327485, 0.8093351774867339, -0.19034956537818792, -0.33765099381775454, 0.14427754054549724, 0.6908872981882266, 0.7220286235061439, 0.19137623413666893, -0.8306767779591795, 0.19453321463834983, -0.5090925828337958, 0.46518689717993555, 0.7893025846334776, 0.0294679418262902, 0.20712702072041278, -0.8698643752343853, 0.08014945928561268, -0.7416264326591246, 0.22912569270066396, -0.2726993059103242, 0.5355160686614915, -0.902931727160895, -0.7803637637643119, 0.36804643024725525, 0.029307394167312983, 0.1432827432294983, 0.6874139879813108, -0.024524721700651453, 0.6202888442522898, 0.020487258589880097, 0.8534413864805024, 0.333855543079252, -0.7025463211318861, -0.27089364934848836, 0.7315498318881986, -0.29942957828896866, -0.6219484810876903, -0.0547573816684539, -0.21443765035574014, 0.23785985328818726, -0.12646741612097356, -0.47815568541100895, -0.17505557667448635, -0.16193193089539926, 0.8048437117522818, 0.9592325240809707, 0.24713767881382775, -0.8336317548582777, 0.46599743519199, 0.357370804957968, 0.6520457340504391, -0.3050973265778887, -0.8822398116837538, 0.2236436329105842, -0.751970763373456, 0.5190590583266628, 0.5888466351532844, -0.18274642650020412, 0.8875950117660911, -0.6524404124894483, 0.8851716994539605]",rhc,relu,False,False,100,[10],0.1,100,3
324,24,0.08600310003384948,1.878153139115437,487.0,100,15,"[0.9340596780273533, 0.09446449835144466, 0.9453687199297687, 0.4296319873487293, 0.3954576491945416, -0.5678210088392472, 0.9525489095524835, -0.9875394895908203, -0.4940352752331121, -0.13041693519110842, 0.5587658435875049, -0.6046298507994938, 0.7259864711984445, 0.9668013543506255, -0.6723155171906026, 0.19466788786571843, -0.98202780466489, -0.22685743471274122, -0.9116798841370009, 0.9133059354284718, -0.1277067062404047, 0.8979546135631256, 0.5726119718701219, 0.7325785971633969, -0.6536691570081037, -0.850102825973786, 0.2014854427555386, -0.6640556325631923, 0.4667603350211398, -0.18311227969597055, 0.05581764683584067, 0.875143167901884, 0.043392244889916, -0.7836132342255386, -0.6835531856304011, 0.09040530340642561, 0.04880816013694678, 0.2752204882519873, -0.1970091128194542, 0.2996102180386846, -0.20619999419653467, 0.24783222709644614, 0.5348099341802477, -0.6420521799177383, -0.24884846282491524, 0.005066118653868745, 0.3733341598326916, -0.4926407026772337, 0.10948172588511706, 0.24986168812819542, 0.7910023321122921, -0.27429282313374714, 0.2751141460374733, -0.6171071957620733, -0.004411770765388567, -0.6351091908575863, 0.8367660782795254, -0.13635585731754474, 0.6603762041966925, -0.16644739064327485, 0.8093351774867339, -0.19034956537818792, -0.33765099381775454, 0.14427754054549724, 0.6908872981882266, 0.7220286235061439, 0.19137623413666893, -0.8306767779591795, 0.19453321463834983, -0.5090925828337958, 0.46518689717993555, 0.7893025846334776, 0.0294679418262902, 0.20712702072041278, -0.8698643752343853, 0.08014945928561268, -0.7416264326591246, 0.22912569270066396, -0.2726993059103242, 0.5355160686614915, -0.902931727160895, -0.7803637637643119, 0.36804643024725525, 0.029307394167312983, 0.1432827432294983, 0.6874139879813108, -0.024524721700651453, 0.6202888442522898, 0.020487258589880097, 0.8534413864805024, 0.333855543079252, -0.7025463211318861, -0.27089364934848836, 0.7315498318881986, -0.29942957828896866, -0.6219484810876903, -0.0547573816684539, -0.21443765035574014, 0.23785985328818726, -0.12646741612097356, -0.47815568541100895, -0.17505557667448635, -0.16193193089539926, 0.8048437117522818, 0.9592325240809707, 0.24713767881382775, -0.8336317548582777, 0.46599743519199, 0.357370804957968, 0.6520457340504391, -0.3050973265778887, -0.8822398116837538, 0.2236436329105842, -0.751970763373456, 0.5190590583266628, 0.5888466351532844, -0.18274642650020412, 0.8875950117660911, -0.6524404124894483, 0.8851716994539605]",rhc,relu,False,False,100,[10],0.1,100,3
325,25,0.08905609999783337,1.878153139115437,488.0,100,15,"[0.9340596780273533, 0.09446449835144466, 0.9453687199297687, 0.4296319873487293, 0.3954576491945416, -0.5678210088392472, 0.9525489095524835, -0.9875394895908203, -0.4940352752331121, -0.13041693519110842, 0.5587658435875049, -0.6046298507994938, 0.7259864711984445, 0.9668013543506255, -0.6723155171906026, 0.19466788786571843, -0.98202780466489, -0.22685743471274122, -0.9116798841370009, 0.9133059354284718, -0.1277067062404047, 0.8979546135631256, 0.5726119718701219, 0.7325785971633969, -0.6536691570081037, -0.850102825973786, 0.2014854427555386, -0.6640556325631923, 0.4667603350211398, -0.18311227969597055, 0.05581764683584067, 0.875143167901884, 0.043392244889916, -0.7836132342255386, -0.6835531856304011, 0.09040530340642561, 0.04880816013694678, 0.2752204882519873, -0.1970091128194542, 0.2996102180386846, -0.20619999419653467, 0.24783222709644614, 0.5348099341802477, -0.6420521799177383, -0.24884846282491524, 0.005066118653868745, 0.3733341598326916, -0.4926407026772337, 0.10948172588511706, 0.24986168812819542, 0.7910023321122921, -0.27429282313374714, 0.2751141460374733, -0.6171071957620733, -0.004411770765388567, -0.6351091908575863, 0.8367660782795254, -0.13635585731754474, 0.6603762041966925, -0.16644739064327485, 0.8093351774867339, -0.19034956537818792, -0.33765099381775454, 0.14427754054549724, 0.6908872981882266, 0.7220286235061439, 0.19137623413666893, -0.8306767779591795, 0.19453321463834983, -0.5090925828337958, 0.46518689717993555, 0.7893025846334776, 0.0294679418262902, 0.20712702072041278, -0.8698643752343853, 0.08014945928561268, -0.7416264326591246, 0.22912569270066396, -0.2726993059103242, 0.5355160686614915, -0.902931727160895, -0.7803637637643119, 0.36804643024725525, 0.029307394167312983, 0.1432827432294983, 0.6874139879813108, -0.024524721700651453, 0.6202888442522898, 0.020487258589880097, 0.8534413864805024, 0.333855543079252, -0.7025463211318861, -0.27089364934848836, 0.7315498318881986, -0.29942957828896866, -0.6219484810876903, -0.0547573816684539, -0.21443765035574014, 0.23785985328818726, -0.12646741612097356, -0.47815568541100895, -0.17505557667448635, -0.16193193089539926, 0.8048437117522818, 0.9592325240809707, 0.24713767881382775, -0.8336317548582777, 0.46599743519199, 0.357370804957968, 0.6520457340504391, -0.3050973265778887, -0.8822398116837538, 0.2236436329105842, -0.751970763373456, 0.5190590583266628, 0.5888466351532844, -0.18274642650020412, 0.8875950117660911, -0.6524404124894483, 0.8851716994539605]",rhc,relu,False,False,100,[10],0.1,100,3
326,26,0.09043240000028163,1.878153139115437,489.0,100,15,"[0.9340596780273533, 0.09446449835144466, 0.9453687199297687, 0.4296319873487293, 0.3954576491945416, -0.5678210088392472, 0.9525489095524835, -0.9875394895908203, -0.4940352752331121, -0.13041693519110842, 0.5587658435875049, -0.6046298507994938, 0.7259864711984445, 0.9668013543506255, -0.6723155171906026, 0.19466788786571843, -0.98202780466489, -0.22685743471274122, -0.9116798841370009, 0.9133059354284718, -0.1277067062404047, 0.8979546135631256, 0.5726119718701219, 0.7325785971633969, -0.6536691570081037, -0.850102825973786, 0.2014854427555386, -0.6640556325631923, 0.4667603350211398, -0.18311227969597055, 0.05581764683584067, 0.875143167901884, 0.043392244889916, -0.7836132342255386, -0.6835531856304011, 0.09040530340642561, 0.04880816013694678, 0.2752204882519873, -0.1970091128194542, 0.2996102180386846, -0.20619999419653467, 0.24783222709644614, 0.5348099341802477, -0.6420521799177383, -0.24884846282491524, 0.005066118653868745, 0.3733341598326916, -0.4926407026772337, 0.10948172588511706, 0.24986168812819542, 0.7910023321122921, -0.27429282313374714, 0.2751141460374733, -0.6171071957620733, -0.004411770765388567, -0.6351091908575863, 0.8367660782795254, -0.13635585731754474, 0.6603762041966925, -0.16644739064327485, 0.8093351774867339, -0.19034956537818792, -0.33765099381775454, 0.14427754054549724, 0.6908872981882266, 0.7220286235061439, 0.19137623413666893, -0.8306767779591795, 0.19453321463834983, -0.5090925828337958, 0.46518689717993555, 0.7893025846334776, 0.0294679418262902, 0.20712702072041278, -0.8698643752343853, 0.08014945928561268, -0.7416264326591246, 0.22912569270066396, -0.2726993059103242, 0.5355160686614915, -0.902931727160895, -0.7803637637643119, 0.36804643024725525, 0.029307394167312983, 0.1432827432294983, 0.6874139879813108, -0.024524721700651453, 0.6202888442522898, 0.020487258589880097, 0.8534413864805024, 0.333855543079252, -0.7025463211318861, -0.27089364934848836, 0.7315498318881986, -0.29942957828896866, -0.6219484810876903, -0.0547573816684539, -0.21443765035574014, 0.23785985328818726, -0.12646741612097356, -0.47815568541100895, -0.17505557667448635, -0.16193193089539926, 0.8048437117522818, 0.9592325240809707, 0.24713767881382775, -0.8336317548582777, 0.46599743519199, 0.357370804957968, 0.6520457340504391, -0.3050973265778887, -0.8822398116837538, 0.2236436329105842, -0.751970763373456, 0.5190590583266628, 0.5888466351532844, -0.18274642650020412, 0.8875950117660911, -0.6524404124894483, 0.8851716994539605]",rhc,relu,False,False,100,[10],0.1,100,3
327,27,0.09306690003722906,1.878153139115437,490.0,100,15,"[0.9340596780273533, 0.09446449835144466, 0.9453687199297687, 0.4296319873487293, 0.3954576491945416, -0.5678210088392472, 0.9525489095524835, -0.9875394895908203, -0.4940352752331121, -0.13041693519110842, 0.5587658435875049, -0.6046298507994938, 0.7259864711984445, 0.9668013543506255, -0.6723155171906026, 0.19466788786571843, -0.98202780466489, -0.22685743471274122, -0.9116798841370009, 0.9133059354284718, -0.1277067062404047, 0.8979546135631256, 0.5726119718701219, 0.7325785971633969, -0.6536691570081037, -0.850102825973786, 0.2014854427555386, -0.6640556325631923, 0.4667603350211398, -0.18311227969597055, 0.05581764683584067, 0.875143167901884, 0.043392244889916, -0.7836132342255386, -0.6835531856304011, 0.09040530340642561, 0.04880816013694678, 0.2752204882519873, -0.1970091128194542, 0.2996102180386846, -0.20619999419653467, 0.24783222709644614, 0.5348099341802477, -0.6420521799177383, -0.24884846282491524, 0.005066118653868745, 0.3733341598326916, -0.4926407026772337, 0.10948172588511706, 0.24986168812819542, 0.7910023321122921, -0.27429282313374714, 0.2751141460374733, -0.6171071957620733, -0.004411770765388567, -0.6351091908575863, 0.8367660782795254, -0.13635585731754474, 0.6603762041966925, -0.16644739064327485, 0.8093351774867339, -0.19034956537818792, -0.33765099381775454, 0.14427754054549724, 0.6908872981882266, 0.7220286235061439, 0.19137623413666893, -0.8306767779591795, 0.19453321463834983, -0.5090925828337958, 0.46518689717993555, 0.7893025846334776, 0.0294679418262902, 0.20712702072041278, -0.8698643752343853, 0.08014945928561268, -0.7416264326591246, 0.22912569270066396, -0.2726993059103242, 0.5355160686614915, -0.902931727160895, -0.7803637637643119, 0.36804643024725525, 0.029307394167312983, 0.1432827432294983, 0.6874139879813108, -0.024524721700651453, 0.6202888442522898, 0.020487258589880097, 0.8534413864805024, 0.333855543079252, -0.7025463211318861, -0.27089364934848836, 0.7315498318881986, -0.29942957828896866, -0.6219484810876903, -0.0547573816684539, -0.21443765035574014, 0.23785985328818726, -0.12646741612097356, -0.47815568541100895, -0.17505557667448635, -0.16193193089539926, 0.8048437117522818, 0.9592325240809707, 0.24713767881382775, -0.8336317548582777, 0.46599743519199, 0.357370804957968, 0.6520457340504391, -0.3050973265778887, -0.8822398116837538, 0.2236436329105842, -0.751970763373456, 0.5190590583266628, 0.5888466351532844, -0.18274642650020412, 0.8875950117660911, -0.6524404124894483, 0.8851716994539605]",rhc,relu,False,False,100,[10],0.1,100,3
328,28,0.0945393000729382,1.878153139115437,491.0,100,15,"[0.9340596780273533, 0.09446449835144466, 0.9453687199297687, 0.4296319873487293, 0.3954576491945416, -0.5678210088392472, 0.9525489095524835, -0.9875394895908203, -0.4940352752331121, -0.13041693519110842, 0.5587658435875049, -0.6046298507994938, 0.7259864711984445, 0.9668013543506255, -0.6723155171906026, 0.19466788786571843, -0.98202780466489, -0.22685743471274122, -0.9116798841370009, 0.9133059354284718, -0.1277067062404047, 0.8979546135631256, 0.5726119718701219, 0.7325785971633969, -0.6536691570081037, -0.850102825973786, 0.2014854427555386, -0.6640556325631923, 0.4667603350211398, -0.18311227969597055, 0.05581764683584067, 0.875143167901884, 0.043392244889916, -0.7836132342255386, -0.6835531856304011, 0.09040530340642561, 0.04880816013694678, 0.2752204882519873, -0.1970091128194542, 0.2996102180386846, -0.20619999419653467, 0.24783222709644614, 0.5348099341802477, -0.6420521799177383, -0.24884846282491524, 0.005066118653868745, 0.3733341598326916, -0.4926407026772337, 0.10948172588511706, 0.24986168812819542, 0.7910023321122921, -0.27429282313374714, 0.2751141460374733, -0.6171071957620733, -0.004411770765388567, -0.6351091908575863, 0.8367660782795254, -0.13635585731754474, 0.6603762041966925, -0.16644739064327485, 0.8093351774867339, -0.19034956537818792, -0.33765099381775454, 0.14427754054549724, 0.6908872981882266, 0.7220286235061439, 0.19137623413666893, -0.8306767779591795, 0.19453321463834983, -0.5090925828337958, 0.46518689717993555, 0.7893025846334776, 0.0294679418262902, 0.20712702072041278, -0.8698643752343853, 0.08014945928561268, -0.7416264326591246, 0.22912569270066396, -0.2726993059103242, 0.5355160686614915, -0.902931727160895, -0.7803637637643119, 0.36804643024725525, 0.029307394167312983, 0.1432827432294983, 0.6874139879813108, -0.024524721700651453, 0.6202888442522898, 0.020487258589880097, 0.8534413864805024, 0.333855543079252, -0.7025463211318861, -0.27089364934848836, 0.7315498318881986, -0.29942957828896866, -0.6219484810876903, -0.0547573816684539, -0.21443765035574014, 0.23785985328818726, -0.12646741612097356, -0.47815568541100895, -0.17505557667448635, -0.16193193089539926, 0.8048437117522818, 0.9592325240809707, 0.24713767881382775, -0.8336317548582777, 0.46599743519199, 0.357370804957968, 0.6520457340504391, -0.3050973265778887, -0.8822398116837538, 0.2236436329105842, -0.751970763373456, 0.5190590583266628, 0.5888466351532844, -0.18274642650020412, 0.8875950117660911, -0.6524404124894483, 0.8851716994539605]",rhc,relu,False,False,100,[10],0.1,100,3
329,29,0.09622690000105649,1.878153139115437,492.0,100,15,"[0.9340596780273533, 0.09446449835144466, 0.9453687199297687, 0.4296319873487293, 0.3954576491945416, -0.5678210088392472, 0.9525489095524835, -0.9875394895908203, -0.4940352752331121, -0.13041693519110842, 0.5587658435875049, -0.6046298507994938, 0.7259864711984445, 0.9668013543506255, -0.6723155171906026, 0.19466788786571843, -0.98202780466489, -0.22685743471274122, -0.9116798841370009, 0.9133059354284718, -0.1277067062404047, 0.8979546135631256, 0.5726119718701219, 0.7325785971633969, -0.6536691570081037, -0.850102825973786, 0.2014854427555386, -0.6640556325631923, 0.4667603350211398, -0.18311227969597055, 0.05581764683584067, 0.875143167901884, 0.043392244889916, -0.7836132342255386, -0.6835531856304011, 0.09040530340642561, 0.04880816013694678, 0.2752204882519873, -0.1970091128194542, 0.2996102180386846, -0.20619999419653467, 0.24783222709644614, 0.5348099341802477, -0.6420521799177383, -0.24884846282491524, 0.005066118653868745, 0.3733341598326916, -0.4926407026772337, 0.10948172588511706, 0.24986168812819542, 0.7910023321122921, -0.27429282313374714, 0.2751141460374733, -0.6171071957620733, -0.004411770765388567, -0.6351091908575863, 0.8367660782795254, -0.13635585731754474, 0.6603762041966925, -0.16644739064327485, 0.8093351774867339, -0.19034956537818792, -0.33765099381775454, 0.14427754054549724, 0.6908872981882266, 0.7220286235061439, 0.19137623413666893, -0.8306767779591795, 0.19453321463834983, -0.5090925828337958, 0.46518689717993555, 0.7893025846334776, 0.0294679418262902, 0.20712702072041278, -0.8698643752343853, 0.08014945928561268, -0.7416264326591246, 0.22912569270066396, -0.2726993059103242, 0.5355160686614915, -0.902931727160895, -0.7803637637643119, 0.36804643024725525, 0.029307394167312983, 0.1432827432294983, 0.6874139879813108, -0.024524721700651453, 0.6202888442522898, 0.020487258589880097, 0.8534413864805024, 0.333855543079252, -0.7025463211318861, -0.27089364934848836, 0.7315498318881986, -0.29942957828896866, -0.6219484810876903, -0.0547573816684539, -0.21443765035574014, 0.23785985328818726, -0.12646741612097356, -0.47815568541100895, -0.17505557667448635, -0.16193193089539926, 0.8048437117522818, 0.9592325240809707, 0.24713767881382775, -0.8336317548582777, 0.46599743519199, 0.357370804957968, 0.6520457340504391, -0.3050973265778887, -0.8822398116837538, 0.2236436329105842, -0.751970763373456, 0.5190590583266628, 0.5888466351532844, -0.18274642650020412, 0.8875950117660911, -0.6524404124894483, 0.8851716994539605]",rhc,relu,False,False,100,[10],0.1,100,3
330,30,0.09977780003100634,1.877640611204445,494.0,100,15,"[0.9340596780273533, 0.09446449835144466, 0.9453687199297687, 0.4296319873487293, 0.3954576491945416, -0.5678210088392472, 0.9525489095524835, -0.9875394895908203, -0.4940352752331121, -0.13041693519110842, 0.5587658435875049, -0.6046298507994938, 0.7259864711984445, 0.9668013543506255, -0.6723155171906026, 0.19466788786571843, -0.98202780466489, -0.22685743471274122, -0.9116798841370009, 0.9133059354284718, -0.1277067062404047, 0.8979546135631256, 0.5726119718701219, 0.7325785971633969, -0.6536691570081037, -0.850102825973786, 0.2014854427555386, -0.6640556325631923, 0.4667603350211398, -0.18311227969597055, 0.05581764683584067, 0.875143167901884, 0.043392244889916, -0.7836132342255386, -0.6835531856304011, 0.09040530340642561, 0.04880816013694678, 0.2752204882519873, -0.1970091128194542, 0.2996102180386846, -0.20619999419653467, 0.24783222709644614, 0.5348099341802477, -0.6420521799177383, -0.24884846282491524, 0.005066118653868745, 0.3733341598326916, -0.4926407026772337, 0.10948172588511706, 0.24986168812819542, 0.7910023321122921, -0.27429282313374714, 0.2751141460374733, -0.6171071957620733, -0.004411770765388567, -0.6351091908575863, 0.8367660782795254, -0.13635585731754474, 0.6603762041966925, -0.16644739064327485, 0.8093351774867339, -0.19034956537818792, -0.33765099381775454, 0.14427754054549724, 0.6908872981882266, 0.7220286235061439, 0.19137623413666893, -0.8306767779591795, 0.19453321463834983, -0.5090925828337958, 0.46518689717993555, 0.7893025846334776, 0.0294679418262902, 0.20712702072041278, -0.8698643752343853, 0.08014945928561268, -0.7416264326591246, 0.22912569270066396, -0.2726993059103242, 0.5355160686614915, -0.902931727160895, -0.7803637637643119, 0.36804643024725525, 0.029307394167312983, 0.1432827432294983, 0.6874139879813108, -0.024524721700651453, 0.6202888442522898, 0.020487258589880097, 0.8534413864805024, 0.333855543079252, -0.7025463211318861, -0.27089364934848836, 0.7315498318881986, -0.29942957828896866, -0.6219484810876903, -0.0547573816684539, -0.21443765035574014, 0.23785985328818726, -0.12646741612097356, -0.47815568541100895, -0.17505557667448635, -0.16193193089539926, 0.8048437117522818, 0.9592325240809707, 0.24713767881382775, -0.8336317548582777, 0.46599743519199, 0.357370804957968, 0.6520457340504391, -0.3050973265778887, -0.8822398116837538, 0.2236436329105842, -0.751970763373456, 0.5190590583266628, 0.5888466351532844, -0.18274642650020412, 0.8875950117660911, -0.6524404124894483, 0.8851716994539605]",rhc,relu,False,False,100,[10],0.1,100,3
331,31,0.10406230005901307,1.877640611204445,495.0,100,15,"[0.9340596780273533, 0.09446449835144466, 0.9453687199297687, 0.4296319873487293, 0.3954576491945416, -0.5678210088392472, 0.9525489095524835, -0.9875394895908203, -0.4940352752331121, -0.13041693519110842, 0.5587658435875049, -0.6046298507994938, 0.7259864711984445, 0.9668013543506255, -0.6723155171906026, 0.19466788786571843, -0.98202780466489, -0.22685743471274122, -0.9116798841370009, 0.9133059354284718, -0.1277067062404047, 0.8979546135631256, 0.5726119718701219, 0.7325785971633969, -0.6536691570081037, -0.850102825973786, 0.2014854427555386, -0.6640556325631923, 0.4667603350211398, -0.18311227969597055, 0.05581764683584067, 0.875143167901884, 0.043392244889916, -0.7836132342255386, -0.6835531856304011, 0.09040530340642561, 0.04880816013694678, 0.2752204882519873, -0.1970091128194542, 0.2996102180386846, -0.20619999419653467, 0.24783222709644614, 0.5348099341802477, -0.6420521799177383, -0.24884846282491524, 0.005066118653868745, 0.3733341598326916, -0.4926407026772337, 0.10948172588511706, 0.24986168812819542, 0.7910023321122921, -0.27429282313374714, 0.2751141460374733, -0.6171071957620733, -0.004411770765388567, -0.6351091908575863, 0.8367660782795254, -0.13635585731754474, 0.6603762041966925, -0.16644739064327485, 0.8093351774867339, -0.19034956537818792, -0.33765099381775454, 0.14427754054549724, 0.6908872981882266, 0.7220286235061439, 0.19137623413666893, -0.8306767779591795, 0.19453321463834983, -0.5090925828337958, 0.46518689717993555, 0.7893025846334776, 0.0294679418262902, 0.20712702072041278, -0.8698643752343853, 0.08014945928561268, -0.7416264326591246, 0.22912569270066396, -0.2726993059103242, 0.5355160686614915, -0.902931727160895, -0.7803637637643119, 0.36804643024725525, 0.029307394167312983, 0.1432827432294983, 0.6874139879813108, -0.024524721700651453, 0.6202888442522898, 0.020487258589880097, 0.8534413864805024, 0.333855543079252, -0.7025463211318861, -0.27089364934848836, 0.7315498318881986, -0.29942957828896866, -0.6219484810876903, -0.0547573816684539, -0.21443765035574014, 0.23785985328818726, -0.12646741612097356, -0.47815568541100895, -0.17505557667448635, -0.16193193089539926, 0.8048437117522818, 0.9592325240809707, 0.24713767881382775, -0.8336317548582777, 0.46599743519199, 0.357370804957968, 0.6520457340504391, -0.3050973265778887, -0.8822398116837538, 0.2236436329105842, -0.751970763373456, 0.5190590583266628, 0.5888466351532844, -0.18274642650020412, 0.8875950117660911, -0.6524404124894483, 0.8851716994539605]",rhc,relu,False,False,100,[10],0.1,100,3
332,32,0.1062065000878647,1.877640611204445,496.0,100,15,"[0.9340596780273533, 0.09446449835144466, 0.9453687199297687, 0.4296319873487293, 0.3954576491945416, -0.5678210088392472, 0.9525489095524835, -0.9875394895908203, -0.4940352752331121, -0.13041693519110842, 0.5587658435875049, -0.6046298507994938, 0.7259864711984445, 0.9668013543506255, -0.6723155171906026, 0.19466788786571843, -0.98202780466489, -0.22685743471274122, -0.9116798841370009, 0.9133059354284718, -0.1277067062404047, 0.8979546135631256, 0.5726119718701219, 0.7325785971633969, -0.6536691570081037, -0.850102825973786, 0.2014854427555386, -0.6640556325631923, 0.4667603350211398, -0.18311227969597055, 0.05581764683584067, 0.875143167901884, 0.043392244889916, -0.7836132342255386, -0.6835531856304011, 0.09040530340642561, 0.04880816013694678, 0.2752204882519873, -0.1970091128194542, 0.2996102180386846, -0.20619999419653467, 0.24783222709644614, 0.5348099341802477, -0.6420521799177383, -0.24884846282491524, 0.005066118653868745, 0.3733341598326916, -0.4926407026772337, 0.10948172588511706, 0.24986168812819542, 0.7910023321122921, -0.27429282313374714, 0.2751141460374733, -0.6171071957620733, -0.004411770765388567, -0.6351091908575863, 0.8367660782795254, -0.13635585731754474, 0.6603762041966925, -0.16644739064327485, 0.8093351774867339, -0.19034956537818792, -0.33765099381775454, 0.14427754054549724, 0.6908872981882266, 0.7220286235061439, 0.19137623413666893, -0.8306767779591795, 0.19453321463834983, -0.5090925828337958, 0.46518689717993555, 0.7893025846334776, 0.0294679418262902, 0.20712702072041278, -0.8698643752343853, 0.08014945928561268, -0.7416264326591246, 0.22912569270066396, -0.2726993059103242, 0.5355160686614915, -0.902931727160895, -0.7803637637643119, 0.36804643024725525, 0.029307394167312983, 0.1432827432294983, 0.6874139879813108, -0.024524721700651453, 0.6202888442522898, 0.020487258589880097, 0.8534413864805024, 0.333855543079252, -0.7025463211318861, -0.27089364934848836, 0.7315498318881986, -0.29942957828896866, -0.6219484810876903, -0.0547573816684539, -0.21443765035574014, 0.23785985328818726, -0.12646741612097356, -0.47815568541100895, -0.17505557667448635, -0.16193193089539926, 0.8048437117522818, 0.9592325240809707, 0.24713767881382775, -0.8336317548582777, 0.46599743519199, 0.357370804957968, 0.6520457340504391, -0.3050973265778887, -0.8822398116837538, 0.2236436329105842, -0.751970763373456, 0.5190590583266628, 0.5888466351532844, -0.18274642650020412, 0.8875950117660911, -0.6524404124894483, 0.8851716994539605]",rhc,relu,False,False,100,[10],0.1,100,3
333,33,0.10762970009818673,1.8561460085120942,498.0,100,15,"[0.9340596780273533, 0.09446449835144466, 0.9453687199297687, 0.4296319873487293, 0.3954576491945416, -0.5678210088392472, 0.9525489095524835, -0.9875394895908203, -0.4940352752331121, -0.13041693519110842, 0.5587658435875049, -0.6046298507994938, 0.7259864711984445, 0.9668013543506255, -0.6723155171906026, 0.19466788786571843, -0.98202780466489, -0.22685743471274122, -0.9116798841370009, 0.9133059354284718, -0.1277067062404047, 0.8979546135631256, 0.5726119718701219, 0.7325785971633969, -0.6536691570081037, -0.850102825973786, 0.2014854427555386, -0.6640556325631923, 0.4667603350211398, -0.18311227969597055, 0.05581764683584067, 0.875143167901884, 0.043392244889916, -0.7836132342255386, -0.6835531856304011, 0.09040530340642561, 0.04880816013694678, 0.2752204882519873, -0.1970091128194542, 0.2996102180386846, -0.20619999419653467, 0.24783222709644614, 0.5348099341802477, -0.6420521799177383, -0.24884846282491524, 0.005066118653868745, 0.3733341598326916, -0.4926407026772337, 0.10948172588511706, 0.24986168812819542, 0.7910023321122921, -0.27429282313374714, 0.2751141460374733, -0.6171071957620733, -0.004411770765388567, -0.6351091908575863, 0.8367660782795254, -0.13635585731754474, 0.6603762041966925, -0.16644739064327485, 0.8093351774867339, -0.19034956537818792, -0.33765099381775454, 0.14427754054549724, 0.6908872981882266, 0.7220286235061439, 0.19137623413666893, -0.8306767779591795, 0.19453321463834983, -0.5090925828337958, 0.46518689717993555, 0.7893025846334776, 0.0294679418262902, 0.20712702072041278, -0.8698643752343853, 0.08014945928561268, -0.7416264326591246, 0.22912569270066396, -0.2726993059103242, 0.5355160686614915, -0.902931727160895, -0.7803637637643119, 0.36804643024725525, 0.029307394167312983, 0.1432827432294983, 0.6874139879813108, -0.024524721700651453, 0.6202888442522898, 0.020487258589880097, 0.8534413864805024, 0.333855543079252, -0.7025463211318861, -0.27089364934848836, 0.7315498318881986, -0.29942957828896866, -0.6219484810876903, -0.0547573816684539, -0.21443765035574014, 0.23785985328818726, -0.12646741612097356, -0.47815568541100895, -0.17505557667448635, -0.16193193089539926, 0.8048437117522818, 0.9592325240809707, 0.24713767881382775, -0.8336317548582777, 0.46599743519199, 0.357370804957968, 0.6520457340504391, -0.3050973265778887, -0.8822398116837538, 0.2236436329105842, -0.751970763373456, 0.5190590583266628, 0.5888466351532844, -0.18274642650020412, 0.8875950117660911, -0.6524404124894483, 0.8851716994539605]",rhc,relu,False,False,100,[10],0.1,100,3
334,34,0.10928710002917796,1.8513628827624669,500.0,100,15,"[0.9340596780273533, 0.09446449835144466, 0.9453687199297687, 0.4296319873487293, 0.3954576491945416, -0.5678210088392472, 0.9525489095524835, -0.9875394895908203, -0.4940352752331121, -0.13041693519110842, 0.5587658435875049, -0.6046298507994938, 0.7259864711984445, 0.9668013543506255, -0.6723155171906026, 0.19466788786571843, -0.98202780466489, -0.22685743471274122, -0.9116798841370009, 0.9133059354284718, -0.1277067062404047, 0.8979546135631256, 0.5726119718701219, 0.7325785971633969, -0.6536691570081037, -0.850102825973786, 0.2014854427555386, -0.6640556325631923, 0.4667603350211398, -0.18311227969597055, 0.05581764683584067, 0.875143167901884, 0.043392244889916, -0.7836132342255386, -0.6835531856304011, 0.09040530340642561, 0.04880816013694678, 0.2752204882519873, -0.1970091128194542, 0.2996102180386846, -0.20619999419653467, 0.24783222709644614, 0.5348099341802477, -0.6420521799177383, -0.24884846282491524, 0.005066118653868745, 0.3733341598326916, -0.4926407026772337, 0.10948172588511706, 0.24986168812819542, 0.7910023321122921, -0.27429282313374714, 0.2751141460374733, -0.6171071957620733, -0.004411770765388567, -0.6351091908575863, 0.8367660782795254, -0.13635585731754474, 0.6603762041966925, -0.16644739064327485, 0.8093351774867339, -0.19034956537818792, -0.33765099381775454, 0.14427754054549724, 0.6908872981882266, 0.7220286235061439, 0.19137623413666893, -0.8306767779591795, 0.19453321463834983, -0.5090925828337958, 0.46518689717993555, 0.7893025846334776, 0.0294679418262902, 0.20712702072041278, -0.8698643752343853, 0.08014945928561268, -0.7416264326591246, 0.22912569270066396, -0.2726993059103242, 0.5355160686614915, -0.902931727160895, -0.7803637637643119, 0.36804643024725525, 0.029307394167312983, 0.1432827432294983, 0.6874139879813108, -0.024524721700651453, 0.6202888442522898, 0.020487258589880097, 0.8534413864805024, 0.333855543079252, -0.7025463211318861, -0.27089364934848836, 0.7315498318881986, -0.29942957828896866, -0.6219484810876903, -0.0547573816684539, -0.21443765035574014, 0.23785985328818726, -0.12646741612097356, -0.47815568541100895, -0.17505557667448635, -0.16193193089539926, 0.8048437117522818, 0.9592325240809707, 0.24713767881382775, -0.8336317548582777, 0.46599743519199, 0.357370804957968, 0.6520457340504391, -0.3050973265778887, -0.8822398116837538, 0.2236436329105842, -0.751970763373456, 0.5190590583266628, 0.5888466351532844, -0.18274642650020412, 0.8875950117660911, -0.6524404124894483, 0.8851716994539605]",rhc,relu,False,False,100,[10],0.1,100,3
335,35,0.11070370010565966,1.8513628827624669,501.0,100,15,"[0.9340596780273533, 0.09446449835144466, 0.9453687199297687, 0.4296319873487293, 0.3954576491945416, -0.5678210088392472, 0.9525489095524835, -0.9875394895908203, -0.4940352752331121, -0.13041693519110842, 0.5587658435875049, -0.6046298507994938, 0.7259864711984445, 0.9668013543506255, -0.6723155171906026, 0.19466788786571843, -0.98202780466489, -0.22685743471274122, -0.9116798841370009, 0.9133059354284718, -0.1277067062404047, 0.8979546135631256, 0.5726119718701219, 0.7325785971633969, -0.6536691570081037, -0.850102825973786, 0.2014854427555386, -0.6640556325631923, 0.4667603350211398, -0.18311227969597055, 0.05581764683584067, 0.875143167901884, 0.043392244889916, -0.7836132342255386, -0.6835531856304011, 0.09040530340642561, 0.04880816013694678, 0.2752204882519873, -0.1970091128194542, 0.2996102180386846, -0.20619999419653467, 0.24783222709644614, 0.5348099341802477, -0.6420521799177383, -0.24884846282491524, 0.005066118653868745, 0.3733341598326916, -0.4926407026772337, 0.10948172588511706, 0.24986168812819542, 0.7910023321122921, -0.27429282313374714, 0.2751141460374733, -0.6171071957620733, -0.004411770765388567, -0.6351091908575863, 0.8367660782795254, -0.13635585731754474, 0.6603762041966925, -0.16644739064327485, 0.8093351774867339, -0.19034956537818792, -0.33765099381775454, 0.14427754054549724, 0.6908872981882266, 0.7220286235061439, 0.19137623413666893, -0.8306767779591795, 0.19453321463834983, -0.5090925828337958, 0.46518689717993555, 0.7893025846334776, 0.0294679418262902, 0.20712702072041278, -0.8698643752343853, 0.08014945928561268, -0.7416264326591246, 0.22912569270066396, -0.2726993059103242, 0.5355160686614915, -0.902931727160895, -0.7803637637643119, 0.36804643024725525, 0.029307394167312983, 0.1432827432294983, 0.6874139879813108, -0.024524721700651453, 0.6202888442522898, 0.020487258589880097, 0.8534413864805024, 0.333855543079252, -0.7025463211318861, -0.27089364934848836, 0.7315498318881986, -0.29942957828896866, -0.6219484810876903, -0.0547573816684539, -0.21443765035574014, 0.23785985328818726, -0.12646741612097356, -0.47815568541100895, -0.17505557667448635, -0.16193193089539926, 0.8048437117522818, 0.9592325240809707, 0.24713767881382775, -0.8336317548582777, 0.46599743519199, 0.357370804957968, 0.6520457340504391, -0.3050973265778887, -0.8822398116837538, 0.2236436329105842, -0.751970763373456, 0.5190590583266628, 0.5888466351532844, -0.18274642650020412, 0.8875950117660911, -0.6524404124894483, 0.8851716994539605]",rhc,relu,False,False,100,[10],0.1,100,3
336,36,0.1138131000334397,1.827953332971032,503.0,100,15,"[0.9340596780273533, 0.09446449835144466, 0.9453687199297687, 0.4296319873487293, 0.3954576491945416, -0.5678210088392472, 0.9525489095524835, -0.9875394895908203, -0.4940352752331121, -0.13041693519110842, 0.5587658435875049, -0.6046298507994938, 0.7259864711984445, 0.9668013543506255, -0.6723155171906026, 0.19466788786571843, -0.98202780466489, -0.22685743471274122, -0.9116798841370009, 0.9133059354284718, -0.1277067062404047, 0.8979546135631256, 0.5726119718701219, 0.7325785971633969, -0.6536691570081037, -0.850102825973786, 0.2014854427555386, -0.6640556325631923, 0.4667603350211398, -0.18311227969597055, 0.05581764683584067, 0.875143167901884, 0.043392244889916, -0.7836132342255386, -0.6835531856304011, 0.09040530340642561, 0.04880816013694678, 0.2752204882519873, -0.1970091128194542, 0.2996102180386846, -0.20619999419653467, 0.24783222709644614, 0.5348099341802477, -0.6420521799177383, -0.24884846282491524, 0.005066118653868745, 0.3733341598326916, -0.4926407026772337, 0.10948172588511706, 0.24986168812819542, 0.7910023321122921, -0.27429282313374714, 0.2751141460374733, -0.6171071957620733, -0.004411770765388567, -0.6351091908575863, 0.8367660782795254, -0.13635585731754474, 0.6603762041966925, -0.16644739064327485, 0.8093351774867339, -0.19034956537818792, -0.33765099381775454, 0.14427754054549724, 0.6908872981882266, 0.7220286235061439, 0.19137623413666893, -0.8306767779591795, 0.19453321463834983, -0.5090925828337958, 0.46518689717993555, 0.7893025846334776, 0.0294679418262902, 0.20712702072041278, -0.8698643752343853, 0.08014945928561268, -0.7416264326591246, 0.22912569270066396, -0.2726993059103242, 0.5355160686614915, -0.902931727160895, -0.7803637637643119, 0.36804643024725525, 0.029307394167312983, 0.1432827432294983, 0.6874139879813108, -0.024524721700651453, 0.6202888442522898, 0.020487258589880097, 0.8534413864805024, 0.333855543079252, -0.7025463211318861, -0.27089364934848836, 0.7315498318881986, -0.29942957828896866, -0.6219484810876903, -0.0547573816684539, -0.21443765035574014, 0.23785985328818726, -0.12646741612097356, -0.47815568541100895, -0.17505557667448635, -0.16193193089539926, 0.8048437117522818, 0.9592325240809707, 0.24713767881382775, -0.8336317548582777, 0.46599743519199, 0.357370804957968, 0.6520457340504391, -0.3050973265778887, -0.8822398116837538, 0.2236436329105842, -0.751970763373456, 0.5190590583266628, 0.5888466351532844, -0.18274642650020412, 0.8875950117660911, -0.6524404124894483, 0.8851716994539605]",rhc,relu,False,False,100,[10],0.1,100,3
337,37,0.1166854000184685,1.827953332971032,504.0,100,15,"[0.9340596780273533, 0.09446449835144466, 0.9453687199297687, 0.4296319873487293, 0.3954576491945416, -0.5678210088392472, 0.9525489095524835, -0.9875394895908203, -0.4940352752331121, -0.13041693519110842, 0.5587658435875049, -0.6046298507994938, 0.7259864711984445, 0.9668013543506255, -0.6723155171906026, 0.19466788786571843, -0.98202780466489, -0.22685743471274122, -0.9116798841370009, 0.9133059354284718, -0.1277067062404047, 0.8979546135631256, 0.5726119718701219, 0.7325785971633969, -0.6536691570081037, -0.850102825973786, 0.2014854427555386, -0.6640556325631923, 0.4667603350211398, -0.18311227969597055, 0.05581764683584067, 0.875143167901884, 0.043392244889916, -0.7836132342255386, -0.6835531856304011, 0.09040530340642561, 0.04880816013694678, 0.2752204882519873, -0.1970091128194542, 0.2996102180386846, -0.20619999419653467, 0.24783222709644614, 0.5348099341802477, -0.6420521799177383, -0.24884846282491524, 0.005066118653868745, 0.3733341598326916, -0.4926407026772337, 0.10948172588511706, 0.24986168812819542, 0.7910023321122921, -0.27429282313374714, 0.2751141460374733, -0.6171071957620733, -0.004411770765388567, -0.6351091908575863, 0.8367660782795254, -0.13635585731754474, 0.6603762041966925, -0.16644739064327485, 0.8093351774867339, -0.19034956537818792, -0.33765099381775454, 0.14427754054549724, 0.6908872981882266, 0.7220286235061439, 0.19137623413666893, -0.8306767779591795, 0.19453321463834983, -0.5090925828337958, 0.46518689717993555, 0.7893025846334776, 0.0294679418262902, 0.20712702072041278, -0.8698643752343853, 0.08014945928561268, -0.7416264326591246, 0.22912569270066396, -0.2726993059103242, 0.5355160686614915, -0.902931727160895, -0.7803637637643119, 0.36804643024725525, 0.029307394167312983, 0.1432827432294983, 0.6874139879813108, -0.024524721700651453, 0.6202888442522898, 0.020487258589880097, 0.8534413864805024, 0.333855543079252, -0.7025463211318861, -0.27089364934848836, 0.7315498318881986, -0.29942957828896866, -0.6219484810876903, -0.0547573816684539, -0.21443765035574014, 0.23785985328818726, -0.12646741612097356, -0.47815568541100895, -0.17505557667448635, -0.16193193089539926, 0.8048437117522818, 0.9592325240809707, 0.24713767881382775, -0.8336317548582777, 0.46599743519199, 0.357370804957968, 0.6520457340504391, -0.3050973265778887, -0.8822398116837538, 0.2236436329105842, -0.751970763373456, 0.5190590583266628, 0.5888466351532844, -0.18274642650020412, 0.8875950117660911, -0.6524404124894483, 0.8851716994539605]",rhc,relu,False,False,100,[10],0.1,100,3
338,38,0.11806140001863241,1.827953332971032,505.0,100,15,"[0.9340596780273533, 0.09446449835144466, 0.9453687199297687, 0.4296319873487293, 0.3954576491945416, -0.5678210088392472, 0.9525489095524835, -0.9875394895908203, -0.4940352752331121, -0.13041693519110842, 0.5587658435875049, -0.6046298507994938, 0.7259864711984445, 0.9668013543506255, -0.6723155171906026, 0.19466788786571843, -0.98202780466489, -0.22685743471274122, -0.9116798841370009, 0.9133059354284718, -0.1277067062404047, 0.8979546135631256, 0.5726119718701219, 0.7325785971633969, -0.6536691570081037, -0.850102825973786, 0.2014854427555386, -0.6640556325631923, 0.4667603350211398, -0.18311227969597055, 0.05581764683584067, 0.875143167901884, 0.043392244889916, -0.7836132342255386, -0.6835531856304011, 0.09040530340642561, 0.04880816013694678, 0.2752204882519873, -0.1970091128194542, 0.2996102180386846, -0.20619999419653467, 0.24783222709644614, 0.5348099341802477, -0.6420521799177383, -0.24884846282491524, 0.005066118653868745, 0.3733341598326916, -0.4926407026772337, 0.10948172588511706, 0.24986168812819542, 0.7910023321122921, -0.27429282313374714, 0.2751141460374733, -0.6171071957620733, -0.004411770765388567, -0.6351091908575863, 0.8367660782795254, -0.13635585731754474, 0.6603762041966925, -0.16644739064327485, 0.8093351774867339, -0.19034956537818792, -0.33765099381775454, 0.14427754054549724, 0.6908872981882266, 0.7220286235061439, 0.19137623413666893, -0.8306767779591795, 0.19453321463834983, -0.5090925828337958, 0.46518689717993555, 0.7893025846334776, 0.0294679418262902, 0.20712702072041278, -0.8698643752343853, 0.08014945928561268, -0.7416264326591246, 0.22912569270066396, -0.2726993059103242, 0.5355160686614915, -0.902931727160895, -0.7803637637643119, 0.36804643024725525, 0.029307394167312983, 0.1432827432294983, 0.6874139879813108, -0.024524721700651453, 0.6202888442522898, 0.020487258589880097, 0.8534413864805024, 0.333855543079252, -0.7025463211318861, -0.27089364934848836, 0.7315498318881986, -0.29942957828896866, -0.6219484810876903, -0.0547573816684539, -0.21443765035574014, 0.23785985328818726, -0.12646741612097356, -0.47815568541100895, -0.17505557667448635, -0.16193193089539926, 0.8048437117522818, 0.9592325240809707, 0.24713767881382775, -0.8336317548582777, 0.46599743519199, 0.357370804957968, 0.6520457340504391, -0.3050973265778887, -0.8822398116837538, 0.2236436329105842, -0.751970763373456, 0.5190590583266628, 0.5888466351532844, -0.18274642650020412, 0.8875950117660911, -0.6524404124894483, 0.8851716994539605]",rhc,relu,False,False,100,[10],0.1,100,3
339,39,0.12082070007454604,1.827953332971032,506.0,100,15,"[0.9340596780273533, 0.09446449835144466, 0.9453687199297687, 0.4296319873487293, 0.3954576491945416, -0.5678210088392472, 0.9525489095524835, -0.9875394895908203, -0.4940352752331121, -0.13041693519110842, 0.5587658435875049, -0.6046298507994938, 0.7259864711984445, 0.9668013543506255, -0.6723155171906026, 0.19466788786571843, -0.98202780466489, -0.22685743471274122, -0.9116798841370009, 0.9133059354284718, -0.1277067062404047, 0.8979546135631256, 0.5726119718701219, 0.7325785971633969, -0.6536691570081037, -0.850102825973786, 0.2014854427555386, -0.6640556325631923, 0.4667603350211398, -0.18311227969597055, 0.05581764683584067, 0.875143167901884, 0.043392244889916, -0.7836132342255386, -0.6835531856304011, 0.09040530340642561, 0.04880816013694678, 0.2752204882519873, -0.1970091128194542, 0.2996102180386846, -0.20619999419653467, 0.24783222709644614, 0.5348099341802477, -0.6420521799177383, -0.24884846282491524, 0.005066118653868745, 0.3733341598326916, -0.4926407026772337, 0.10948172588511706, 0.24986168812819542, 0.7910023321122921, -0.27429282313374714, 0.2751141460374733, -0.6171071957620733, -0.004411770765388567, -0.6351091908575863, 0.8367660782795254, -0.13635585731754474, 0.6603762041966925, -0.16644739064327485, 0.8093351774867339, -0.19034956537818792, -0.33765099381775454, 0.14427754054549724, 0.6908872981882266, 0.7220286235061439, 0.19137623413666893, -0.8306767779591795, 0.19453321463834983, -0.5090925828337958, 0.46518689717993555, 0.7893025846334776, 0.0294679418262902, 0.20712702072041278, -0.8698643752343853, 0.08014945928561268, -0.7416264326591246, 0.22912569270066396, -0.2726993059103242, 0.5355160686614915, -0.902931727160895, -0.7803637637643119, 0.36804643024725525, 0.029307394167312983, 0.1432827432294983, 0.6874139879813108, -0.024524721700651453, 0.6202888442522898, 0.020487258589880097, 0.8534413864805024, 0.333855543079252, -0.7025463211318861, -0.27089364934848836, 0.7315498318881986, -0.29942957828896866, -0.6219484810876903, -0.0547573816684539, -0.21443765035574014, 0.23785985328818726, -0.12646741612097356, -0.47815568541100895, -0.17505557667448635, -0.16193193089539926, 0.8048437117522818, 0.9592325240809707, 0.24713767881382775, -0.8336317548582777, 0.46599743519199, 0.357370804957968, 0.6520457340504391, -0.3050973265778887, -0.8822398116837538, 0.2236436329105842, -0.751970763373456, 0.5190590583266628, 0.5888466351532844, -0.18274642650020412, 0.8875950117660911, -0.6524404124894483, 0.8851716994539605]",rhc,relu,False,False,100,[10],0.1,100,3
340,40,0.12267690000589937,1.821481077138122,508.0,100,15,"[0.9340596780273533, 0.09446449835144466, 0.9453687199297687, 0.4296319873487293, 0.3954576491945416, -0.5678210088392472, 0.9525489095524835, -0.9875394895908203, -0.4940352752331121, -0.13041693519110842, 0.5587658435875049, -0.6046298507994938, 0.7259864711984445, 0.9668013543506255, -0.6723155171906026, 0.19466788786571843, -0.98202780466489, -0.22685743471274122, -0.9116798841370009, 0.9133059354284718, -0.1277067062404047, 0.8979546135631256, 0.5726119718701219, 0.7325785971633969, -0.6536691570081037, -0.850102825973786, 0.2014854427555386, -0.6640556325631923, 0.4667603350211398, -0.18311227969597055, 0.05581764683584067, 0.875143167901884, 0.043392244889916, -0.7836132342255386, -0.6835531856304011, 0.09040530340642561, 0.04880816013694678, 0.2752204882519873, -0.1970091128194542, 0.2996102180386846, -0.20619999419653467, 0.24783222709644614, 0.5348099341802477, -0.6420521799177383, -0.24884846282491524, 0.005066118653868745, 0.3733341598326916, -0.4926407026772337, 0.10948172588511706, 0.24986168812819542, 0.7910023321122921, -0.27429282313374714, 0.2751141460374733, -0.6171071957620733, -0.004411770765388567, -0.6351091908575863, 0.8367660782795254, -0.13635585731754474, 0.6603762041966925, -0.16644739064327485, 0.8093351774867339, -0.19034956537818792, -0.33765099381775454, 0.14427754054549724, 0.6908872981882266, 0.7220286235061439, 0.19137623413666893, -0.8306767779591795, 0.19453321463834983, -0.5090925828337958, 0.46518689717993555, 0.7893025846334776, 0.0294679418262902, 0.20712702072041278, -0.8698643752343853, 0.08014945928561268, -0.7416264326591246, 0.22912569270066396, -0.2726993059103242, 0.5355160686614915, -0.902931727160895, -0.7803637637643119, 0.36804643024725525, 0.029307394167312983, 0.1432827432294983, 0.6874139879813108, -0.024524721700651453, 0.6202888442522898, 0.020487258589880097, 0.8534413864805024, 0.333855543079252, -0.7025463211318861, -0.27089364934848836, 0.7315498318881986, -0.29942957828896866, -0.6219484810876903, -0.0547573816684539, -0.21443765035574014, 0.23785985328818726, -0.12646741612097356, -0.47815568541100895, -0.17505557667448635, -0.16193193089539926, 0.8048437117522818, 0.9592325240809707, 0.24713767881382775, -0.8336317548582777, 0.46599743519199, 0.357370804957968, 0.6520457340504391, -0.3050973265778887, -0.8822398116837538, 0.2236436329105842, -0.751970763373456, 0.5190590583266628, 0.5888466351532844, -0.18274642650020412, 0.8875950117660911, -0.6524404124894483, 0.8851716994539605]",rhc,relu,False,False,100,[10],0.1,100,3
341,41,0.1255848000291735,1.821481077138122,509.0,100,15,"[0.9340596780273533, 0.09446449835144466, 0.9453687199297687, 0.4296319873487293, 0.3954576491945416, -0.5678210088392472, 0.9525489095524835, -0.9875394895908203, -0.4940352752331121, -0.13041693519110842, 0.5587658435875049, -0.6046298507994938, 0.7259864711984445, 0.9668013543506255, -0.6723155171906026, 0.19466788786571843, -0.98202780466489, -0.22685743471274122, -0.9116798841370009, 0.9133059354284718, -0.1277067062404047, 0.8979546135631256, 0.5726119718701219, 0.7325785971633969, -0.6536691570081037, -0.850102825973786, 0.2014854427555386, -0.6640556325631923, 0.4667603350211398, -0.18311227969597055, 0.05581764683584067, 0.875143167901884, 0.043392244889916, -0.7836132342255386, -0.6835531856304011, 0.09040530340642561, 0.04880816013694678, 0.2752204882519873, -0.1970091128194542, 0.2996102180386846, -0.20619999419653467, 0.24783222709644614, 0.5348099341802477, -0.6420521799177383, -0.24884846282491524, 0.005066118653868745, 0.3733341598326916, -0.4926407026772337, 0.10948172588511706, 0.24986168812819542, 0.7910023321122921, -0.27429282313374714, 0.2751141460374733, -0.6171071957620733, -0.004411770765388567, -0.6351091908575863, 0.8367660782795254, -0.13635585731754474, 0.6603762041966925, -0.16644739064327485, 0.8093351774867339, -0.19034956537818792, -0.33765099381775454, 0.14427754054549724, 0.6908872981882266, 0.7220286235061439, 0.19137623413666893, -0.8306767779591795, 0.19453321463834983, -0.5090925828337958, 0.46518689717993555, 0.7893025846334776, 0.0294679418262902, 0.20712702072041278, -0.8698643752343853, 0.08014945928561268, -0.7416264326591246, 0.22912569270066396, -0.2726993059103242, 0.5355160686614915, -0.902931727160895, -0.7803637637643119, 0.36804643024725525, 0.029307394167312983, 0.1432827432294983, 0.6874139879813108, -0.024524721700651453, 0.6202888442522898, 0.020487258589880097, 0.8534413864805024, 0.333855543079252, -0.7025463211318861, -0.27089364934848836, 0.7315498318881986, -0.29942957828896866, -0.6219484810876903, -0.0547573816684539, -0.21443765035574014, 0.23785985328818726, -0.12646741612097356, -0.47815568541100895, -0.17505557667448635, -0.16193193089539926, 0.8048437117522818, 0.9592325240809707, 0.24713767881382775, -0.8336317548582777, 0.46599743519199, 0.357370804957968, 0.6520457340504391, -0.3050973265778887, -0.8822398116837538, 0.2236436329105842, -0.751970763373456, 0.5190590583266628, 0.5888466351532844, -0.18274642650020412, 0.8875950117660911, -0.6524404124894483, 0.8851716994539605]",rhc,relu,False,False,100,[10],0.1,100,3
342,42,0.12696350004989654,1.821481077138122,510.0,100,15,"[0.9340596780273533, 0.09446449835144466, 0.9453687199297687, 0.4296319873487293, 0.3954576491945416, -0.5678210088392472, 0.9525489095524835, -0.9875394895908203, -0.4940352752331121, -0.13041693519110842, 0.5587658435875049, -0.6046298507994938, 0.7259864711984445, 0.9668013543506255, -0.6723155171906026, 0.19466788786571843, -0.98202780466489, -0.22685743471274122, -0.9116798841370009, 0.9133059354284718, -0.1277067062404047, 0.8979546135631256, 0.5726119718701219, 0.7325785971633969, -0.6536691570081037, -0.850102825973786, 0.2014854427555386, -0.6640556325631923, 0.4667603350211398, -0.18311227969597055, 0.05581764683584067, 0.875143167901884, 0.043392244889916, -0.7836132342255386, -0.6835531856304011, 0.09040530340642561, 0.04880816013694678, 0.2752204882519873, -0.1970091128194542, 0.2996102180386846, -0.20619999419653467, 0.24783222709644614, 0.5348099341802477, -0.6420521799177383, -0.24884846282491524, 0.005066118653868745, 0.3733341598326916, -0.4926407026772337, 0.10948172588511706, 0.24986168812819542, 0.7910023321122921, -0.27429282313374714, 0.2751141460374733, -0.6171071957620733, -0.004411770765388567, -0.6351091908575863, 0.8367660782795254, -0.13635585731754474, 0.6603762041966925, -0.16644739064327485, 0.8093351774867339, -0.19034956537818792, -0.33765099381775454, 0.14427754054549724, 0.6908872981882266, 0.7220286235061439, 0.19137623413666893, -0.8306767779591795, 0.19453321463834983, -0.5090925828337958, 0.46518689717993555, 0.7893025846334776, 0.0294679418262902, 0.20712702072041278, -0.8698643752343853, 0.08014945928561268, -0.7416264326591246, 0.22912569270066396, -0.2726993059103242, 0.5355160686614915, -0.902931727160895, -0.7803637637643119, 0.36804643024725525, 0.029307394167312983, 0.1432827432294983, 0.6874139879813108, -0.024524721700651453, 0.6202888442522898, 0.020487258589880097, 0.8534413864805024, 0.333855543079252, -0.7025463211318861, -0.27089364934848836, 0.7315498318881986, -0.29942957828896866, -0.6219484810876903, -0.0547573816684539, -0.21443765035574014, 0.23785985328818726, -0.12646741612097356, -0.47815568541100895, -0.17505557667448635, -0.16193193089539926, 0.8048437117522818, 0.9592325240809707, 0.24713767881382775, -0.8336317548582777, 0.46599743519199, 0.357370804957968, 0.6520457340504391, -0.3050973265778887, -0.8822398116837538, 0.2236436329105842, -0.751970763373456, 0.5190590583266628, 0.5888466351532844, -0.18274642650020412, 0.8875950117660911, -0.6524404124894483, 0.8851716994539605]",rhc,relu,False,False,100,[10],0.1,100,3
343,43,0.13002750009763986,1.8204405521603817,512.0,100,15,"[0.9340596780273533, 0.09446449835144466, 0.9453687199297687, 0.4296319873487293, 0.3954576491945416, -0.5678210088392472, 0.9525489095524835, -0.9875394895908203, -0.4940352752331121, -0.13041693519110842, 0.5587658435875049, -0.6046298507994938, 0.7259864711984445, 0.9668013543506255, -0.6723155171906026, 0.19466788786571843, -0.98202780466489, -0.22685743471274122, -0.9116798841370009, 0.9133059354284718, -0.1277067062404047, 0.8979546135631256, 0.5726119718701219, 0.7325785971633969, -0.6536691570081037, -0.850102825973786, 0.2014854427555386, -0.6640556325631923, 0.4667603350211398, -0.18311227969597055, 0.05581764683584067, 0.875143167901884, 0.043392244889916, -0.7836132342255386, -0.6835531856304011, 0.09040530340642561, 0.04880816013694678, 0.2752204882519873, -0.1970091128194542, 0.2996102180386846, -0.20619999419653467, 0.24783222709644614, 0.5348099341802477, -0.6420521799177383, -0.24884846282491524, 0.005066118653868745, 0.3733341598326916, -0.4926407026772337, 0.10948172588511706, 0.24986168812819542, 0.7910023321122921, -0.27429282313374714, 0.2751141460374733, -0.6171071957620733, -0.004411770765388567, -0.6351091908575863, 0.8367660782795254, -0.13635585731754474, 0.6603762041966925, -0.16644739064327485, 0.8093351774867339, -0.19034956537818792, -0.33765099381775454, 0.14427754054549724, 0.6908872981882266, 0.7220286235061439, 0.19137623413666893, -0.8306767779591795, 0.19453321463834983, -0.5090925828337958, 0.46518689717993555, 0.7893025846334776, 0.0294679418262902, 0.20712702072041278, -0.8698643752343853, 0.08014945928561268, -0.7416264326591246, 0.22912569270066396, -0.2726993059103242, 0.5355160686614915, -0.902931727160895, -0.7803637637643119, 0.36804643024725525, 0.029307394167312983, 0.1432827432294983, 0.6874139879813108, -0.024524721700651453, 0.6202888442522898, 0.020487258589880097, 0.8534413864805024, 0.333855543079252, -0.7025463211318861, -0.27089364934848836, 0.7315498318881986, -0.29942957828896866, -0.6219484810876903, -0.0547573816684539, -0.21443765035574014, 0.23785985328818726, -0.12646741612097356, -0.47815568541100895, -0.17505557667448635, -0.16193193089539926, 0.8048437117522818, 0.9592325240809707, 0.24713767881382775, -0.8336317548582777, 0.46599743519199, 0.357370804957968, 0.6520457340504391, -0.3050973265778887, -0.8822398116837538, 0.2236436329105842, -0.751970763373456, 0.5190590583266628, 0.5888466351532844, -0.18274642650020412, 0.8875950117660911, -0.6524404124894483, 0.8851716994539605]",rhc,relu,False,False,100,[10],0.1,100,3
344,44,0.1314245000248775,1.8204405521603817,513.0,100,15,"[0.9340596780273533, 0.09446449835144466, 0.9453687199297687, 0.4296319873487293, 0.3954576491945416, -0.5678210088392472, 0.9525489095524835, -0.9875394895908203, -0.4940352752331121, -0.13041693519110842, 0.5587658435875049, -0.6046298507994938, 0.7259864711984445, 0.9668013543506255, -0.6723155171906026, 0.19466788786571843, -0.98202780466489, -0.22685743471274122, -0.9116798841370009, 0.9133059354284718, -0.1277067062404047, 0.8979546135631256, 0.5726119718701219, 0.7325785971633969, -0.6536691570081037, -0.850102825973786, 0.2014854427555386, -0.6640556325631923, 0.4667603350211398, -0.18311227969597055, 0.05581764683584067, 0.875143167901884, 0.043392244889916, -0.7836132342255386, -0.6835531856304011, 0.09040530340642561, 0.04880816013694678, 0.2752204882519873, -0.1970091128194542, 0.2996102180386846, -0.20619999419653467, 0.24783222709644614, 0.5348099341802477, -0.6420521799177383, -0.24884846282491524, 0.005066118653868745, 0.3733341598326916, -0.4926407026772337, 0.10948172588511706, 0.24986168812819542, 0.7910023321122921, -0.27429282313374714, 0.2751141460374733, -0.6171071957620733, -0.004411770765388567, -0.6351091908575863, 0.8367660782795254, -0.13635585731754474, 0.6603762041966925, -0.16644739064327485, 0.8093351774867339, -0.19034956537818792, -0.33765099381775454, 0.14427754054549724, 0.6908872981882266, 0.7220286235061439, 0.19137623413666893, -0.8306767779591795, 0.19453321463834983, -0.5090925828337958, 0.46518689717993555, 0.7893025846334776, 0.0294679418262902, 0.20712702072041278, -0.8698643752343853, 0.08014945928561268, -0.7416264326591246, 0.22912569270066396, -0.2726993059103242, 0.5355160686614915, -0.902931727160895, -0.7803637637643119, 0.36804643024725525, 0.029307394167312983, 0.1432827432294983, 0.6874139879813108, -0.024524721700651453, 0.6202888442522898, 0.020487258589880097, 0.8534413864805024, 0.333855543079252, -0.7025463211318861, -0.27089364934848836, 0.7315498318881986, -0.29942957828896866, -0.6219484810876903, -0.0547573816684539, -0.21443765035574014, 0.23785985328818726, -0.12646741612097356, -0.47815568541100895, -0.17505557667448635, -0.16193193089539926, 0.8048437117522818, 0.9592325240809707, 0.24713767881382775, -0.8336317548582777, 0.46599743519199, 0.357370804957968, 0.6520457340504391, -0.3050973265778887, -0.8822398116837538, 0.2236436329105842, -0.751970763373456, 0.5190590583266628, 0.5888466351532844, -0.18274642650020412, 0.8875950117660911, -0.6524404124894483, 0.8851716994539605]",rhc,relu,False,False,100,[10],0.1,100,3
345,45,0.13282990001607686,1.8187337582833596,515.0,100,15,"[0.9340596780273533, 0.09446449835144466, 0.9453687199297687, 0.4296319873487293, 0.3954576491945416, -0.5678210088392472, 0.9525489095524835, -0.9875394895908203, -0.4940352752331121, -0.13041693519110842, 0.5587658435875049, -0.6046298507994938, 0.7259864711984445, 0.9668013543506255, -0.6723155171906026, 0.19466788786571843, -0.98202780466489, -0.22685743471274122, -0.9116798841370009, 0.9133059354284718, -0.1277067062404047, 0.8979546135631256, 0.5726119718701219, 0.7325785971633969, -0.6536691570081037, -0.850102825973786, 0.2014854427555386, -0.6640556325631923, 0.4667603350211398, -0.18311227969597055, 0.05581764683584067, 0.875143167901884, 0.043392244889916, -0.7836132342255386, -0.6835531856304011, 0.09040530340642561, 0.04880816013694678, 0.2752204882519873, -0.1970091128194542, 0.2996102180386846, -0.20619999419653467, 0.24783222709644614, 0.5348099341802477, -0.6420521799177383, -0.24884846282491524, 0.005066118653868745, 0.3733341598326916, -0.4926407026772337, 0.10948172588511706, 0.24986168812819542, 0.7910023321122921, -0.27429282313374714, 0.2751141460374733, -0.6171071957620733, -0.004411770765388567, -0.6351091908575863, 0.8367660782795254, -0.13635585731754474, 0.6603762041966925, -0.16644739064327485, 0.8093351774867339, -0.19034956537818792, -0.33765099381775454, 0.14427754054549724, 0.6908872981882266, 0.7220286235061439, 0.19137623413666893, -0.8306767779591795, 0.19453321463834983, -0.5090925828337958, 0.46518689717993555, 0.7893025846334776, 0.0294679418262902, 0.20712702072041278, -0.8698643752343853, 0.08014945928561268, -0.7416264326591246, 0.22912569270066396, -0.2726993059103242, 0.5355160686614915, -0.902931727160895, -0.7803637637643119, 0.36804643024725525, 0.029307394167312983, 0.1432827432294983, 0.6874139879813108, -0.024524721700651453, 0.6202888442522898, 0.020487258589880097, 0.8534413864805024, 0.333855543079252, -0.7025463211318861, -0.27089364934848836, 0.7315498318881986, -0.29942957828896866, -0.6219484810876903, -0.0547573816684539, -0.21443765035574014, 0.23785985328818726, -0.12646741612097356, -0.47815568541100895, -0.17505557667448635, -0.16193193089539926, 0.8048437117522818, 0.9592325240809707, 0.24713767881382775, -0.8336317548582777, 0.46599743519199, 0.357370804957968, 0.6520457340504391, -0.3050973265778887, -0.8822398116837538, 0.2236436329105842, -0.751970763373456, 0.5190590583266628, 0.5888466351532844, -0.18274642650020412, 0.8875950117660911, -0.6524404124894483, 0.8851716994539605]",rhc,relu,False,False,100,[10],0.1,100,3
346,46,0.13423810002859682,1.8187337582833596,516.0,100,15,"[0.9340596780273533, 0.09446449835144466, 0.9453687199297687, 0.4296319873487293, 0.3954576491945416, -0.5678210088392472, 0.9525489095524835, -0.9875394895908203, -0.4940352752331121, -0.13041693519110842, 0.5587658435875049, -0.6046298507994938, 0.7259864711984445, 0.9668013543506255, -0.6723155171906026, 0.19466788786571843, -0.98202780466489, -0.22685743471274122, -0.9116798841370009, 0.9133059354284718, -0.1277067062404047, 0.8979546135631256, 0.5726119718701219, 0.7325785971633969, -0.6536691570081037, -0.850102825973786, 0.2014854427555386, -0.6640556325631923, 0.4667603350211398, -0.18311227969597055, 0.05581764683584067, 0.875143167901884, 0.043392244889916, -0.7836132342255386, -0.6835531856304011, 0.09040530340642561, 0.04880816013694678, 0.2752204882519873, -0.1970091128194542, 0.2996102180386846, -0.20619999419653467, 0.24783222709644614, 0.5348099341802477, -0.6420521799177383, -0.24884846282491524, 0.005066118653868745, 0.3733341598326916, -0.4926407026772337, 0.10948172588511706, 0.24986168812819542, 0.7910023321122921, -0.27429282313374714, 0.2751141460374733, -0.6171071957620733, -0.004411770765388567, -0.6351091908575863, 0.8367660782795254, -0.13635585731754474, 0.6603762041966925, -0.16644739064327485, 0.8093351774867339, -0.19034956537818792, -0.33765099381775454, 0.14427754054549724, 0.6908872981882266, 0.7220286235061439, 0.19137623413666893, -0.8306767779591795, 0.19453321463834983, -0.5090925828337958, 0.46518689717993555, 0.7893025846334776, 0.0294679418262902, 0.20712702072041278, -0.8698643752343853, 0.08014945928561268, -0.7416264326591246, 0.22912569270066396, -0.2726993059103242, 0.5355160686614915, -0.902931727160895, -0.7803637637643119, 0.36804643024725525, 0.029307394167312983, 0.1432827432294983, 0.6874139879813108, -0.024524721700651453, 0.6202888442522898, 0.020487258589880097, 0.8534413864805024, 0.333855543079252, -0.7025463211318861, -0.27089364934848836, 0.7315498318881986, -0.29942957828896866, -0.6219484810876903, -0.0547573816684539, -0.21443765035574014, 0.23785985328818726, -0.12646741612097356, -0.47815568541100895, -0.17505557667448635, -0.16193193089539926, 0.8048437117522818, 0.9592325240809707, 0.24713767881382775, -0.8336317548582777, 0.46599743519199, 0.357370804957968, 0.6520457340504391, -0.3050973265778887, -0.8822398116837538, 0.2236436329105842, -0.751970763373456, 0.5190590583266628, 0.5888466351532844, -0.18274642650020412, 0.8875950117660911, -0.6524404124894483, 0.8851716994539605]",rhc,relu,False,False,100,[10],0.1,100,3
347,47,0.13724380009807646,1.8187337582833596,517.0,100,15,"[0.9340596780273533, 0.09446449835144466, 0.9453687199297687, 0.4296319873487293, 0.3954576491945416, -0.5678210088392472, 0.9525489095524835, -0.9875394895908203, -0.4940352752331121, -0.13041693519110842, 0.5587658435875049, -0.6046298507994938, 0.7259864711984445, 0.9668013543506255, -0.6723155171906026, 0.19466788786571843, -0.98202780466489, -0.22685743471274122, -0.9116798841370009, 0.9133059354284718, -0.1277067062404047, 0.8979546135631256, 0.5726119718701219, 0.7325785971633969, -0.6536691570081037, -0.850102825973786, 0.2014854427555386, -0.6640556325631923, 0.4667603350211398, -0.18311227969597055, 0.05581764683584067, 0.875143167901884, 0.043392244889916, -0.7836132342255386, -0.6835531856304011, 0.09040530340642561, 0.04880816013694678, 0.2752204882519873, -0.1970091128194542, 0.2996102180386846, -0.20619999419653467, 0.24783222709644614, 0.5348099341802477, -0.6420521799177383, -0.24884846282491524, 0.005066118653868745, 0.3733341598326916, -0.4926407026772337, 0.10948172588511706, 0.24986168812819542, 0.7910023321122921, -0.27429282313374714, 0.2751141460374733, -0.6171071957620733, -0.004411770765388567, -0.6351091908575863, 0.8367660782795254, -0.13635585731754474, 0.6603762041966925, -0.16644739064327485, 0.8093351774867339, -0.19034956537818792, -0.33765099381775454, 0.14427754054549724, 0.6908872981882266, 0.7220286235061439, 0.19137623413666893, -0.8306767779591795, 0.19453321463834983, -0.5090925828337958, 0.46518689717993555, 0.7893025846334776, 0.0294679418262902, 0.20712702072041278, -0.8698643752343853, 0.08014945928561268, -0.7416264326591246, 0.22912569270066396, -0.2726993059103242, 0.5355160686614915, -0.902931727160895, -0.7803637637643119, 0.36804643024725525, 0.029307394167312983, 0.1432827432294983, 0.6874139879813108, -0.024524721700651453, 0.6202888442522898, 0.020487258589880097, 0.8534413864805024, 0.333855543079252, -0.7025463211318861, -0.27089364934848836, 0.7315498318881986, -0.29942957828896866, -0.6219484810876903, -0.0547573816684539, -0.21443765035574014, 0.23785985328818726, -0.12646741612097356, -0.47815568541100895, -0.17505557667448635, -0.16193193089539926, 0.8048437117522818, 0.9592325240809707, 0.24713767881382775, -0.8336317548582777, 0.46599743519199, 0.357370804957968, 0.6520457340504391, -0.3050973265778887, -0.8822398116837538, 0.2236436329105842, -0.751970763373456, 0.5190590583266628, 0.5888466351532844, -0.18274642650020412, 0.8875950117660911, -0.6524404124894483, 0.8851716994539605]",rhc,relu,False,False,100,[10],0.1,100,3
348,48,0.13920730003155768,1.8187337582833596,518.0,100,15,"[0.9340596780273533, 0.09446449835144466, 0.9453687199297687, 0.4296319873487293, 0.3954576491945416, -0.5678210088392472, 0.9525489095524835, -0.9875394895908203, -0.4940352752331121, -0.13041693519110842, 0.5587658435875049, -0.6046298507994938, 0.7259864711984445, 0.9668013543506255, -0.6723155171906026, 0.19466788786571843, -0.98202780466489, -0.22685743471274122, -0.9116798841370009, 0.9133059354284718, -0.1277067062404047, 0.8979546135631256, 0.5726119718701219, 0.7325785971633969, -0.6536691570081037, -0.850102825973786, 0.2014854427555386, -0.6640556325631923, 0.4667603350211398, -0.18311227969597055, 0.05581764683584067, 0.875143167901884, 0.043392244889916, -0.7836132342255386, -0.6835531856304011, 0.09040530340642561, 0.04880816013694678, 0.2752204882519873, -0.1970091128194542, 0.2996102180386846, -0.20619999419653467, 0.24783222709644614, 0.5348099341802477, -0.6420521799177383, -0.24884846282491524, 0.005066118653868745, 0.3733341598326916, -0.4926407026772337, 0.10948172588511706, 0.24986168812819542, 0.7910023321122921, -0.27429282313374714, 0.2751141460374733, -0.6171071957620733, -0.004411770765388567, -0.6351091908575863, 0.8367660782795254, -0.13635585731754474, 0.6603762041966925, -0.16644739064327485, 0.8093351774867339, -0.19034956537818792, -0.33765099381775454, 0.14427754054549724, 0.6908872981882266, 0.7220286235061439, 0.19137623413666893, -0.8306767779591795, 0.19453321463834983, -0.5090925828337958, 0.46518689717993555, 0.7893025846334776, 0.0294679418262902, 0.20712702072041278, -0.8698643752343853, 0.08014945928561268, -0.7416264326591246, 0.22912569270066396, -0.2726993059103242, 0.5355160686614915, -0.902931727160895, -0.7803637637643119, 0.36804643024725525, 0.029307394167312983, 0.1432827432294983, 0.6874139879813108, -0.024524721700651453, 0.6202888442522898, 0.020487258589880097, 0.8534413864805024, 0.333855543079252, -0.7025463211318861, -0.27089364934848836, 0.7315498318881986, -0.29942957828896866, -0.6219484810876903, -0.0547573816684539, -0.21443765035574014, 0.23785985328818726, -0.12646741612097356, -0.47815568541100895, -0.17505557667448635, -0.16193193089539926, 0.8048437117522818, 0.9592325240809707, 0.24713767881382775, -0.8336317548582777, 0.46599743519199, 0.357370804957968, 0.6520457340504391, -0.3050973265778887, -0.8822398116837538, 0.2236436329105842, -0.751970763373456, 0.5190590583266628, 0.5888466351532844, -0.18274642650020412, 0.8875950117660911, -0.6524404124894483, 0.8851716994539605]",rhc,relu,False,False,100,[10],0.1,100,3
349,49,0.14330590004101396,1.8184988310547756,520.0,100,15,"[0.9340596780273533, 0.09446449835144466, 0.9453687199297687, 0.4296319873487293, 0.3954576491945416, -0.5678210088392472, 0.9525489095524835, -0.9875394895908203, -0.4940352752331121, -0.13041693519110842, 0.5587658435875049, -0.6046298507994938, 0.7259864711984445, 0.9668013543506255, -0.6723155171906026, 0.19466788786571843, -0.98202780466489, -0.22685743471274122, -0.9116798841370009, 0.9133059354284718, -0.1277067062404047, 0.8979546135631256, 0.5726119718701219, 0.7325785971633969, -0.6536691570081037, -0.850102825973786, 0.2014854427555386, -0.6640556325631923, 0.4667603350211398, -0.18311227969597055, 0.05581764683584067, 0.875143167901884, 0.043392244889916, -0.7836132342255386, -0.6835531856304011, 0.09040530340642561, 0.04880816013694678, 0.2752204882519873, -0.1970091128194542, 0.2996102180386846, -0.20619999419653467, 0.24783222709644614, 0.5348099341802477, -0.6420521799177383, -0.24884846282491524, 0.005066118653868745, 0.3733341598326916, -0.4926407026772337, 0.10948172588511706, 0.24986168812819542, 0.7910023321122921, -0.27429282313374714, 0.2751141460374733, -0.6171071957620733, -0.004411770765388567, -0.6351091908575863, 0.8367660782795254, -0.13635585731754474, 0.6603762041966925, -0.16644739064327485, 0.8093351774867339, -0.19034956537818792, -0.33765099381775454, 0.14427754054549724, 0.6908872981882266, 0.7220286235061439, 0.19137623413666893, -0.8306767779591795, 0.19453321463834983, -0.5090925828337958, 0.46518689717993555, 0.7893025846334776, 0.0294679418262902, 0.20712702072041278, -0.8698643752343853, 0.08014945928561268, -0.7416264326591246, 0.22912569270066396, -0.2726993059103242, 0.5355160686614915, -0.902931727160895, -0.7803637637643119, 0.36804643024725525, 0.029307394167312983, 0.1432827432294983, 0.6874139879813108, -0.024524721700651453, 0.6202888442522898, 0.020487258589880097, 0.8534413864805024, 0.333855543079252, -0.7025463211318861, -0.27089364934848836, 0.7315498318881986, -0.29942957828896866, -0.6219484810876903, -0.0547573816684539, -0.21443765035574014, 0.23785985328818726, -0.12646741612097356, -0.47815568541100895, -0.17505557667448635, -0.16193193089539926, 0.8048437117522818, 0.9592325240809707, 0.24713767881382775, -0.8336317548582777, 0.46599743519199, 0.357370804957968, 0.6520457340504391, -0.3050973265778887, -0.8822398116837538, 0.2236436329105842, -0.751970763373456, 0.5190590583266628, 0.5888466351532844, -0.18274642650020412, 0.8875950117660911, -0.6524404124894483, 0.8851716994539605]",rhc,relu,False,False,100,[10],0.1,100,3
350,50,0.14690749999135733,1.8184988310547756,521.0,100,15,"[0.9340596780273533, 0.09446449835144466, 0.9453687199297687, 0.4296319873487293, 0.3954576491945416, -0.5678210088392472, 0.9525489095524835, -0.9875394895908203, -0.4940352752331121, -0.13041693519110842, 0.5587658435875049, -0.6046298507994938, 0.7259864711984445, 0.9668013543506255, -0.6723155171906026, 0.19466788786571843, -0.98202780466489, -0.22685743471274122, -0.9116798841370009, 0.9133059354284718, -0.1277067062404047, 0.8979546135631256, 0.5726119718701219, 0.7325785971633969, -0.6536691570081037, -0.850102825973786, 0.2014854427555386, -0.6640556325631923, 0.4667603350211398, -0.18311227969597055, 0.05581764683584067, 0.875143167901884, 0.043392244889916, -0.7836132342255386, -0.6835531856304011, 0.09040530340642561, 0.04880816013694678, 0.2752204882519873, -0.1970091128194542, 0.2996102180386846, -0.20619999419653467, 0.24783222709644614, 0.5348099341802477, -0.6420521799177383, -0.24884846282491524, 0.005066118653868745, 0.3733341598326916, -0.4926407026772337, 0.10948172588511706, 0.24986168812819542, 0.7910023321122921, -0.27429282313374714, 0.2751141460374733, -0.6171071957620733, -0.004411770765388567, -0.6351091908575863, 0.8367660782795254, -0.13635585731754474, 0.6603762041966925, -0.16644739064327485, 0.8093351774867339, -0.19034956537818792, -0.33765099381775454, 0.14427754054549724, 0.6908872981882266, 0.7220286235061439, 0.19137623413666893, -0.8306767779591795, 0.19453321463834983, -0.5090925828337958, 0.46518689717993555, 0.7893025846334776, 0.0294679418262902, 0.20712702072041278, -0.8698643752343853, 0.08014945928561268, -0.7416264326591246, 0.22912569270066396, -0.2726993059103242, 0.5355160686614915, -0.902931727160895, -0.7803637637643119, 0.36804643024725525, 0.029307394167312983, 0.1432827432294983, 0.6874139879813108, -0.024524721700651453, 0.6202888442522898, 0.020487258589880097, 0.8534413864805024, 0.333855543079252, -0.7025463211318861, -0.27089364934848836, 0.7315498318881986, -0.29942957828896866, -0.6219484810876903, -0.0547573816684539, -0.21443765035574014, 0.23785985328818726, -0.12646741612097356, -0.47815568541100895, -0.17505557667448635, -0.16193193089539926, 0.8048437117522818, 0.9592325240809707, 0.24713767881382775, -0.8336317548582777, 0.46599743519199, 0.357370804957968, 0.6520457340504391, -0.3050973265778887, -0.8822398116837538, 0.2236436329105842, -0.751970763373456, 0.5190590583266628, 0.5888466351532844, -0.18274642650020412, 0.8875950117660911, -0.6524404124894483, 0.8851716994539605]",rhc,relu,False,False,100,[10],0.1,100,3
351,51,0.14868640003260225,1.8184988310547756,522.0,100,15,"[0.9340596780273533, 0.09446449835144466, 0.9453687199297687, 0.4296319873487293, 0.3954576491945416, -0.5678210088392472, 0.9525489095524835, -0.9875394895908203, -0.4940352752331121, -0.13041693519110842, 0.5587658435875049, -0.6046298507994938, 0.7259864711984445, 0.9668013543506255, -0.6723155171906026, 0.19466788786571843, -0.98202780466489, -0.22685743471274122, -0.9116798841370009, 0.9133059354284718, -0.1277067062404047, 0.8979546135631256, 0.5726119718701219, 0.7325785971633969, -0.6536691570081037, -0.850102825973786, 0.2014854427555386, -0.6640556325631923, 0.4667603350211398, -0.18311227969597055, 0.05581764683584067, 0.875143167901884, 0.043392244889916, -0.7836132342255386, -0.6835531856304011, 0.09040530340642561, 0.04880816013694678, 0.2752204882519873, -0.1970091128194542, 0.2996102180386846, -0.20619999419653467, 0.24783222709644614, 0.5348099341802477, -0.6420521799177383, -0.24884846282491524, 0.005066118653868745, 0.3733341598326916, -0.4926407026772337, 0.10948172588511706, 0.24986168812819542, 0.7910023321122921, -0.27429282313374714, 0.2751141460374733, -0.6171071957620733, -0.004411770765388567, -0.6351091908575863, 0.8367660782795254, -0.13635585731754474, 0.6603762041966925, -0.16644739064327485, 0.8093351774867339, -0.19034956537818792, -0.33765099381775454, 0.14427754054549724, 0.6908872981882266, 0.7220286235061439, 0.19137623413666893, -0.8306767779591795, 0.19453321463834983, -0.5090925828337958, 0.46518689717993555, 0.7893025846334776, 0.0294679418262902, 0.20712702072041278, -0.8698643752343853, 0.08014945928561268, -0.7416264326591246, 0.22912569270066396, -0.2726993059103242, 0.5355160686614915, -0.902931727160895, -0.7803637637643119, 0.36804643024725525, 0.029307394167312983, 0.1432827432294983, 0.6874139879813108, -0.024524721700651453, 0.6202888442522898, 0.020487258589880097, 0.8534413864805024, 0.333855543079252, -0.7025463211318861, -0.27089364934848836, 0.7315498318881986, -0.29942957828896866, -0.6219484810876903, -0.0547573816684539, -0.21443765035574014, 0.23785985328818726, -0.12646741612097356, -0.47815568541100895, -0.17505557667448635, -0.16193193089539926, 0.8048437117522818, 0.9592325240809707, 0.24713767881382775, -0.8336317548582777, 0.46599743519199, 0.357370804957968, 0.6520457340504391, -0.3050973265778887, -0.8822398116837538, 0.2236436329105842, -0.751970763373456, 0.5190590583266628, 0.5888466351532844, -0.18274642650020412, 0.8875950117660911, -0.6524404124894483, 0.8851716994539605]",rhc,relu,False,False,100,[10],0.1,100,3
352,52,0.15030470001511276,1.8184988310547756,523.0,100,15,"[0.9340596780273533, 0.09446449835144466, 0.9453687199297687, 0.4296319873487293, 0.3954576491945416, -0.5678210088392472, 0.9525489095524835, -0.9875394895908203, -0.4940352752331121, -0.13041693519110842, 0.5587658435875049, -0.6046298507994938, 0.7259864711984445, 0.9668013543506255, -0.6723155171906026, 0.19466788786571843, -0.98202780466489, -0.22685743471274122, -0.9116798841370009, 0.9133059354284718, -0.1277067062404047, 0.8979546135631256, 0.5726119718701219, 0.7325785971633969, -0.6536691570081037, -0.850102825973786, 0.2014854427555386, -0.6640556325631923, 0.4667603350211398, -0.18311227969597055, 0.05581764683584067, 0.875143167901884, 0.043392244889916, -0.7836132342255386, -0.6835531856304011, 0.09040530340642561, 0.04880816013694678, 0.2752204882519873, -0.1970091128194542, 0.2996102180386846, -0.20619999419653467, 0.24783222709644614, 0.5348099341802477, -0.6420521799177383, -0.24884846282491524, 0.005066118653868745, 0.3733341598326916, -0.4926407026772337, 0.10948172588511706, 0.24986168812819542, 0.7910023321122921, -0.27429282313374714, 0.2751141460374733, -0.6171071957620733, -0.004411770765388567, -0.6351091908575863, 0.8367660782795254, -0.13635585731754474, 0.6603762041966925, -0.16644739064327485, 0.8093351774867339, -0.19034956537818792, -0.33765099381775454, 0.14427754054549724, 0.6908872981882266, 0.7220286235061439, 0.19137623413666893, -0.8306767779591795, 0.19453321463834983, -0.5090925828337958, 0.46518689717993555, 0.7893025846334776, 0.0294679418262902, 0.20712702072041278, -0.8698643752343853, 0.08014945928561268, -0.7416264326591246, 0.22912569270066396, -0.2726993059103242, 0.5355160686614915, -0.902931727160895, -0.7803637637643119, 0.36804643024725525, 0.029307394167312983, 0.1432827432294983, 0.6874139879813108, -0.024524721700651453, 0.6202888442522898, 0.020487258589880097, 0.8534413864805024, 0.333855543079252, -0.7025463211318861, -0.27089364934848836, 0.7315498318881986, -0.29942957828896866, -0.6219484810876903, -0.0547573816684539, -0.21443765035574014, 0.23785985328818726, -0.12646741612097356, -0.47815568541100895, -0.17505557667448635, -0.16193193089539926, 0.8048437117522818, 0.9592325240809707, 0.24713767881382775, -0.8336317548582777, 0.46599743519199, 0.357370804957968, 0.6520457340504391, -0.3050973265778887, -0.8822398116837538, 0.2236436329105842, -0.751970763373456, 0.5190590583266628, 0.5888466351532844, -0.18274642650020412, 0.8875950117660911, -0.6524404124894483, 0.8851716994539605]",rhc,relu,False,False,100,[10],0.1,100,3
353,53,0.15169550001155585,1.8184988310547756,524.0,100,15,"[0.9340596780273533, 0.09446449835144466, 0.9453687199297687, 0.4296319873487293, 0.3954576491945416, -0.5678210088392472, 0.9525489095524835, -0.9875394895908203, -0.4940352752331121, -0.13041693519110842, 0.5587658435875049, -0.6046298507994938, 0.7259864711984445, 0.9668013543506255, -0.6723155171906026, 0.19466788786571843, -0.98202780466489, -0.22685743471274122, -0.9116798841370009, 0.9133059354284718, -0.1277067062404047, 0.8979546135631256, 0.5726119718701219, 0.7325785971633969, -0.6536691570081037, -0.850102825973786, 0.2014854427555386, -0.6640556325631923, 0.4667603350211398, -0.18311227969597055, 0.05581764683584067, 0.875143167901884, 0.043392244889916, -0.7836132342255386, -0.6835531856304011, 0.09040530340642561, 0.04880816013694678, 0.2752204882519873, -0.1970091128194542, 0.2996102180386846, -0.20619999419653467, 0.24783222709644614, 0.5348099341802477, -0.6420521799177383, -0.24884846282491524, 0.005066118653868745, 0.3733341598326916, -0.4926407026772337, 0.10948172588511706, 0.24986168812819542, 0.7910023321122921, -0.27429282313374714, 0.2751141460374733, -0.6171071957620733, -0.004411770765388567, -0.6351091908575863, 0.8367660782795254, -0.13635585731754474, 0.6603762041966925, -0.16644739064327485, 0.8093351774867339, -0.19034956537818792, -0.33765099381775454, 0.14427754054549724, 0.6908872981882266, 0.7220286235061439, 0.19137623413666893, -0.8306767779591795, 0.19453321463834983, -0.5090925828337958, 0.46518689717993555, 0.7893025846334776, 0.0294679418262902, 0.20712702072041278, -0.8698643752343853, 0.08014945928561268, -0.7416264326591246, 0.22912569270066396, -0.2726993059103242, 0.5355160686614915, -0.902931727160895, -0.7803637637643119, 0.36804643024725525, 0.029307394167312983, 0.1432827432294983, 0.6874139879813108, -0.024524721700651453, 0.6202888442522898, 0.020487258589880097, 0.8534413864805024, 0.333855543079252, -0.7025463211318861, -0.27089364934848836, 0.7315498318881986, -0.29942957828896866, -0.6219484810876903, -0.0547573816684539, -0.21443765035574014, 0.23785985328818726, -0.12646741612097356, -0.47815568541100895, -0.17505557667448635, -0.16193193089539926, 0.8048437117522818, 0.9592325240809707, 0.24713767881382775, -0.8336317548582777, 0.46599743519199, 0.357370804957968, 0.6520457340504391, -0.3050973265778887, -0.8822398116837538, 0.2236436329105842, -0.751970763373456, 0.5190590583266628, 0.5888466351532844, -0.18274642650020412, 0.8875950117660911, -0.6524404124894483, 0.8851716994539605]",rhc,relu,False,False,100,[10],0.1,100,3
354,54,0.15469950006809086,1.8184988310547756,525.0,100,15,"[0.9340596780273533, 0.09446449835144466, 0.9453687199297687, 0.4296319873487293, 0.3954576491945416, -0.5678210088392472, 0.9525489095524835, -0.9875394895908203, -0.4940352752331121, -0.13041693519110842, 0.5587658435875049, -0.6046298507994938, 0.7259864711984445, 0.9668013543506255, -0.6723155171906026, 0.19466788786571843, -0.98202780466489, -0.22685743471274122, -0.9116798841370009, 0.9133059354284718, -0.1277067062404047, 0.8979546135631256, 0.5726119718701219, 0.7325785971633969, -0.6536691570081037, -0.850102825973786, 0.2014854427555386, -0.6640556325631923, 0.4667603350211398, -0.18311227969597055, 0.05581764683584067, 0.875143167901884, 0.043392244889916, -0.7836132342255386, -0.6835531856304011, 0.09040530340642561, 0.04880816013694678, 0.2752204882519873, -0.1970091128194542, 0.2996102180386846, -0.20619999419653467, 0.24783222709644614, 0.5348099341802477, -0.6420521799177383, -0.24884846282491524, 0.005066118653868745, 0.3733341598326916, -0.4926407026772337, 0.10948172588511706, 0.24986168812819542, 0.7910023321122921, -0.27429282313374714, 0.2751141460374733, -0.6171071957620733, -0.004411770765388567, -0.6351091908575863, 0.8367660782795254, -0.13635585731754474, 0.6603762041966925, -0.16644739064327485, 0.8093351774867339, -0.19034956537818792, -0.33765099381775454, 0.14427754054549724, 0.6908872981882266, 0.7220286235061439, 0.19137623413666893, -0.8306767779591795, 0.19453321463834983, -0.5090925828337958, 0.46518689717993555, 0.7893025846334776, 0.0294679418262902, 0.20712702072041278, -0.8698643752343853, 0.08014945928561268, -0.7416264326591246, 0.22912569270066396, -0.2726993059103242, 0.5355160686614915, -0.902931727160895, -0.7803637637643119, 0.36804643024725525, 0.029307394167312983, 0.1432827432294983, 0.6874139879813108, -0.024524721700651453, 0.6202888442522898, 0.020487258589880097, 0.8534413864805024, 0.333855543079252, -0.7025463211318861, -0.27089364934848836, 0.7315498318881986, -0.29942957828896866, -0.6219484810876903, -0.0547573816684539, -0.21443765035574014, 0.23785985328818726, -0.12646741612097356, -0.47815568541100895, -0.17505557667448635, -0.16193193089539926, 0.8048437117522818, 0.9592325240809707, 0.24713767881382775, -0.8336317548582777, 0.46599743519199, 0.357370804957968, 0.6520457340504391, -0.3050973265778887, -0.8822398116837538, 0.2236436329105842, -0.751970763373456, 0.5190590583266628, 0.5888466351532844, -0.18274642650020412, 0.8875950117660911, -0.6524404124894483, 0.8851716994539605]",rhc,relu,False,False,100,[10],0.1,100,3
355,55,0.15623610001057386,1.8184988310547756,526.0,100,15,"[0.9340596780273533, 0.09446449835144466, 0.9453687199297687, 0.4296319873487293, 0.3954576491945416, -0.5678210088392472, 0.9525489095524835, -0.9875394895908203, -0.4940352752331121, -0.13041693519110842, 0.5587658435875049, -0.6046298507994938, 0.7259864711984445, 0.9668013543506255, -0.6723155171906026, 0.19466788786571843, -0.98202780466489, -0.22685743471274122, -0.9116798841370009, 0.9133059354284718, -0.1277067062404047, 0.8979546135631256, 0.5726119718701219, 0.7325785971633969, -0.6536691570081037, -0.850102825973786, 0.2014854427555386, -0.6640556325631923, 0.4667603350211398, -0.18311227969597055, 0.05581764683584067, 0.875143167901884, 0.043392244889916, -0.7836132342255386, -0.6835531856304011, 0.09040530340642561, 0.04880816013694678, 0.2752204882519873, -0.1970091128194542, 0.2996102180386846, -0.20619999419653467, 0.24783222709644614, 0.5348099341802477, -0.6420521799177383, -0.24884846282491524, 0.005066118653868745, 0.3733341598326916, -0.4926407026772337, 0.10948172588511706, 0.24986168812819542, 0.7910023321122921, -0.27429282313374714, 0.2751141460374733, -0.6171071957620733, -0.004411770765388567, -0.6351091908575863, 0.8367660782795254, -0.13635585731754474, 0.6603762041966925, -0.16644739064327485, 0.8093351774867339, -0.19034956537818792, -0.33765099381775454, 0.14427754054549724, 0.6908872981882266, 0.7220286235061439, 0.19137623413666893, -0.8306767779591795, 0.19453321463834983, -0.5090925828337958, 0.46518689717993555, 0.7893025846334776, 0.0294679418262902, 0.20712702072041278, -0.8698643752343853, 0.08014945928561268, -0.7416264326591246, 0.22912569270066396, -0.2726993059103242, 0.5355160686614915, -0.902931727160895, -0.7803637637643119, 0.36804643024725525, 0.029307394167312983, 0.1432827432294983, 0.6874139879813108, -0.024524721700651453, 0.6202888442522898, 0.020487258589880097, 0.8534413864805024, 0.333855543079252, -0.7025463211318861, -0.27089364934848836, 0.7315498318881986, -0.29942957828896866, -0.6219484810876903, -0.0547573816684539, -0.21443765035574014, 0.23785985328818726, -0.12646741612097356, -0.47815568541100895, -0.17505557667448635, -0.16193193089539926, 0.8048437117522818, 0.9592325240809707, 0.24713767881382775, -0.8336317548582777, 0.46599743519199, 0.357370804957968, 0.6520457340504391, -0.3050973265778887, -0.8822398116837538, 0.2236436329105842, -0.751970763373456, 0.5190590583266628, 0.5888466351532844, -0.18274642650020412, 0.8875950117660911, -0.6524404124894483, 0.8851716994539605]",rhc,relu,False,False,100,[10],0.1,100,3
356,56,0.15794740000274032,1.804481704744287,528.0,100,15,"[0.9340596780273533, 0.09446449835144466, 0.9453687199297687, 0.4296319873487293, 0.3954576491945416, -0.5678210088392472, 0.9525489095524835, -0.9875394895908203, -0.4940352752331121, -0.13041693519110842, 0.5587658435875049, -0.6046298507994938, 0.7259864711984445, 0.9668013543506255, -0.6723155171906026, 0.19466788786571843, -0.98202780466489, -0.22685743471274122, -0.9116798841370009, 0.9133059354284718, -0.1277067062404047, 0.8979546135631256, 0.5726119718701219, 0.7325785971633969, -0.6536691570081037, -0.850102825973786, 0.2014854427555386, -0.6640556325631923, 0.4667603350211398, -0.18311227969597055, 0.05581764683584067, 0.875143167901884, 0.043392244889916, -0.7836132342255386, -0.6835531856304011, 0.09040530340642561, 0.04880816013694678, 0.2752204882519873, -0.1970091128194542, 0.2996102180386846, -0.20619999419653467, 0.24783222709644614, 0.5348099341802477, -0.6420521799177383, -0.24884846282491524, 0.005066118653868745, 0.3733341598326916, -0.4926407026772337, 0.10948172588511706, 0.24986168812819542, 0.7910023321122921, -0.27429282313374714, 0.2751141460374733, -0.6171071957620733, -0.004411770765388567, -0.6351091908575863, 0.8367660782795254, -0.13635585731754474, 0.6603762041966925, -0.16644739064327485, 0.8093351774867339, -0.19034956537818792, -0.33765099381775454, 0.14427754054549724, 0.6908872981882266, 0.7220286235061439, 0.19137623413666893, -0.8306767779591795, 0.19453321463834983, -0.5090925828337958, 0.46518689717993555, 0.7893025846334776, 0.0294679418262902, 0.20712702072041278, -0.8698643752343853, 0.08014945928561268, -0.7416264326591246, 0.22912569270066396, -0.2726993059103242, 0.5355160686614915, -0.902931727160895, -0.7803637637643119, 0.36804643024725525, 0.029307394167312983, 0.1432827432294983, 0.6874139879813108, -0.024524721700651453, 0.6202888442522898, 0.020487258589880097, 0.8534413864805024, 0.333855543079252, -0.7025463211318861, -0.27089364934848836, 0.7315498318881986, -0.29942957828896866, -0.6219484810876903, -0.0547573816684539, -0.21443765035574014, 0.23785985328818726, -0.12646741612097356, -0.47815568541100895, -0.17505557667448635, -0.16193193089539926, 0.8048437117522818, 0.9592325240809707, 0.24713767881382775, -0.8336317548582777, 0.46599743519199, 0.357370804957968, 0.6520457340504391, -0.3050973265778887, -0.8822398116837538, 0.2236436329105842, -0.751970763373456, 0.5190590583266628, 0.5888466351532844, -0.18274642650020412, 0.8875950117660911, -0.6524404124894483, 0.8851716994539605]",rhc,relu,False,False,100,[10],0.1,100,3
357,57,0.15946009999606758,1.7978982786827475,530.0,100,15,"[0.9340596780273533, 0.09446449835144466, 0.9453687199297687, 0.4296319873487293, 0.3954576491945416, -0.5678210088392472, 0.9525489095524835, -0.9875394895908203, -0.4940352752331121, -0.13041693519110842, 0.5587658435875049, -0.6046298507994938, 0.7259864711984445, 0.9668013543506255, -0.6723155171906026, 0.19466788786571843, -0.98202780466489, -0.22685743471274122, -0.9116798841370009, 0.9133059354284718, -0.1277067062404047, 0.8979546135631256, 0.5726119718701219, 0.7325785971633969, -0.6536691570081037, -0.850102825973786, 0.2014854427555386, -0.6640556325631923, 0.4667603350211398, -0.18311227969597055, 0.05581764683584067, 0.875143167901884, 0.043392244889916, -0.7836132342255386, -0.6835531856304011, 0.09040530340642561, 0.04880816013694678, 0.2752204882519873, -0.1970091128194542, 0.2996102180386846, -0.20619999419653467, 0.24783222709644614, 0.5348099341802477, -0.6420521799177383, -0.24884846282491524, 0.005066118653868745, 0.3733341598326916, -0.4926407026772337, 0.10948172588511706, 0.24986168812819542, 0.7910023321122921, -0.27429282313374714, 0.2751141460374733, -0.6171071957620733, -0.004411770765388567, -0.6351091908575863, 0.8367660782795254, -0.13635585731754474, 0.6603762041966925, -0.16644739064327485, 0.8093351774867339, -0.19034956537818792, -0.33765099381775454, 0.14427754054549724, 0.6908872981882266, 0.7220286235061439, 0.19137623413666893, -0.8306767779591795, 0.19453321463834983, -0.5090925828337958, 0.46518689717993555, 0.7893025846334776, 0.0294679418262902, 0.20712702072041278, -0.8698643752343853, 0.08014945928561268, -0.7416264326591246, 0.22912569270066396, -0.2726993059103242, 0.5355160686614915, -0.902931727160895, -0.7803637637643119, 0.36804643024725525, 0.029307394167312983, 0.1432827432294983, 0.6874139879813108, -0.024524721700651453, 0.6202888442522898, 0.020487258589880097, 0.8534413864805024, 0.333855543079252, -0.7025463211318861, -0.27089364934848836, 0.7315498318881986, -0.29942957828896866, -0.6219484810876903, -0.0547573816684539, -0.21443765035574014, 0.23785985328818726, -0.12646741612097356, -0.47815568541100895, -0.17505557667448635, -0.16193193089539926, 0.8048437117522818, 0.9592325240809707, 0.24713767881382775, -0.8336317548582777, 0.46599743519199, 0.357370804957968, 0.6520457340504391, -0.3050973265778887, -0.8822398116837538, 0.2236436329105842, -0.751970763373456, 0.5190590583266628, 0.5888466351532844, -0.18274642650020412, 0.8875950117660911, -0.6524404124894483, 0.8851716994539605]",rhc,relu,False,False,100,[10],0.1,100,3
358,58,0.16259170009288937,1.7963455230366445,532.0,100,15,"[0.9340596780273533, 0.09446449835144466, 0.9453687199297687, 0.4296319873487293, 0.3954576491945416, -0.5678210088392472, 0.9525489095524835, -0.9875394895908203, -0.4940352752331121, -0.13041693519110842, 0.5587658435875049, -0.6046298507994938, 0.7259864711984445, 0.9668013543506255, -0.6723155171906026, 0.19466788786571843, -0.98202780466489, -0.22685743471274122, -0.9116798841370009, 0.9133059354284718, -0.1277067062404047, 0.8979546135631256, 0.5726119718701219, 0.7325785971633969, -0.6536691570081037, -0.850102825973786, 0.2014854427555386, -0.6640556325631923, 0.4667603350211398, -0.18311227969597055, 0.05581764683584067, 0.875143167901884, 0.043392244889916, -0.7836132342255386, -0.6835531856304011, 0.09040530340642561, 0.04880816013694678, 0.2752204882519873, -0.1970091128194542, 0.2996102180386846, -0.20619999419653467, 0.24783222709644614, 0.5348099341802477, -0.6420521799177383, -0.24884846282491524, 0.005066118653868745, 0.3733341598326916, -0.4926407026772337, 0.10948172588511706, 0.24986168812819542, 0.7910023321122921, -0.27429282313374714, 0.2751141460374733, -0.6171071957620733, -0.004411770765388567, -0.6351091908575863, 0.8367660782795254, -0.13635585731754474, 0.6603762041966925, -0.16644739064327485, 0.8093351774867339, -0.19034956537818792, -0.33765099381775454, 0.14427754054549724, 0.6908872981882266, 0.7220286235061439, 0.19137623413666893, -0.8306767779591795, 0.19453321463834983, -0.5090925828337958, 0.46518689717993555, 0.7893025846334776, 0.0294679418262902, 0.20712702072041278, -0.8698643752343853, 0.08014945928561268, -0.7416264326591246, 0.22912569270066396, -0.2726993059103242, 0.5355160686614915, -0.902931727160895, -0.7803637637643119, 0.36804643024725525, 0.029307394167312983, 0.1432827432294983, 0.6874139879813108, -0.024524721700651453, 0.6202888442522898, 0.020487258589880097, 0.8534413864805024, 0.333855543079252, -0.7025463211318861, -0.27089364934848836, 0.7315498318881986, -0.29942957828896866, -0.6219484810876903, -0.0547573816684539, -0.21443765035574014, 0.23785985328818726, -0.12646741612097356, -0.47815568541100895, -0.17505557667448635, -0.16193193089539926, 0.8048437117522818, 0.9592325240809707, 0.24713767881382775, -0.8336317548582777, 0.46599743519199, 0.357370804957968, 0.6520457340504391, -0.3050973265778887, -0.8822398116837538, 0.2236436329105842, -0.751970763373456, 0.5190590583266628, 0.5888466351532844, -0.18274642650020412, 0.8875950117660911, -0.6524404124894483, 0.8851716994539605]",rhc,relu,False,False,100,[10],0.1,100,3
359,59,0.16467890003696084,1.7963455230366445,533.0,100,15,"[0.9340596780273533, 0.09446449835144466, 0.9453687199297687, 0.4296319873487293, 0.3954576491945416, -0.5678210088392472, 0.9525489095524835, -0.9875394895908203, -0.4940352752331121, -0.13041693519110842, 0.5587658435875049, -0.6046298507994938, 0.7259864711984445, 0.9668013543506255, -0.6723155171906026, 0.19466788786571843, -0.98202780466489, -0.22685743471274122, -0.9116798841370009, 0.9133059354284718, -0.1277067062404047, 0.8979546135631256, 0.5726119718701219, 0.7325785971633969, -0.6536691570081037, -0.850102825973786, 0.2014854427555386, -0.6640556325631923, 0.4667603350211398, -0.18311227969597055, 0.05581764683584067, 0.875143167901884, 0.043392244889916, -0.7836132342255386, -0.6835531856304011, 0.09040530340642561, 0.04880816013694678, 0.2752204882519873, -0.1970091128194542, 0.2996102180386846, -0.20619999419653467, 0.24783222709644614, 0.5348099341802477, -0.6420521799177383, -0.24884846282491524, 0.005066118653868745, 0.3733341598326916, -0.4926407026772337, 0.10948172588511706, 0.24986168812819542, 0.7910023321122921, -0.27429282313374714, 0.2751141460374733, -0.6171071957620733, -0.004411770765388567, -0.6351091908575863, 0.8367660782795254, -0.13635585731754474, 0.6603762041966925, -0.16644739064327485, 0.8093351774867339, -0.19034956537818792, -0.33765099381775454, 0.14427754054549724, 0.6908872981882266, 0.7220286235061439, 0.19137623413666893, -0.8306767779591795, 0.19453321463834983, -0.5090925828337958, 0.46518689717993555, 0.7893025846334776, 0.0294679418262902, 0.20712702072041278, -0.8698643752343853, 0.08014945928561268, -0.7416264326591246, 0.22912569270066396, -0.2726993059103242, 0.5355160686614915, -0.902931727160895, -0.7803637637643119, 0.36804643024725525, 0.029307394167312983, 0.1432827432294983, 0.6874139879813108, -0.024524721700651453, 0.6202888442522898, 0.020487258589880097, 0.8534413864805024, 0.333855543079252, -0.7025463211318861, -0.27089364934848836, 0.7315498318881986, -0.29942957828896866, -0.6219484810876903, -0.0547573816684539, -0.21443765035574014, 0.23785985328818726, -0.12646741612097356, -0.47815568541100895, -0.17505557667448635, -0.16193193089539926, 0.8048437117522818, 0.9592325240809707, 0.24713767881382775, -0.8336317548582777, 0.46599743519199, 0.357370804957968, 0.6520457340504391, -0.3050973265778887, -0.8822398116837538, 0.2236436329105842, -0.751970763373456, 0.5190590583266628, 0.5888466351532844, -0.18274642650020412, 0.8875950117660911, -0.6524404124894483, 0.8851716994539605]",rhc,relu,False,False,100,[10],0.1,100,3
360,60,0.16787820006720722,1.7751243228678972,535.0,100,15,"[0.9340596780273533, 0.09446449835144466, 0.9453687199297687, 0.4296319873487293, 0.3954576491945416, -0.5678210088392472, 0.9525489095524835, -0.9875394895908203, -0.4940352752331121, -0.13041693519110842, 0.5587658435875049, -0.6046298507994938, 0.7259864711984445, 0.9668013543506255, -0.6723155171906026, 0.19466788786571843, -0.98202780466489, -0.22685743471274122, -0.9116798841370009, 0.9133059354284718, -0.1277067062404047, 0.8979546135631256, 0.5726119718701219, 0.7325785971633969, -0.6536691570081037, -0.850102825973786, 0.2014854427555386, -0.6640556325631923, 0.4667603350211398, -0.18311227969597055, 0.05581764683584067, 0.875143167901884, 0.043392244889916, -0.7836132342255386, -0.6835531856304011, 0.09040530340642561, 0.04880816013694678, 0.2752204882519873, -0.1970091128194542, 0.2996102180386846, -0.20619999419653467, 0.24783222709644614, 0.5348099341802477, -0.6420521799177383, -0.24884846282491524, 0.005066118653868745, 0.3733341598326916, -0.4926407026772337, 0.10948172588511706, 0.24986168812819542, 0.7910023321122921, -0.27429282313374714, 0.2751141460374733, -0.6171071957620733, -0.004411770765388567, -0.6351091908575863, 0.8367660782795254, -0.13635585731754474, 0.6603762041966925, -0.16644739064327485, 0.8093351774867339, -0.19034956537818792, -0.33765099381775454, 0.14427754054549724, 0.6908872981882266, 0.7220286235061439, 0.19137623413666893, -0.8306767779591795, 0.19453321463834983, -0.5090925828337958, 0.46518689717993555, 0.7893025846334776, 0.0294679418262902, 0.20712702072041278, -0.8698643752343853, 0.08014945928561268, -0.7416264326591246, 0.22912569270066396, -0.2726993059103242, 0.5355160686614915, -0.902931727160895, -0.7803637637643119, 0.36804643024725525, 0.029307394167312983, 0.1432827432294983, 0.6874139879813108, -0.024524721700651453, 0.6202888442522898, 0.020487258589880097, 0.8534413864805024, 0.333855543079252, -0.7025463211318861, -0.27089364934848836, 0.7315498318881986, -0.29942957828896866, -0.6219484810876903, -0.0547573816684539, -0.21443765035574014, 0.23785985328818726, -0.12646741612097356, -0.47815568541100895, -0.17505557667448635, -0.16193193089539926, 0.8048437117522818, 0.9592325240809707, 0.24713767881382775, -0.8336317548582777, 0.46599743519199, 0.357370804957968, 0.6520457340504391, -0.3050973265778887, -0.8822398116837538, 0.2236436329105842, -0.751970763373456, 0.5190590583266628, 0.5888466351532844, -0.18274642650020412, 0.8875950117660911, -0.6524404124894483, 0.8851716994539605]",rhc,relu,False,False,100,[10],0.1,100,3
361,61,0.16964800003916025,1.7751243228678972,536.0,100,15,"[0.9340596780273533, 0.09446449835144466, 0.9453687199297687, 0.4296319873487293, 0.3954576491945416, -0.5678210088392472, 0.9525489095524835, -0.9875394895908203, -0.4940352752331121, -0.13041693519110842, 0.5587658435875049, -0.6046298507994938, 0.7259864711984445, 0.9668013543506255, -0.6723155171906026, 0.19466788786571843, -0.98202780466489, -0.22685743471274122, -0.9116798841370009, 0.9133059354284718, -0.1277067062404047, 0.8979546135631256, 0.5726119718701219, 0.7325785971633969, -0.6536691570081037, -0.850102825973786, 0.2014854427555386, -0.6640556325631923, 0.4667603350211398, -0.18311227969597055, 0.05581764683584067, 0.875143167901884, 0.043392244889916, -0.7836132342255386, -0.6835531856304011, 0.09040530340642561, 0.04880816013694678, 0.2752204882519873, -0.1970091128194542, 0.2996102180386846, -0.20619999419653467, 0.24783222709644614, 0.5348099341802477, -0.6420521799177383, -0.24884846282491524, 0.005066118653868745, 0.3733341598326916, -0.4926407026772337, 0.10948172588511706, 0.24986168812819542, 0.7910023321122921, -0.27429282313374714, 0.2751141460374733, -0.6171071957620733, -0.004411770765388567, -0.6351091908575863, 0.8367660782795254, -0.13635585731754474, 0.6603762041966925, -0.16644739064327485, 0.8093351774867339, -0.19034956537818792, -0.33765099381775454, 0.14427754054549724, 0.6908872981882266, 0.7220286235061439, 0.19137623413666893, -0.8306767779591795, 0.19453321463834983, -0.5090925828337958, 0.46518689717993555, 0.7893025846334776, 0.0294679418262902, 0.20712702072041278, -0.8698643752343853, 0.08014945928561268, -0.7416264326591246, 0.22912569270066396, -0.2726993059103242, 0.5355160686614915, -0.902931727160895, -0.7803637637643119, 0.36804643024725525, 0.029307394167312983, 0.1432827432294983, 0.6874139879813108, -0.024524721700651453, 0.6202888442522898, 0.020487258589880097, 0.8534413864805024, 0.333855543079252, -0.7025463211318861, -0.27089364934848836, 0.7315498318881986, -0.29942957828896866, -0.6219484810876903, -0.0547573816684539, -0.21443765035574014, 0.23785985328818726, -0.12646741612097356, -0.47815568541100895, -0.17505557667448635, -0.16193193089539926, 0.8048437117522818, 0.9592325240809707, 0.24713767881382775, -0.8336317548582777, 0.46599743519199, 0.357370804957968, 0.6520457340504391, -0.3050973265778887, -0.8822398116837538, 0.2236436329105842, -0.751970763373456, 0.5190590583266628, 0.5888466351532844, -0.18274642650020412, 0.8875950117660911, -0.6524404124894483, 0.8851716994539605]",rhc,relu,False,False,100,[10],0.1,100,3
362,62,0.172666700091213,1.7751243228678972,537.0,100,15,"[0.9340596780273533, 0.09446449835144466, 0.9453687199297687, 0.4296319873487293, 0.3954576491945416, -0.5678210088392472, 0.9525489095524835, -0.9875394895908203, -0.4940352752331121, -0.13041693519110842, 0.5587658435875049, -0.6046298507994938, 0.7259864711984445, 0.9668013543506255, -0.6723155171906026, 0.19466788786571843, -0.98202780466489, -0.22685743471274122, -0.9116798841370009, 0.9133059354284718, -0.1277067062404047, 0.8979546135631256, 0.5726119718701219, 0.7325785971633969, -0.6536691570081037, -0.850102825973786, 0.2014854427555386, -0.6640556325631923, 0.4667603350211398, -0.18311227969597055, 0.05581764683584067, 0.875143167901884, 0.043392244889916, -0.7836132342255386, -0.6835531856304011, 0.09040530340642561, 0.04880816013694678, 0.2752204882519873, -0.1970091128194542, 0.2996102180386846, -0.20619999419653467, 0.24783222709644614, 0.5348099341802477, -0.6420521799177383, -0.24884846282491524, 0.005066118653868745, 0.3733341598326916, -0.4926407026772337, 0.10948172588511706, 0.24986168812819542, 0.7910023321122921, -0.27429282313374714, 0.2751141460374733, -0.6171071957620733, -0.004411770765388567, -0.6351091908575863, 0.8367660782795254, -0.13635585731754474, 0.6603762041966925, -0.16644739064327485, 0.8093351774867339, -0.19034956537818792, -0.33765099381775454, 0.14427754054549724, 0.6908872981882266, 0.7220286235061439, 0.19137623413666893, -0.8306767779591795, 0.19453321463834983, -0.5090925828337958, 0.46518689717993555, 0.7893025846334776, 0.0294679418262902, 0.20712702072041278, -0.8698643752343853, 0.08014945928561268, -0.7416264326591246, 0.22912569270066396, -0.2726993059103242, 0.5355160686614915, -0.902931727160895, -0.7803637637643119, 0.36804643024725525, 0.029307394167312983, 0.1432827432294983, 0.6874139879813108, -0.024524721700651453, 0.6202888442522898, 0.020487258589880097, 0.8534413864805024, 0.333855543079252, -0.7025463211318861, -0.27089364934848836, 0.7315498318881986, -0.29942957828896866, -0.6219484810876903, -0.0547573816684539, -0.21443765035574014, 0.23785985328818726, -0.12646741612097356, -0.47815568541100895, -0.17505557667448635, -0.16193193089539926, 0.8048437117522818, 0.9592325240809707, 0.24713767881382775, -0.8336317548582777, 0.46599743519199, 0.357370804957968, 0.6520457340504391, -0.3050973265778887, -0.8822398116837538, 0.2236436329105842, -0.751970763373456, 0.5190590583266628, 0.5888466351532844, -0.18274642650020412, 0.8875950117660911, -0.6524404124894483, 0.8851716994539605]",rhc,relu,False,False,100,[10],0.1,100,3
363,63,0.1759350000647828,1.7675586942276555,539.0,100,15,"[0.9340596780273533, 0.09446449835144466, 0.9453687199297687, 0.4296319873487293, 0.3954576491945416, -0.5678210088392472, 0.9525489095524835, -0.9875394895908203, -0.4940352752331121, -0.13041693519110842, 0.5587658435875049, -0.6046298507994938, 0.7259864711984445, 0.9668013543506255, -0.6723155171906026, 0.19466788786571843, -0.98202780466489, -0.22685743471274122, -0.9116798841370009, 0.9133059354284718, -0.1277067062404047, 0.8979546135631256, 0.5726119718701219, 0.7325785971633969, -0.6536691570081037, -0.850102825973786, 0.2014854427555386, -0.6640556325631923, 0.4667603350211398, -0.18311227969597055, 0.05581764683584067, 0.875143167901884, 0.043392244889916, -0.7836132342255386, -0.6835531856304011, 0.09040530340642561, 0.04880816013694678, 0.2752204882519873, -0.1970091128194542, 0.2996102180386846, -0.20619999419653467, 0.24783222709644614, 0.5348099341802477, -0.6420521799177383, -0.24884846282491524, 0.005066118653868745, 0.3733341598326916, -0.4926407026772337, 0.10948172588511706, 0.24986168812819542, 0.7910023321122921, -0.27429282313374714, 0.2751141460374733, -0.6171071957620733, -0.004411770765388567, -0.6351091908575863, 0.8367660782795254, -0.13635585731754474, 0.6603762041966925, -0.16644739064327485, 0.8093351774867339, -0.19034956537818792, -0.33765099381775454, 0.14427754054549724, 0.6908872981882266, 0.7220286235061439, 0.19137623413666893, -0.8306767779591795, 0.19453321463834983, -0.5090925828337958, 0.46518689717993555, 0.7893025846334776, 0.0294679418262902, 0.20712702072041278, -0.8698643752343853, 0.08014945928561268, -0.7416264326591246, 0.22912569270066396, -0.2726993059103242, 0.5355160686614915, -0.902931727160895, -0.7803637637643119, 0.36804643024725525, 0.029307394167312983, 0.1432827432294983, 0.6874139879813108, -0.024524721700651453, 0.6202888442522898, 0.020487258589880097, 0.8534413864805024, 0.333855543079252, -0.7025463211318861, -0.27089364934848836, 0.7315498318881986, -0.29942957828896866, -0.6219484810876903, -0.0547573816684539, -0.21443765035574014, 0.23785985328818726, -0.12646741612097356, -0.47815568541100895, -0.17505557667448635, -0.16193193089539926, 0.8048437117522818, 0.9592325240809707, 0.24713767881382775, -0.8336317548582777, 0.46599743519199, 0.357370804957968, 0.6520457340504391, -0.3050973265778887, -0.8822398116837538, 0.2236436329105842, -0.751970763373456, 0.5190590583266628, 0.5888466351532844, -0.18274642650020412, 0.8875950117660911, -0.6524404124894483, 0.8851716994539605]",rhc,relu,False,False,100,[10],0.1,100,3
364,64,0.17886750004254282,1.7675586942276555,540.0,100,15,"[0.9340596780273533, 0.09446449835144466, 0.9453687199297687, 0.4296319873487293, 0.3954576491945416, -0.5678210088392472, 0.9525489095524835, -0.9875394895908203, -0.4940352752331121, -0.13041693519110842, 0.5587658435875049, -0.6046298507994938, 0.7259864711984445, 0.9668013543506255, -0.6723155171906026, 0.19466788786571843, -0.98202780466489, -0.22685743471274122, -0.9116798841370009, 0.9133059354284718, -0.1277067062404047, 0.8979546135631256, 0.5726119718701219, 0.7325785971633969, -0.6536691570081037, -0.850102825973786, 0.2014854427555386, -0.6640556325631923, 0.4667603350211398, -0.18311227969597055, 0.05581764683584067, 0.875143167901884, 0.043392244889916, -0.7836132342255386, -0.6835531856304011, 0.09040530340642561, 0.04880816013694678, 0.2752204882519873, -0.1970091128194542, 0.2996102180386846, -0.20619999419653467, 0.24783222709644614, 0.5348099341802477, -0.6420521799177383, -0.24884846282491524, 0.005066118653868745, 0.3733341598326916, -0.4926407026772337, 0.10948172588511706, 0.24986168812819542, 0.7910023321122921, -0.27429282313374714, 0.2751141460374733, -0.6171071957620733, -0.004411770765388567, -0.6351091908575863, 0.8367660782795254, -0.13635585731754474, 0.6603762041966925, -0.16644739064327485, 0.8093351774867339, -0.19034956537818792, -0.33765099381775454, 0.14427754054549724, 0.6908872981882266, 0.7220286235061439, 0.19137623413666893, -0.8306767779591795, 0.19453321463834983, -0.5090925828337958, 0.46518689717993555, 0.7893025846334776, 0.0294679418262902, 0.20712702072041278, -0.8698643752343853, 0.08014945928561268, -0.7416264326591246, 0.22912569270066396, -0.2726993059103242, 0.5355160686614915, -0.902931727160895, -0.7803637637643119, 0.36804643024725525, 0.029307394167312983, 0.1432827432294983, 0.6874139879813108, -0.024524721700651453, 0.6202888442522898, 0.020487258589880097, 0.8534413864805024, 0.333855543079252, -0.7025463211318861, -0.27089364934848836, 0.7315498318881986, -0.29942957828896866, -0.6219484810876903, -0.0547573816684539, -0.21443765035574014, 0.23785985328818726, -0.12646741612097356, -0.47815568541100895, -0.17505557667448635, -0.16193193089539926, 0.8048437117522818, 0.9592325240809707, 0.24713767881382775, -0.8336317548582777, 0.46599743519199, 0.357370804957968, 0.6520457340504391, -0.3050973265778887, -0.8822398116837538, 0.2236436329105842, -0.751970763373456, 0.5190590583266628, 0.5888466351532844, -0.18274642650020412, 0.8875950117660911, -0.6524404124894483, 0.8851716994539605]",rhc,relu,False,False,100,[10],0.1,100,3
365,65,0.1803774000145495,1.7675586942276555,541.0,100,15,"[0.9340596780273533, 0.09446449835144466, 0.9453687199297687, 0.4296319873487293, 0.3954576491945416, -0.5678210088392472, 0.9525489095524835, -0.9875394895908203, -0.4940352752331121, -0.13041693519110842, 0.5587658435875049, -0.6046298507994938, 0.7259864711984445, 0.9668013543506255, -0.6723155171906026, 0.19466788786571843, -0.98202780466489, -0.22685743471274122, -0.9116798841370009, 0.9133059354284718, -0.1277067062404047, 0.8979546135631256, 0.5726119718701219, 0.7325785971633969, -0.6536691570081037, -0.850102825973786, 0.2014854427555386, -0.6640556325631923, 0.4667603350211398, -0.18311227969597055, 0.05581764683584067, 0.875143167901884, 0.043392244889916, -0.7836132342255386, -0.6835531856304011, 0.09040530340642561, 0.04880816013694678, 0.2752204882519873, -0.1970091128194542, 0.2996102180386846, -0.20619999419653467, 0.24783222709644614, 0.5348099341802477, -0.6420521799177383, -0.24884846282491524, 0.005066118653868745, 0.3733341598326916, -0.4926407026772337, 0.10948172588511706, 0.24986168812819542, 0.7910023321122921, -0.27429282313374714, 0.2751141460374733, -0.6171071957620733, -0.004411770765388567, -0.6351091908575863, 0.8367660782795254, -0.13635585731754474, 0.6603762041966925, -0.16644739064327485, 0.8093351774867339, -0.19034956537818792, -0.33765099381775454, 0.14427754054549724, 0.6908872981882266, 0.7220286235061439, 0.19137623413666893, -0.8306767779591795, 0.19453321463834983, -0.5090925828337958, 0.46518689717993555, 0.7893025846334776, 0.0294679418262902, 0.20712702072041278, -0.8698643752343853, 0.08014945928561268, -0.7416264326591246, 0.22912569270066396, -0.2726993059103242, 0.5355160686614915, -0.902931727160895, -0.7803637637643119, 0.36804643024725525, 0.029307394167312983, 0.1432827432294983, 0.6874139879813108, -0.024524721700651453, 0.6202888442522898, 0.020487258589880097, 0.8534413864805024, 0.333855543079252, -0.7025463211318861, -0.27089364934848836, 0.7315498318881986, -0.29942957828896866, -0.6219484810876903, -0.0547573816684539, -0.21443765035574014, 0.23785985328818726, -0.12646741612097356, -0.47815568541100895, -0.17505557667448635, -0.16193193089539926, 0.8048437117522818, 0.9592325240809707, 0.24713767881382775, -0.8336317548582777, 0.46599743519199, 0.357370804957968, 0.6520457340504391, -0.3050973265778887, -0.8822398116837538, 0.2236436329105842, -0.751970763373456, 0.5190590583266628, 0.5888466351532844, -0.18274642650020412, 0.8875950117660911, -0.6524404124894483, 0.8851716994539605]",rhc,relu,False,False,100,[10],0.1,100,3
366,66,0.18194050004240125,1.7675586942276555,542.0,100,15,"[0.9340596780273533, 0.09446449835144466, 0.9453687199297687, 0.4296319873487293, 0.3954576491945416, -0.5678210088392472, 0.9525489095524835, -0.9875394895908203, -0.4940352752331121, -0.13041693519110842, 0.5587658435875049, -0.6046298507994938, 0.7259864711984445, 0.9668013543506255, -0.6723155171906026, 0.19466788786571843, -0.98202780466489, -0.22685743471274122, -0.9116798841370009, 0.9133059354284718, -0.1277067062404047, 0.8979546135631256, 0.5726119718701219, 0.7325785971633969, -0.6536691570081037, -0.850102825973786, 0.2014854427555386, -0.6640556325631923, 0.4667603350211398, -0.18311227969597055, 0.05581764683584067, 0.875143167901884, 0.043392244889916, -0.7836132342255386, -0.6835531856304011, 0.09040530340642561, 0.04880816013694678, 0.2752204882519873, -0.1970091128194542, 0.2996102180386846, -0.20619999419653467, 0.24783222709644614, 0.5348099341802477, -0.6420521799177383, -0.24884846282491524, 0.005066118653868745, 0.3733341598326916, -0.4926407026772337, 0.10948172588511706, 0.24986168812819542, 0.7910023321122921, -0.27429282313374714, 0.2751141460374733, -0.6171071957620733, -0.004411770765388567, -0.6351091908575863, 0.8367660782795254, -0.13635585731754474, 0.6603762041966925, -0.16644739064327485, 0.8093351774867339, -0.19034956537818792, -0.33765099381775454, 0.14427754054549724, 0.6908872981882266, 0.7220286235061439, 0.19137623413666893, -0.8306767779591795, 0.19453321463834983, -0.5090925828337958, 0.46518689717993555, 0.7893025846334776, 0.0294679418262902, 0.20712702072041278, -0.8698643752343853, 0.08014945928561268, -0.7416264326591246, 0.22912569270066396, -0.2726993059103242, 0.5355160686614915, -0.902931727160895, -0.7803637637643119, 0.36804643024725525, 0.029307394167312983, 0.1432827432294983, 0.6874139879813108, -0.024524721700651453, 0.6202888442522898, 0.020487258589880097, 0.8534413864805024, 0.333855543079252, -0.7025463211318861, -0.27089364934848836, 0.7315498318881986, -0.29942957828896866, -0.6219484810876903, -0.0547573816684539, -0.21443765035574014, 0.23785985328818726, -0.12646741612097356, -0.47815568541100895, -0.17505557667448635, -0.16193193089539926, 0.8048437117522818, 0.9592325240809707, 0.24713767881382775, -0.8336317548582777, 0.46599743519199, 0.357370804957968, 0.6520457340504391, -0.3050973265778887, -0.8822398116837538, 0.2236436329105842, -0.751970763373456, 0.5190590583266628, 0.5888466351532844, -0.18274642650020412, 0.8875950117660911, -0.6524404124894483, 0.8851716994539605]",rhc,relu,False,False,100,[10],0.1,100,3
367,67,0.1847929999930784,1.7675586942276555,543.0,100,15,"[0.9340596780273533, 0.09446449835144466, 0.9453687199297687, 0.4296319873487293, 0.3954576491945416, -0.5678210088392472, 0.9525489095524835, -0.9875394895908203, -0.4940352752331121, -0.13041693519110842, 0.5587658435875049, -0.6046298507994938, 0.7259864711984445, 0.9668013543506255, -0.6723155171906026, 0.19466788786571843, -0.98202780466489, -0.22685743471274122, -0.9116798841370009, 0.9133059354284718, -0.1277067062404047, 0.8979546135631256, 0.5726119718701219, 0.7325785971633969, -0.6536691570081037, -0.850102825973786, 0.2014854427555386, -0.6640556325631923, 0.4667603350211398, -0.18311227969597055, 0.05581764683584067, 0.875143167901884, 0.043392244889916, -0.7836132342255386, -0.6835531856304011, 0.09040530340642561, 0.04880816013694678, 0.2752204882519873, -0.1970091128194542, 0.2996102180386846, -0.20619999419653467, 0.24783222709644614, 0.5348099341802477, -0.6420521799177383, -0.24884846282491524, 0.005066118653868745, 0.3733341598326916, -0.4926407026772337, 0.10948172588511706, 0.24986168812819542, 0.7910023321122921, -0.27429282313374714, 0.2751141460374733, -0.6171071957620733, -0.004411770765388567, -0.6351091908575863, 0.8367660782795254, -0.13635585731754474, 0.6603762041966925, -0.16644739064327485, 0.8093351774867339, -0.19034956537818792, -0.33765099381775454, 0.14427754054549724, 0.6908872981882266, 0.7220286235061439, 0.19137623413666893, -0.8306767779591795, 0.19453321463834983, -0.5090925828337958, 0.46518689717993555, 0.7893025846334776, 0.0294679418262902, 0.20712702072041278, -0.8698643752343853, 0.08014945928561268, -0.7416264326591246, 0.22912569270066396, -0.2726993059103242, 0.5355160686614915, -0.902931727160895, -0.7803637637643119, 0.36804643024725525, 0.029307394167312983, 0.1432827432294983, 0.6874139879813108, -0.024524721700651453, 0.6202888442522898, 0.020487258589880097, 0.8534413864805024, 0.333855543079252, -0.7025463211318861, -0.27089364934848836, 0.7315498318881986, -0.29942957828896866, -0.6219484810876903, -0.0547573816684539, -0.21443765035574014, 0.23785985328818726, -0.12646741612097356, -0.47815568541100895, -0.17505557667448635, -0.16193193089539926, 0.8048437117522818, 0.9592325240809707, 0.24713767881382775, -0.8336317548582777, 0.46599743519199, 0.357370804957968, 0.6520457340504391, -0.3050973265778887, -0.8822398116837538, 0.2236436329105842, -0.751970763373456, 0.5190590583266628, 0.5888466351532844, -0.18274642650020412, 0.8875950117660911, -0.6524404124894483, 0.8851716994539605]",rhc,relu,False,False,100,[10],0.1,100,3
368,68,0.18640930007677525,1.7675586942276555,544.0,100,15,"[0.9340596780273533, 0.09446449835144466, 0.9453687199297687, 0.4296319873487293, 0.3954576491945416, -0.5678210088392472, 0.9525489095524835, -0.9875394895908203, -0.4940352752331121, -0.13041693519110842, 0.5587658435875049, -0.6046298507994938, 0.7259864711984445, 0.9668013543506255, -0.6723155171906026, 0.19466788786571843, -0.98202780466489, -0.22685743471274122, -0.9116798841370009, 0.9133059354284718, -0.1277067062404047, 0.8979546135631256, 0.5726119718701219, 0.7325785971633969, -0.6536691570081037, -0.850102825973786, 0.2014854427555386, -0.6640556325631923, 0.4667603350211398, -0.18311227969597055, 0.05581764683584067, 0.875143167901884, 0.043392244889916, -0.7836132342255386, -0.6835531856304011, 0.09040530340642561, 0.04880816013694678, 0.2752204882519873, -0.1970091128194542, 0.2996102180386846, -0.20619999419653467, 0.24783222709644614, 0.5348099341802477, -0.6420521799177383, -0.24884846282491524, 0.005066118653868745, 0.3733341598326916, -0.4926407026772337, 0.10948172588511706, 0.24986168812819542, 0.7910023321122921, -0.27429282313374714, 0.2751141460374733, -0.6171071957620733, -0.004411770765388567, -0.6351091908575863, 0.8367660782795254, -0.13635585731754474, 0.6603762041966925, -0.16644739064327485, 0.8093351774867339, -0.19034956537818792, -0.33765099381775454, 0.14427754054549724, 0.6908872981882266, 0.7220286235061439, 0.19137623413666893, -0.8306767779591795, 0.19453321463834983, -0.5090925828337958, 0.46518689717993555, 0.7893025846334776, 0.0294679418262902, 0.20712702072041278, -0.8698643752343853, 0.08014945928561268, -0.7416264326591246, 0.22912569270066396, -0.2726993059103242, 0.5355160686614915, -0.902931727160895, -0.7803637637643119, 0.36804643024725525, 0.029307394167312983, 0.1432827432294983, 0.6874139879813108, -0.024524721700651453, 0.6202888442522898, 0.020487258589880097, 0.8534413864805024, 0.333855543079252, -0.7025463211318861, -0.27089364934848836, 0.7315498318881986, -0.29942957828896866, -0.6219484810876903, -0.0547573816684539, -0.21443765035574014, 0.23785985328818726, -0.12646741612097356, -0.47815568541100895, -0.17505557667448635, -0.16193193089539926, 0.8048437117522818, 0.9592325240809707, 0.24713767881382775, -0.8336317548582777, 0.46599743519199, 0.357370804957968, 0.6520457340504391, -0.3050973265778887, -0.8822398116837538, 0.2236436329105842, -0.751970763373456, 0.5190590583266628, 0.5888466351532844, -0.18274642650020412, 0.8875950117660911, -0.6524404124894483, 0.8851716994539605]",rhc,relu,False,False,100,[10],0.1,100,3
369,69,0.18797269999049604,1.757126683502978,546.0,100,15,"[0.9340596780273533, 0.09446449835144466, 0.9453687199297687, 0.4296319873487293, 0.3954576491945416, -0.5678210088392472, 0.9525489095524835, -0.9875394895908203, -0.4940352752331121, -0.13041693519110842, 0.5587658435875049, -0.6046298507994938, 0.7259864711984445, 0.9668013543506255, -0.6723155171906026, 0.19466788786571843, -0.98202780466489, -0.22685743471274122, -0.9116798841370009, 0.9133059354284718, -0.1277067062404047, 0.8979546135631256, 0.5726119718701219, 0.7325785971633969, -0.6536691570081037, -0.850102825973786, 0.2014854427555386, -0.6640556325631923, 0.4667603350211398, -0.18311227969597055, 0.05581764683584067, 0.875143167901884, 0.043392244889916, -0.7836132342255386, -0.6835531856304011, 0.09040530340642561, 0.04880816013694678, 0.2752204882519873, -0.1970091128194542, 0.2996102180386846, -0.20619999419653467, 0.24783222709644614, 0.5348099341802477, -0.6420521799177383, -0.24884846282491524, 0.005066118653868745, 0.3733341598326916, -0.4926407026772337, 0.10948172588511706, 0.24986168812819542, 0.7910023321122921, -0.27429282313374714, 0.2751141460374733, -0.6171071957620733, -0.004411770765388567, -0.6351091908575863, 0.8367660782795254, -0.13635585731754474, 0.6603762041966925, -0.16644739064327485, 0.8093351774867339, -0.19034956537818792, -0.33765099381775454, 0.14427754054549724, 0.6908872981882266, 0.7220286235061439, 0.19137623413666893, -0.8306767779591795, 0.19453321463834983, -0.5090925828337958, 0.46518689717993555, 0.7893025846334776, 0.0294679418262902, 0.20712702072041278, -0.8698643752343853, 0.08014945928561268, -0.7416264326591246, 0.22912569270066396, -0.2726993059103242, 0.5355160686614915, -0.902931727160895, -0.7803637637643119, 0.36804643024725525, 0.029307394167312983, 0.1432827432294983, 0.6874139879813108, -0.024524721700651453, 0.6202888442522898, 0.020487258589880097, 0.8534413864805024, 0.333855543079252, -0.7025463211318861, -0.27089364934848836, 0.7315498318881986, -0.29942957828896866, -0.6219484810876903, -0.0547573816684539, -0.21443765035574014, 0.23785985328818726, -0.12646741612097356, -0.47815568541100895, -0.17505557667448635, -0.16193193089539926, 0.8048437117522818, 0.9592325240809707, 0.24713767881382775, -0.8336317548582777, 0.46599743519199, 0.357370804957968, 0.6520457340504391, -0.3050973265778887, -0.8822398116837538, 0.2236436329105842, -0.751970763373456, 0.5190590583266628, 0.5888466351532844, -0.18274642650020412, 0.8875950117660911, -0.6524404124894483, 0.8851716994539605]",rhc,relu,False,False,100,[10],0.1,100,3
370,70,0.1908457000972703,1.7541348073620906,548.0,100,15,"[0.9340596780273533, 0.09446449835144466, 0.9453687199297687, 0.4296319873487293, 0.3954576491945416, -0.5678210088392472, 0.9525489095524835, -0.9875394895908203, -0.4940352752331121, -0.13041693519110842, 0.5587658435875049, -0.6046298507994938, 0.7259864711984445, 0.9668013543506255, -0.6723155171906026, 0.19466788786571843, -0.98202780466489, -0.22685743471274122, -0.9116798841370009, 0.9133059354284718, -0.1277067062404047, 0.8979546135631256, 0.5726119718701219, 0.7325785971633969, -0.6536691570081037, -0.850102825973786, 0.2014854427555386, -0.6640556325631923, 0.4667603350211398, -0.18311227969597055, 0.05581764683584067, 0.875143167901884, 0.043392244889916, -0.7836132342255386, -0.6835531856304011, 0.09040530340642561, 0.04880816013694678, 0.2752204882519873, -0.1970091128194542, 0.2996102180386846, -0.20619999419653467, 0.24783222709644614, 0.5348099341802477, -0.6420521799177383, -0.24884846282491524, 0.005066118653868745, 0.3733341598326916, -0.4926407026772337, 0.10948172588511706, 0.24986168812819542, 0.7910023321122921, -0.27429282313374714, 0.2751141460374733, -0.6171071957620733, -0.004411770765388567, -0.6351091908575863, 0.8367660782795254, -0.13635585731754474, 0.6603762041966925, -0.16644739064327485, 0.8093351774867339, -0.19034956537818792, -0.33765099381775454, 0.14427754054549724, 0.6908872981882266, 0.7220286235061439, 0.19137623413666893, -0.8306767779591795, 0.19453321463834983, -0.5090925828337958, 0.46518689717993555, 0.7893025846334776, 0.0294679418262902, 0.20712702072041278, -0.8698643752343853, 0.08014945928561268, -0.7416264326591246, 0.22912569270066396, -0.2726993059103242, 0.5355160686614915, -0.902931727160895, -0.7803637637643119, 0.36804643024725525, 0.029307394167312983, 0.1432827432294983, 0.6874139879813108, -0.024524721700651453, 0.6202888442522898, 0.020487258589880097, 0.8534413864805024, 0.333855543079252, -0.7025463211318861, -0.27089364934848836, 0.7315498318881986, -0.29942957828896866, -0.6219484810876903, -0.0547573816684539, -0.21443765035574014, 0.23785985328818726, -0.12646741612097356, -0.47815568541100895, -0.17505557667448635, -0.16193193089539926, 0.8048437117522818, 0.9592325240809707, 0.24713767881382775, -0.8336317548582777, 0.46599743519199, 0.357370804957968, 0.6520457340504391, -0.3050973265778887, -0.8822398116837538, 0.2236436329105842, -0.751970763373456, 0.5190590583266628, 0.5888466351532844, -0.18274642650020412, 0.8875950117660911, -0.6524404124894483, 0.8851716994539605]",rhc,relu,False,False,100,[10],0.1,100,3
371,71,0.1941902000689879,1.7541348073620906,549.0,100,15,"[0.9340596780273533, 0.09446449835144466, 0.9453687199297687, 0.4296319873487293, 0.3954576491945416, -0.5678210088392472, 0.9525489095524835, -0.9875394895908203, -0.4940352752331121, -0.13041693519110842, 0.5587658435875049, -0.6046298507994938, 0.7259864711984445, 0.9668013543506255, -0.6723155171906026, 0.19466788786571843, -0.98202780466489, -0.22685743471274122, -0.9116798841370009, 0.9133059354284718, -0.1277067062404047, 0.8979546135631256, 0.5726119718701219, 0.7325785971633969, -0.6536691570081037, -0.850102825973786, 0.2014854427555386, -0.6640556325631923, 0.4667603350211398, -0.18311227969597055, 0.05581764683584067, 0.875143167901884, 0.043392244889916, -0.7836132342255386, -0.6835531856304011, 0.09040530340642561, 0.04880816013694678, 0.2752204882519873, -0.1970091128194542, 0.2996102180386846, -0.20619999419653467, 0.24783222709644614, 0.5348099341802477, -0.6420521799177383, -0.24884846282491524, 0.005066118653868745, 0.3733341598326916, -0.4926407026772337, 0.10948172588511706, 0.24986168812819542, 0.7910023321122921, -0.27429282313374714, 0.2751141460374733, -0.6171071957620733, -0.004411770765388567, -0.6351091908575863, 0.8367660782795254, -0.13635585731754474, 0.6603762041966925, -0.16644739064327485, 0.8093351774867339, -0.19034956537818792, -0.33765099381775454, 0.14427754054549724, 0.6908872981882266, 0.7220286235061439, 0.19137623413666893, -0.8306767779591795, 0.19453321463834983, -0.5090925828337958, 0.46518689717993555, 0.7893025846334776, 0.0294679418262902, 0.20712702072041278, -0.8698643752343853, 0.08014945928561268, -0.7416264326591246, 0.22912569270066396, -0.2726993059103242, 0.5355160686614915, -0.902931727160895, -0.7803637637643119, 0.36804643024725525, 0.029307394167312983, 0.1432827432294983, 0.6874139879813108, -0.024524721700651453, 0.6202888442522898, 0.020487258589880097, 0.8534413864805024, 0.333855543079252, -0.7025463211318861, -0.27089364934848836, 0.7315498318881986, -0.29942957828896866, -0.6219484810876903, -0.0547573816684539, -0.21443765035574014, 0.23785985328818726, -0.12646741612097356, -0.47815568541100895, -0.17505557667448635, -0.16193193089539926, 0.8048437117522818, 0.9592325240809707, 0.24713767881382775, -0.8336317548582777, 0.46599743519199, 0.357370804957968, 0.6520457340504391, -0.3050973265778887, -0.8822398116837538, 0.2236436329105842, -0.751970763373456, 0.5190590583266628, 0.5888466351532844, -0.18274642650020412, 0.8875950117660911, -0.6524404124894483, 0.8851716994539605]",rhc,relu,False,False,100,[10],0.1,100,3
372,72,0.19706690008752048,1.7541348073620906,550.0,100,15,"[0.9340596780273533, 0.09446449835144466, 0.9453687199297687, 0.4296319873487293, 0.3954576491945416, -0.5678210088392472, 0.9525489095524835, -0.9875394895908203, -0.4940352752331121, -0.13041693519110842, 0.5587658435875049, -0.6046298507994938, 0.7259864711984445, 0.9668013543506255, -0.6723155171906026, 0.19466788786571843, -0.98202780466489, -0.22685743471274122, -0.9116798841370009, 0.9133059354284718, -0.1277067062404047, 0.8979546135631256, 0.5726119718701219, 0.7325785971633969, -0.6536691570081037, -0.850102825973786, 0.2014854427555386, -0.6640556325631923, 0.4667603350211398, -0.18311227969597055, 0.05581764683584067, 0.875143167901884, 0.043392244889916, -0.7836132342255386, -0.6835531856304011, 0.09040530340642561, 0.04880816013694678, 0.2752204882519873, -0.1970091128194542, 0.2996102180386846, -0.20619999419653467, 0.24783222709644614, 0.5348099341802477, -0.6420521799177383, -0.24884846282491524, 0.005066118653868745, 0.3733341598326916, -0.4926407026772337, 0.10948172588511706, 0.24986168812819542, 0.7910023321122921, -0.27429282313374714, 0.2751141460374733, -0.6171071957620733, -0.004411770765388567, -0.6351091908575863, 0.8367660782795254, -0.13635585731754474, 0.6603762041966925, -0.16644739064327485, 0.8093351774867339, -0.19034956537818792, -0.33765099381775454, 0.14427754054549724, 0.6908872981882266, 0.7220286235061439, 0.19137623413666893, -0.8306767779591795, 0.19453321463834983, -0.5090925828337958, 0.46518689717993555, 0.7893025846334776, 0.0294679418262902, 0.20712702072041278, -0.8698643752343853, 0.08014945928561268, -0.7416264326591246, 0.22912569270066396, -0.2726993059103242, 0.5355160686614915, -0.902931727160895, -0.7803637637643119, 0.36804643024725525, 0.029307394167312983, 0.1432827432294983, 0.6874139879813108, -0.024524721700651453, 0.6202888442522898, 0.020487258589880097, 0.8534413864805024, 0.333855543079252, -0.7025463211318861, -0.27089364934848836, 0.7315498318881986, -0.29942957828896866, -0.6219484810876903, -0.0547573816684539, -0.21443765035574014, 0.23785985328818726, -0.12646741612097356, -0.47815568541100895, -0.17505557667448635, -0.16193193089539926, 0.8048437117522818, 0.9592325240809707, 0.24713767881382775, -0.8336317548582777, 0.46599743519199, 0.357370804957968, 0.6520457340504391, -0.3050973265778887, -0.8822398116837538, 0.2236436329105842, -0.751970763373456, 0.5190590583266628, 0.5888466351532844, -0.18274642650020412, 0.8875950117660911, -0.6524404124894483, 0.8851716994539605]",rhc,relu,False,False,100,[10],0.1,100,3
373,73,0.19875830004457384,1.7541348073620906,551.0,100,15,"[0.9340596780273533, 0.09446449835144466, 0.9453687199297687, 0.4296319873487293, 0.3954576491945416, -0.5678210088392472, 0.9525489095524835, -0.9875394895908203, -0.4940352752331121, -0.13041693519110842, 0.5587658435875049, -0.6046298507994938, 0.7259864711984445, 0.9668013543506255, -0.6723155171906026, 0.19466788786571843, -0.98202780466489, -0.22685743471274122, -0.9116798841370009, 0.9133059354284718, -0.1277067062404047, 0.8979546135631256, 0.5726119718701219, 0.7325785971633969, -0.6536691570081037, -0.850102825973786, 0.2014854427555386, -0.6640556325631923, 0.4667603350211398, -0.18311227969597055, 0.05581764683584067, 0.875143167901884, 0.043392244889916, -0.7836132342255386, -0.6835531856304011, 0.09040530340642561, 0.04880816013694678, 0.2752204882519873, -0.1970091128194542, 0.2996102180386846, -0.20619999419653467, 0.24783222709644614, 0.5348099341802477, -0.6420521799177383, -0.24884846282491524, 0.005066118653868745, 0.3733341598326916, -0.4926407026772337, 0.10948172588511706, 0.24986168812819542, 0.7910023321122921, -0.27429282313374714, 0.2751141460374733, -0.6171071957620733, -0.004411770765388567, -0.6351091908575863, 0.8367660782795254, -0.13635585731754474, 0.6603762041966925, -0.16644739064327485, 0.8093351774867339, -0.19034956537818792, -0.33765099381775454, 0.14427754054549724, 0.6908872981882266, 0.7220286235061439, 0.19137623413666893, -0.8306767779591795, 0.19453321463834983, -0.5090925828337958, 0.46518689717993555, 0.7893025846334776, 0.0294679418262902, 0.20712702072041278, -0.8698643752343853, 0.08014945928561268, -0.7416264326591246, 0.22912569270066396, -0.2726993059103242, 0.5355160686614915, -0.902931727160895, -0.7803637637643119, 0.36804643024725525, 0.029307394167312983, 0.1432827432294983, 0.6874139879813108, -0.024524721700651453, 0.6202888442522898, 0.020487258589880097, 0.8534413864805024, 0.333855543079252, -0.7025463211318861, -0.27089364934848836, 0.7315498318881986, -0.29942957828896866, -0.6219484810876903, -0.0547573816684539, -0.21443765035574014, 0.23785985328818726, -0.12646741612097356, -0.47815568541100895, -0.17505557667448635, -0.16193193089539926, 0.8048437117522818, 0.9592325240809707, 0.24713767881382775, -0.8336317548582777, 0.46599743519199, 0.357370804957968, 0.6520457340504391, -0.3050973265778887, -0.8822398116837538, 0.2236436329105842, -0.751970763373456, 0.5190590583266628, 0.5888466351532844, -0.18274642650020412, 0.8875950117660911, -0.6524404124894483, 0.8851716994539605]",rhc,relu,False,False,100,[10],0.1,100,3
374,74,0.20192090002819896,1.7541348073620906,552.0,100,15,"[0.9340596780273533, 0.09446449835144466, 0.9453687199297687, 0.4296319873487293, 0.3954576491945416, -0.5678210088392472, 0.9525489095524835, -0.9875394895908203, -0.4940352752331121, -0.13041693519110842, 0.5587658435875049, -0.6046298507994938, 0.7259864711984445, 0.9668013543506255, -0.6723155171906026, 0.19466788786571843, -0.98202780466489, -0.22685743471274122, -0.9116798841370009, 0.9133059354284718, -0.1277067062404047, 0.8979546135631256, 0.5726119718701219, 0.7325785971633969, -0.6536691570081037, -0.850102825973786, 0.2014854427555386, -0.6640556325631923, 0.4667603350211398, -0.18311227969597055, 0.05581764683584067, 0.875143167901884, 0.043392244889916, -0.7836132342255386, -0.6835531856304011, 0.09040530340642561, 0.04880816013694678, 0.2752204882519873, -0.1970091128194542, 0.2996102180386846, -0.20619999419653467, 0.24783222709644614, 0.5348099341802477, -0.6420521799177383, -0.24884846282491524, 0.005066118653868745, 0.3733341598326916, -0.4926407026772337, 0.10948172588511706, 0.24986168812819542, 0.7910023321122921, -0.27429282313374714, 0.2751141460374733, -0.6171071957620733, -0.004411770765388567, -0.6351091908575863, 0.8367660782795254, -0.13635585731754474, 0.6603762041966925, -0.16644739064327485, 0.8093351774867339, -0.19034956537818792, -0.33765099381775454, 0.14427754054549724, 0.6908872981882266, 0.7220286235061439, 0.19137623413666893, -0.8306767779591795, 0.19453321463834983, -0.5090925828337958, 0.46518689717993555, 0.7893025846334776, 0.0294679418262902, 0.20712702072041278, -0.8698643752343853, 0.08014945928561268, -0.7416264326591246, 0.22912569270066396, -0.2726993059103242, 0.5355160686614915, -0.902931727160895, -0.7803637637643119, 0.36804643024725525, 0.029307394167312983, 0.1432827432294983, 0.6874139879813108, -0.024524721700651453, 0.6202888442522898, 0.020487258589880097, 0.8534413864805024, 0.333855543079252, -0.7025463211318861, -0.27089364934848836, 0.7315498318881986, -0.29942957828896866, -0.6219484810876903, -0.0547573816684539, -0.21443765035574014, 0.23785985328818726, -0.12646741612097356, -0.47815568541100895, -0.17505557667448635, -0.16193193089539926, 0.8048437117522818, 0.9592325240809707, 0.24713767881382775, -0.8336317548582777, 0.46599743519199, 0.357370804957968, 0.6520457340504391, -0.3050973265778887, -0.8822398116837538, 0.2236436329105842, -0.751970763373456, 0.5190590583266628, 0.5888466351532844, -0.18274642650020412, 0.8875950117660911, -0.6524404124894483, 0.8851716994539605]",rhc,relu,False,False,100,[10],0.1,100,3
375,75,0.2034730000887066,1.7541348073620906,553.0,100,15,"[0.9340596780273533, 0.09446449835144466, 0.9453687199297687, 0.4296319873487293, 0.3954576491945416, -0.5678210088392472, 0.9525489095524835, -0.9875394895908203, -0.4940352752331121, -0.13041693519110842, 0.5587658435875049, -0.6046298507994938, 0.7259864711984445, 0.9668013543506255, -0.6723155171906026, 0.19466788786571843, -0.98202780466489, -0.22685743471274122, -0.9116798841370009, 0.9133059354284718, -0.1277067062404047, 0.8979546135631256, 0.5726119718701219, 0.7325785971633969, -0.6536691570081037, -0.850102825973786, 0.2014854427555386, -0.6640556325631923, 0.4667603350211398, -0.18311227969597055, 0.05581764683584067, 0.875143167901884, 0.043392244889916, -0.7836132342255386, -0.6835531856304011, 0.09040530340642561, 0.04880816013694678, 0.2752204882519873, -0.1970091128194542, 0.2996102180386846, -0.20619999419653467, 0.24783222709644614, 0.5348099341802477, -0.6420521799177383, -0.24884846282491524, 0.005066118653868745, 0.3733341598326916, -0.4926407026772337, 0.10948172588511706, 0.24986168812819542, 0.7910023321122921, -0.27429282313374714, 0.2751141460374733, -0.6171071957620733, -0.004411770765388567, -0.6351091908575863, 0.8367660782795254, -0.13635585731754474, 0.6603762041966925, -0.16644739064327485, 0.8093351774867339, -0.19034956537818792, -0.33765099381775454, 0.14427754054549724, 0.6908872981882266, 0.7220286235061439, 0.19137623413666893, -0.8306767779591795, 0.19453321463834983, -0.5090925828337958, 0.46518689717993555, 0.7893025846334776, 0.0294679418262902, 0.20712702072041278, -0.8698643752343853, 0.08014945928561268, -0.7416264326591246, 0.22912569270066396, -0.2726993059103242, 0.5355160686614915, -0.902931727160895, -0.7803637637643119, 0.36804643024725525, 0.029307394167312983, 0.1432827432294983, 0.6874139879813108, -0.024524721700651453, 0.6202888442522898, 0.020487258589880097, 0.8534413864805024, 0.333855543079252, -0.7025463211318861, -0.27089364934848836, 0.7315498318881986, -0.29942957828896866, -0.6219484810876903, -0.0547573816684539, -0.21443765035574014, 0.23785985328818726, -0.12646741612097356, -0.47815568541100895, -0.17505557667448635, -0.16193193089539926, 0.8048437117522818, 0.9592325240809707, 0.24713767881382775, -0.8336317548582777, 0.46599743519199, 0.357370804957968, 0.6520457340504391, -0.3050973265778887, -0.8822398116837538, 0.2236436329105842, -0.751970763373456, 0.5190590583266628, 0.5888466351532844, -0.18274642650020412, 0.8875950117660911, -0.6524404124894483, 0.8851716994539605]",rhc,relu,False,False,100,[10],0.1,100,3
376,76,0.2065150000853464,1.7525456965817043,555.0,100,15,"[0.9340596780273533, 0.09446449835144466, 0.9453687199297687, 0.4296319873487293, 0.3954576491945416, -0.5678210088392472, 0.9525489095524835, -0.9875394895908203, -0.4940352752331121, -0.13041693519110842, 0.5587658435875049, -0.6046298507994938, 0.7259864711984445, 0.9668013543506255, -0.6723155171906026, 0.19466788786571843, -0.98202780466489, -0.22685743471274122, -0.9116798841370009, 0.9133059354284718, -0.1277067062404047, 0.8979546135631256, 0.5726119718701219, 0.7325785971633969, -0.6536691570081037, -0.850102825973786, 0.2014854427555386, -0.6640556325631923, 0.4667603350211398, -0.18311227969597055, 0.05581764683584067, 0.875143167901884, 0.043392244889916, -0.7836132342255386, -0.6835531856304011, 0.09040530340642561, 0.04880816013694678, 0.2752204882519873, -0.1970091128194542, 0.2996102180386846, -0.20619999419653467, 0.24783222709644614, 0.5348099341802477, -0.6420521799177383, -0.24884846282491524, 0.005066118653868745, 0.3733341598326916, -0.4926407026772337, 0.10948172588511706, 0.24986168812819542, 0.7910023321122921, -0.27429282313374714, 0.2751141460374733, -0.6171071957620733, -0.004411770765388567, -0.6351091908575863, 0.8367660782795254, -0.13635585731754474, 0.6603762041966925, -0.16644739064327485, 0.8093351774867339, -0.19034956537818792, -0.33765099381775454, 0.14427754054549724, 0.6908872981882266, 0.7220286235061439, 0.19137623413666893, -0.8306767779591795, 0.19453321463834983, -0.5090925828337958, 0.46518689717993555, 0.7893025846334776, 0.0294679418262902, 0.20712702072041278, -0.8698643752343853, 0.08014945928561268, -0.7416264326591246, 0.22912569270066396, -0.2726993059103242, 0.5355160686614915, -0.902931727160895, -0.7803637637643119, 0.36804643024725525, 0.029307394167312983, 0.1432827432294983, 0.6874139879813108, -0.024524721700651453, 0.6202888442522898, 0.020487258589880097, 0.8534413864805024, 0.333855543079252, -0.7025463211318861, -0.27089364934848836, 0.7315498318881986, -0.29942957828896866, -0.6219484810876903, -0.0547573816684539, -0.21443765035574014, 0.23785985328818726, -0.12646741612097356, -0.47815568541100895, -0.17505557667448635, -0.16193193089539926, 0.8048437117522818, 0.9592325240809707, 0.24713767881382775, -0.8336317548582777, 0.46599743519199, 0.357370804957968, 0.6520457340504391, -0.3050973265778887, -0.8822398116837538, 0.2236436329105842, -0.751970763373456, 0.5190590583266628, 0.5888466351532844, -0.18274642650020412, 0.8875950117660911, -0.6524404124894483, 0.8851716994539605]",rhc,relu,False,False,100,[10],0.1,100,3
377,77,0.20961990009527653,1.746102927949458,557.0,100,15,"[0.9340596780273533, 0.09446449835144466, 0.9453687199297687, 0.4296319873487293, 0.3954576491945416, -0.5678210088392472, 0.9525489095524835, -0.9875394895908203, -0.4940352752331121, -0.13041693519110842, 0.5587658435875049, -0.6046298507994938, 0.7259864711984445, 0.9668013543506255, -0.6723155171906026, 0.19466788786571843, -0.98202780466489, -0.22685743471274122, -0.9116798841370009, 0.9133059354284718, -0.1277067062404047, 0.8979546135631256, 0.5726119718701219, 0.7325785971633969, -0.6536691570081037, -0.850102825973786, 0.2014854427555386, -0.6640556325631923, 0.4667603350211398, -0.18311227969597055, 0.05581764683584067, 0.875143167901884, 0.043392244889916, -0.7836132342255386, -0.6835531856304011, 0.09040530340642561, 0.04880816013694678, 0.2752204882519873, -0.1970091128194542, 0.2996102180386846, -0.20619999419653467, 0.24783222709644614, 0.5348099341802477, -0.6420521799177383, -0.24884846282491524, 0.005066118653868745, 0.3733341598326916, -0.4926407026772337, 0.10948172588511706, 0.24986168812819542, 0.7910023321122921, -0.27429282313374714, 0.2751141460374733, -0.6171071957620733, -0.004411770765388567, -0.6351091908575863, 0.8367660782795254, -0.13635585731754474, 0.6603762041966925, -0.16644739064327485, 0.8093351774867339, -0.19034956537818792, -0.33765099381775454, 0.14427754054549724, 0.6908872981882266, 0.7220286235061439, 0.19137623413666893, -0.8306767779591795, 0.19453321463834983, -0.5090925828337958, 0.46518689717993555, 0.7893025846334776, 0.0294679418262902, 0.20712702072041278, -0.8698643752343853, 0.08014945928561268, -0.7416264326591246, 0.22912569270066396, -0.2726993059103242, 0.5355160686614915, -0.902931727160895, -0.7803637637643119, 0.36804643024725525, 0.029307394167312983, 0.1432827432294983, 0.6874139879813108, -0.024524721700651453, 0.6202888442522898, 0.020487258589880097, 0.8534413864805024, 0.333855543079252, -0.7025463211318861, -0.27089364934848836, 0.7315498318881986, -0.29942957828896866, -0.6219484810876903, -0.0547573816684539, -0.21443765035574014, 0.23785985328818726, -0.12646741612097356, -0.47815568541100895, -0.17505557667448635, -0.16193193089539926, 0.8048437117522818, 0.9592325240809707, 0.24713767881382775, -0.8336317548582777, 0.46599743519199, 0.357370804957968, 0.6520457340504391, -0.3050973265778887, -0.8822398116837538, 0.2236436329105842, -0.751970763373456, 0.5190590583266628, 0.5888466351532844, -0.18274642650020412, 0.8875950117660911, -0.6524404124894483, 0.8851716994539605]",rhc,relu,False,False,100,[10],0.1,100,3
378,78,0.2124417000450194,1.746102927949458,558.0,100,15,"[0.9340596780273533, 0.09446449835144466, 0.9453687199297687, 0.4296319873487293, 0.3954576491945416, -0.5678210088392472, 0.9525489095524835, -0.9875394895908203, -0.4940352752331121, -0.13041693519110842, 0.5587658435875049, -0.6046298507994938, 0.7259864711984445, 0.9668013543506255, -0.6723155171906026, 0.19466788786571843, -0.98202780466489, -0.22685743471274122, -0.9116798841370009, 0.9133059354284718, -0.1277067062404047, 0.8979546135631256, 0.5726119718701219, 0.7325785971633969, -0.6536691570081037, -0.850102825973786, 0.2014854427555386, -0.6640556325631923, 0.4667603350211398, -0.18311227969597055, 0.05581764683584067, 0.875143167901884, 0.043392244889916, -0.7836132342255386, -0.6835531856304011, 0.09040530340642561, 0.04880816013694678, 0.2752204882519873, -0.1970091128194542, 0.2996102180386846, -0.20619999419653467, 0.24783222709644614, 0.5348099341802477, -0.6420521799177383, -0.24884846282491524, 0.005066118653868745, 0.3733341598326916, -0.4926407026772337, 0.10948172588511706, 0.24986168812819542, 0.7910023321122921, -0.27429282313374714, 0.2751141460374733, -0.6171071957620733, -0.004411770765388567, -0.6351091908575863, 0.8367660782795254, -0.13635585731754474, 0.6603762041966925, -0.16644739064327485, 0.8093351774867339, -0.19034956537818792, -0.33765099381775454, 0.14427754054549724, 0.6908872981882266, 0.7220286235061439, 0.19137623413666893, -0.8306767779591795, 0.19453321463834983, -0.5090925828337958, 0.46518689717993555, 0.7893025846334776, 0.0294679418262902, 0.20712702072041278, -0.8698643752343853, 0.08014945928561268, -0.7416264326591246, 0.22912569270066396, -0.2726993059103242, 0.5355160686614915, -0.902931727160895, -0.7803637637643119, 0.36804643024725525, 0.029307394167312983, 0.1432827432294983, 0.6874139879813108, -0.024524721700651453, 0.6202888442522898, 0.020487258589880097, 0.8534413864805024, 0.333855543079252, -0.7025463211318861, -0.27089364934848836, 0.7315498318881986, -0.29942957828896866, -0.6219484810876903, -0.0547573816684539, -0.21443765035574014, 0.23785985328818726, -0.12646741612097356, -0.47815568541100895, -0.17505557667448635, -0.16193193089539926, 0.8048437117522818, 0.9592325240809707, 0.24713767881382775, -0.8336317548582777, 0.46599743519199, 0.357370804957968, 0.6520457340504391, -0.3050973265778887, -0.8822398116837538, 0.2236436329105842, -0.751970763373456, 0.5190590583266628, 0.5888466351532844, -0.18274642650020412, 0.8875950117660911, -0.6524404124894483, 0.8851716994539605]",rhc,relu,False,False,100,[10],0.1,100,3
379,79,0.21469990001060069,1.7442670790830925,560.0,100,15,"[0.9340596780273533, 0.09446449835144466, 0.9453687199297687, 0.4296319873487293, 0.3954576491945416, -0.5678210088392472, 0.9525489095524835, -0.9875394895908203, -0.4940352752331121, -0.13041693519110842, 0.5587658435875049, -0.6046298507994938, 0.7259864711984445, 0.9668013543506255, -0.6723155171906026, 0.19466788786571843, -0.98202780466489, -0.22685743471274122, -0.9116798841370009, 0.9133059354284718, -0.1277067062404047, 0.8979546135631256, 0.5726119718701219, 0.7325785971633969, -0.6536691570081037, -0.850102825973786, 0.2014854427555386, -0.6640556325631923, 0.4667603350211398, -0.18311227969597055, 0.05581764683584067, 0.875143167901884, 0.043392244889916, -0.7836132342255386, -0.6835531856304011, 0.09040530340642561, 0.04880816013694678, 0.2752204882519873, -0.1970091128194542, 0.2996102180386846, -0.20619999419653467, 0.24783222709644614, 0.5348099341802477, -0.6420521799177383, -0.24884846282491524, 0.005066118653868745, 0.3733341598326916, -0.4926407026772337, 0.10948172588511706, 0.24986168812819542, 0.7910023321122921, -0.27429282313374714, 0.2751141460374733, -0.6171071957620733, -0.004411770765388567, -0.6351091908575863, 0.8367660782795254, -0.13635585731754474, 0.6603762041966925, -0.16644739064327485, 0.8093351774867339, -0.19034956537818792, -0.33765099381775454, 0.14427754054549724, 0.6908872981882266, 0.7220286235061439, 0.19137623413666893, -0.8306767779591795, 0.19453321463834983, -0.5090925828337958, 0.46518689717993555, 0.7893025846334776, 0.0294679418262902, 0.20712702072041278, -0.8698643752343853, 0.08014945928561268, -0.7416264326591246, 0.22912569270066396, -0.2726993059103242, 0.5355160686614915, -0.902931727160895, -0.7803637637643119, 0.36804643024725525, 0.029307394167312983, 0.1432827432294983, 0.6874139879813108, -0.024524721700651453, 0.6202888442522898, 0.020487258589880097, 0.8534413864805024, 0.333855543079252, -0.7025463211318861, -0.27089364934848836, 0.7315498318881986, -0.29942957828896866, -0.6219484810876903, -0.0547573816684539, -0.21443765035574014, 0.23785985328818726, -0.12646741612097356, -0.47815568541100895, -0.17505557667448635, -0.16193193089539926, 0.8048437117522818, 0.9592325240809707, 0.24713767881382775, -0.8336317548582777, 0.46599743519199, 0.357370804957968, 0.6520457340504391, -0.3050973265778887, -0.8822398116837538, 0.2236436329105842, -0.751970763373456, 0.5190590583266628, 0.5888466351532844, -0.18274642650020412, 0.8875950117660911, -0.6524404124894483, 0.8851716994539605]",rhc,relu,False,False,100,[10],0.1,100,3
380,80,0.21622890001162887,1.7306644272531146,562.0,100,15,"[0.9340596780273533, 0.09446449835144466, 0.9453687199297687, 0.4296319873487293, 0.3954576491945416, -0.5678210088392472, 0.9525489095524835, -0.9875394895908203, -0.4940352752331121, -0.13041693519110842, 0.5587658435875049, -0.6046298507994938, 0.7259864711984445, 0.9668013543506255, -0.6723155171906026, 0.19466788786571843, -0.98202780466489, -0.22685743471274122, -0.9116798841370009, 0.9133059354284718, -0.1277067062404047, 0.8979546135631256, 0.5726119718701219, 0.7325785971633969, -0.6536691570081037, -0.850102825973786, 0.2014854427555386, -0.6640556325631923, 0.4667603350211398, -0.18311227969597055, 0.05581764683584067, 0.875143167901884, 0.043392244889916, -0.7836132342255386, -0.6835531856304011, 0.09040530340642561, 0.04880816013694678, 0.2752204882519873, -0.1970091128194542, 0.2996102180386846, -0.20619999419653467, 0.24783222709644614, 0.5348099341802477, -0.6420521799177383, -0.24884846282491524, 0.005066118653868745, 0.3733341598326916, -0.4926407026772337, 0.10948172588511706, 0.24986168812819542, 0.7910023321122921, -0.27429282313374714, 0.2751141460374733, -0.6171071957620733, -0.004411770765388567, -0.6351091908575863, 0.8367660782795254, -0.13635585731754474, 0.6603762041966925, -0.16644739064327485, 0.8093351774867339, -0.19034956537818792, -0.33765099381775454, 0.14427754054549724, 0.6908872981882266, 0.7220286235061439, 0.19137623413666893, -0.8306767779591795, 0.19453321463834983, -0.5090925828337958, 0.46518689717993555, 0.7893025846334776, 0.0294679418262902, 0.20712702072041278, -0.8698643752343853, 0.08014945928561268, -0.7416264326591246, 0.22912569270066396, -0.2726993059103242, 0.5355160686614915, -0.902931727160895, -0.7803637637643119, 0.36804643024725525, 0.029307394167312983, 0.1432827432294983, 0.6874139879813108, -0.024524721700651453, 0.6202888442522898, 0.020487258589880097, 0.8534413864805024, 0.333855543079252, -0.7025463211318861, -0.27089364934848836, 0.7315498318881986, -0.29942957828896866, -0.6219484810876903, -0.0547573816684539, -0.21443765035574014, 0.23785985328818726, -0.12646741612097356, -0.47815568541100895, -0.17505557667448635, -0.16193193089539926, 0.8048437117522818, 0.9592325240809707, 0.24713767881382775, -0.8336317548582777, 0.46599743519199, 0.357370804957968, 0.6520457340504391, -0.3050973265778887, -0.8822398116837538, 0.2236436329105842, -0.751970763373456, 0.5190590583266628, 0.5888466351532844, -0.18274642650020412, 0.8875950117660911, -0.6524404124894483, 0.8851716994539605]",rhc,relu,False,False,100,[10],0.1,100,3
381,81,0.21764280006755143,1.7306644272531146,563.0,100,15,"[0.9340596780273533, 0.09446449835144466, 0.9453687199297687, 0.4296319873487293, 0.3954576491945416, -0.5678210088392472, 0.9525489095524835, -0.9875394895908203, -0.4940352752331121, -0.13041693519110842, 0.5587658435875049, -0.6046298507994938, 0.7259864711984445, 0.9668013543506255, -0.6723155171906026, 0.19466788786571843, -0.98202780466489, -0.22685743471274122, -0.9116798841370009, 0.9133059354284718, -0.1277067062404047, 0.8979546135631256, 0.5726119718701219, 0.7325785971633969, -0.6536691570081037, -0.850102825973786, 0.2014854427555386, -0.6640556325631923, 0.4667603350211398, -0.18311227969597055, 0.05581764683584067, 0.875143167901884, 0.043392244889916, -0.7836132342255386, -0.6835531856304011, 0.09040530340642561, 0.04880816013694678, 0.2752204882519873, -0.1970091128194542, 0.2996102180386846, -0.20619999419653467, 0.24783222709644614, 0.5348099341802477, -0.6420521799177383, -0.24884846282491524, 0.005066118653868745, 0.3733341598326916, -0.4926407026772337, 0.10948172588511706, 0.24986168812819542, 0.7910023321122921, -0.27429282313374714, 0.2751141460374733, -0.6171071957620733, -0.004411770765388567, -0.6351091908575863, 0.8367660782795254, -0.13635585731754474, 0.6603762041966925, -0.16644739064327485, 0.8093351774867339, -0.19034956537818792, -0.33765099381775454, 0.14427754054549724, 0.6908872981882266, 0.7220286235061439, 0.19137623413666893, -0.8306767779591795, 0.19453321463834983, -0.5090925828337958, 0.46518689717993555, 0.7893025846334776, 0.0294679418262902, 0.20712702072041278, -0.8698643752343853, 0.08014945928561268, -0.7416264326591246, 0.22912569270066396, -0.2726993059103242, 0.5355160686614915, -0.902931727160895, -0.7803637637643119, 0.36804643024725525, 0.029307394167312983, 0.1432827432294983, 0.6874139879813108, -0.024524721700651453, 0.6202888442522898, 0.020487258589880097, 0.8534413864805024, 0.333855543079252, -0.7025463211318861, -0.27089364934848836, 0.7315498318881986, -0.29942957828896866, -0.6219484810876903, -0.0547573816684539, -0.21443765035574014, 0.23785985328818726, -0.12646741612097356, -0.47815568541100895, -0.17505557667448635, -0.16193193089539926, 0.8048437117522818, 0.9592325240809707, 0.24713767881382775, -0.8336317548582777, 0.46599743519199, 0.357370804957968, 0.6520457340504391, -0.3050973265778887, -0.8822398116837538, 0.2236436329105842, -0.751970763373456, 0.5190590583266628, 0.5888466351532844, -0.18274642650020412, 0.8875950117660911, -0.6524404124894483, 0.8851716994539605]",rhc,relu,False,False,100,[10],0.1,100,3
382,82,0.2193455999949947,1.7248159142306934,565.0,100,15,"[0.9340596780273533, 0.09446449835144466, 0.9453687199297687, 0.4296319873487293, 0.3954576491945416, -0.5678210088392472, 0.9525489095524835, -0.9875394895908203, -0.4940352752331121, -0.13041693519110842, 0.5587658435875049, -0.6046298507994938, 0.7259864711984445, 0.9668013543506255, -0.6723155171906026, 0.19466788786571843, -0.98202780466489, -0.22685743471274122, -0.9116798841370009, 0.9133059354284718, -0.1277067062404047, 0.8979546135631256, 0.5726119718701219, 0.7325785971633969, -0.6536691570081037, -0.850102825973786, 0.2014854427555386, -0.6640556325631923, 0.4667603350211398, -0.18311227969597055, 0.05581764683584067, 0.875143167901884, 0.043392244889916, -0.7836132342255386, -0.6835531856304011, 0.09040530340642561, 0.04880816013694678, 0.2752204882519873, -0.1970091128194542, 0.2996102180386846, -0.20619999419653467, 0.24783222709644614, 0.5348099341802477, -0.6420521799177383, -0.24884846282491524, 0.005066118653868745, 0.3733341598326916, -0.4926407026772337, 0.10948172588511706, 0.24986168812819542, 0.7910023321122921, -0.27429282313374714, 0.2751141460374733, -0.6171071957620733, -0.004411770765388567, -0.6351091908575863, 0.8367660782795254, -0.13635585731754474, 0.6603762041966925, -0.16644739064327485, 0.8093351774867339, -0.19034956537818792, -0.33765099381775454, 0.14427754054549724, 0.6908872981882266, 0.7220286235061439, 0.19137623413666893, -0.8306767779591795, 0.19453321463834983, -0.5090925828337958, 0.46518689717993555, 0.7893025846334776, 0.0294679418262902, 0.20712702072041278, -0.8698643752343853, 0.08014945928561268, -0.7416264326591246, 0.22912569270066396, -0.2726993059103242, 0.5355160686614915, -0.902931727160895, -0.7803637637643119, 0.36804643024725525, 0.029307394167312983, 0.1432827432294983, 0.6874139879813108, -0.024524721700651453, 0.6202888442522898, 0.020487258589880097, 0.8534413864805024, 0.333855543079252, -0.7025463211318861, -0.27089364934848836, 0.7315498318881986, -0.29942957828896866, -0.6219484810876903, -0.0547573816684539, -0.21443765035574014, 0.23785985328818726, -0.12646741612097356, -0.47815568541100895, -0.17505557667448635, -0.16193193089539926, 0.8048437117522818, 0.9592325240809707, 0.24713767881382775, -0.8336317548582777, 0.46599743519199, 0.357370804957968, 0.6520457340504391, -0.3050973265778887, -0.8822398116837538, 0.2236436329105842, -0.751970763373456, 0.5190590583266628, 0.5888466351532844, -0.18274642650020412, 0.8875950117660911, -0.6524404124894483, 0.8851716994539605]",rhc,relu,False,False,100,[10],0.1,100,3
383,83,0.22115360002499074,1.7237157178633549,567.0,100,15,"[0.9340596780273533, 0.09446449835144466, 0.9453687199297687, 0.4296319873487293, 0.3954576491945416, -0.5678210088392472, 0.9525489095524835, -0.9875394895908203, -0.4940352752331121, -0.13041693519110842, 0.5587658435875049, -0.6046298507994938, 0.7259864711984445, 0.9668013543506255, -0.6723155171906026, 0.19466788786571843, -0.98202780466489, -0.22685743471274122, -0.9116798841370009, 0.9133059354284718, -0.1277067062404047, 0.8979546135631256, 0.5726119718701219, 0.7325785971633969, -0.6536691570081037, -0.850102825973786, 0.2014854427555386, -0.6640556325631923, 0.4667603350211398, -0.18311227969597055, 0.05581764683584067, 0.875143167901884, 0.043392244889916, -0.7836132342255386, -0.6835531856304011, 0.09040530340642561, 0.04880816013694678, 0.2752204882519873, -0.1970091128194542, 0.2996102180386846, -0.20619999419653467, 0.24783222709644614, 0.5348099341802477, -0.6420521799177383, -0.24884846282491524, 0.005066118653868745, 0.3733341598326916, -0.4926407026772337, 0.10948172588511706, 0.24986168812819542, 0.7910023321122921, -0.27429282313374714, 0.2751141460374733, -0.6171071957620733, -0.004411770765388567, -0.6351091908575863, 0.8367660782795254, -0.13635585731754474, 0.6603762041966925, -0.16644739064327485, 0.8093351774867339, -0.19034956537818792, -0.33765099381775454, 0.14427754054549724, 0.6908872981882266, 0.7220286235061439, 0.19137623413666893, -0.8306767779591795, 0.19453321463834983, -0.5090925828337958, 0.46518689717993555, 0.7893025846334776, 0.0294679418262902, 0.20712702072041278, -0.8698643752343853, 0.08014945928561268, -0.7416264326591246, 0.22912569270066396, -0.2726993059103242, 0.5355160686614915, -0.902931727160895, -0.7803637637643119, 0.36804643024725525, 0.029307394167312983, 0.1432827432294983, 0.6874139879813108, -0.024524721700651453, 0.6202888442522898, 0.020487258589880097, 0.8534413864805024, 0.333855543079252, -0.7025463211318861, -0.27089364934848836, 0.7315498318881986, -0.29942957828896866, -0.6219484810876903, -0.0547573816684539, -0.21443765035574014, 0.23785985328818726, -0.12646741612097356, -0.47815568541100895, -0.17505557667448635, -0.16193193089539926, 0.8048437117522818, 0.9592325240809707, 0.24713767881382775, -0.8336317548582777, 0.46599743519199, 0.357370804957968, 0.6520457340504391, -0.3050973265778887, -0.8822398116837538, 0.2236436329105842, -0.751970763373456, 0.5190590583266628, 0.5888466351532844, -0.18274642650020412, 0.8875950117660911, -0.6524404124894483, 0.8851716994539605]",rhc,relu,False,False,100,[10],0.1,100,3
384,84,0.22437200008425862,1.7237157178633549,568.0,100,15,"[0.9340596780273533, 0.09446449835144466, 0.9453687199297687, 0.4296319873487293, 0.3954576491945416, -0.5678210088392472, 0.9525489095524835, -0.9875394895908203, -0.4940352752331121, -0.13041693519110842, 0.5587658435875049, -0.6046298507994938, 0.7259864711984445, 0.9668013543506255, -0.6723155171906026, 0.19466788786571843, -0.98202780466489, -0.22685743471274122, -0.9116798841370009, 0.9133059354284718, -0.1277067062404047, 0.8979546135631256, 0.5726119718701219, 0.7325785971633969, -0.6536691570081037, -0.850102825973786, 0.2014854427555386, -0.6640556325631923, 0.4667603350211398, -0.18311227969597055, 0.05581764683584067, 0.875143167901884, 0.043392244889916, -0.7836132342255386, -0.6835531856304011, 0.09040530340642561, 0.04880816013694678, 0.2752204882519873, -0.1970091128194542, 0.2996102180386846, -0.20619999419653467, 0.24783222709644614, 0.5348099341802477, -0.6420521799177383, -0.24884846282491524, 0.005066118653868745, 0.3733341598326916, -0.4926407026772337, 0.10948172588511706, 0.24986168812819542, 0.7910023321122921, -0.27429282313374714, 0.2751141460374733, -0.6171071957620733, -0.004411770765388567, -0.6351091908575863, 0.8367660782795254, -0.13635585731754474, 0.6603762041966925, -0.16644739064327485, 0.8093351774867339, -0.19034956537818792, -0.33765099381775454, 0.14427754054549724, 0.6908872981882266, 0.7220286235061439, 0.19137623413666893, -0.8306767779591795, 0.19453321463834983, -0.5090925828337958, 0.46518689717993555, 0.7893025846334776, 0.0294679418262902, 0.20712702072041278, -0.8698643752343853, 0.08014945928561268, -0.7416264326591246, 0.22912569270066396, -0.2726993059103242, 0.5355160686614915, -0.902931727160895, -0.7803637637643119, 0.36804643024725525, 0.029307394167312983, 0.1432827432294983, 0.6874139879813108, -0.024524721700651453, 0.6202888442522898, 0.020487258589880097, 0.8534413864805024, 0.333855543079252, -0.7025463211318861, -0.27089364934848836, 0.7315498318881986, -0.29942957828896866, -0.6219484810876903, -0.0547573816684539, -0.21443765035574014, 0.23785985328818726, -0.12646741612097356, -0.47815568541100895, -0.17505557667448635, -0.16193193089539926, 0.8048437117522818, 0.9592325240809707, 0.24713767881382775, -0.8336317548582777, 0.46599743519199, 0.357370804957968, 0.6520457340504391, -0.3050973265778887, -0.8822398116837538, 0.2236436329105842, -0.751970763373456, 0.5190590583266628, 0.5888466351532844, -0.18274642650020412, 0.8875950117660911, -0.6524404124894483, 0.8851716994539605]",rhc,relu,False,False,100,[10],0.1,100,3
385,85,0.2259537000209093,1.7227166289210576,570.0,100,15,"[0.9340596780273533, 0.09446449835144466, 0.9453687199297687, 0.4296319873487293, 0.3954576491945416, -0.5678210088392472, 0.9525489095524835, -0.9875394895908203, -0.4940352752331121, -0.13041693519110842, 0.5587658435875049, -0.6046298507994938, 0.7259864711984445, 0.9668013543506255, -0.6723155171906026, 0.19466788786571843, -0.98202780466489, -0.22685743471274122, -0.9116798841370009, 0.9133059354284718, -0.1277067062404047, 0.8979546135631256, 0.5726119718701219, 0.7325785971633969, -0.6536691570081037, -0.850102825973786, 0.2014854427555386, -0.6640556325631923, 0.4667603350211398, -0.18311227969597055, 0.05581764683584067, 0.875143167901884, 0.043392244889916, -0.7836132342255386, -0.6835531856304011, 0.09040530340642561, 0.04880816013694678, 0.2752204882519873, -0.1970091128194542, 0.2996102180386846, -0.20619999419653467, 0.24783222709644614, 0.5348099341802477, -0.6420521799177383, -0.24884846282491524, 0.005066118653868745, 0.3733341598326916, -0.4926407026772337, 0.10948172588511706, 0.24986168812819542, 0.7910023321122921, -0.27429282313374714, 0.2751141460374733, -0.6171071957620733, -0.004411770765388567, -0.6351091908575863, 0.8367660782795254, -0.13635585731754474, 0.6603762041966925, -0.16644739064327485, 0.8093351774867339, -0.19034956537818792, -0.33765099381775454, 0.14427754054549724, 0.6908872981882266, 0.7220286235061439, 0.19137623413666893, -0.8306767779591795, 0.19453321463834983, -0.5090925828337958, 0.46518689717993555, 0.7893025846334776, 0.0294679418262902, 0.20712702072041278, -0.8698643752343853, 0.08014945928561268, -0.7416264326591246, 0.22912569270066396, -0.2726993059103242, 0.5355160686614915, -0.902931727160895, -0.7803637637643119, 0.36804643024725525, 0.029307394167312983, 0.1432827432294983, 0.6874139879813108, -0.024524721700651453, 0.6202888442522898, 0.020487258589880097, 0.8534413864805024, 0.333855543079252, -0.7025463211318861, -0.27089364934848836, 0.7315498318881986, -0.29942957828896866, -0.6219484810876903, -0.0547573816684539, -0.21443765035574014, 0.23785985328818726, -0.12646741612097356, -0.47815568541100895, -0.17505557667448635, -0.16193193089539926, 0.8048437117522818, 0.9592325240809707, 0.24713767881382775, -0.8336317548582777, 0.46599743519199, 0.357370804957968, 0.6520457340504391, -0.3050973265778887, -0.8822398116837538, 0.2236436329105842, -0.751970763373456, 0.5190590583266628, 0.5888466351532844, -0.18274642650020412, 0.8875950117660911, -0.6524404124894483, 0.8851716994539605]",rhc,relu,False,False,100,[10],0.1,100,3
386,86,0.22897670010570437,1.7227166289210576,571.0,100,15,"[0.9340596780273533, 0.09446449835144466, 0.9453687199297687, 0.4296319873487293, 0.3954576491945416, -0.5678210088392472, 0.9525489095524835, -0.9875394895908203, -0.4940352752331121, -0.13041693519110842, 0.5587658435875049, -0.6046298507994938, 0.7259864711984445, 0.9668013543506255, -0.6723155171906026, 0.19466788786571843, -0.98202780466489, -0.22685743471274122, -0.9116798841370009, 0.9133059354284718, -0.1277067062404047, 0.8979546135631256, 0.5726119718701219, 0.7325785971633969, -0.6536691570081037, -0.850102825973786, 0.2014854427555386, -0.6640556325631923, 0.4667603350211398, -0.18311227969597055, 0.05581764683584067, 0.875143167901884, 0.043392244889916, -0.7836132342255386, -0.6835531856304011, 0.09040530340642561, 0.04880816013694678, 0.2752204882519873, -0.1970091128194542, 0.2996102180386846, -0.20619999419653467, 0.24783222709644614, 0.5348099341802477, -0.6420521799177383, -0.24884846282491524, 0.005066118653868745, 0.3733341598326916, -0.4926407026772337, 0.10948172588511706, 0.24986168812819542, 0.7910023321122921, -0.27429282313374714, 0.2751141460374733, -0.6171071957620733, -0.004411770765388567, -0.6351091908575863, 0.8367660782795254, -0.13635585731754474, 0.6603762041966925, -0.16644739064327485, 0.8093351774867339, -0.19034956537818792, -0.33765099381775454, 0.14427754054549724, 0.6908872981882266, 0.7220286235061439, 0.19137623413666893, -0.8306767779591795, 0.19453321463834983, -0.5090925828337958, 0.46518689717993555, 0.7893025846334776, 0.0294679418262902, 0.20712702072041278, -0.8698643752343853, 0.08014945928561268, -0.7416264326591246, 0.22912569270066396, -0.2726993059103242, 0.5355160686614915, -0.902931727160895, -0.7803637637643119, 0.36804643024725525, 0.029307394167312983, 0.1432827432294983, 0.6874139879813108, -0.024524721700651453, 0.6202888442522898, 0.020487258589880097, 0.8534413864805024, 0.333855543079252, -0.7025463211318861, -0.27089364934848836, 0.7315498318881986, -0.29942957828896866, -0.6219484810876903, -0.0547573816684539, -0.21443765035574014, 0.23785985328818726, -0.12646741612097356, -0.47815568541100895, -0.17505557667448635, -0.16193193089539926, 0.8048437117522818, 0.9592325240809707, 0.24713767881382775, -0.8336317548582777, 0.46599743519199, 0.357370804957968, 0.6520457340504391, -0.3050973265778887, -0.8822398116837538, 0.2236436329105842, -0.751970763373456, 0.5190590583266628, 0.5888466351532844, -0.18274642650020412, 0.8875950117660911, -0.6524404124894483, 0.8851716994539605]",rhc,relu,False,False,100,[10],0.1,100,3
387,87,0.23168840003199875,1.709233539065107,573.0,100,15,"[0.9340596780273533, 0.09446449835144466, 0.9453687199297687, 0.4296319873487293, 0.3954576491945416, -0.5678210088392472, 0.9525489095524835, -0.9875394895908203, -0.4940352752331121, -0.13041693519110842, 0.5587658435875049, -0.6046298507994938, 0.7259864711984445, 0.9668013543506255, -0.6723155171906026, 0.19466788786571843, -0.98202780466489, -0.22685743471274122, -0.9116798841370009, 0.9133059354284718, -0.1277067062404047, 0.8979546135631256, 0.5726119718701219, 0.7325785971633969, -0.6536691570081037, -0.850102825973786, 0.2014854427555386, -0.6640556325631923, 0.4667603350211398, -0.18311227969597055, 0.05581764683584067, 0.875143167901884, 0.043392244889916, -0.7836132342255386, -0.6835531856304011, 0.09040530340642561, 0.04880816013694678, 0.2752204882519873, -0.1970091128194542, 0.2996102180386846, -0.20619999419653467, 0.24783222709644614, 0.5348099341802477, -0.6420521799177383, -0.24884846282491524, 0.005066118653868745, 0.3733341598326916, -0.4926407026772337, 0.10948172588511706, 0.24986168812819542, 0.7910023321122921, -0.27429282313374714, 0.2751141460374733, -0.6171071957620733, -0.004411770765388567, -0.6351091908575863, 0.8367660782795254, -0.13635585731754474, 0.6603762041966925, -0.16644739064327485, 0.8093351774867339, -0.19034956537818792, -0.33765099381775454, 0.14427754054549724, 0.6908872981882266, 0.7220286235061439, 0.19137623413666893, -0.8306767779591795, 0.19453321463834983, -0.5090925828337958, 0.46518689717993555, 0.7893025846334776, 0.0294679418262902, 0.20712702072041278, -0.8698643752343853, 0.08014945928561268, -0.7416264326591246, 0.22912569270066396, -0.2726993059103242, 0.5355160686614915, -0.902931727160895, -0.7803637637643119, 0.36804643024725525, 0.029307394167312983, 0.1432827432294983, 0.6874139879813108, -0.024524721700651453, 0.6202888442522898, 0.020487258589880097, 0.8534413864805024, 0.333855543079252, -0.7025463211318861, -0.27089364934848836, 0.7315498318881986, -0.29942957828896866, -0.6219484810876903, -0.0547573816684539, -0.21443765035574014, 0.23785985328818726, -0.12646741612097356, -0.47815568541100895, -0.17505557667448635, -0.16193193089539926, 0.8048437117522818, 0.9592325240809707, 0.24713767881382775, -0.8336317548582777, 0.46599743519199, 0.357370804957968, 0.6520457340504391, -0.3050973265778887, -0.8822398116837538, 0.2236436329105842, -0.751970763373456, 0.5190590583266628, 0.5888466351532844, -0.18274642650020412, 0.8875950117660911, -0.6524404124894483, 0.8851716994539605]",rhc,relu,False,False,100,[10],0.1,100,3
388,88,0.23309100000187755,1.7062804122864488,575.0,100,15,"[0.9340596780273533, 0.09446449835144466, 0.9453687199297687, 0.4296319873487293, 0.3954576491945416, -0.5678210088392472, 0.9525489095524835, -0.9875394895908203, -0.4940352752331121, -0.13041693519110842, 0.5587658435875049, -0.6046298507994938, 0.7259864711984445, 0.9668013543506255, -0.6723155171906026, 0.19466788786571843, -0.98202780466489, -0.22685743471274122, -0.9116798841370009, 0.9133059354284718, -0.1277067062404047, 0.8979546135631256, 0.5726119718701219, 0.7325785971633969, -0.6536691570081037, -0.850102825973786, 0.2014854427555386, -0.6640556325631923, 0.4667603350211398, -0.18311227969597055, 0.05581764683584067, 0.875143167901884, 0.043392244889916, -0.7836132342255386, -0.6835531856304011, 0.09040530340642561, 0.04880816013694678, 0.2752204882519873, -0.1970091128194542, 0.2996102180386846, -0.20619999419653467, 0.24783222709644614, 0.5348099341802477, -0.6420521799177383, -0.24884846282491524, 0.005066118653868745, 0.3733341598326916, -0.4926407026772337, 0.10948172588511706, 0.24986168812819542, 0.7910023321122921, -0.27429282313374714, 0.2751141460374733, -0.6171071957620733, -0.004411770765388567, -0.6351091908575863, 0.8367660782795254, -0.13635585731754474, 0.6603762041966925, -0.16644739064327485, 0.8093351774867339, -0.19034956537818792, -0.33765099381775454, 0.14427754054549724, 0.6908872981882266, 0.7220286235061439, 0.19137623413666893, -0.8306767779591795, 0.19453321463834983, -0.5090925828337958, 0.46518689717993555, 0.7893025846334776, 0.0294679418262902, 0.20712702072041278, -0.8698643752343853, 0.08014945928561268, -0.7416264326591246, 0.22912569270066396, -0.2726993059103242, 0.5355160686614915, -0.902931727160895, -0.7803637637643119, 0.36804643024725525, 0.029307394167312983, 0.1432827432294983, 0.6874139879813108, -0.024524721700651453, 0.6202888442522898, 0.020487258589880097, 0.8534413864805024, 0.333855543079252, -0.7025463211318861, -0.27089364934848836, 0.7315498318881986, -0.29942957828896866, -0.6219484810876903, -0.0547573816684539, -0.21443765035574014, 0.23785985328818726, -0.12646741612097356, -0.47815568541100895, -0.17505557667448635, -0.16193193089539926, 0.8048437117522818, 0.9592325240809707, 0.24713767881382775, -0.8336317548582777, 0.46599743519199, 0.357370804957968, 0.6520457340504391, -0.3050973265778887, -0.8822398116837538, 0.2236436329105842, -0.751970763373456, 0.5190590583266628, 0.5888466351532844, -0.18274642650020412, 0.8875950117660911, -0.6524404124894483, 0.8851716994539605]",rhc,relu,False,False,100,[10],0.1,100,3
389,89,0.23613770003430545,1.7045082036088173,577.0,100,15,"[0.9340596780273533, 0.09446449835144466, 0.9453687199297687, 0.4296319873487293, 0.3954576491945416, -0.5678210088392472, 0.9525489095524835, -0.9875394895908203, -0.4940352752331121, -0.13041693519110842, 0.5587658435875049, -0.6046298507994938, 0.7259864711984445, 0.9668013543506255, -0.6723155171906026, 0.19466788786571843, -0.98202780466489, -0.22685743471274122, -0.9116798841370009, 0.9133059354284718, -0.1277067062404047, 0.8979546135631256, 0.5726119718701219, 0.7325785971633969, -0.6536691570081037, -0.850102825973786, 0.2014854427555386, -0.6640556325631923, 0.4667603350211398, -0.18311227969597055, 0.05581764683584067, 0.875143167901884, 0.043392244889916, -0.7836132342255386, -0.6835531856304011, 0.09040530340642561, 0.04880816013694678, 0.2752204882519873, -0.1970091128194542, 0.2996102180386846, -0.20619999419653467, 0.24783222709644614, 0.5348099341802477, -0.6420521799177383, -0.24884846282491524, 0.005066118653868745, 0.3733341598326916, -0.4926407026772337, 0.10948172588511706, 0.24986168812819542, 0.7910023321122921, -0.27429282313374714, 0.2751141460374733, -0.6171071957620733, -0.004411770765388567, -0.6351091908575863, 0.8367660782795254, -0.13635585731754474, 0.6603762041966925, -0.16644739064327485, 0.8093351774867339, -0.19034956537818792, -0.33765099381775454, 0.14427754054549724, 0.6908872981882266, 0.7220286235061439, 0.19137623413666893, -0.8306767779591795, 0.19453321463834983, -0.5090925828337958, 0.46518689717993555, 0.7893025846334776, 0.0294679418262902, 0.20712702072041278, -0.8698643752343853, 0.08014945928561268, -0.7416264326591246, 0.22912569270066396, -0.2726993059103242, 0.5355160686614915, -0.902931727160895, -0.7803637637643119, 0.36804643024725525, 0.029307394167312983, 0.1432827432294983, 0.6874139879813108, -0.024524721700651453, 0.6202888442522898, 0.020487258589880097, 0.8534413864805024, 0.333855543079252, -0.7025463211318861, -0.27089364934848836, 0.7315498318881986, -0.29942957828896866, -0.6219484810876903, -0.0547573816684539, -0.21443765035574014, 0.23785985328818726, -0.12646741612097356, -0.47815568541100895, -0.17505557667448635, -0.16193193089539926, 0.8048437117522818, 0.9592325240809707, 0.24713767881382775, -0.8336317548582777, 0.46599743519199, 0.357370804957968, 0.6520457340504391, -0.3050973265778887, -0.8822398116837538, 0.2236436329105842, -0.751970763373456, 0.5190590583266628, 0.5888466351532844, -0.18274642650020412, 0.8875950117660911, -0.6524404124894483, 0.8851716994539605]",rhc,relu,False,False,100,[10],0.1,100,3
390,90,0.23915060004219413,1.7045082036088173,578.0,100,15,"[0.9340596780273533, 0.09446449835144466, 0.9453687199297687, 0.4296319873487293, 0.3954576491945416, -0.5678210088392472, 0.9525489095524835, -0.9875394895908203, -0.4940352752331121, -0.13041693519110842, 0.5587658435875049, -0.6046298507994938, 0.7259864711984445, 0.9668013543506255, -0.6723155171906026, 0.19466788786571843, -0.98202780466489, -0.22685743471274122, -0.9116798841370009, 0.9133059354284718, -0.1277067062404047, 0.8979546135631256, 0.5726119718701219, 0.7325785971633969, -0.6536691570081037, -0.850102825973786, 0.2014854427555386, -0.6640556325631923, 0.4667603350211398, -0.18311227969597055, 0.05581764683584067, 0.875143167901884, 0.043392244889916, -0.7836132342255386, -0.6835531856304011, 0.09040530340642561, 0.04880816013694678, 0.2752204882519873, -0.1970091128194542, 0.2996102180386846, -0.20619999419653467, 0.24783222709644614, 0.5348099341802477, -0.6420521799177383, -0.24884846282491524, 0.005066118653868745, 0.3733341598326916, -0.4926407026772337, 0.10948172588511706, 0.24986168812819542, 0.7910023321122921, -0.27429282313374714, 0.2751141460374733, -0.6171071957620733, -0.004411770765388567, -0.6351091908575863, 0.8367660782795254, -0.13635585731754474, 0.6603762041966925, -0.16644739064327485, 0.8093351774867339, -0.19034956537818792, -0.33765099381775454, 0.14427754054549724, 0.6908872981882266, 0.7220286235061439, 0.19137623413666893, -0.8306767779591795, 0.19453321463834983, -0.5090925828337958, 0.46518689717993555, 0.7893025846334776, 0.0294679418262902, 0.20712702072041278, -0.8698643752343853, 0.08014945928561268, -0.7416264326591246, 0.22912569270066396, -0.2726993059103242, 0.5355160686614915, -0.902931727160895, -0.7803637637643119, 0.36804643024725525, 0.029307394167312983, 0.1432827432294983, 0.6874139879813108, -0.024524721700651453, 0.6202888442522898, 0.020487258589880097, 0.8534413864805024, 0.333855543079252, -0.7025463211318861, -0.27089364934848836, 0.7315498318881986, -0.29942957828896866, -0.6219484810876903, -0.0547573816684539, -0.21443765035574014, 0.23785985328818726, -0.12646741612097356, -0.47815568541100895, -0.17505557667448635, -0.16193193089539926, 0.8048437117522818, 0.9592325240809707, 0.24713767881382775, -0.8336317548582777, 0.46599743519199, 0.357370804957968, 0.6520457340504391, -0.3050973265778887, -0.8822398116837538, 0.2236436329105842, -0.751970763373456, 0.5190590583266628, 0.5888466351532844, -0.18274642650020412, 0.8875950117660911, -0.6524404124894483, 0.8851716994539605]",rhc,relu,False,False,100,[10],0.1,100,3
391,91,0.24208670004736632,1.7045082036088173,579.0,100,15,"[0.9340596780273533, 0.09446449835144466, 0.9453687199297687, 0.4296319873487293, 0.3954576491945416, -0.5678210088392472, 0.9525489095524835, -0.9875394895908203, -0.4940352752331121, -0.13041693519110842, 0.5587658435875049, -0.6046298507994938, 0.7259864711984445, 0.9668013543506255, -0.6723155171906026, 0.19466788786571843, -0.98202780466489, -0.22685743471274122, -0.9116798841370009, 0.9133059354284718, -0.1277067062404047, 0.8979546135631256, 0.5726119718701219, 0.7325785971633969, -0.6536691570081037, -0.850102825973786, 0.2014854427555386, -0.6640556325631923, 0.4667603350211398, -0.18311227969597055, 0.05581764683584067, 0.875143167901884, 0.043392244889916, -0.7836132342255386, -0.6835531856304011, 0.09040530340642561, 0.04880816013694678, 0.2752204882519873, -0.1970091128194542, 0.2996102180386846, -0.20619999419653467, 0.24783222709644614, 0.5348099341802477, -0.6420521799177383, -0.24884846282491524, 0.005066118653868745, 0.3733341598326916, -0.4926407026772337, 0.10948172588511706, 0.24986168812819542, 0.7910023321122921, -0.27429282313374714, 0.2751141460374733, -0.6171071957620733, -0.004411770765388567, -0.6351091908575863, 0.8367660782795254, -0.13635585731754474, 0.6603762041966925, -0.16644739064327485, 0.8093351774867339, -0.19034956537818792, -0.33765099381775454, 0.14427754054549724, 0.6908872981882266, 0.7220286235061439, 0.19137623413666893, -0.8306767779591795, 0.19453321463834983, -0.5090925828337958, 0.46518689717993555, 0.7893025846334776, 0.0294679418262902, 0.20712702072041278, -0.8698643752343853, 0.08014945928561268, -0.7416264326591246, 0.22912569270066396, -0.2726993059103242, 0.5355160686614915, -0.902931727160895, -0.7803637637643119, 0.36804643024725525, 0.029307394167312983, 0.1432827432294983, 0.6874139879813108, -0.024524721700651453, 0.6202888442522898, 0.020487258589880097, 0.8534413864805024, 0.333855543079252, -0.7025463211318861, -0.27089364934848836, 0.7315498318881986, -0.29942957828896866, -0.6219484810876903, -0.0547573816684539, -0.21443765035574014, 0.23785985328818726, -0.12646741612097356, -0.47815568541100895, -0.17505557667448635, -0.16193193089539926, 0.8048437117522818, 0.9592325240809707, 0.24713767881382775, -0.8336317548582777, 0.46599743519199, 0.357370804957968, 0.6520457340504391, -0.3050973265778887, -0.8822398116837538, 0.2236436329105842, -0.751970763373456, 0.5190590583266628, 0.5888466351532844, -0.18274642650020412, 0.8875950117660911, -0.6524404124894483, 0.8851716994539605]",rhc,relu,False,False,100,[10],0.1,100,3
392,92,0.24406210007146,1.6997827391529392,581.0,100,15,"[0.9340596780273533, 0.09446449835144466, 0.9453687199297687, 0.4296319873487293, 0.3954576491945416, -0.5678210088392472, 0.9525489095524835, -0.9875394895908203, -0.4940352752331121, -0.13041693519110842, 0.5587658435875049, -0.6046298507994938, 0.7259864711984445, 0.9668013543506255, -0.6723155171906026, 0.19466788786571843, -0.98202780466489, -0.22685743471274122, -0.9116798841370009, 0.9133059354284718, -0.1277067062404047, 0.8979546135631256, 0.5726119718701219, 0.7325785971633969, -0.6536691570081037, -0.850102825973786, 0.2014854427555386, -0.6640556325631923, 0.4667603350211398, -0.18311227969597055, 0.05581764683584067, 0.875143167901884, 0.043392244889916, -0.7836132342255386, -0.6835531856304011, 0.09040530340642561, 0.04880816013694678, 0.2752204882519873, -0.1970091128194542, 0.2996102180386846, -0.20619999419653467, 0.24783222709644614, 0.5348099341802477, -0.6420521799177383, -0.24884846282491524, 0.005066118653868745, 0.3733341598326916, -0.4926407026772337, 0.10948172588511706, 0.24986168812819542, 0.7910023321122921, -0.27429282313374714, 0.2751141460374733, -0.6171071957620733, -0.004411770765388567, -0.6351091908575863, 0.8367660782795254, -0.13635585731754474, 0.6603762041966925, -0.16644739064327485, 0.8093351774867339, -0.19034956537818792, -0.33765099381775454, 0.14427754054549724, 0.6908872981882266, 0.7220286235061439, 0.19137623413666893, -0.8306767779591795, 0.19453321463834983, -0.5090925828337958, 0.46518689717993555, 0.7893025846334776, 0.0294679418262902, 0.20712702072041278, -0.8698643752343853, 0.08014945928561268, -0.7416264326591246, 0.22912569270066396, -0.2726993059103242, 0.5355160686614915, -0.902931727160895, -0.7803637637643119, 0.36804643024725525, 0.029307394167312983, 0.1432827432294983, 0.6874139879813108, -0.024524721700651453, 0.6202888442522898, 0.020487258589880097, 0.8534413864805024, 0.333855543079252, -0.7025463211318861, -0.27089364934848836, 0.7315498318881986, -0.29942957828896866, -0.6219484810876903, -0.0547573816684539, -0.21443765035574014, 0.23785985328818726, -0.12646741612097356, -0.47815568541100895, -0.17505557667448635, -0.16193193089539926, 0.8048437117522818, 0.9592325240809707, 0.24713767881382775, -0.8336317548582777, 0.46599743519199, 0.357370804957968, 0.6520457340504391, -0.3050973265778887, -0.8822398116837538, 0.2236436329105842, -0.751970763373456, 0.5190590583266628, 0.5888466351532844, -0.18274642650020412, 0.8875950117660911, -0.6524404124894483, 0.8851716994539605]",rhc,relu,False,False,100,[10],0.1,100,3
393,93,0.2456533000804484,1.6874311867735339,583.0,100,15,"[0.9340596780273533, 0.09446449835144466, 0.9453687199297687, 0.4296319873487293, 0.3954576491945416, -0.5678210088392472, 0.9525489095524835, -0.9875394895908203, -0.4940352752331121, -0.13041693519110842, 0.5587658435875049, -0.6046298507994938, 0.7259864711984445, 0.9668013543506255, -0.6723155171906026, 0.19466788786571843, -0.98202780466489, -0.22685743471274122, -0.9116798841370009, 0.9133059354284718, -0.1277067062404047, 0.8979546135631256, 0.5726119718701219, 0.7325785971633969, -0.6536691570081037, -0.850102825973786, 0.2014854427555386, -0.6640556325631923, 0.4667603350211398, -0.18311227969597055, 0.05581764683584067, 0.875143167901884, 0.043392244889916, -0.7836132342255386, -0.6835531856304011, 0.09040530340642561, 0.04880816013694678, 0.2752204882519873, -0.1970091128194542, 0.2996102180386846, -0.20619999419653467, 0.24783222709644614, 0.5348099341802477, -0.6420521799177383, -0.24884846282491524, 0.005066118653868745, 0.3733341598326916, -0.4926407026772337, 0.10948172588511706, 0.24986168812819542, 0.7910023321122921, -0.27429282313374714, 0.2751141460374733, -0.6171071957620733, -0.004411770765388567, -0.6351091908575863, 0.8367660782795254, -0.13635585731754474, 0.6603762041966925, -0.16644739064327485, 0.8093351774867339, -0.19034956537818792, -0.33765099381775454, 0.14427754054549724, 0.6908872981882266, 0.7220286235061439, 0.19137623413666893, -0.8306767779591795, 0.19453321463834983, -0.5090925828337958, 0.46518689717993555, 0.7893025846334776, 0.0294679418262902, 0.20712702072041278, -0.8698643752343853, 0.08014945928561268, -0.7416264326591246, 0.22912569270066396, -0.2726993059103242, 0.5355160686614915, -0.902931727160895, -0.7803637637643119, 0.36804643024725525, 0.029307394167312983, 0.1432827432294983, 0.6874139879813108, -0.024524721700651453, 0.6202888442522898, 0.020487258589880097, 0.8534413864805024, 0.333855543079252, -0.7025463211318861, -0.27089364934848836, 0.7315498318881986, -0.29942957828896866, -0.6219484810876903, -0.0547573816684539, -0.21443765035574014, 0.23785985328818726, -0.12646741612097356, -0.47815568541100895, -0.17505557667448635, -0.16193193089539926, 0.8048437117522818, 0.9592325240809707, 0.24713767881382775, -0.8336317548582777, 0.46599743519199, 0.357370804957968, 0.6520457340504391, -0.3050973265778887, -0.8822398116837538, 0.2236436329105842, -0.751970763373456, 0.5190590583266628, 0.5888466351532844, -0.18274642650020412, 0.8875950117660911, -0.6524404124894483, 0.8851716994539605]",rhc,relu,False,False,100,[10],0.1,100,3
394,94,0.24860799999441952,1.6827506827104999,585.0,100,15,"[0.9340596780273533, 0.09446449835144466, 0.9453687199297687, 0.4296319873487293, 0.3954576491945416, -0.5678210088392472, 0.9525489095524835, -0.9875394895908203, -0.4940352752331121, -0.13041693519110842, 0.5587658435875049, -0.6046298507994938, 0.7259864711984445, 0.9668013543506255, -0.6723155171906026, 0.19466788786571843, -0.98202780466489, -0.22685743471274122, -0.9116798841370009, 0.9133059354284718, -0.1277067062404047, 0.8979546135631256, 0.5726119718701219, 0.7325785971633969, -0.6536691570081037, -0.850102825973786, 0.2014854427555386, -0.6640556325631923, 0.4667603350211398, -0.18311227969597055, 0.05581764683584067, 0.875143167901884, 0.043392244889916, -0.7836132342255386, -0.6835531856304011, 0.09040530340642561, 0.04880816013694678, 0.2752204882519873, -0.1970091128194542, 0.2996102180386846, -0.20619999419653467, 0.24783222709644614, 0.5348099341802477, -0.6420521799177383, -0.24884846282491524, 0.005066118653868745, 0.3733341598326916, -0.4926407026772337, 0.10948172588511706, 0.24986168812819542, 0.7910023321122921, -0.27429282313374714, 0.2751141460374733, -0.6171071957620733, -0.004411770765388567, -0.6351091908575863, 0.8367660782795254, -0.13635585731754474, 0.6603762041966925, -0.16644739064327485, 0.8093351774867339, -0.19034956537818792, -0.33765099381775454, 0.14427754054549724, 0.6908872981882266, 0.7220286235061439, 0.19137623413666893, -0.8306767779591795, 0.19453321463834983, -0.5090925828337958, 0.46518689717993555, 0.7893025846334776, 0.0294679418262902, 0.20712702072041278, -0.8698643752343853, 0.08014945928561268, -0.7416264326591246, 0.22912569270066396, -0.2726993059103242, 0.5355160686614915, -0.902931727160895, -0.7803637637643119, 0.36804643024725525, 0.029307394167312983, 0.1432827432294983, 0.6874139879813108, -0.024524721700651453, 0.6202888442522898, 0.020487258589880097, 0.8534413864805024, 0.333855543079252, -0.7025463211318861, -0.27089364934848836, 0.7315498318881986, -0.29942957828896866, -0.6219484810876903, -0.0547573816684539, -0.21443765035574014, 0.23785985328818726, -0.12646741612097356, -0.47815568541100895, -0.17505557667448635, -0.16193193089539926, 0.8048437117522818, 0.9592325240809707, 0.24713767881382775, -0.8336317548582777, 0.46599743519199, 0.357370804957968, 0.6520457340504391, -0.3050973265778887, -0.8822398116837538, 0.2236436329105842, -0.751970763373456, 0.5190590583266628, 0.5888466351532844, -0.18274642650020412, 0.8875950117660911, -0.6524404124894483, 0.8851716994539605]",rhc,relu,False,False,100,[10],0.1,100,3
395,95,0.25007430010009557,1.6827506827104999,586.0,100,15,"[0.9340596780273533, 0.09446449835144466, 0.9453687199297687, 0.4296319873487293, 0.3954576491945416, -0.5678210088392472, 0.9525489095524835, -0.9875394895908203, -0.4940352752331121, -0.13041693519110842, 0.5587658435875049, -0.6046298507994938, 0.7259864711984445, 0.9668013543506255, -0.6723155171906026, 0.19466788786571843, -0.98202780466489, -0.22685743471274122, -0.9116798841370009, 0.9133059354284718, -0.1277067062404047, 0.8979546135631256, 0.5726119718701219, 0.7325785971633969, -0.6536691570081037, -0.850102825973786, 0.2014854427555386, -0.6640556325631923, 0.4667603350211398, -0.18311227969597055, 0.05581764683584067, 0.875143167901884, 0.043392244889916, -0.7836132342255386, -0.6835531856304011, 0.09040530340642561, 0.04880816013694678, 0.2752204882519873, -0.1970091128194542, 0.2996102180386846, -0.20619999419653467, 0.24783222709644614, 0.5348099341802477, -0.6420521799177383, -0.24884846282491524, 0.005066118653868745, 0.3733341598326916, -0.4926407026772337, 0.10948172588511706, 0.24986168812819542, 0.7910023321122921, -0.27429282313374714, 0.2751141460374733, -0.6171071957620733, -0.004411770765388567, -0.6351091908575863, 0.8367660782795254, -0.13635585731754474, 0.6603762041966925, -0.16644739064327485, 0.8093351774867339, -0.19034956537818792, -0.33765099381775454, 0.14427754054549724, 0.6908872981882266, 0.7220286235061439, 0.19137623413666893, -0.8306767779591795, 0.19453321463834983, -0.5090925828337958, 0.46518689717993555, 0.7893025846334776, 0.0294679418262902, 0.20712702072041278, -0.8698643752343853, 0.08014945928561268, -0.7416264326591246, 0.22912569270066396, -0.2726993059103242, 0.5355160686614915, -0.902931727160895, -0.7803637637643119, 0.36804643024725525, 0.029307394167312983, 0.1432827432294983, 0.6874139879813108, -0.024524721700651453, 0.6202888442522898, 0.020487258589880097, 0.8534413864805024, 0.333855543079252, -0.7025463211318861, -0.27089364934848836, 0.7315498318881986, -0.29942957828896866, -0.6219484810876903, -0.0547573816684539, -0.21443765035574014, 0.23785985328818726, -0.12646741612097356, -0.47815568541100895, -0.17505557667448635, -0.16193193089539926, 0.8048437117522818, 0.9592325240809707, 0.24713767881382775, -0.8336317548582777, 0.46599743519199, 0.357370804957968, 0.6520457340504391, -0.3050973265778887, -0.8822398116837538, 0.2236436329105842, -0.751970763373456, 0.5190590583266628, 0.5888466351532844, -0.18274642650020412, 0.8875950117660911, -0.6524404124894483, 0.8851716994539605]",rhc,relu,False,False,100,[10],0.1,100,3
396,96,0.253057699999772,1.6827506827104999,587.0,100,15,"[0.9340596780273533, 0.09446449835144466, 0.9453687199297687, 0.4296319873487293, 0.3954576491945416, -0.5678210088392472, 0.9525489095524835, -0.9875394895908203, -0.4940352752331121, -0.13041693519110842, 0.5587658435875049, -0.6046298507994938, 0.7259864711984445, 0.9668013543506255, -0.6723155171906026, 0.19466788786571843, -0.98202780466489, -0.22685743471274122, -0.9116798841370009, 0.9133059354284718, -0.1277067062404047, 0.8979546135631256, 0.5726119718701219, 0.7325785971633969, -0.6536691570081037, -0.850102825973786, 0.2014854427555386, -0.6640556325631923, 0.4667603350211398, -0.18311227969597055, 0.05581764683584067, 0.875143167901884, 0.043392244889916, -0.7836132342255386, -0.6835531856304011, 0.09040530340642561, 0.04880816013694678, 0.2752204882519873, -0.1970091128194542, 0.2996102180386846, -0.20619999419653467, 0.24783222709644614, 0.5348099341802477, -0.6420521799177383, -0.24884846282491524, 0.005066118653868745, 0.3733341598326916, -0.4926407026772337, 0.10948172588511706, 0.24986168812819542, 0.7910023321122921, -0.27429282313374714, 0.2751141460374733, -0.6171071957620733, -0.004411770765388567, -0.6351091908575863, 0.8367660782795254, -0.13635585731754474, 0.6603762041966925, -0.16644739064327485, 0.8093351774867339, -0.19034956537818792, -0.33765099381775454, 0.14427754054549724, 0.6908872981882266, 0.7220286235061439, 0.19137623413666893, -0.8306767779591795, 0.19453321463834983, -0.5090925828337958, 0.46518689717993555, 0.7893025846334776, 0.0294679418262902, 0.20712702072041278, -0.8698643752343853, 0.08014945928561268, -0.7416264326591246, 0.22912569270066396, -0.2726993059103242, 0.5355160686614915, -0.902931727160895, -0.7803637637643119, 0.36804643024725525, 0.029307394167312983, 0.1432827432294983, 0.6874139879813108, -0.024524721700651453, 0.6202888442522898, 0.020487258589880097, 0.8534413864805024, 0.333855543079252, -0.7025463211318861, -0.27089364934848836, 0.7315498318881986, -0.29942957828896866, -0.6219484810876903, -0.0547573816684539, -0.21443765035574014, 0.23785985328818726, -0.12646741612097356, -0.47815568541100895, -0.17505557667448635, -0.16193193089539926, 0.8048437117522818, 0.9592325240809707, 0.24713767881382775, -0.8336317548582777, 0.46599743519199, 0.357370804957968, 0.6520457340504391, -0.3050973265778887, -0.8822398116837538, 0.2236436329105842, -0.751970763373456, 0.5190590583266628, 0.5888466351532844, -0.18274642650020412, 0.8875950117660911, -0.6524404124894483, 0.8851716994539605]",rhc,relu,False,False,100,[10],0.1,100,3
397,97,0.2544917000923306,1.6827506827104999,588.0,100,15,"[0.9340596780273533, 0.09446449835144466, 0.9453687199297687, 0.4296319873487293, 0.3954576491945416, -0.5678210088392472, 0.9525489095524835, -0.9875394895908203, -0.4940352752331121, -0.13041693519110842, 0.5587658435875049, -0.6046298507994938, 0.7259864711984445, 0.9668013543506255, -0.6723155171906026, 0.19466788786571843, -0.98202780466489, -0.22685743471274122, -0.9116798841370009, 0.9133059354284718, -0.1277067062404047, 0.8979546135631256, 0.5726119718701219, 0.7325785971633969, -0.6536691570081037, -0.850102825973786, 0.2014854427555386, -0.6640556325631923, 0.4667603350211398, -0.18311227969597055, 0.05581764683584067, 0.875143167901884, 0.043392244889916, -0.7836132342255386, -0.6835531856304011, 0.09040530340642561, 0.04880816013694678, 0.2752204882519873, -0.1970091128194542, 0.2996102180386846, -0.20619999419653467, 0.24783222709644614, 0.5348099341802477, -0.6420521799177383, -0.24884846282491524, 0.005066118653868745, 0.3733341598326916, -0.4926407026772337, 0.10948172588511706, 0.24986168812819542, 0.7910023321122921, -0.27429282313374714, 0.2751141460374733, -0.6171071957620733, -0.004411770765388567, -0.6351091908575863, 0.8367660782795254, -0.13635585731754474, 0.6603762041966925, -0.16644739064327485, 0.8093351774867339, -0.19034956537818792, -0.33765099381775454, 0.14427754054549724, 0.6908872981882266, 0.7220286235061439, 0.19137623413666893, -0.8306767779591795, 0.19453321463834983, -0.5090925828337958, 0.46518689717993555, 0.7893025846334776, 0.0294679418262902, 0.20712702072041278, -0.8698643752343853, 0.08014945928561268, -0.7416264326591246, 0.22912569270066396, -0.2726993059103242, 0.5355160686614915, -0.902931727160895, -0.7803637637643119, 0.36804643024725525, 0.029307394167312983, 0.1432827432294983, 0.6874139879813108, -0.024524721700651453, 0.6202888442522898, 0.020487258589880097, 0.8534413864805024, 0.333855543079252, -0.7025463211318861, -0.27089364934848836, 0.7315498318881986, -0.29942957828896866, -0.6219484810876903, -0.0547573816684539, -0.21443765035574014, 0.23785985328818726, -0.12646741612097356, -0.47815568541100895, -0.17505557667448635, -0.16193193089539926, 0.8048437117522818, 0.9592325240809707, 0.24713767881382775, -0.8336317548582777, 0.46599743519199, 0.357370804957968, 0.6520457340504391, -0.3050973265778887, -0.8822398116837538, 0.2236436329105842, -0.751970763373456, 0.5190590583266628, 0.5888466351532844, -0.18274642650020412, 0.8875950117660911, -0.6524404124894483, 0.8851716994539605]",rhc,relu,False,False,100,[10],0.1,100,3
398,98,0.25626020005438477,1.6827506827104999,589.0,100,15,"[0.9340596780273533, 0.09446449835144466, 0.9453687199297687, 0.4296319873487293, 0.3954576491945416, -0.5678210088392472, 0.9525489095524835, -0.9875394895908203, -0.4940352752331121, -0.13041693519110842, 0.5587658435875049, -0.6046298507994938, 0.7259864711984445, 0.9668013543506255, -0.6723155171906026, 0.19466788786571843, -0.98202780466489, -0.22685743471274122, -0.9116798841370009, 0.9133059354284718, -0.1277067062404047, 0.8979546135631256, 0.5726119718701219, 0.7325785971633969, -0.6536691570081037, -0.850102825973786, 0.2014854427555386, -0.6640556325631923, 0.4667603350211398, -0.18311227969597055, 0.05581764683584067, 0.875143167901884, 0.043392244889916, -0.7836132342255386, -0.6835531856304011, 0.09040530340642561, 0.04880816013694678, 0.2752204882519873, -0.1970091128194542, 0.2996102180386846, -0.20619999419653467, 0.24783222709644614, 0.5348099341802477, -0.6420521799177383, -0.24884846282491524, 0.005066118653868745, 0.3733341598326916, -0.4926407026772337, 0.10948172588511706, 0.24986168812819542, 0.7910023321122921, -0.27429282313374714, 0.2751141460374733, -0.6171071957620733, -0.004411770765388567, -0.6351091908575863, 0.8367660782795254, -0.13635585731754474, 0.6603762041966925, -0.16644739064327485, 0.8093351774867339, -0.19034956537818792, -0.33765099381775454, 0.14427754054549724, 0.6908872981882266, 0.7220286235061439, 0.19137623413666893, -0.8306767779591795, 0.19453321463834983, -0.5090925828337958, 0.46518689717993555, 0.7893025846334776, 0.0294679418262902, 0.20712702072041278, -0.8698643752343853, 0.08014945928561268, -0.7416264326591246, 0.22912569270066396, -0.2726993059103242, 0.5355160686614915, -0.902931727160895, -0.7803637637643119, 0.36804643024725525, 0.029307394167312983, 0.1432827432294983, 0.6874139879813108, -0.024524721700651453, 0.6202888442522898, 0.020487258589880097, 0.8534413864805024, 0.333855543079252, -0.7025463211318861, -0.27089364934848836, 0.7315498318881986, -0.29942957828896866, -0.6219484810876903, -0.0547573816684539, -0.21443765035574014, 0.23785985328818726, -0.12646741612097356, -0.47815568541100895, -0.17505557667448635, -0.16193193089539926, 0.8048437117522818, 0.9592325240809707, 0.24713767881382775, -0.8336317548582777, 0.46599743519199, 0.357370804957968, 0.6520457340504391, -0.3050973265778887, -0.8822398116837538, 0.2236436329105842, -0.751970763373456, 0.5190590583266628, 0.5888466351532844, -0.18274642650020412, 0.8875950117660911, -0.6524404124894483, 0.8851716994539605]",rhc,relu,False,False,100,[10],0.1,100,3
399,99,0.2595394999952987,1.6827506827104999,590.0,100,15,"[0.9340596780273533, 0.09446449835144466, 0.9453687199297687, 0.4296319873487293, 0.3954576491945416, -0.5678210088392472, 0.9525489095524835, -0.9875394895908203, -0.4940352752331121, -0.13041693519110842, 0.5587658435875049, -0.6046298507994938, 0.7259864711984445, 0.9668013543506255, -0.6723155171906026, 0.19466788786571843, -0.98202780466489, -0.22685743471274122, -0.9116798841370009, 0.9133059354284718, -0.1277067062404047, 0.8979546135631256, 0.5726119718701219, 0.7325785971633969, -0.6536691570081037, -0.850102825973786, 0.2014854427555386, -0.6640556325631923, 0.4667603350211398, -0.18311227969597055, 0.05581764683584067, 0.875143167901884, 0.043392244889916, -0.7836132342255386, -0.6835531856304011, 0.09040530340642561, 0.04880816013694678, 0.2752204882519873, -0.1970091128194542, 0.2996102180386846, -0.20619999419653467, 0.24783222709644614, 0.5348099341802477, -0.6420521799177383, -0.24884846282491524, 0.005066118653868745, 0.3733341598326916, -0.4926407026772337, 0.10948172588511706, 0.24986168812819542, 0.7910023321122921, -0.27429282313374714, 0.2751141460374733, -0.6171071957620733, -0.004411770765388567, -0.6351091908575863, 0.8367660782795254, -0.13635585731754474, 0.6603762041966925, -0.16644739064327485, 0.8093351774867339, -0.19034956537818792, -0.33765099381775454, 0.14427754054549724, 0.6908872981882266, 0.7220286235061439, 0.19137623413666893, -0.8306767779591795, 0.19453321463834983, -0.5090925828337958, 0.46518689717993555, 0.7893025846334776, 0.0294679418262902, 0.20712702072041278, -0.8698643752343853, 0.08014945928561268, -0.7416264326591246, 0.22912569270066396, -0.2726993059103242, 0.5355160686614915, -0.902931727160895, -0.7803637637643119, 0.36804643024725525, 0.029307394167312983, 0.1432827432294983, 0.6874139879813108, -0.024524721700651453, 0.6202888442522898, 0.020487258589880097, 0.8534413864805024, 0.333855543079252, -0.7025463211318861, -0.27089364934848836, 0.7315498318881986, -0.29942957828896866, -0.6219484810876903, -0.0547573816684539, -0.21443765035574014, 0.23785985328818726, -0.12646741612097356, -0.47815568541100895, -0.17505557667448635, -0.16193193089539926, 0.8048437117522818, 0.9592325240809707, 0.24713767881382775, -0.8336317548582777, 0.46599743519199, 0.357370804957968, 0.6520457340504391, -0.3050973265778887, -0.8822398116837538, 0.2236436329105842, -0.751970763373456, 0.5190590583266628, 0.5888466351532844, -0.18274642650020412, 0.8875950117660911, -0.6524404124894483, 0.8851716994539605]",rhc,relu,False,False,100,[10],0.1,100,3
400,100,0.26120120007544756,1.6789786579894543,592.0,100,15,"[0.9340596780273533, 0.09446449835144466, 0.9453687199297687, 0.4296319873487293, 0.3954576491945416, -0.5678210088392472, 0.9525489095524835, -0.9875394895908203, -0.4940352752331121, -0.13041693519110842, 0.5587658435875049, -0.6046298507994938, 0.7259864711984445, 0.9668013543506255, -0.6723155171906026, 0.19466788786571843, -0.98202780466489, -0.22685743471274122, -0.9116798841370009, 0.9133059354284718, -0.1277067062404047, 0.8979546135631256, 0.5726119718701219, 0.7325785971633969, -0.6536691570081037, -0.850102825973786, 0.2014854427555386, -0.6640556325631923, 0.4667603350211398, -0.18311227969597055, 0.05581764683584067, 0.875143167901884, 0.043392244889916, -0.7836132342255386, -0.6835531856304011, 0.09040530340642561, 0.04880816013694678, 0.2752204882519873, -0.1970091128194542, 0.2996102180386846, -0.20619999419653467, 0.24783222709644614, 0.5348099341802477, -0.6420521799177383, -0.24884846282491524, 0.005066118653868745, 0.3733341598326916, -0.4926407026772337, 0.10948172588511706, 0.24986168812819542, 0.7910023321122921, -0.27429282313374714, 0.2751141460374733, -0.6171071957620733, -0.004411770765388567, -0.6351091908575863, 0.8367660782795254, -0.13635585731754474, 0.6603762041966925, -0.16644739064327485, 0.8093351774867339, -0.19034956537818792, -0.33765099381775454, 0.14427754054549724, 0.6908872981882266, 0.7220286235061439, 0.19137623413666893, -0.8306767779591795, 0.19453321463834983, -0.5090925828337958, 0.46518689717993555, 0.7893025846334776, 0.0294679418262902, 0.20712702072041278, -0.8698643752343853, 0.08014945928561268, -0.7416264326591246, 0.22912569270066396, -0.2726993059103242, 0.5355160686614915, -0.902931727160895, -0.7803637637643119, 0.36804643024725525, 0.029307394167312983, 0.1432827432294983, 0.6874139879813108, -0.024524721700651453, 0.6202888442522898, 0.020487258589880097, 0.8534413864805024, 0.333855543079252, -0.7025463211318861, -0.27089364934848836, 0.7315498318881986, -0.29942957828896866, -0.6219484810876903, -0.0547573816684539, -0.21443765035574014, 0.23785985328818726, -0.12646741612097356, -0.47815568541100895, -0.17505557667448635, -0.16193193089539926, 0.8048437117522818, 0.9592325240809707, 0.24713767881382775, -0.8336317548582777, 0.46599743519199, 0.357370804957968, 0.6520457340504391, -0.3050973265778887, -0.8822398116837538, 0.2236436329105842, -0.751970763373456, 0.5190590583266628, 0.5888466351532844, -0.18274642650020412, 0.8875950117660911, -0.6524404124894483, 0.8851716994539605]",rhc,relu,False,False,100,[10],0.1,100,3
401,1,0.03315600007772446,1.9099841090186194,593.0,100,15,"[0.9340596780273533, 0.09446449835144466, 0.9453687199297687, 0.4296319873487293, 0.3954576491945416, -0.5678210088392472, 0.9525489095524835, -0.9875394895908203, -0.4940352752331121, -0.13041693519110842, 0.5587658435875049, -0.6046298507994938, 0.7259864711984445, 0.9668013543506255, -0.6723155171906026, 0.19466788786571843, -0.98202780466489, -0.22685743471274122, -0.9116798841370009, 0.9133059354284718, -0.1277067062404047, 0.8979546135631256, 0.5726119718701219, 0.7325785971633969, -0.6536691570081037, -0.850102825973786, 0.2014854427555386, -0.6640556325631923, 0.4667603350211398, -0.18311227969597055, 0.05581764683584067, 0.875143167901884, 0.043392244889916, -0.7836132342255386, -0.6835531856304011, 0.09040530340642561, 0.04880816013694678, 0.2752204882519873, -0.1970091128194542, 0.2996102180386846, -0.20619999419653467, 0.24783222709644614, 0.5348099341802477, -0.6420521799177383, -0.24884846282491524, 0.005066118653868745, 0.3733341598326916, -0.4926407026772337, 0.10948172588511706, 0.24986168812819542, 0.7910023321122921, -0.27429282313374714, 0.2751141460374733, -0.6171071957620733, -0.004411770765388567, -0.6351091908575863, 0.8367660782795254, -0.13635585731754474, 0.6603762041966925, -0.16644739064327485, 0.8093351774867339, -0.19034956537818792, -0.33765099381775454, 0.14427754054549724, 0.6908872981882266, 0.7220286235061439, 0.19137623413666893, -0.8306767779591795, 0.19453321463834983, -0.5090925828337958, 0.46518689717993555, 0.7893025846334776, 0.0294679418262902, 0.20712702072041278, -0.8698643752343853, 0.08014945928561268, -0.7416264326591246, 0.22912569270066396, -0.2726993059103242, 0.5355160686614915, -0.902931727160895, -0.7803637637643119, 0.36804643024725525, 0.029307394167312983, 0.1432827432294983, 0.6874139879813108, -0.024524721700651453, 0.6202888442522898, 0.020487258589880097, 0.8534413864805024, 0.333855543079252, -0.7025463211318861, -0.27089364934848836, 0.7315498318881986, -0.29942957828896866, -0.6219484810876903, -0.0547573816684539, -0.21443765035574014, 0.23785985328818726, -0.12646741612097356, -0.47815568541100895, -0.17505557667448635, -0.16193193089539926, 0.8048437117522818, 0.9592325240809707, 0.24713767881382775, -0.8336317548582777, 0.46599743519199, 0.357370804957968, 0.6520457340504391, -0.3050973265778887, -0.8822398116837538, 0.2236436329105842, -0.751970763373456, 0.5190590583266628, 0.5888466351532844, -0.18274642650020412, 0.8875950117660911, -0.6524404124894483, 0.8851716994539605]",rhc,relu,False,False,100,[10],0.1,100,4
402,2,0.03611099999397993,1.9099841090186194,594.0,100,15,"[0.9340596780273533, 0.09446449835144466, 0.9453687199297687, 0.4296319873487293, 0.3954576491945416, -0.5678210088392472, 0.9525489095524835, -0.9875394895908203, -0.4940352752331121, -0.13041693519110842, 0.5587658435875049, -0.6046298507994938, 0.7259864711984445, 0.9668013543506255, -0.6723155171906026, 0.19466788786571843, -0.98202780466489, -0.22685743471274122, -0.9116798841370009, 0.9133059354284718, -0.1277067062404047, 0.8979546135631256, 0.5726119718701219, 0.7325785971633969, -0.6536691570081037, -0.850102825973786, 0.2014854427555386, -0.6640556325631923, 0.4667603350211398, -0.18311227969597055, 0.05581764683584067, 0.875143167901884, 0.043392244889916, -0.7836132342255386, -0.6835531856304011, 0.09040530340642561, 0.04880816013694678, 0.2752204882519873, -0.1970091128194542, 0.2996102180386846, -0.20619999419653467, 0.24783222709644614, 0.5348099341802477, -0.6420521799177383, -0.24884846282491524, 0.005066118653868745, 0.3733341598326916, -0.4926407026772337, 0.10948172588511706, 0.24986168812819542, 0.7910023321122921, -0.27429282313374714, 0.2751141460374733, -0.6171071957620733, -0.004411770765388567, -0.6351091908575863, 0.8367660782795254, -0.13635585731754474, 0.6603762041966925, -0.16644739064327485, 0.8093351774867339, -0.19034956537818792, -0.33765099381775454, 0.14427754054549724, 0.6908872981882266, 0.7220286235061439, 0.19137623413666893, -0.8306767779591795, 0.19453321463834983, -0.5090925828337958, 0.46518689717993555, 0.7893025846334776, 0.0294679418262902, 0.20712702072041278, -0.8698643752343853, 0.08014945928561268, -0.7416264326591246, 0.22912569270066396, -0.2726993059103242, 0.5355160686614915, -0.902931727160895, -0.7803637637643119, 0.36804643024725525, 0.029307394167312983, 0.1432827432294983, 0.6874139879813108, -0.024524721700651453, 0.6202888442522898, 0.020487258589880097, 0.8534413864805024, 0.333855543079252, -0.7025463211318861, -0.27089364934848836, 0.7315498318881986, -0.29942957828896866, -0.6219484810876903, -0.0547573816684539, -0.21443765035574014, 0.23785985328818726, -0.12646741612097356, -0.47815568541100895, -0.17505557667448635, -0.16193193089539926, 0.8048437117522818, 0.9592325240809707, 0.24713767881382775, -0.8336317548582777, 0.46599743519199, 0.357370804957968, 0.6520457340504391, -0.3050973265778887, -0.8822398116837538, 0.2236436329105842, -0.751970763373456, 0.5190590583266628, 0.5888466351532844, -0.18274642650020412, 0.8875950117660911, -0.6524404124894483, 0.8851716994539605]",rhc,relu,False,False,100,[10],0.1,100,4
403,3,0.03751040005590767,1.901934083959081,596.0,100,15,"[0.9340596780273533, 0.09446449835144466, 0.9453687199297687, 0.4296319873487293, 0.3954576491945416, -0.5678210088392472, 0.9525489095524835, -0.9875394895908203, -0.4940352752331121, -0.13041693519110842, 0.5587658435875049, -0.6046298507994938, 0.7259864711984445, 0.9668013543506255, -0.6723155171906026, 0.19466788786571843, -0.98202780466489, -0.22685743471274122, -0.9116798841370009, 0.9133059354284718, -0.1277067062404047, 0.8979546135631256, 0.5726119718701219, 0.7325785971633969, -0.6536691570081037, -0.850102825973786, 0.2014854427555386, -0.6640556325631923, 0.4667603350211398, -0.18311227969597055, 0.05581764683584067, 0.875143167901884, 0.043392244889916, -0.7836132342255386, -0.6835531856304011, 0.09040530340642561, 0.04880816013694678, 0.2752204882519873, -0.1970091128194542, 0.2996102180386846, -0.20619999419653467, 0.24783222709644614, 0.5348099341802477, -0.6420521799177383, -0.24884846282491524, 0.005066118653868745, 0.3733341598326916, -0.4926407026772337, 0.10948172588511706, 0.24986168812819542, 0.7910023321122921, -0.27429282313374714, 0.2751141460374733, -0.6171071957620733, -0.004411770765388567, -0.6351091908575863, 0.8367660782795254, -0.13635585731754474, 0.6603762041966925, -0.16644739064327485, 0.8093351774867339, -0.19034956537818792, -0.33765099381775454, 0.14427754054549724, 0.6908872981882266, 0.7220286235061439, 0.19137623413666893, -0.8306767779591795, 0.19453321463834983, -0.5090925828337958, 0.46518689717993555, 0.7893025846334776, 0.0294679418262902, 0.20712702072041278, -0.8698643752343853, 0.08014945928561268, -0.7416264326591246, 0.22912569270066396, -0.2726993059103242, 0.5355160686614915, -0.902931727160895, -0.7803637637643119, 0.36804643024725525, 0.029307394167312983, 0.1432827432294983, 0.6874139879813108, -0.024524721700651453, 0.6202888442522898, 0.020487258589880097, 0.8534413864805024, 0.333855543079252, -0.7025463211318861, -0.27089364934848836, 0.7315498318881986, -0.29942957828896866, -0.6219484810876903, -0.0547573816684539, -0.21443765035574014, 0.23785985328818726, -0.12646741612097356, -0.47815568541100895, -0.17505557667448635, -0.16193193089539926, 0.8048437117522818, 0.9592325240809707, 0.24713767881382775, -0.8336317548582777, 0.46599743519199, 0.357370804957968, 0.6520457340504391, -0.3050973265778887, -0.8822398116837538, 0.2236436329105842, -0.751970763373456, 0.5190590583266628, 0.5888466351532844, -0.18274642650020412, 0.8875950117660911, -0.6524404124894483, 0.8851716994539605]",rhc,relu,False,False,100,[10],0.1,100,4
404,4,0.0403158999979496,1.901934083959081,597.0,100,15,"[0.9340596780273533, 0.09446449835144466, 0.9453687199297687, 0.4296319873487293, 0.3954576491945416, -0.5678210088392472, 0.9525489095524835, -0.9875394895908203, -0.4940352752331121, -0.13041693519110842, 0.5587658435875049, -0.6046298507994938, 0.7259864711984445, 0.9668013543506255, -0.6723155171906026, 0.19466788786571843, -0.98202780466489, -0.22685743471274122, -0.9116798841370009, 0.9133059354284718, -0.1277067062404047, 0.8979546135631256, 0.5726119718701219, 0.7325785971633969, -0.6536691570081037, -0.850102825973786, 0.2014854427555386, -0.6640556325631923, 0.4667603350211398, -0.18311227969597055, 0.05581764683584067, 0.875143167901884, 0.043392244889916, -0.7836132342255386, -0.6835531856304011, 0.09040530340642561, 0.04880816013694678, 0.2752204882519873, -0.1970091128194542, 0.2996102180386846, -0.20619999419653467, 0.24783222709644614, 0.5348099341802477, -0.6420521799177383, -0.24884846282491524, 0.005066118653868745, 0.3733341598326916, -0.4926407026772337, 0.10948172588511706, 0.24986168812819542, 0.7910023321122921, -0.27429282313374714, 0.2751141460374733, -0.6171071957620733, -0.004411770765388567, -0.6351091908575863, 0.8367660782795254, -0.13635585731754474, 0.6603762041966925, -0.16644739064327485, 0.8093351774867339, -0.19034956537818792, -0.33765099381775454, 0.14427754054549724, 0.6908872981882266, 0.7220286235061439, 0.19137623413666893, -0.8306767779591795, 0.19453321463834983, -0.5090925828337958, 0.46518689717993555, 0.7893025846334776, 0.0294679418262902, 0.20712702072041278, -0.8698643752343853, 0.08014945928561268, -0.7416264326591246, 0.22912569270066396, -0.2726993059103242, 0.5355160686614915, -0.902931727160895, -0.7803637637643119, 0.36804643024725525, 0.029307394167312983, 0.1432827432294983, 0.6874139879813108, -0.024524721700651453, 0.6202888442522898, 0.020487258589880097, 0.8534413864805024, 0.333855543079252, -0.7025463211318861, -0.27089364934848836, 0.7315498318881986, -0.29942957828896866, -0.6219484810876903, -0.0547573816684539, -0.21443765035574014, 0.23785985328818726, -0.12646741612097356, -0.47815568541100895, -0.17505557667448635, -0.16193193089539926, 0.8048437117522818, 0.9592325240809707, 0.24713767881382775, -0.8336317548582777, 0.46599743519199, 0.357370804957968, 0.6520457340504391, -0.3050973265778887, -0.8822398116837538, 0.2236436329105842, -0.751970763373456, 0.5190590583266628, 0.5888466351532844, -0.18274642650020412, 0.8875950117660911, -0.6524404124894483, 0.8851716994539605]",rhc,relu,False,False,100,[10],0.1,100,4
405,5,0.041674000094644725,1.9008590357821744,599.0,100,15,"[0.9340596780273533, 0.09446449835144466, 0.9453687199297687, 0.4296319873487293, 0.3954576491945416, -0.5678210088392472, 0.9525489095524835, -0.9875394895908203, -0.4940352752331121, -0.13041693519110842, 0.5587658435875049, -0.6046298507994938, 0.7259864711984445, 0.9668013543506255, -0.6723155171906026, 0.19466788786571843, -0.98202780466489, -0.22685743471274122, -0.9116798841370009, 0.9133059354284718, -0.1277067062404047, 0.8979546135631256, 0.5726119718701219, 0.7325785971633969, -0.6536691570081037, -0.850102825973786, 0.2014854427555386, -0.6640556325631923, 0.4667603350211398, -0.18311227969597055, 0.05581764683584067, 0.875143167901884, 0.043392244889916, -0.7836132342255386, -0.6835531856304011, 0.09040530340642561, 0.04880816013694678, 0.2752204882519873, -0.1970091128194542, 0.2996102180386846, -0.20619999419653467, 0.24783222709644614, 0.5348099341802477, -0.6420521799177383, -0.24884846282491524, 0.005066118653868745, 0.3733341598326916, -0.4926407026772337, 0.10948172588511706, 0.24986168812819542, 0.7910023321122921, -0.27429282313374714, 0.2751141460374733, -0.6171071957620733, -0.004411770765388567, -0.6351091908575863, 0.8367660782795254, -0.13635585731754474, 0.6603762041966925, -0.16644739064327485, 0.8093351774867339, -0.19034956537818792, -0.33765099381775454, 0.14427754054549724, 0.6908872981882266, 0.7220286235061439, 0.19137623413666893, -0.8306767779591795, 0.19453321463834983, -0.5090925828337958, 0.46518689717993555, 0.7893025846334776, 0.0294679418262902, 0.20712702072041278, -0.8698643752343853, 0.08014945928561268, -0.7416264326591246, 0.22912569270066396, -0.2726993059103242, 0.5355160686614915, -0.902931727160895, -0.7803637637643119, 0.36804643024725525, 0.029307394167312983, 0.1432827432294983, 0.6874139879813108, -0.024524721700651453, 0.6202888442522898, 0.020487258589880097, 0.8534413864805024, 0.333855543079252, -0.7025463211318861, -0.27089364934848836, 0.7315498318881986, -0.29942957828896866, -0.6219484810876903, -0.0547573816684539, -0.21443765035574014, 0.23785985328818726, -0.12646741612097356, -0.47815568541100895, -0.17505557667448635, -0.16193193089539926, 0.8048437117522818, 0.9592325240809707, 0.24713767881382775, -0.8336317548582777, 0.46599743519199, 0.357370804957968, 0.6520457340504391, -0.3050973265778887, -0.8822398116837538, 0.2236436329105842, -0.751970763373456, 0.5190590583266628, 0.5888466351532844, -0.18274642650020412, 0.8875950117660911, -0.6524404124894483, 0.8851716994539605]",rhc,relu,False,False,100,[10],0.1,100,4
406,6,0.04435340000782162,1.8975916633161147,601.0,100,15,"[0.9340596780273533, 0.09446449835144466, 0.9453687199297687, 0.4296319873487293, 0.3954576491945416, -0.5678210088392472, 0.9525489095524835, -0.9875394895908203, -0.4940352752331121, -0.13041693519110842, 0.5587658435875049, -0.6046298507994938, 0.7259864711984445, 0.9668013543506255, -0.6723155171906026, 0.19466788786571843, -0.98202780466489, -0.22685743471274122, -0.9116798841370009, 0.9133059354284718, -0.1277067062404047, 0.8979546135631256, 0.5726119718701219, 0.7325785971633969, -0.6536691570081037, -0.850102825973786, 0.2014854427555386, -0.6640556325631923, 0.4667603350211398, -0.18311227969597055, 0.05581764683584067, 0.875143167901884, 0.043392244889916, -0.7836132342255386, -0.6835531856304011, 0.09040530340642561, 0.04880816013694678, 0.2752204882519873, -0.1970091128194542, 0.2996102180386846, -0.20619999419653467, 0.24783222709644614, 0.5348099341802477, -0.6420521799177383, -0.24884846282491524, 0.005066118653868745, 0.3733341598326916, -0.4926407026772337, 0.10948172588511706, 0.24986168812819542, 0.7910023321122921, -0.27429282313374714, 0.2751141460374733, -0.6171071957620733, -0.004411770765388567, -0.6351091908575863, 0.8367660782795254, -0.13635585731754474, 0.6603762041966925, -0.16644739064327485, 0.8093351774867339, -0.19034956537818792, -0.33765099381775454, 0.14427754054549724, 0.6908872981882266, 0.7220286235061439, 0.19137623413666893, -0.8306767779591795, 0.19453321463834983, -0.5090925828337958, 0.46518689717993555, 0.7893025846334776, 0.0294679418262902, 0.20712702072041278, -0.8698643752343853, 0.08014945928561268, -0.7416264326591246, 0.22912569270066396, -0.2726993059103242, 0.5355160686614915, -0.902931727160895, -0.7803637637643119, 0.36804643024725525, 0.029307394167312983, 0.1432827432294983, 0.6874139879813108, -0.024524721700651453, 0.6202888442522898, 0.020487258589880097, 0.8534413864805024, 0.333855543079252, -0.7025463211318861, -0.27089364934848836, 0.7315498318881986, -0.29942957828896866, -0.6219484810876903, -0.0547573816684539, -0.21443765035574014, 0.23785985328818726, -0.12646741612097356, -0.47815568541100895, -0.17505557667448635, -0.16193193089539926, 0.8048437117522818, 0.9592325240809707, 0.24713767881382775, -0.8336317548582777, 0.46599743519199, 0.357370804957968, 0.6520457340504391, -0.3050973265778887, -0.8822398116837538, 0.2236436329105842, -0.751970763373456, 0.5190590583266628, 0.5888466351532844, -0.18274642650020412, 0.8875950117660911, -0.6524404124894483, 0.8851716994539605]",rhc,relu,False,False,100,[10],0.1,100,4
407,7,0.04734460008330643,1.8968604421053117,603.0,100,15,"[0.9340596780273533, 0.09446449835144466, 0.9453687199297687, 0.4296319873487293, 0.3954576491945416, -0.5678210088392472, 0.9525489095524835, -0.9875394895908203, -0.4940352752331121, -0.13041693519110842, 0.5587658435875049, -0.6046298507994938, 0.7259864711984445, 0.9668013543506255, -0.6723155171906026, 0.19466788786571843, -0.98202780466489, -0.22685743471274122, -0.9116798841370009, 0.9133059354284718, -0.1277067062404047, 0.8979546135631256, 0.5726119718701219, 0.7325785971633969, -0.6536691570081037, -0.850102825973786, 0.2014854427555386, -0.6640556325631923, 0.4667603350211398, -0.18311227969597055, 0.05581764683584067, 0.875143167901884, 0.043392244889916, -0.7836132342255386, -0.6835531856304011, 0.09040530340642561, 0.04880816013694678, 0.2752204882519873, -0.1970091128194542, 0.2996102180386846, -0.20619999419653467, 0.24783222709644614, 0.5348099341802477, -0.6420521799177383, -0.24884846282491524, 0.005066118653868745, 0.3733341598326916, -0.4926407026772337, 0.10948172588511706, 0.24986168812819542, 0.7910023321122921, -0.27429282313374714, 0.2751141460374733, -0.6171071957620733, -0.004411770765388567, -0.6351091908575863, 0.8367660782795254, -0.13635585731754474, 0.6603762041966925, -0.16644739064327485, 0.8093351774867339, -0.19034956537818792, -0.33765099381775454, 0.14427754054549724, 0.6908872981882266, 0.7220286235061439, 0.19137623413666893, -0.8306767779591795, 0.19453321463834983, -0.5090925828337958, 0.46518689717993555, 0.7893025846334776, 0.0294679418262902, 0.20712702072041278, -0.8698643752343853, 0.08014945928561268, -0.7416264326591246, 0.22912569270066396, -0.2726993059103242, 0.5355160686614915, -0.902931727160895, -0.7803637637643119, 0.36804643024725525, 0.029307394167312983, 0.1432827432294983, 0.6874139879813108, -0.024524721700651453, 0.6202888442522898, 0.020487258589880097, 0.8534413864805024, 0.333855543079252, -0.7025463211318861, -0.27089364934848836, 0.7315498318881986, -0.29942957828896866, -0.6219484810876903, -0.0547573816684539, -0.21443765035574014, 0.23785985328818726, -0.12646741612097356, -0.47815568541100895, -0.17505557667448635, -0.16193193089539926, 0.8048437117522818, 0.9592325240809707, 0.24713767881382775, -0.8336317548582777, 0.46599743519199, 0.357370804957968, 0.6520457340504391, -0.3050973265778887, -0.8822398116837538, 0.2236436329105842, -0.751970763373456, 0.5190590583266628, 0.5888466351532844, -0.18274642650020412, 0.8875950117660911, -0.6524404124894483, 0.8851716994539605]",rhc,relu,False,False,100,[10],0.1,100,4
408,8,0.049982900032773614,1.894885305896673,605.0,100,15,"[0.9340596780273533, 0.09446449835144466, 0.9453687199297687, 0.4296319873487293, 0.3954576491945416, -0.5678210088392472, 0.9525489095524835, -0.9875394895908203, -0.4940352752331121, -0.13041693519110842, 0.5587658435875049, -0.6046298507994938, 0.7259864711984445, 0.9668013543506255, -0.6723155171906026, 0.19466788786571843, -0.98202780466489, -0.22685743471274122, -0.9116798841370009, 0.9133059354284718, -0.1277067062404047, 0.8979546135631256, 0.5726119718701219, 0.7325785971633969, -0.6536691570081037, -0.850102825973786, 0.2014854427555386, -0.6640556325631923, 0.4667603350211398, -0.18311227969597055, 0.05581764683584067, 0.875143167901884, 0.043392244889916, -0.7836132342255386, -0.6835531856304011, 0.09040530340642561, 0.04880816013694678, 0.2752204882519873, -0.1970091128194542, 0.2996102180386846, -0.20619999419653467, 0.24783222709644614, 0.5348099341802477, -0.6420521799177383, -0.24884846282491524, 0.005066118653868745, 0.3733341598326916, -0.4926407026772337, 0.10948172588511706, 0.24986168812819542, 0.7910023321122921, -0.27429282313374714, 0.2751141460374733, -0.6171071957620733, -0.004411770765388567, -0.6351091908575863, 0.8367660782795254, -0.13635585731754474, 0.6603762041966925, -0.16644739064327485, 0.8093351774867339, -0.19034956537818792, -0.33765099381775454, 0.14427754054549724, 0.6908872981882266, 0.7220286235061439, 0.19137623413666893, -0.8306767779591795, 0.19453321463834983, -0.5090925828337958, 0.46518689717993555, 0.7893025846334776, 0.0294679418262902, 0.20712702072041278, -0.8698643752343853, 0.08014945928561268, -0.7416264326591246, 0.22912569270066396, -0.2726993059103242, 0.5355160686614915, -0.902931727160895, -0.7803637637643119, 0.36804643024725525, 0.029307394167312983, 0.1432827432294983, 0.6874139879813108, -0.024524721700651453, 0.6202888442522898, 0.020487258589880097, 0.8534413864805024, 0.333855543079252, -0.7025463211318861, -0.27089364934848836, 0.7315498318881986, -0.29942957828896866, -0.6219484810876903, -0.0547573816684539, -0.21443765035574014, 0.23785985328818726, -0.12646741612097356, -0.47815568541100895, -0.17505557667448635, -0.16193193089539926, 0.8048437117522818, 0.9592325240809707, 0.24713767881382775, -0.8336317548582777, 0.46599743519199, 0.357370804957968, 0.6520457340504391, -0.3050973265778887, -0.8822398116837538, 0.2236436329105842, -0.751970763373456, 0.5190590583266628, 0.5888466351532844, -0.18274642650020412, 0.8875950117660911, -0.6524404124894483, 0.8851716994539605]",rhc,relu,False,False,100,[10],0.1,100,4
409,9,0.05281060002744198,1.894885305896673,606.0,100,15,"[0.9340596780273533, 0.09446449835144466, 0.9453687199297687, 0.4296319873487293, 0.3954576491945416, -0.5678210088392472, 0.9525489095524835, -0.9875394895908203, -0.4940352752331121, -0.13041693519110842, 0.5587658435875049, -0.6046298507994938, 0.7259864711984445, 0.9668013543506255, -0.6723155171906026, 0.19466788786571843, -0.98202780466489, -0.22685743471274122, -0.9116798841370009, 0.9133059354284718, -0.1277067062404047, 0.8979546135631256, 0.5726119718701219, 0.7325785971633969, -0.6536691570081037, -0.850102825973786, 0.2014854427555386, -0.6640556325631923, 0.4667603350211398, -0.18311227969597055, 0.05581764683584067, 0.875143167901884, 0.043392244889916, -0.7836132342255386, -0.6835531856304011, 0.09040530340642561, 0.04880816013694678, 0.2752204882519873, -0.1970091128194542, 0.2996102180386846, -0.20619999419653467, 0.24783222709644614, 0.5348099341802477, -0.6420521799177383, -0.24884846282491524, 0.005066118653868745, 0.3733341598326916, -0.4926407026772337, 0.10948172588511706, 0.24986168812819542, 0.7910023321122921, -0.27429282313374714, 0.2751141460374733, -0.6171071957620733, -0.004411770765388567, -0.6351091908575863, 0.8367660782795254, -0.13635585731754474, 0.6603762041966925, -0.16644739064327485, 0.8093351774867339, -0.19034956537818792, -0.33765099381775454, 0.14427754054549724, 0.6908872981882266, 0.7220286235061439, 0.19137623413666893, -0.8306767779591795, 0.19453321463834983, -0.5090925828337958, 0.46518689717993555, 0.7893025846334776, 0.0294679418262902, 0.20712702072041278, -0.8698643752343853, 0.08014945928561268, -0.7416264326591246, 0.22912569270066396, -0.2726993059103242, 0.5355160686614915, -0.902931727160895, -0.7803637637643119, 0.36804643024725525, 0.029307394167312983, 0.1432827432294983, 0.6874139879813108, -0.024524721700651453, 0.6202888442522898, 0.020487258589880097, 0.8534413864805024, 0.333855543079252, -0.7025463211318861, -0.27089364934848836, 0.7315498318881986, -0.29942957828896866, -0.6219484810876903, -0.0547573816684539, -0.21443765035574014, 0.23785985328818726, -0.12646741612097356, -0.47815568541100895, -0.17505557667448635, -0.16193193089539926, 0.8048437117522818, 0.9592325240809707, 0.24713767881382775, -0.8336317548582777, 0.46599743519199, 0.357370804957968, 0.6520457340504391, -0.3050973265778887, -0.8822398116837538, 0.2236436329105842, -0.751970763373456, 0.5190590583266628, 0.5888466351532844, -0.18274642650020412, 0.8875950117660911, -0.6524404124894483, 0.8851716994539605]",rhc,relu,False,False,100,[10],0.1,100,4
410,10,0.054268900072202086,1.893871773726918,608.0,100,15,"[0.9340596780273533, 0.09446449835144466, 0.9453687199297687, 0.4296319873487293, 0.3954576491945416, -0.5678210088392472, 0.9525489095524835, -0.9875394895908203, -0.4940352752331121, -0.13041693519110842, 0.5587658435875049, -0.6046298507994938, 0.7259864711984445, 0.9668013543506255, -0.6723155171906026, 0.19466788786571843, -0.98202780466489, -0.22685743471274122, -0.9116798841370009, 0.9133059354284718, -0.1277067062404047, 0.8979546135631256, 0.5726119718701219, 0.7325785971633969, -0.6536691570081037, -0.850102825973786, 0.2014854427555386, -0.6640556325631923, 0.4667603350211398, -0.18311227969597055, 0.05581764683584067, 0.875143167901884, 0.043392244889916, -0.7836132342255386, -0.6835531856304011, 0.09040530340642561, 0.04880816013694678, 0.2752204882519873, -0.1970091128194542, 0.2996102180386846, -0.20619999419653467, 0.24783222709644614, 0.5348099341802477, -0.6420521799177383, -0.24884846282491524, 0.005066118653868745, 0.3733341598326916, -0.4926407026772337, 0.10948172588511706, 0.24986168812819542, 0.7910023321122921, -0.27429282313374714, 0.2751141460374733, -0.6171071957620733, -0.004411770765388567, -0.6351091908575863, 0.8367660782795254, -0.13635585731754474, 0.6603762041966925, -0.16644739064327485, 0.8093351774867339, -0.19034956537818792, -0.33765099381775454, 0.14427754054549724, 0.6908872981882266, 0.7220286235061439, 0.19137623413666893, -0.8306767779591795, 0.19453321463834983, -0.5090925828337958, 0.46518689717993555, 0.7893025846334776, 0.0294679418262902, 0.20712702072041278, -0.8698643752343853, 0.08014945928561268, -0.7416264326591246, 0.22912569270066396, -0.2726993059103242, 0.5355160686614915, -0.902931727160895, -0.7803637637643119, 0.36804643024725525, 0.029307394167312983, 0.1432827432294983, 0.6874139879813108, -0.024524721700651453, 0.6202888442522898, 0.020487258589880097, 0.8534413864805024, 0.333855543079252, -0.7025463211318861, -0.27089364934848836, 0.7315498318881986, -0.29942957828896866, -0.6219484810876903, -0.0547573816684539, -0.21443765035574014, 0.23785985328818726, -0.12646741612097356, -0.47815568541100895, -0.17505557667448635, -0.16193193089539926, 0.8048437117522818, 0.9592325240809707, 0.24713767881382775, -0.8336317548582777, 0.46599743519199, 0.357370804957968, 0.6520457340504391, -0.3050973265778887, -0.8822398116837538, 0.2236436329105842, -0.751970763373456, 0.5190590583266628, 0.5888466351532844, -0.18274642650020412, 0.8875950117660911, -0.6524404124894483, 0.8851716994539605]",rhc,relu,False,False,100,[10],0.1,100,4
411,11,0.05699730000924319,1.8842561607965922,610.0,100,15,"[0.9340596780273533, 0.09446449835144466, 0.9453687199297687, 0.4296319873487293, 0.3954576491945416, -0.5678210088392472, 0.9525489095524835, -0.9875394895908203, -0.4940352752331121, -0.13041693519110842, 0.5587658435875049, -0.6046298507994938, 0.7259864711984445, 0.9668013543506255, -0.6723155171906026, 0.19466788786571843, -0.98202780466489, -0.22685743471274122, -0.9116798841370009, 0.9133059354284718, -0.1277067062404047, 0.8979546135631256, 0.5726119718701219, 0.7325785971633969, -0.6536691570081037, -0.850102825973786, 0.2014854427555386, -0.6640556325631923, 0.4667603350211398, -0.18311227969597055, 0.05581764683584067, 0.875143167901884, 0.043392244889916, -0.7836132342255386, -0.6835531856304011, 0.09040530340642561, 0.04880816013694678, 0.2752204882519873, -0.1970091128194542, 0.2996102180386846, -0.20619999419653467, 0.24783222709644614, 0.5348099341802477, -0.6420521799177383, -0.24884846282491524, 0.005066118653868745, 0.3733341598326916, -0.4926407026772337, 0.10948172588511706, 0.24986168812819542, 0.7910023321122921, -0.27429282313374714, 0.2751141460374733, -0.6171071957620733, -0.004411770765388567, -0.6351091908575863, 0.8367660782795254, -0.13635585731754474, 0.6603762041966925, -0.16644739064327485, 0.8093351774867339, -0.19034956537818792, -0.33765099381775454, 0.14427754054549724, 0.6908872981882266, 0.7220286235061439, 0.19137623413666893, -0.8306767779591795, 0.19453321463834983, -0.5090925828337958, 0.46518689717993555, 0.7893025846334776, 0.0294679418262902, 0.20712702072041278, -0.8698643752343853, 0.08014945928561268, -0.7416264326591246, 0.22912569270066396, -0.2726993059103242, 0.5355160686614915, -0.902931727160895, -0.7803637637643119, 0.36804643024725525, 0.029307394167312983, 0.1432827432294983, 0.6874139879813108, -0.024524721700651453, 0.6202888442522898, 0.020487258589880097, 0.8534413864805024, 0.333855543079252, -0.7025463211318861, -0.27089364934848836, 0.7315498318881986, -0.29942957828896866, -0.6219484810876903, -0.0547573816684539, -0.21443765035574014, 0.23785985328818726, -0.12646741612097356, -0.47815568541100895, -0.17505557667448635, -0.16193193089539926, 0.8048437117522818, 0.9592325240809707, 0.24713767881382775, -0.8336317548582777, 0.46599743519199, 0.357370804957968, 0.6520457340504391, -0.3050973265778887, -0.8822398116837538, 0.2236436329105842, -0.751970763373456, 0.5190590583266628, 0.5888466351532844, -0.18274642650020412, 0.8875950117660911, -0.6524404124894483, 0.8851716994539605]",rhc,relu,False,False,100,[10],0.1,100,4
412,12,0.05975670006591827,1.8810523314693606,612.0,100,15,"[0.9340596780273533, 0.09446449835144466, 0.9453687199297687, 0.4296319873487293, 0.3954576491945416, -0.5678210088392472, 0.9525489095524835, -0.9875394895908203, -0.4940352752331121, -0.13041693519110842, 0.5587658435875049, -0.6046298507994938, 0.7259864711984445, 0.9668013543506255, -0.6723155171906026, 0.19466788786571843, -0.98202780466489, -0.22685743471274122, -0.9116798841370009, 0.9133059354284718, -0.1277067062404047, 0.8979546135631256, 0.5726119718701219, 0.7325785971633969, -0.6536691570081037, -0.850102825973786, 0.2014854427555386, -0.6640556325631923, 0.4667603350211398, -0.18311227969597055, 0.05581764683584067, 0.875143167901884, 0.043392244889916, -0.7836132342255386, -0.6835531856304011, 0.09040530340642561, 0.04880816013694678, 0.2752204882519873, -0.1970091128194542, 0.2996102180386846, -0.20619999419653467, 0.24783222709644614, 0.5348099341802477, -0.6420521799177383, -0.24884846282491524, 0.005066118653868745, 0.3733341598326916, -0.4926407026772337, 0.10948172588511706, 0.24986168812819542, 0.7910023321122921, -0.27429282313374714, 0.2751141460374733, -0.6171071957620733, -0.004411770765388567, -0.6351091908575863, 0.8367660782795254, -0.13635585731754474, 0.6603762041966925, -0.16644739064327485, 0.8093351774867339, -0.19034956537818792, -0.33765099381775454, 0.14427754054549724, 0.6908872981882266, 0.7220286235061439, 0.19137623413666893, -0.8306767779591795, 0.19453321463834983, -0.5090925828337958, 0.46518689717993555, 0.7893025846334776, 0.0294679418262902, 0.20712702072041278, -0.8698643752343853, 0.08014945928561268, -0.7416264326591246, 0.22912569270066396, -0.2726993059103242, 0.5355160686614915, -0.902931727160895, -0.7803637637643119, 0.36804643024725525, 0.029307394167312983, 0.1432827432294983, 0.6874139879813108, -0.024524721700651453, 0.6202888442522898, 0.020487258589880097, 0.8534413864805024, 0.333855543079252, -0.7025463211318861, -0.27089364934848836, 0.7315498318881986, -0.29942957828896866, -0.6219484810876903, -0.0547573816684539, -0.21443765035574014, 0.23785985328818726, -0.12646741612097356, -0.47815568541100895, -0.17505557667448635, -0.16193193089539926, 0.8048437117522818, 0.9592325240809707, 0.24713767881382775, -0.8336317548582777, 0.46599743519199, 0.357370804957968, 0.6520457340504391, -0.3050973265778887, -0.8822398116837538, 0.2236436329105842, -0.751970763373456, 0.5190590583266628, 0.5888466351532844, -0.18274642650020412, 0.8875950117660911, -0.6524404124894483, 0.8851716994539605]",rhc,relu,False,False,100,[10],0.1,100,4
413,13,0.06276760005857795,1.8796089452808629,614.0,100,15,"[0.9340596780273533, 0.09446449835144466, 0.9453687199297687, 0.4296319873487293, 0.3954576491945416, -0.5678210088392472, 0.9525489095524835, -0.9875394895908203, -0.4940352752331121, -0.13041693519110842, 0.5587658435875049, -0.6046298507994938, 0.7259864711984445, 0.9668013543506255, -0.6723155171906026, 0.19466788786571843, -0.98202780466489, -0.22685743471274122, -0.9116798841370009, 0.9133059354284718, -0.1277067062404047, 0.8979546135631256, 0.5726119718701219, 0.7325785971633969, -0.6536691570081037, -0.850102825973786, 0.2014854427555386, -0.6640556325631923, 0.4667603350211398, -0.18311227969597055, 0.05581764683584067, 0.875143167901884, 0.043392244889916, -0.7836132342255386, -0.6835531856304011, 0.09040530340642561, 0.04880816013694678, 0.2752204882519873, -0.1970091128194542, 0.2996102180386846, -0.20619999419653467, 0.24783222709644614, 0.5348099341802477, -0.6420521799177383, -0.24884846282491524, 0.005066118653868745, 0.3733341598326916, -0.4926407026772337, 0.10948172588511706, 0.24986168812819542, 0.7910023321122921, -0.27429282313374714, 0.2751141460374733, -0.6171071957620733, -0.004411770765388567, -0.6351091908575863, 0.8367660782795254, -0.13635585731754474, 0.6603762041966925, -0.16644739064327485, 0.8093351774867339, -0.19034956537818792, -0.33765099381775454, 0.14427754054549724, 0.6908872981882266, 0.7220286235061439, 0.19137623413666893, -0.8306767779591795, 0.19453321463834983, -0.5090925828337958, 0.46518689717993555, 0.7893025846334776, 0.0294679418262902, 0.20712702072041278, -0.8698643752343853, 0.08014945928561268, -0.7416264326591246, 0.22912569270066396, -0.2726993059103242, 0.5355160686614915, -0.902931727160895, -0.7803637637643119, 0.36804643024725525, 0.029307394167312983, 0.1432827432294983, 0.6874139879813108, -0.024524721700651453, 0.6202888442522898, 0.020487258589880097, 0.8534413864805024, 0.333855543079252, -0.7025463211318861, -0.27089364934848836, 0.7315498318881986, -0.29942957828896866, -0.6219484810876903, -0.0547573816684539, -0.21443765035574014, 0.23785985328818726, -0.12646741612097356, -0.47815568541100895, -0.17505557667448635, -0.16193193089539926, 0.8048437117522818, 0.9592325240809707, 0.24713767881382775, -0.8336317548582777, 0.46599743519199, 0.357370804957968, 0.6520457340504391, -0.3050973265778887, -0.8822398116837538, 0.2236436329105842, -0.751970763373456, 0.5190590583266628, 0.5888466351532844, -0.18274642650020412, 0.8875950117660911, -0.6524404124894483, 0.8851716994539605]",rhc,relu,False,False,100,[10],0.1,100,4
414,14,0.06632550002541393,1.8796089452808629,615.0,100,15,"[0.9340596780273533, 0.09446449835144466, 0.9453687199297687, 0.4296319873487293, 0.3954576491945416, -0.5678210088392472, 0.9525489095524835, -0.9875394895908203, -0.4940352752331121, -0.13041693519110842, 0.5587658435875049, -0.6046298507994938, 0.7259864711984445, 0.9668013543506255, -0.6723155171906026, 0.19466788786571843, -0.98202780466489, -0.22685743471274122, -0.9116798841370009, 0.9133059354284718, -0.1277067062404047, 0.8979546135631256, 0.5726119718701219, 0.7325785971633969, -0.6536691570081037, -0.850102825973786, 0.2014854427555386, -0.6640556325631923, 0.4667603350211398, -0.18311227969597055, 0.05581764683584067, 0.875143167901884, 0.043392244889916, -0.7836132342255386, -0.6835531856304011, 0.09040530340642561, 0.04880816013694678, 0.2752204882519873, -0.1970091128194542, 0.2996102180386846, -0.20619999419653467, 0.24783222709644614, 0.5348099341802477, -0.6420521799177383, -0.24884846282491524, 0.005066118653868745, 0.3733341598326916, -0.4926407026772337, 0.10948172588511706, 0.24986168812819542, 0.7910023321122921, -0.27429282313374714, 0.2751141460374733, -0.6171071957620733, -0.004411770765388567, -0.6351091908575863, 0.8367660782795254, -0.13635585731754474, 0.6603762041966925, -0.16644739064327485, 0.8093351774867339, -0.19034956537818792, -0.33765099381775454, 0.14427754054549724, 0.6908872981882266, 0.7220286235061439, 0.19137623413666893, -0.8306767779591795, 0.19453321463834983, -0.5090925828337958, 0.46518689717993555, 0.7893025846334776, 0.0294679418262902, 0.20712702072041278, -0.8698643752343853, 0.08014945928561268, -0.7416264326591246, 0.22912569270066396, -0.2726993059103242, 0.5355160686614915, -0.902931727160895, -0.7803637637643119, 0.36804643024725525, 0.029307394167312983, 0.1432827432294983, 0.6874139879813108, -0.024524721700651453, 0.6202888442522898, 0.020487258589880097, 0.8534413864805024, 0.333855543079252, -0.7025463211318861, -0.27089364934848836, 0.7315498318881986, -0.29942957828896866, -0.6219484810876903, -0.0547573816684539, -0.21443765035574014, 0.23785985328818726, -0.12646741612097356, -0.47815568541100895, -0.17505557667448635, -0.16193193089539926, 0.8048437117522818, 0.9592325240809707, 0.24713767881382775, -0.8336317548582777, 0.46599743519199, 0.357370804957968, 0.6520457340504391, -0.3050973265778887, -0.8822398116837538, 0.2236436329105842, -0.751970763373456, 0.5190590583266628, 0.5888466351532844, -0.18274642650020412, 0.8875950117660911, -0.6524404124894483, 0.8851716994539605]",rhc,relu,False,False,100,[10],0.1,100,4
415,15,0.06922320008743554,1.869812792062424,617.0,100,15,"[0.9340596780273533, 0.09446449835144466, 0.9453687199297687, 0.4296319873487293, 0.3954576491945416, -0.5678210088392472, 0.9525489095524835, -0.9875394895908203, -0.4940352752331121, -0.13041693519110842, 0.5587658435875049, -0.6046298507994938, 0.7259864711984445, 0.9668013543506255, -0.6723155171906026, 0.19466788786571843, -0.98202780466489, -0.22685743471274122, -0.9116798841370009, 0.9133059354284718, -0.1277067062404047, 0.8979546135631256, 0.5726119718701219, 0.7325785971633969, -0.6536691570081037, -0.850102825973786, 0.2014854427555386, -0.6640556325631923, 0.4667603350211398, -0.18311227969597055, 0.05581764683584067, 0.875143167901884, 0.043392244889916, -0.7836132342255386, -0.6835531856304011, 0.09040530340642561, 0.04880816013694678, 0.2752204882519873, -0.1970091128194542, 0.2996102180386846, -0.20619999419653467, 0.24783222709644614, 0.5348099341802477, -0.6420521799177383, -0.24884846282491524, 0.005066118653868745, 0.3733341598326916, -0.4926407026772337, 0.10948172588511706, 0.24986168812819542, 0.7910023321122921, -0.27429282313374714, 0.2751141460374733, -0.6171071957620733, -0.004411770765388567, -0.6351091908575863, 0.8367660782795254, -0.13635585731754474, 0.6603762041966925, -0.16644739064327485, 0.8093351774867339, -0.19034956537818792, -0.33765099381775454, 0.14427754054549724, 0.6908872981882266, 0.7220286235061439, 0.19137623413666893, -0.8306767779591795, 0.19453321463834983, -0.5090925828337958, 0.46518689717993555, 0.7893025846334776, 0.0294679418262902, 0.20712702072041278, -0.8698643752343853, 0.08014945928561268, -0.7416264326591246, 0.22912569270066396, -0.2726993059103242, 0.5355160686614915, -0.902931727160895, -0.7803637637643119, 0.36804643024725525, 0.029307394167312983, 0.1432827432294983, 0.6874139879813108, -0.024524721700651453, 0.6202888442522898, 0.020487258589880097, 0.8534413864805024, 0.333855543079252, -0.7025463211318861, -0.27089364934848836, 0.7315498318881986, -0.29942957828896866, -0.6219484810876903, -0.0547573816684539, -0.21443765035574014, 0.23785985328818726, -0.12646741612097356, -0.47815568541100895, -0.17505557667448635, -0.16193193089539926, 0.8048437117522818, 0.9592325240809707, 0.24713767881382775, -0.8336317548582777, 0.46599743519199, 0.357370804957968, 0.6520457340504391, -0.3050973265778887, -0.8822398116837538, 0.2236436329105842, -0.751970763373456, 0.5190590583266628, 0.5888466351532844, -0.18274642650020412, 0.8875950117660911, -0.6524404124894483, 0.8851716994539605]",rhc,relu,False,False,100,[10],0.1,100,4
416,16,0.07063110009767115,1.869812792062424,618.0,100,15,"[0.9340596780273533, 0.09446449835144466, 0.9453687199297687, 0.4296319873487293, 0.3954576491945416, -0.5678210088392472, 0.9525489095524835, -0.9875394895908203, -0.4940352752331121, -0.13041693519110842, 0.5587658435875049, -0.6046298507994938, 0.7259864711984445, 0.9668013543506255, -0.6723155171906026, 0.19466788786571843, -0.98202780466489, -0.22685743471274122, -0.9116798841370009, 0.9133059354284718, -0.1277067062404047, 0.8979546135631256, 0.5726119718701219, 0.7325785971633969, -0.6536691570081037, -0.850102825973786, 0.2014854427555386, -0.6640556325631923, 0.4667603350211398, -0.18311227969597055, 0.05581764683584067, 0.875143167901884, 0.043392244889916, -0.7836132342255386, -0.6835531856304011, 0.09040530340642561, 0.04880816013694678, 0.2752204882519873, -0.1970091128194542, 0.2996102180386846, -0.20619999419653467, 0.24783222709644614, 0.5348099341802477, -0.6420521799177383, -0.24884846282491524, 0.005066118653868745, 0.3733341598326916, -0.4926407026772337, 0.10948172588511706, 0.24986168812819542, 0.7910023321122921, -0.27429282313374714, 0.2751141460374733, -0.6171071957620733, -0.004411770765388567, -0.6351091908575863, 0.8367660782795254, -0.13635585731754474, 0.6603762041966925, -0.16644739064327485, 0.8093351774867339, -0.19034956537818792, -0.33765099381775454, 0.14427754054549724, 0.6908872981882266, 0.7220286235061439, 0.19137623413666893, -0.8306767779591795, 0.19453321463834983, -0.5090925828337958, 0.46518689717993555, 0.7893025846334776, 0.0294679418262902, 0.20712702072041278, -0.8698643752343853, 0.08014945928561268, -0.7416264326591246, 0.22912569270066396, -0.2726993059103242, 0.5355160686614915, -0.902931727160895, -0.7803637637643119, 0.36804643024725525, 0.029307394167312983, 0.1432827432294983, 0.6874139879813108, -0.024524721700651453, 0.6202888442522898, 0.020487258589880097, 0.8534413864805024, 0.333855543079252, -0.7025463211318861, -0.27089364934848836, 0.7315498318881986, -0.29942957828896866, -0.6219484810876903, -0.0547573816684539, -0.21443765035574014, 0.23785985328818726, -0.12646741612097356, -0.47815568541100895, -0.17505557667448635, -0.16193193089539926, 0.8048437117522818, 0.9592325240809707, 0.24713767881382775, -0.8336317548582777, 0.46599743519199, 0.357370804957968, 0.6520457340504391, -0.3050973265778887, -0.8822398116837538, 0.2236436329105842, -0.751970763373456, 0.5190590583266628, 0.5888466351532844, -0.18274642650020412, 0.8875950117660911, -0.6524404124894483, 0.8851716994539605]",rhc,relu,False,False,100,[10],0.1,100,4
417,17,0.07200020004529506,1.8653253674723314,620.0,100,15,"[0.9340596780273533, 0.09446449835144466, 0.9453687199297687, 0.4296319873487293, 0.3954576491945416, -0.5678210088392472, 0.9525489095524835, -0.9875394895908203, -0.4940352752331121, -0.13041693519110842, 0.5587658435875049, -0.6046298507994938, 0.7259864711984445, 0.9668013543506255, -0.6723155171906026, 0.19466788786571843, -0.98202780466489, -0.22685743471274122, -0.9116798841370009, 0.9133059354284718, -0.1277067062404047, 0.8979546135631256, 0.5726119718701219, 0.7325785971633969, -0.6536691570081037, -0.850102825973786, 0.2014854427555386, -0.6640556325631923, 0.4667603350211398, -0.18311227969597055, 0.05581764683584067, 0.875143167901884, 0.043392244889916, -0.7836132342255386, -0.6835531856304011, 0.09040530340642561, 0.04880816013694678, 0.2752204882519873, -0.1970091128194542, 0.2996102180386846, -0.20619999419653467, 0.24783222709644614, 0.5348099341802477, -0.6420521799177383, -0.24884846282491524, 0.005066118653868745, 0.3733341598326916, -0.4926407026772337, 0.10948172588511706, 0.24986168812819542, 0.7910023321122921, -0.27429282313374714, 0.2751141460374733, -0.6171071957620733, -0.004411770765388567, -0.6351091908575863, 0.8367660782795254, -0.13635585731754474, 0.6603762041966925, -0.16644739064327485, 0.8093351774867339, -0.19034956537818792, -0.33765099381775454, 0.14427754054549724, 0.6908872981882266, 0.7220286235061439, 0.19137623413666893, -0.8306767779591795, 0.19453321463834983, -0.5090925828337958, 0.46518689717993555, 0.7893025846334776, 0.0294679418262902, 0.20712702072041278, -0.8698643752343853, 0.08014945928561268, -0.7416264326591246, 0.22912569270066396, -0.2726993059103242, 0.5355160686614915, -0.902931727160895, -0.7803637637643119, 0.36804643024725525, 0.029307394167312983, 0.1432827432294983, 0.6874139879813108, -0.024524721700651453, 0.6202888442522898, 0.020487258589880097, 0.8534413864805024, 0.333855543079252, -0.7025463211318861, -0.27089364934848836, 0.7315498318881986, -0.29942957828896866, -0.6219484810876903, -0.0547573816684539, -0.21443765035574014, 0.23785985328818726, -0.12646741612097356, -0.47815568541100895, -0.17505557667448635, -0.16193193089539926, 0.8048437117522818, 0.9592325240809707, 0.24713767881382775, -0.8336317548582777, 0.46599743519199, 0.357370804957968, 0.6520457340504391, -0.3050973265778887, -0.8822398116837538, 0.2236436329105842, -0.751970763373456, 0.5190590583266628, 0.5888466351532844, -0.18274642650020412, 0.8875950117660911, -0.6524404124894483, 0.8851716994539605]",rhc,relu,False,False,100,[10],0.1,100,4
418,18,0.07342060003429651,1.8604046769421247,622.0,100,15,"[0.9340596780273533, 0.09446449835144466, 0.9453687199297687, 0.4296319873487293, 0.3954576491945416, -0.5678210088392472, 0.9525489095524835, -0.9875394895908203, -0.4940352752331121, -0.13041693519110842, 0.5587658435875049, -0.6046298507994938, 0.7259864711984445, 0.9668013543506255, -0.6723155171906026, 0.19466788786571843, -0.98202780466489, -0.22685743471274122, -0.9116798841370009, 0.9133059354284718, -0.1277067062404047, 0.8979546135631256, 0.5726119718701219, 0.7325785971633969, -0.6536691570081037, -0.850102825973786, 0.2014854427555386, -0.6640556325631923, 0.4667603350211398, -0.18311227969597055, 0.05581764683584067, 0.875143167901884, 0.043392244889916, -0.7836132342255386, -0.6835531856304011, 0.09040530340642561, 0.04880816013694678, 0.2752204882519873, -0.1970091128194542, 0.2996102180386846, -0.20619999419653467, 0.24783222709644614, 0.5348099341802477, -0.6420521799177383, -0.24884846282491524, 0.005066118653868745, 0.3733341598326916, -0.4926407026772337, 0.10948172588511706, 0.24986168812819542, 0.7910023321122921, -0.27429282313374714, 0.2751141460374733, -0.6171071957620733, -0.004411770765388567, -0.6351091908575863, 0.8367660782795254, -0.13635585731754474, 0.6603762041966925, -0.16644739064327485, 0.8093351774867339, -0.19034956537818792, -0.33765099381775454, 0.14427754054549724, 0.6908872981882266, 0.7220286235061439, 0.19137623413666893, -0.8306767779591795, 0.19453321463834983, -0.5090925828337958, 0.46518689717993555, 0.7893025846334776, 0.0294679418262902, 0.20712702072041278, -0.8698643752343853, 0.08014945928561268, -0.7416264326591246, 0.22912569270066396, -0.2726993059103242, 0.5355160686614915, -0.902931727160895, -0.7803637637643119, 0.36804643024725525, 0.029307394167312983, 0.1432827432294983, 0.6874139879813108, -0.024524721700651453, 0.6202888442522898, 0.020487258589880097, 0.8534413864805024, 0.333855543079252, -0.7025463211318861, -0.27089364934848836, 0.7315498318881986, -0.29942957828896866, -0.6219484810876903, -0.0547573816684539, -0.21443765035574014, 0.23785985328818726, -0.12646741612097356, -0.47815568541100895, -0.17505557667448635, -0.16193193089539926, 0.8048437117522818, 0.9592325240809707, 0.24713767881382775, -0.8336317548582777, 0.46599743519199, 0.357370804957968, 0.6520457340504391, -0.3050973265778887, -0.8822398116837538, 0.2236436329105842, -0.751970763373456, 0.5190590583266628, 0.5888466351532844, -0.18274642650020412, 0.8875950117660911, -0.6524404124894483, 0.8851716994539605]",rhc,relu,False,False,100,[10],0.1,100,4
419,19,0.07618380000349134,1.8604046769421247,623.0,100,15,"[0.9340596780273533, 0.09446449835144466, 0.9453687199297687, 0.4296319873487293, 0.3954576491945416, -0.5678210088392472, 0.9525489095524835, -0.9875394895908203, -0.4940352752331121, -0.13041693519110842, 0.5587658435875049, -0.6046298507994938, 0.7259864711984445, 0.9668013543506255, -0.6723155171906026, 0.19466788786571843, -0.98202780466489, -0.22685743471274122, -0.9116798841370009, 0.9133059354284718, -0.1277067062404047, 0.8979546135631256, 0.5726119718701219, 0.7325785971633969, -0.6536691570081037, -0.850102825973786, 0.2014854427555386, -0.6640556325631923, 0.4667603350211398, -0.18311227969597055, 0.05581764683584067, 0.875143167901884, 0.043392244889916, -0.7836132342255386, -0.6835531856304011, 0.09040530340642561, 0.04880816013694678, 0.2752204882519873, -0.1970091128194542, 0.2996102180386846, -0.20619999419653467, 0.24783222709644614, 0.5348099341802477, -0.6420521799177383, -0.24884846282491524, 0.005066118653868745, 0.3733341598326916, -0.4926407026772337, 0.10948172588511706, 0.24986168812819542, 0.7910023321122921, -0.27429282313374714, 0.2751141460374733, -0.6171071957620733, -0.004411770765388567, -0.6351091908575863, 0.8367660782795254, -0.13635585731754474, 0.6603762041966925, -0.16644739064327485, 0.8093351774867339, -0.19034956537818792, -0.33765099381775454, 0.14427754054549724, 0.6908872981882266, 0.7220286235061439, 0.19137623413666893, -0.8306767779591795, 0.19453321463834983, -0.5090925828337958, 0.46518689717993555, 0.7893025846334776, 0.0294679418262902, 0.20712702072041278, -0.8698643752343853, 0.08014945928561268, -0.7416264326591246, 0.22912569270066396, -0.2726993059103242, 0.5355160686614915, -0.902931727160895, -0.7803637637643119, 0.36804643024725525, 0.029307394167312983, 0.1432827432294983, 0.6874139879813108, -0.024524721700651453, 0.6202888442522898, 0.020487258589880097, 0.8534413864805024, 0.333855543079252, -0.7025463211318861, -0.27089364934848836, 0.7315498318881986, -0.29942957828896866, -0.6219484810876903, -0.0547573816684539, -0.21443765035574014, 0.23785985328818726, -0.12646741612097356, -0.47815568541100895, -0.17505557667448635, -0.16193193089539926, 0.8048437117522818, 0.9592325240809707, 0.24713767881382775, -0.8336317548582777, 0.46599743519199, 0.357370804957968, 0.6520457340504391, -0.3050973265778887, -0.8822398116837538, 0.2236436329105842, -0.751970763373456, 0.5190590583266628, 0.5888466351532844, -0.18274642650020412, 0.8875950117660911, -0.6524404124894483, 0.8851716994539605]",rhc,relu,False,False,100,[10],0.1,100,4
420,20,0.07762070000171661,1.8604046769421247,624.0,100,15,"[0.9340596780273533, 0.09446449835144466, 0.9453687199297687, 0.4296319873487293, 0.3954576491945416, -0.5678210088392472, 0.9525489095524835, -0.9875394895908203, -0.4940352752331121, -0.13041693519110842, 0.5587658435875049, -0.6046298507994938, 0.7259864711984445, 0.9668013543506255, -0.6723155171906026, 0.19466788786571843, -0.98202780466489, -0.22685743471274122, -0.9116798841370009, 0.9133059354284718, -0.1277067062404047, 0.8979546135631256, 0.5726119718701219, 0.7325785971633969, -0.6536691570081037, -0.850102825973786, 0.2014854427555386, -0.6640556325631923, 0.4667603350211398, -0.18311227969597055, 0.05581764683584067, 0.875143167901884, 0.043392244889916, -0.7836132342255386, -0.6835531856304011, 0.09040530340642561, 0.04880816013694678, 0.2752204882519873, -0.1970091128194542, 0.2996102180386846, -0.20619999419653467, 0.24783222709644614, 0.5348099341802477, -0.6420521799177383, -0.24884846282491524, 0.005066118653868745, 0.3733341598326916, -0.4926407026772337, 0.10948172588511706, 0.24986168812819542, 0.7910023321122921, -0.27429282313374714, 0.2751141460374733, -0.6171071957620733, -0.004411770765388567, -0.6351091908575863, 0.8367660782795254, -0.13635585731754474, 0.6603762041966925, -0.16644739064327485, 0.8093351774867339, -0.19034956537818792, -0.33765099381775454, 0.14427754054549724, 0.6908872981882266, 0.7220286235061439, 0.19137623413666893, -0.8306767779591795, 0.19453321463834983, -0.5090925828337958, 0.46518689717993555, 0.7893025846334776, 0.0294679418262902, 0.20712702072041278, -0.8698643752343853, 0.08014945928561268, -0.7416264326591246, 0.22912569270066396, -0.2726993059103242, 0.5355160686614915, -0.902931727160895, -0.7803637637643119, 0.36804643024725525, 0.029307394167312983, 0.1432827432294983, 0.6874139879813108, -0.024524721700651453, 0.6202888442522898, 0.020487258589880097, 0.8534413864805024, 0.333855543079252, -0.7025463211318861, -0.27089364934848836, 0.7315498318881986, -0.29942957828896866, -0.6219484810876903, -0.0547573816684539, -0.21443765035574014, 0.23785985328818726, -0.12646741612097356, -0.47815568541100895, -0.17505557667448635, -0.16193193089539926, 0.8048437117522818, 0.9592325240809707, 0.24713767881382775, -0.8336317548582777, 0.46599743519199, 0.357370804957968, 0.6520457340504391, -0.3050973265778887, -0.8822398116837538, 0.2236436329105842, -0.751970763373456, 0.5190590583266628, 0.5888466351532844, -0.18274642650020412, 0.8875950117660911, -0.6524404124894483, 0.8851716994539605]",rhc,relu,False,False,100,[10],0.1,100,4
421,21,0.07905250007752329,1.8581210712831802,626.0,100,15,"[0.9340596780273533, 0.09446449835144466, 0.9453687199297687, 0.4296319873487293, 0.3954576491945416, -0.5678210088392472, 0.9525489095524835, -0.9875394895908203, -0.4940352752331121, -0.13041693519110842, 0.5587658435875049, -0.6046298507994938, 0.7259864711984445, 0.9668013543506255, -0.6723155171906026, 0.19466788786571843, -0.98202780466489, -0.22685743471274122, -0.9116798841370009, 0.9133059354284718, -0.1277067062404047, 0.8979546135631256, 0.5726119718701219, 0.7325785971633969, -0.6536691570081037, -0.850102825973786, 0.2014854427555386, -0.6640556325631923, 0.4667603350211398, -0.18311227969597055, 0.05581764683584067, 0.875143167901884, 0.043392244889916, -0.7836132342255386, -0.6835531856304011, 0.09040530340642561, 0.04880816013694678, 0.2752204882519873, -0.1970091128194542, 0.2996102180386846, -0.20619999419653467, 0.24783222709644614, 0.5348099341802477, -0.6420521799177383, -0.24884846282491524, 0.005066118653868745, 0.3733341598326916, -0.4926407026772337, 0.10948172588511706, 0.24986168812819542, 0.7910023321122921, -0.27429282313374714, 0.2751141460374733, -0.6171071957620733, -0.004411770765388567, -0.6351091908575863, 0.8367660782795254, -0.13635585731754474, 0.6603762041966925, -0.16644739064327485, 0.8093351774867339, -0.19034956537818792, -0.33765099381775454, 0.14427754054549724, 0.6908872981882266, 0.7220286235061439, 0.19137623413666893, -0.8306767779591795, 0.19453321463834983, -0.5090925828337958, 0.46518689717993555, 0.7893025846334776, 0.0294679418262902, 0.20712702072041278, -0.8698643752343853, 0.08014945928561268, -0.7416264326591246, 0.22912569270066396, -0.2726993059103242, 0.5355160686614915, -0.902931727160895, -0.7803637637643119, 0.36804643024725525, 0.029307394167312983, 0.1432827432294983, 0.6874139879813108, -0.024524721700651453, 0.6202888442522898, 0.020487258589880097, 0.8534413864805024, 0.333855543079252, -0.7025463211318861, -0.27089364934848836, 0.7315498318881986, -0.29942957828896866, -0.6219484810876903, -0.0547573816684539, -0.21443765035574014, 0.23785985328818726, -0.12646741612097356, -0.47815568541100895, -0.17505557667448635, -0.16193193089539926, 0.8048437117522818, 0.9592325240809707, 0.24713767881382775, -0.8336317548582777, 0.46599743519199, 0.357370804957968, 0.6520457340504391, -0.3050973265778887, -0.8822398116837538, 0.2236436329105842, -0.751970763373456, 0.5190590583266628, 0.5888466351532844, -0.18274642650020412, 0.8875950117660911, -0.6524404124894483, 0.8851716994539605]",rhc,relu,False,False,100,[10],0.1,100,4
422,22,0.08195150003302842,1.8581210712831802,627.0,100,15,"[0.9340596780273533, 0.09446449835144466, 0.9453687199297687, 0.4296319873487293, 0.3954576491945416, -0.5678210088392472, 0.9525489095524835, -0.9875394895908203, -0.4940352752331121, -0.13041693519110842, 0.5587658435875049, -0.6046298507994938, 0.7259864711984445, 0.9668013543506255, -0.6723155171906026, 0.19466788786571843, -0.98202780466489, -0.22685743471274122, -0.9116798841370009, 0.9133059354284718, -0.1277067062404047, 0.8979546135631256, 0.5726119718701219, 0.7325785971633969, -0.6536691570081037, -0.850102825973786, 0.2014854427555386, -0.6640556325631923, 0.4667603350211398, -0.18311227969597055, 0.05581764683584067, 0.875143167901884, 0.043392244889916, -0.7836132342255386, -0.6835531856304011, 0.09040530340642561, 0.04880816013694678, 0.2752204882519873, -0.1970091128194542, 0.2996102180386846, -0.20619999419653467, 0.24783222709644614, 0.5348099341802477, -0.6420521799177383, -0.24884846282491524, 0.005066118653868745, 0.3733341598326916, -0.4926407026772337, 0.10948172588511706, 0.24986168812819542, 0.7910023321122921, -0.27429282313374714, 0.2751141460374733, -0.6171071957620733, -0.004411770765388567, -0.6351091908575863, 0.8367660782795254, -0.13635585731754474, 0.6603762041966925, -0.16644739064327485, 0.8093351774867339, -0.19034956537818792, -0.33765099381775454, 0.14427754054549724, 0.6908872981882266, 0.7220286235061439, 0.19137623413666893, -0.8306767779591795, 0.19453321463834983, -0.5090925828337958, 0.46518689717993555, 0.7893025846334776, 0.0294679418262902, 0.20712702072041278, -0.8698643752343853, 0.08014945928561268, -0.7416264326591246, 0.22912569270066396, -0.2726993059103242, 0.5355160686614915, -0.902931727160895, -0.7803637637643119, 0.36804643024725525, 0.029307394167312983, 0.1432827432294983, 0.6874139879813108, -0.024524721700651453, 0.6202888442522898, 0.020487258589880097, 0.8534413864805024, 0.333855543079252, -0.7025463211318861, -0.27089364934848836, 0.7315498318881986, -0.29942957828896866, -0.6219484810876903, -0.0547573816684539, -0.21443765035574014, 0.23785985328818726, -0.12646741612097356, -0.47815568541100895, -0.17505557667448635, -0.16193193089539926, 0.8048437117522818, 0.9592325240809707, 0.24713767881382775, -0.8336317548582777, 0.46599743519199, 0.357370804957968, 0.6520457340504391, -0.3050973265778887, -0.8822398116837538, 0.2236436329105842, -0.751970763373456, 0.5190590583266628, 0.5888466351532844, -0.18274642650020412, 0.8875950117660911, -0.6524404124894483, 0.8851716994539605]",rhc,relu,False,False,100,[10],0.1,100,4
423,23,0.08453910006210208,1.8581210712831802,628.0,100,15,"[0.9340596780273533, 0.09446449835144466, 0.9453687199297687, 0.4296319873487293, 0.3954576491945416, -0.5678210088392472, 0.9525489095524835, -0.9875394895908203, -0.4940352752331121, -0.13041693519110842, 0.5587658435875049, -0.6046298507994938, 0.7259864711984445, 0.9668013543506255, -0.6723155171906026, 0.19466788786571843, -0.98202780466489, -0.22685743471274122, -0.9116798841370009, 0.9133059354284718, -0.1277067062404047, 0.8979546135631256, 0.5726119718701219, 0.7325785971633969, -0.6536691570081037, -0.850102825973786, 0.2014854427555386, -0.6640556325631923, 0.4667603350211398, -0.18311227969597055, 0.05581764683584067, 0.875143167901884, 0.043392244889916, -0.7836132342255386, -0.6835531856304011, 0.09040530340642561, 0.04880816013694678, 0.2752204882519873, -0.1970091128194542, 0.2996102180386846, -0.20619999419653467, 0.24783222709644614, 0.5348099341802477, -0.6420521799177383, -0.24884846282491524, 0.005066118653868745, 0.3733341598326916, -0.4926407026772337, 0.10948172588511706, 0.24986168812819542, 0.7910023321122921, -0.27429282313374714, 0.2751141460374733, -0.6171071957620733, -0.004411770765388567, -0.6351091908575863, 0.8367660782795254, -0.13635585731754474, 0.6603762041966925, -0.16644739064327485, 0.8093351774867339, -0.19034956537818792, -0.33765099381775454, 0.14427754054549724, 0.6908872981882266, 0.7220286235061439, 0.19137623413666893, -0.8306767779591795, 0.19453321463834983, -0.5090925828337958, 0.46518689717993555, 0.7893025846334776, 0.0294679418262902, 0.20712702072041278, -0.8698643752343853, 0.08014945928561268, -0.7416264326591246, 0.22912569270066396, -0.2726993059103242, 0.5355160686614915, -0.902931727160895, -0.7803637637643119, 0.36804643024725525, 0.029307394167312983, 0.1432827432294983, 0.6874139879813108, -0.024524721700651453, 0.6202888442522898, 0.020487258589880097, 0.8534413864805024, 0.333855543079252, -0.7025463211318861, -0.27089364934848836, 0.7315498318881986, -0.29942957828896866, -0.6219484810876903, -0.0547573816684539, -0.21443765035574014, 0.23785985328818726, -0.12646741612097356, -0.47815568541100895, -0.17505557667448635, -0.16193193089539926, 0.8048437117522818, 0.9592325240809707, 0.24713767881382775, -0.8336317548582777, 0.46599743519199, 0.357370804957968, 0.6520457340504391, -0.3050973265778887, -0.8822398116837538, 0.2236436329105842, -0.751970763373456, 0.5190590583266628, 0.5888466351532844, -0.18274642650020412, 0.8875950117660911, -0.6524404124894483, 0.8851716994539605]",rhc,relu,False,False,100,[10],0.1,100,4
424,24,0.08600310003384948,1.8578370369123434,630.0,100,15,"[0.9340596780273533, 0.09446449835144466, 0.9453687199297687, 0.4296319873487293, 0.3954576491945416, -0.5678210088392472, 0.9525489095524835, -0.9875394895908203, -0.4940352752331121, -0.13041693519110842, 0.5587658435875049, -0.6046298507994938, 0.7259864711984445, 0.9668013543506255, -0.6723155171906026, 0.19466788786571843, -0.98202780466489, -0.22685743471274122, -0.9116798841370009, 0.9133059354284718, -0.1277067062404047, 0.8979546135631256, 0.5726119718701219, 0.7325785971633969, -0.6536691570081037, -0.850102825973786, 0.2014854427555386, -0.6640556325631923, 0.4667603350211398, -0.18311227969597055, 0.05581764683584067, 0.875143167901884, 0.043392244889916, -0.7836132342255386, -0.6835531856304011, 0.09040530340642561, 0.04880816013694678, 0.2752204882519873, -0.1970091128194542, 0.2996102180386846, -0.20619999419653467, 0.24783222709644614, 0.5348099341802477, -0.6420521799177383, -0.24884846282491524, 0.005066118653868745, 0.3733341598326916, -0.4926407026772337, 0.10948172588511706, 0.24986168812819542, 0.7910023321122921, -0.27429282313374714, 0.2751141460374733, -0.6171071957620733, -0.004411770765388567, -0.6351091908575863, 0.8367660782795254, -0.13635585731754474, 0.6603762041966925, -0.16644739064327485, 0.8093351774867339, -0.19034956537818792, -0.33765099381775454, 0.14427754054549724, 0.6908872981882266, 0.7220286235061439, 0.19137623413666893, -0.8306767779591795, 0.19453321463834983, -0.5090925828337958, 0.46518689717993555, 0.7893025846334776, 0.0294679418262902, 0.20712702072041278, -0.8698643752343853, 0.08014945928561268, -0.7416264326591246, 0.22912569270066396, -0.2726993059103242, 0.5355160686614915, -0.902931727160895, -0.7803637637643119, 0.36804643024725525, 0.029307394167312983, 0.1432827432294983, 0.6874139879813108, -0.024524721700651453, 0.6202888442522898, 0.020487258589880097, 0.8534413864805024, 0.333855543079252, -0.7025463211318861, -0.27089364934848836, 0.7315498318881986, -0.29942957828896866, -0.6219484810876903, -0.0547573816684539, -0.21443765035574014, 0.23785985328818726, -0.12646741612097356, -0.47815568541100895, -0.17505557667448635, -0.16193193089539926, 0.8048437117522818, 0.9592325240809707, 0.24713767881382775, -0.8336317548582777, 0.46599743519199, 0.357370804957968, 0.6520457340504391, -0.3050973265778887, -0.8822398116837538, 0.2236436329105842, -0.751970763373456, 0.5190590583266628, 0.5888466351532844, -0.18274642650020412, 0.8875950117660911, -0.6524404124894483, 0.8851716994539605]",rhc,relu,False,False,100,[10],0.1,100,4
425,25,0.08905609999783337,1.8578370369123434,631.0,100,15,"[0.9340596780273533, 0.09446449835144466, 0.9453687199297687, 0.4296319873487293, 0.3954576491945416, -0.5678210088392472, 0.9525489095524835, -0.9875394895908203, -0.4940352752331121, -0.13041693519110842, 0.5587658435875049, -0.6046298507994938, 0.7259864711984445, 0.9668013543506255, -0.6723155171906026, 0.19466788786571843, -0.98202780466489, -0.22685743471274122, -0.9116798841370009, 0.9133059354284718, -0.1277067062404047, 0.8979546135631256, 0.5726119718701219, 0.7325785971633969, -0.6536691570081037, -0.850102825973786, 0.2014854427555386, -0.6640556325631923, 0.4667603350211398, -0.18311227969597055, 0.05581764683584067, 0.875143167901884, 0.043392244889916, -0.7836132342255386, -0.6835531856304011, 0.09040530340642561, 0.04880816013694678, 0.2752204882519873, -0.1970091128194542, 0.2996102180386846, -0.20619999419653467, 0.24783222709644614, 0.5348099341802477, -0.6420521799177383, -0.24884846282491524, 0.005066118653868745, 0.3733341598326916, -0.4926407026772337, 0.10948172588511706, 0.24986168812819542, 0.7910023321122921, -0.27429282313374714, 0.2751141460374733, -0.6171071957620733, -0.004411770765388567, -0.6351091908575863, 0.8367660782795254, -0.13635585731754474, 0.6603762041966925, -0.16644739064327485, 0.8093351774867339, -0.19034956537818792, -0.33765099381775454, 0.14427754054549724, 0.6908872981882266, 0.7220286235061439, 0.19137623413666893, -0.8306767779591795, 0.19453321463834983, -0.5090925828337958, 0.46518689717993555, 0.7893025846334776, 0.0294679418262902, 0.20712702072041278, -0.8698643752343853, 0.08014945928561268, -0.7416264326591246, 0.22912569270066396, -0.2726993059103242, 0.5355160686614915, -0.902931727160895, -0.7803637637643119, 0.36804643024725525, 0.029307394167312983, 0.1432827432294983, 0.6874139879813108, -0.024524721700651453, 0.6202888442522898, 0.020487258589880097, 0.8534413864805024, 0.333855543079252, -0.7025463211318861, -0.27089364934848836, 0.7315498318881986, -0.29942957828896866, -0.6219484810876903, -0.0547573816684539, -0.21443765035574014, 0.23785985328818726, -0.12646741612097356, -0.47815568541100895, -0.17505557667448635, -0.16193193089539926, 0.8048437117522818, 0.9592325240809707, 0.24713767881382775, -0.8336317548582777, 0.46599743519199, 0.357370804957968, 0.6520457340504391, -0.3050973265778887, -0.8822398116837538, 0.2236436329105842, -0.751970763373456, 0.5190590583266628, 0.5888466351532844, -0.18274642650020412, 0.8875950117660911, -0.6524404124894483, 0.8851716994539605]",rhc,relu,False,False,100,[10],0.1,100,4
426,26,0.09043240000028163,1.8578370369123434,632.0,100,15,"[0.9340596780273533, 0.09446449835144466, 0.9453687199297687, 0.4296319873487293, 0.3954576491945416, -0.5678210088392472, 0.9525489095524835, -0.9875394895908203, -0.4940352752331121, -0.13041693519110842, 0.5587658435875049, -0.6046298507994938, 0.7259864711984445, 0.9668013543506255, -0.6723155171906026, 0.19466788786571843, -0.98202780466489, -0.22685743471274122, -0.9116798841370009, 0.9133059354284718, -0.1277067062404047, 0.8979546135631256, 0.5726119718701219, 0.7325785971633969, -0.6536691570081037, -0.850102825973786, 0.2014854427555386, -0.6640556325631923, 0.4667603350211398, -0.18311227969597055, 0.05581764683584067, 0.875143167901884, 0.043392244889916, -0.7836132342255386, -0.6835531856304011, 0.09040530340642561, 0.04880816013694678, 0.2752204882519873, -0.1970091128194542, 0.2996102180386846, -0.20619999419653467, 0.24783222709644614, 0.5348099341802477, -0.6420521799177383, -0.24884846282491524, 0.005066118653868745, 0.3733341598326916, -0.4926407026772337, 0.10948172588511706, 0.24986168812819542, 0.7910023321122921, -0.27429282313374714, 0.2751141460374733, -0.6171071957620733, -0.004411770765388567, -0.6351091908575863, 0.8367660782795254, -0.13635585731754474, 0.6603762041966925, -0.16644739064327485, 0.8093351774867339, -0.19034956537818792, -0.33765099381775454, 0.14427754054549724, 0.6908872981882266, 0.7220286235061439, 0.19137623413666893, -0.8306767779591795, 0.19453321463834983, -0.5090925828337958, 0.46518689717993555, 0.7893025846334776, 0.0294679418262902, 0.20712702072041278, -0.8698643752343853, 0.08014945928561268, -0.7416264326591246, 0.22912569270066396, -0.2726993059103242, 0.5355160686614915, -0.902931727160895, -0.7803637637643119, 0.36804643024725525, 0.029307394167312983, 0.1432827432294983, 0.6874139879813108, -0.024524721700651453, 0.6202888442522898, 0.020487258589880097, 0.8534413864805024, 0.333855543079252, -0.7025463211318861, -0.27089364934848836, 0.7315498318881986, -0.29942957828896866, -0.6219484810876903, -0.0547573816684539, -0.21443765035574014, 0.23785985328818726, -0.12646741612097356, -0.47815568541100895, -0.17505557667448635, -0.16193193089539926, 0.8048437117522818, 0.9592325240809707, 0.24713767881382775, -0.8336317548582777, 0.46599743519199, 0.357370804957968, 0.6520457340504391, -0.3050973265778887, -0.8822398116837538, 0.2236436329105842, -0.751970763373456, 0.5190590583266628, 0.5888466351532844, -0.18274642650020412, 0.8875950117660911, -0.6524404124894483, 0.8851716994539605]",rhc,relu,False,False,100,[10],0.1,100,4
427,27,0.09306690003722906,1.8578370369123434,633.0,100,15,"[0.9340596780273533, 0.09446449835144466, 0.9453687199297687, 0.4296319873487293, 0.3954576491945416, -0.5678210088392472, 0.9525489095524835, -0.9875394895908203, -0.4940352752331121, -0.13041693519110842, 0.5587658435875049, -0.6046298507994938, 0.7259864711984445, 0.9668013543506255, -0.6723155171906026, 0.19466788786571843, -0.98202780466489, -0.22685743471274122, -0.9116798841370009, 0.9133059354284718, -0.1277067062404047, 0.8979546135631256, 0.5726119718701219, 0.7325785971633969, -0.6536691570081037, -0.850102825973786, 0.2014854427555386, -0.6640556325631923, 0.4667603350211398, -0.18311227969597055, 0.05581764683584067, 0.875143167901884, 0.043392244889916, -0.7836132342255386, -0.6835531856304011, 0.09040530340642561, 0.04880816013694678, 0.2752204882519873, -0.1970091128194542, 0.2996102180386846, -0.20619999419653467, 0.24783222709644614, 0.5348099341802477, -0.6420521799177383, -0.24884846282491524, 0.005066118653868745, 0.3733341598326916, -0.4926407026772337, 0.10948172588511706, 0.24986168812819542, 0.7910023321122921, -0.27429282313374714, 0.2751141460374733, -0.6171071957620733, -0.004411770765388567, -0.6351091908575863, 0.8367660782795254, -0.13635585731754474, 0.6603762041966925, -0.16644739064327485, 0.8093351774867339, -0.19034956537818792, -0.33765099381775454, 0.14427754054549724, 0.6908872981882266, 0.7220286235061439, 0.19137623413666893, -0.8306767779591795, 0.19453321463834983, -0.5090925828337958, 0.46518689717993555, 0.7893025846334776, 0.0294679418262902, 0.20712702072041278, -0.8698643752343853, 0.08014945928561268, -0.7416264326591246, 0.22912569270066396, -0.2726993059103242, 0.5355160686614915, -0.902931727160895, -0.7803637637643119, 0.36804643024725525, 0.029307394167312983, 0.1432827432294983, 0.6874139879813108, -0.024524721700651453, 0.6202888442522898, 0.020487258589880097, 0.8534413864805024, 0.333855543079252, -0.7025463211318861, -0.27089364934848836, 0.7315498318881986, -0.29942957828896866, -0.6219484810876903, -0.0547573816684539, -0.21443765035574014, 0.23785985328818726, -0.12646741612097356, -0.47815568541100895, -0.17505557667448635, -0.16193193089539926, 0.8048437117522818, 0.9592325240809707, 0.24713767881382775, -0.8336317548582777, 0.46599743519199, 0.357370804957968, 0.6520457340504391, -0.3050973265778887, -0.8822398116837538, 0.2236436329105842, -0.751970763373456, 0.5190590583266628, 0.5888466351532844, -0.18274642650020412, 0.8875950117660911, -0.6524404124894483, 0.8851716994539605]",rhc,relu,False,False,100,[10],0.1,100,4
428,28,0.0945393000729382,1.8578370369123434,634.0,100,15,"[0.9340596780273533, 0.09446449835144466, 0.9453687199297687, 0.4296319873487293, 0.3954576491945416, -0.5678210088392472, 0.9525489095524835, -0.9875394895908203, -0.4940352752331121, -0.13041693519110842, 0.5587658435875049, -0.6046298507994938, 0.7259864711984445, 0.9668013543506255, -0.6723155171906026, 0.19466788786571843, -0.98202780466489, -0.22685743471274122, -0.9116798841370009, 0.9133059354284718, -0.1277067062404047, 0.8979546135631256, 0.5726119718701219, 0.7325785971633969, -0.6536691570081037, -0.850102825973786, 0.2014854427555386, -0.6640556325631923, 0.4667603350211398, -0.18311227969597055, 0.05581764683584067, 0.875143167901884, 0.043392244889916, -0.7836132342255386, -0.6835531856304011, 0.09040530340642561, 0.04880816013694678, 0.2752204882519873, -0.1970091128194542, 0.2996102180386846, -0.20619999419653467, 0.24783222709644614, 0.5348099341802477, -0.6420521799177383, -0.24884846282491524, 0.005066118653868745, 0.3733341598326916, -0.4926407026772337, 0.10948172588511706, 0.24986168812819542, 0.7910023321122921, -0.27429282313374714, 0.2751141460374733, -0.6171071957620733, -0.004411770765388567, -0.6351091908575863, 0.8367660782795254, -0.13635585731754474, 0.6603762041966925, -0.16644739064327485, 0.8093351774867339, -0.19034956537818792, -0.33765099381775454, 0.14427754054549724, 0.6908872981882266, 0.7220286235061439, 0.19137623413666893, -0.8306767779591795, 0.19453321463834983, -0.5090925828337958, 0.46518689717993555, 0.7893025846334776, 0.0294679418262902, 0.20712702072041278, -0.8698643752343853, 0.08014945928561268, -0.7416264326591246, 0.22912569270066396, -0.2726993059103242, 0.5355160686614915, -0.902931727160895, -0.7803637637643119, 0.36804643024725525, 0.029307394167312983, 0.1432827432294983, 0.6874139879813108, -0.024524721700651453, 0.6202888442522898, 0.020487258589880097, 0.8534413864805024, 0.333855543079252, -0.7025463211318861, -0.27089364934848836, 0.7315498318881986, -0.29942957828896866, -0.6219484810876903, -0.0547573816684539, -0.21443765035574014, 0.23785985328818726, -0.12646741612097356, -0.47815568541100895, -0.17505557667448635, -0.16193193089539926, 0.8048437117522818, 0.9592325240809707, 0.24713767881382775, -0.8336317548582777, 0.46599743519199, 0.357370804957968, 0.6520457340504391, -0.3050973265778887, -0.8822398116837538, 0.2236436329105842, -0.751970763373456, 0.5190590583266628, 0.5888466351532844, -0.18274642650020412, 0.8875950117660911, -0.6524404124894483, 0.8851716994539605]",rhc,relu,False,False,100,[10],0.1,100,4
429,29,0.09622690000105649,1.8578370369123434,635.0,100,15,"[0.9340596780273533, 0.09446449835144466, 0.9453687199297687, 0.4296319873487293, 0.3954576491945416, -0.5678210088392472, 0.9525489095524835, -0.9875394895908203, -0.4940352752331121, -0.13041693519110842, 0.5587658435875049, -0.6046298507994938, 0.7259864711984445, 0.9668013543506255, -0.6723155171906026, 0.19466788786571843, -0.98202780466489, -0.22685743471274122, -0.9116798841370009, 0.9133059354284718, -0.1277067062404047, 0.8979546135631256, 0.5726119718701219, 0.7325785971633969, -0.6536691570081037, -0.850102825973786, 0.2014854427555386, -0.6640556325631923, 0.4667603350211398, -0.18311227969597055, 0.05581764683584067, 0.875143167901884, 0.043392244889916, -0.7836132342255386, -0.6835531856304011, 0.09040530340642561, 0.04880816013694678, 0.2752204882519873, -0.1970091128194542, 0.2996102180386846, -0.20619999419653467, 0.24783222709644614, 0.5348099341802477, -0.6420521799177383, -0.24884846282491524, 0.005066118653868745, 0.3733341598326916, -0.4926407026772337, 0.10948172588511706, 0.24986168812819542, 0.7910023321122921, -0.27429282313374714, 0.2751141460374733, -0.6171071957620733, -0.004411770765388567, -0.6351091908575863, 0.8367660782795254, -0.13635585731754474, 0.6603762041966925, -0.16644739064327485, 0.8093351774867339, -0.19034956537818792, -0.33765099381775454, 0.14427754054549724, 0.6908872981882266, 0.7220286235061439, 0.19137623413666893, -0.8306767779591795, 0.19453321463834983, -0.5090925828337958, 0.46518689717993555, 0.7893025846334776, 0.0294679418262902, 0.20712702072041278, -0.8698643752343853, 0.08014945928561268, -0.7416264326591246, 0.22912569270066396, -0.2726993059103242, 0.5355160686614915, -0.902931727160895, -0.7803637637643119, 0.36804643024725525, 0.029307394167312983, 0.1432827432294983, 0.6874139879813108, -0.024524721700651453, 0.6202888442522898, 0.020487258589880097, 0.8534413864805024, 0.333855543079252, -0.7025463211318861, -0.27089364934848836, 0.7315498318881986, -0.29942957828896866, -0.6219484810876903, -0.0547573816684539, -0.21443765035574014, 0.23785985328818726, -0.12646741612097356, -0.47815568541100895, -0.17505557667448635, -0.16193193089539926, 0.8048437117522818, 0.9592325240809707, 0.24713767881382775, -0.8336317548582777, 0.46599743519199, 0.357370804957968, 0.6520457340504391, -0.3050973265778887, -0.8822398116837538, 0.2236436329105842, -0.751970763373456, 0.5190590583266628, 0.5888466351532844, -0.18274642650020412, 0.8875950117660911, -0.6524404124894483, 0.8851716994539605]",rhc,relu,False,False,100,[10],0.1,100,4
430,30,0.09977780003100634,1.8578370369123434,636.0,100,15,"[0.9340596780273533, 0.09446449835144466, 0.9453687199297687, 0.4296319873487293, 0.3954576491945416, -0.5678210088392472, 0.9525489095524835, -0.9875394895908203, -0.4940352752331121, -0.13041693519110842, 0.5587658435875049, -0.6046298507994938, 0.7259864711984445, 0.9668013543506255, -0.6723155171906026, 0.19466788786571843, -0.98202780466489, -0.22685743471274122, -0.9116798841370009, 0.9133059354284718, -0.1277067062404047, 0.8979546135631256, 0.5726119718701219, 0.7325785971633969, -0.6536691570081037, -0.850102825973786, 0.2014854427555386, -0.6640556325631923, 0.4667603350211398, -0.18311227969597055, 0.05581764683584067, 0.875143167901884, 0.043392244889916, -0.7836132342255386, -0.6835531856304011, 0.09040530340642561, 0.04880816013694678, 0.2752204882519873, -0.1970091128194542, 0.2996102180386846, -0.20619999419653467, 0.24783222709644614, 0.5348099341802477, -0.6420521799177383, -0.24884846282491524, 0.005066118653868745, 0.3733341598326916, -0.4926407026772337, 0.10948172588511706, 0.24986168812819542, 0.7910023321122921, -0.27429282313374714, 0.2751141460374733, -0.6171071957620733, -0.004411770765388567, -0.6351091908575863, 0.8367660782795254, -0.13635585731754474, 0.6603762041966925, -0.16644739064327485, 0.8093351774867339, -0.19034956537818792, -0.33765099381775454, 0.14427754054549724, 0.6908872981882266, 0.7220286235061439, 0.19137623413666893, -0.8306767779591795, 0.19453321463834983, -0.5090925828337958, 0.46518689717993555, 0.7893025846334776, 0.0294679418262902, 0.20712702072041278, -0.8698643752343853, 0.08014945928561268, -0.7416264326591246, 0.22912569270066396, -0.2726993059103242, 0.5355160686614915, -0.902931727160895, -0.7803637637643119, 0.36804643024725525, 0.029307394167312983, 0.1432827432294983, 0.6874139879813108, -0.024524721700651453, 0.6202888442522898, 0.020487258589880097, 0.8534413864805024, 0.333855543079252, -0.7025463211318861, -0.27089364934848836, 0.7315498318881986, -0.29942957828896866, -0.6219484810876903, -0.0547573816684539, -0.21443765035574014, 0.23785985328818726, -0.12646741612097356, -0.47815568541100895, -0.17505557667448635, -0.16193193089539926, 0.8048437117522818, 0.9592325240809707, 0.24713767881382775, -0.8336317548582777, 0.46599743519199, 0.357370804957968, 0.6520457340504391, -0.3050973265778887, -0.8822398116837538, 0.2236436329105842, -0.751970763373456, 0.5190590583266628, 0.5888466351532844, -0.18274642650020412, 0.8875950117660911, -0.6524404124894483, 0.8851716994539605]",rhc,relu,False,False,100,[10],0.1,100,4
431,31,0.10406230005901307,1.8578370369123434,637.0,100,15,"[0.9340596780273533, 0.09446449835144466, 0.9453687199297687, 0.4296319873487293, 0.3954576491945416, -0.5678210088392472, 0.9525489095524835, -0.9875394895908203, -0.4940352752331121, -0.13041693519110842, 0.5587658435875049, -0.6046298507994938, 0.7259864711984445, 0.9668013543506255, -0.6723155171906026, 0.19466788786571843, -0.98202780466489, -0.22685743471274122, -0.9116798841370009, 0.9133059354284718, -0.1277067062404047, 0.8979546135631256, 0.5726119718701219, 0.7325785971633969, -0.6536691570081037, -0.850102825973786, 0.2014854427555386, -0.6640556325631923, 0.4667603350211398, -0.18311227969597055, 0.05581764683584067, 0.875143167901884, 0.043392244889916, -0.7836132342255386, -0.6835531856304011, 0.09040530340642561, 0.04880816013694678, 0.2752204882519873, -0.1970091128194542, 0.2996102180386846, -0.20619999419653467, 0.24783222709644614, 0.5348099341802477, -0.6420521799177383, -0.24884846282491524, 0.005066118653868745, 0.3733341598326916, -0.4926407026772337, 0.10948172588511706, 0.24986168812819542, 0.7910023321122921, -0.27429282313374714, 0.2751141460374733, -0.6171071957620733, -0.004411770765388567, -0.6351091908575863, 0.8367660782795254, -0.13635585731754474, 0.6603762041966925, -0.16644739064327485, 0.8093351774867339, -0.19034956537818792, -0.33765099381775454, 0.14427754054549724, 0.6908872981882266, 0.7220286235061439, 0.19137623413666893, -0.8306767779591795, 0.19453321463834983, -0.5090925828337958, 0.46518689717993555, 0.7893025846334776, 0.0294679418262902, 0.20712702072041278, -0.8698643752343853, 0.08014945928561268, -0.7416264326591246, 0.22912569270066396, -0.2726993059103242, 0.5355160686614915, -0.902931727160895, -0.7803637637643119, 0.36804643024725525, 0.029307394167312983, 0.1432827432294983, 0.6874139879813108, -0.024524721700651453, 0.6202888442522898, 0.020487258589880097, 0.8534413864805024, 0.333855543079252, -0.7025463211318861, -0.27089364934848836, 0.7315498318881986, -0.29942957828896866, -0.6219484810876903, -0.0547573816684539, -0.21443765035574014, 0.23785985328818726, -0.12646741612097356, -0.47815568541100895, -0.17505557667448635, -0.16193193089539926, 0.8048437117522818, 0.9592325240809707, 0.24713767881382775, -0.8336317548582777, 0.46599743519199, 0.357370804957968, 0.6520457340504391, -0.3050973265778887, -0.8822398116837538, 0.2236436329105842, -0.751970763373456, 0.5190590583266628, 0.5888466351532844, -0.18274642650020412, 0.8875950117660911, -0.6524404124894483, 0.8851716994539605]",rhc,relu,False,False,100,[10],0.1,100,4
432,32,0.1062065000878647,1.8578370369123434,638.0,100,15,"[0.9340596780273533, 0.09446449835144466, 0.9453687199297687, 0.4296319873487293, 0.3954576491945416, -0.5678210088392472, 0.9525489095524835, -0.9875394895908203, -0.4940352752331121, -0.13041693519110842, 0.5587658435875049, -0.6046298507994938, 0.7259864711984445, 0.9668013543506255, -0.6723155171906026, 0.19466788786571843, -0.98202780466489, -0.22685743471274122, -0.9116798841370009, 0.9133059354284718, -0.1277067062404047, 0.8979546135631256, 0.5726119718701219, 0.7325785971633969, -0.6536691570081037, -0.850102825973786, 0.2014854427555386, -0.6640556325631923, 0.4667603350211398, -0.18311227969597055, 0.05581764683584067, 0.875143167901884, 0.043392244889916, -0.7836132342255386, -0.6835531856304011, 0.09040530340642561, 0.04880816013694678, 0.2752204882519873, -0.1970091128194542, 0.2996102180386846, -0.20619999419653467, 0.24783222709644614, 0.5348099341802477, -0.6420521799177383, -0.24884846282491524, 0.005066118653868745, 0.3733341598326916, -0.4926407026772337, 0.10948172588511706, 0.24986168812819542, 0.7910023321122921, -0.27429282313374714, 0.2751141460374733, -0.6171071957620733, -0.004411770765388567, -0.6351091908575863, 0.8367660782795254, -0.13635585731754474, 0.6603762041966925, -0.16644739064327485, 0.8093351774867339, -0.19034956537818792, -0.33765099381775454, 0.14427754054549724, 0.6908872981882266, 0.7220286235061439, 0.19137623413666893, -0.8306767779591795, 0.19453321463834983, -0.5090925828337958, 0.46518689717993555, 0.7893025846334776, 0.0294679418262902, 0.20712702072041278, -0.8698643752343853, 0.08014945928561268, -0.7416264326591246, 0.22912569270066396, -0.2726993059103242, 0.5355160686614915, -0.902931727160895, -0.7803637637643119, 0.36804643024725525, 0.029307394167312983, 0.1432827432294983, 0.6874139879813108, -0.024524721700651453, 0.6202888442522898, 0.020487258589880097, 0.8534413864805024, 0.333855543079252, -0.7025463211318861, -0.27089364934848836, 0.7315498318881986, -0.29942957828896866, -0.6219484810876903, -0.0547573816684539, -0.21443765035574014, 0.23785985328818726, -0.12646741612097356, -0.47815568541100895, -0.17505557667448635, -0.16193193089539926, 0.8048437117522818, 0.9592325240809707, 0.24713767881382775, -0.8336317548582777, 0.46599743519199, 0.357370804957968, 0.6520457340504391, -0.3050973265778887, -0.8822398116837538, 0.2236436329105842, -0.751970763373456, 0.5190590583266628, 0.5888466351532844, -0.18274642650020412, 0.8875950117660911, -0.6524404124894483, 0.8851716994539605]",rhc,relu,False,False,100,[10],0.1,100,4
433,33,0.10762970009818673,1.8508773866822406,640.0,100,15,"[0.9340596780273533, 0.09446449835144466, 0.9453687199297687, 0.4296319873487293, 0.3954576491945416, -0.5678210088392472, 0.9525489095524835, -0.9875394895908203, -0.4940352752331121, -0.13041693519110842, 0.5587658435875049, -0.6046298507994938, 0.7259864711984445, 0.9668013543506255, -0.6723155171906026, 0.19466788786571843, -0.98202780466489, -0.22685743471274122, -0.9116798841370009, 0.9133059354284718, -0.1277067062404047, 0.8979546135631256, 0.5726119718701219, 0.7325785971633969, -0.6536691570081037, -0.850102825973786, 0.2014854427555386, -0.6640556325631923, 0.4667603350211398, -0.18311227969597055, 0.05581764683584067, 0.875143167901884, 0.043392244889916, -0.7836132342255386, -0.6835531856304011, 0.09040530340642561, 0.04880816013694678, 0.2752204882519873, -0.1970091128194542, 0.2996102180386846, -0.20619999419653467, 0.24783222709644614, 0.5348099341802477, -0.6420521799177383, -0.24884846282491524, 0.005066118653868745, 0.3733341598326916, -0.4926407026772337, 0.10948172588511706, 0.24986168812819542, 0.7910023321122921, -0.27429282313374714, 0.2751141460374733, -0.6171071957620733, -0.004411770765388567, -0.6351091908575863, 0.8367660782795254, -0.13635585731754474, 0.6603762041966925, -0.16644739064327485, 0.8093351774867339, -0.19034956537818792, -0.33765099381775454, 0.14427754054549724, 0.6908872981882266, 0.7220286235061439, 0.19137623413666893, -0.8306767779591795, 0.19453321463834983, -0.5090925828337958, 0.46518689717993555, 0.7893025846334776, 0.0294679418262902, 0.20712702072041278, -0.8698643752343853, 0.08014945928561268, -0.7416264326591246, 0.22912569270066396, -0.2726993059103242, 0.5355160686614915, -0.902931727160895, -0.7803637637643119, 0.36804643024725525, 0.029307394167312983, 0.1432827432294983, 0.6874139879813108, -0.024524721700651453, 0.6202888442522898, 0.020487258589880097, 0.8534413864805024, 0.333855543079252, -0.7025463211318861, -0.27089364934848836, 0.7315498318881986, -0.29942957828896866, -0.6219484810876903, -0.0547573816684539, -0.21443765035574014, 0.23785985328818726, -0.12646741612097356, -0.47815568541100895, -0.17505557667448635, -0.16193193089539926, 0.8048437117522818, 0.9592325240809707, 0.24713767881382775, -0.8336317548582777, 0.46599743519199, 0.357370804957968, 0.6520457340504391, -0.3050973265778887, -0.8822398116837538, 0.2236436329105842, -0.751970763373456, 0.5190590583266628, 0.5888466351532844, -0.18274642650020412, 0.8875950117660911, -0.6524404124894483, 0.8851716994539605]",rhc,relu,False,False,100,[10],0.1,100,4
434,34,0.10928710002917796,1.8365580410170277,642.0,100,15,"[0.9340596780273533, 0.09446449835144466, 0.9453687199297687, 0.4296319873487293, 0.3954576491945416, -0.5678210088392472, 0.9525489095524835, -0.9875394895908203, -0.4940352752331121, -0.13041693519110842, 0.5587658435875049, -0.6046298507994938, 0.7259864711984445, 0.9668013543506255, -0.6723155171906026, 0.19466788786571843, -0.98202780466489, -0.22685743471274122, -0.9116798841370009, 0.9133059354284718, -0.1277067062404047, 0.8979546135631256, 0.5726119718701219, 0.7325785971633969, -0.6536691570081037, -0.850102825973786, 0.2014854427555386, -0.6640556325631923, 0.4667603350211398, -0.18311227969597055, 0.05581764683584067, 0.875143167901884, 0.043392244889916, -0.7836132342255386, -0.6835531856304011, 0.09040530340642561, 0.04880816013694678, 0.2752204882519873, -0.1970091128194542, 0.2996102180386846, -0.20619999419653467, 0.24783222709644614, 0.5348099341802477, -0.6420521799177383, -0.24884846282491524, 0.005066118653868745, 0.3733341598326916, -0.4926407026772337, 0.10948172588511706, 0.24986168812819542, 0.7910023321122921, -0.27429282313374714, 0.2751141460374733, -0.6171071957620733, -0.004411770765388567, -0.6351091908575863, 0.8367660782795254, -0.13635585731754474, 0.6603762041966925, -0.16644739064327485, 0.8093351774867339, -0.19034956537818792, -0.33765099381775454, 0.14427754054549724, 0.6908872981882266, 0.7220286235061439, 0.19137623413666893, -0.8306767779591795, 0.19453321463834983, -0.5090925828337958, 0.46518689717993555, 0.7893025846334776, 0.0294679418262902, 0.20712702072041278, -0.8698643752343853, 0.08014945928561268, -0.7416264326591246, 0.22912569270066396, -0.2726993059103242, 0.5355160686614915, -0.902931727160895, -0.7803637637643119, 0.36804643024725525, 0.029307394167312983, 0.1432827432294983, 0.6874139879813108, -0.024524721700651453, 0.6202888442522898, 0.020487258589880097, 0.8534413864805024, 0.333855543079252, -0.7025463211318861, -0.27089364934848836, 0.7315498318881986, -0.29942957828896866, -0.6219484810876903, -0.0547573816684539, -0.21443765035574014, 0.23785985328818726, -0.12646741612097356, -0.47815568541100895, -0.17505557667448635, -0.16193193089539926, 0.8048437117522818, 0.9592325240809707, 0.24713767881382775, -0.8336317548582777, 0.46599743519199, 0.357370804957968, 0.6520457340504391, -0.3050973265778887, -0.8822398116837538, 0.2236436329105842, -0.751970763373456, 0.5190590583266628, 0.5888466351532844, -0.18274642650020412, 0.8875950117660911, -0.6524404124894483, 0.8851716994539605]",rhc,relu,False,False,100,[10],0.1,100,4
435,35,0.11070370010565966,1.8365580410170277,643.0,100,15,"[0.9340596780273533, 0.09446449835144466, 0.9453687199297687, 0.4296319873487293, 0.3954576491945416, -0.5678210088392472, 0.9525489095524835, -0.9875394895908203, -0.4940352752331121, -0.13041693519110842, 0.5587658435875049, -0.6046298507994938, 0.7259864711984445, 0.9668013543506255, -0.6723155171906026, 0.19466788786571843, -0.98202780466489, -0.22685743471274122, -0.9116798841370009, 0.9133059354284718, -0.1277067062404047, 0.8979546135631256, 0.5726119718701219, 0.7325785971633969, -0.6536691570081037, -0.850102825973786, 0.2014854427555386, -0.6640556325631923, 0.4667603350211398, -0.18311227969597055, 0.05581764683584067, 0.875143167901884, 0.043392244889916, -0.7836132342255386, -0.6835531856304011, 0.09040530340642561, 0.04880816013694678, 0.2752204882519873, -0.1970091128194542, 0.2996102180386846, -0.20619999419653467, 0.24783222709644614, 0.5348099341802477, -0.6420521799177383, -0.24884846282491524, 0.005066118653868745, 0.3733341598326916, -0.4926407026772337, 0.10948172588511706, 0.24986168812819542, 0.7910023321122921, -0.27429282313374714, 0.2751141460374733, -0.6171071957620733, -0.004411770765388567, -0.6351091908575863, 0.8367660782795254, -0.13635585731754474, 0.6603762041966925, -0.16644739064327485, 0.8093351774867339, -0.19034956537818792, -0.33765099381775454, 0.14427754054549724, 0.6908872981882266, 0.7220286235061439, 0.19137623413666893, -0.8306767779591795, 0.19453321463834983, -0.5090925828337958, 0.46518689717993555, 0.7893025846334776, 0.0294679418262902, 0.20712702072041278, -0.8698643752343853, 0.08014945928561268, -0.7416264326591246, 0.22912569270066396, -0.2726993059103242, 0.5355160686614915, -0.902931727160895, -0.7803637637643119, 0.36804643024725525, 0.029307394167312983, 0.1432827432294983, 0.6874139879813108, -0.024524721700651453, 0.6202888442522898, 0.020487258589880097, 0.8534413864805024, 0.333855543079252, -0.7025463211318861, -0.27089364934848836, 0.7315498318881986, -0.29942957828896866, -0.6219484810876903, -0.0547573816684539, -0.21443765035574014, 0.23785985328818726, -0.12646741612097356, -0.47815568541100895, -0.17505557667448635, -0.16193193089539926, 0.8048437117522818, 0.9592325240809707, 0.24713767881382775, -0.8336317548582777, 0.46599743519199, 0.357370804957968, 0.6520457340504391, -0.3050973265778887, -0.8822398116837538, 0.2236436329105842, -0.751970763373456, 0.5190590583266628, 0.5888466351532844, -0.18274642650020412, 0.8875950117660911, -0.6524404124894483, 0.8851716994539605]",rhc,relu,False,False,100,[10],0.1,100,4
436,36,0.1138131000334397,1.834609386511993,645.0,100,15,"[0.9340596780273533, 0.09446449835144466, 0.9453687199297687, 0.4296319873487293, 0.3954576491945416, -0.5678210088392472, 0.9525489095524835, -0.9875394895908203, -0.4940352752331121, -0.13041693519110842, 0.5587658435875049, -0.6046298507994938, 0.7259864711984445, 0.9668013543506255, -0.6723155171906026, 0.19466788786571843, -0.98202780466489, -0.22685743471274122, -0.9116798841370009, 0.9133059354284718, -0.1277067062404047, 0.8979546135631256, 0.5726119718701219, 0.7325785971633969, -0.6536691570081037, -0.850102825973786, 0.2014854427555386, -0.6640556325631923, 0.4667603350211398, -0.18311227969597055, 0.05581764683584067, 0.875143167901884, 0.043392244889916, -0.7836132342255386, -0.6835531856304011, 0.09040530340642561, 0.04880816013694678, 0.2752204882519873, -0.1970091128194542, 0.2996102180386846, -0.20619999419653467, 0.24783222709644614, 0.5348099341802477, -0.6420521799177383, -0.24884846282491524, 0.005066118653868745, 0.3733341598326916, -0.4926407026772337, 0.10948172588511706, 0.24986168812819542, 0.7910023321122921, -0.27429282313374714, 0.2751141460374733, -0.6171071957620733, -0.004411770765388567, -0.6351091908575863, 0.8367660782795254, -0.13635585731754474, 0.6603762041966925, -0.16644739064327485, 0.8093351774867339, -0.19034956537818792, -0.33765099381775454, 0.14427754054549724, 0.6908872981882266, 0.7220286235061439, 0.19137623413666893, -0.8306767779591795, 0.19453321463834983, -0.5090925828337958, 0.46518689717993555, 0.7893025846334776, 0.0294679418262902, 0.20712702072041278, -0.8698643752343853, 0.08014945928561268, -0.7416264326591246, 0.22912569270066396, -0.2726993059103242, 0.5355160686614915, -0.902931727160895, -0.7803637637643119, 0.36804643024725525, 0.029307394167312983, 0.1432827432294983, 0.6874139879813108, -0.024524721700651453, 0.6202888442522898, 0.020487258589880097, 0.8534413864805024, 0.333855543079252, -0.7025463211318861, -0.27089364934848836, 0.7315498318881986, -0.29942957828896866, -0.6219484810876903, -0.0547573816684539, -0.21443765035574014, 0.23785985328818726, -0.12646741612097356, -0.47815568541100895, -0.17505557667448635, -0.16193193089539926, 0.8048437117522818, 0.9592325240809707, 0.24713767881382775, -0.8336317548582777, 0.46599743519199, 0.357370804957968, 0.6520457340504391, -0.3050973265778887, -0.8822398116837538, 0.2236436329105842, -0.751970763373456, 0.5190590583266628, 0.5888466351532844, -0.18274642650020412, 0.8875950117660911, -0.6524404124894483, 0.8851716994539605]",rhc,relu,False,False,100,[10],0.1,100,4
437,37,0.1166854000184685,1.834014140775386,647.0,100,15,"[0.9340596780273533, 0.09446449835144466, 0.9453687199297687, 0.4296319873487293, 0.3954576491945416, -0.5678210088392472, 0.9525489095524835, -0.9875394895908203, -0.4940352752331121, -0.13041693519110842, 0.5587658435875049, -0.6046298507994938, 0.7259864711984445, 0.9668013543506255, -0.6723155171906026, 0.19466788786571843, -0.98202780466489, -0.22685743471274122, -0.9116798841370009, 0.9133059354284718, -0.1277067062404047, 0.8979546135631256, 0.5726119718701219, 0.7325785971633969, -0.6536691570081037, -0.850102825973786, 0.2014854427555386, -0.6640556325631923, 0.4667603350211398, -0.18311227969597055, 0.05581764683584067, 0.875143167901884, 0.043392244889916, -0.7836132342255386, -0.6835531856304011, 0.09040530340642561, 0.04880816013694678, 0.2752204882519873, -0.1970091128194542, 0.2996102180386846, -0.20619999419653467, 0.24783222709644614, 0.5348099341802477, -0.6420521799177383, -0.24884846282491524, 0.005066118653868745, 0.3733341598326916, -0.4926407026772337, 0.10948172588511706, 0.24986168812819542, 0.7910023321122921, -0.27429282313374714, 0.2751141460374733, -0.6171071957620733, -0.004411770765388567, -0.6351091908575863, 0.8367660782795254, -0.13635585731754474, 0.6603762041966925, -0.16644739064327485, 0.8093351774867339, -0.19034956537818792, -0.33765099381775454, 0.14427754054549724, 0.6908872981882266, 0.7220286235061439, 0.19137623413666893, -0.8306767779591795, 0.19453321463834983, -0.5090925828337958, 0.46518689717993555, 0.7893025846334776, 0.0294679418262902, 0.20712702072041278, -0.8698643752343853, 0.08014945928561268, -0.7416264326591246, 0.22912569270066396, -0.2726993059103242, 0.5355160686614915, -0.902931727160895, -0.7803637637643119, 0.36804643024725525, 0.029307394167312983, 0.1432827432294983, 0.6874139879813108, -0.024524721700651453, 0.6202888442522898, 0.020487258589880097, 0.8534413864805024, 0.333855543079252, -0.7025463211318861, -0.27089364934848836, 0.7315498318881986, -0.29942957828896866, -0.6219484810876903, -0.0547573816684539, -0.21443765035574014, 0.23785985328818726, -0.12646741612097356, -0.47815568541100895, -0.17505557667448635, -0.16193193089539926, 0.8048437117522818, 0.9592325240809707, 0.24713767881382775, -0.8336317548582777, 0.46599743519199, 0.357370804957968, 0.6520457340504391, -0.3050973265778887, -0.8822398116837538, 0.2236436329105842, -0.751970763373456, 0.5190590583266628, 0.5888466351532844, -0.18274642650020412, 0.8875950117660911, -0.6524404124894483, 0.8851716994539605]",rhc,relu,False,False,100,[10],0.1,100,4
438,38,0.11806140001863241,1.834014140775386,648.0,100,15,"[0.9340596780273533, 0.09446449835144466, 0.9453687199297687, 0.4296319873487293, 0.3954576491945416, -0.5678210088392472, 0.9525489095524835, -0.9875394895908203, -0.4940352752331121, -0.13041693519110842, 0.5587658435875049, -0.6046298507994938, 0.7259864711984445, 0.9668013543506255, -0.6723155171906026, 0.19466788786571843, -0.98202780466489, -0.22685743471274122, -0.9116798841370009, 0.9133059354284718, -0.1277067062404047, 0.8979546135631256, 0.5726119718701219, 0.7325785971633969, -0.6536691570081037, -0.850102825973786, 0.2014854427555386, -0.6640556325631923, 0.4667603350211398, -0.18311227969597055, 0.05581764683584067, 0.875143167901884, 0.043392244889916, -0.7836132342255386, -0.6835531856304011, 0.09040530340642561, 0.04880816013694678, 0.2752204882519873, -0.1970091128194542, 0.2996102180386846, -0.20619999419653467, 0.24783222709644614, 0.5348099341802477, -0.6420521799177383, -0.24884846282491524, 0.005066118653868745, 0.3733341598326916, -0.4926407026772337, 0.10948172588511706, 0.24986168812819542, 0.7910023321122921, -0.27429282313374714, 0.2751141460374733, -0.6171071957620733, -0.004411770765388567, -0.6351091908575863, 0.8367660782795254, -0.13635585731754474, 0.6603762041966925, -0.16644739064327485, 0.8093351774867339, -0.19034956537818792, -0.33765099381775454, 0.14427754054549724, 0.6908872981882266, 0.7220286235061439, 0.19137623413666893, -0.8306767779591795, 0.19453321463834983, -0.5090925828337958, 0.46518689717993555, 0.7893025846334776, 0.0294679418262902, 0.20712702072041278, -0.8698643752343853, 0.08014945928561268, -0.7416264326591246, 0.22912569270066396, -0.2726993059103242, 0.5355160686614915, -0.902931727160895, -0.7803637637643119, 0.36804643024725525, 0.029307394167312983, 0.1432827432294983, 0.6874139879813108, -0.024524721700651453, 0.6202888442522898, 0.020487258589880097, 0.8534413864805024, 0.333855543079252, -0.7025463211318861, -0.27089364934848836, 0.7315498318881986, -0.29942957828896866, -0.6219484810876903, -0.0547573816684539, -0.21443765035574014, 0.23785985328818726, -0.12646741612097356, -0.47815568541100895, -0.17505557667448635, -0.16193193089539926, 0.8048437117522818, 0.9592325240809707, 0.24713767881382775, -0.8336317548582777, 0.46599743519199, 0.357370804957968, 0.6520457340504391, -0.3050973265778887, -0.8822398116837538, 0.2236436329105842, -0.751970763373456, 0.5190590583266628, 0.5888466351532844, -0.18274642650020412, 0.8875950117660911, -0.6524404124894483, 0.8851716994539605]",rhc,relu,False,False,100,[10],0.1,100,4
439,39,0.12082070007454604,1.834014140775386,649.0,100,15,"[0.9340596780273533, 0.09446449835144466, 0.9453687199297687, 0.4296319873487293, 0.3954576491945416, -0.5678210088392472, 0.9525489095524835, -0.9875394895908203, -0.4940352752331121, -0.13041693519110842, 0.5587658435875049, -0.6046298507994938, 0.7259864711984445, 0.9668013543506255, -0.6723155171906026, 0.19466788786571843, -0.98202780466489, -0.22685743471274122, -0.9116798841370009, 0.9133059354284718, -0.1277067062404047, 0.8979546135631256, 0.5726119718701219, 0.7325785971633969, -0.6536691570081037, -0.850102825973786, 0.2014854427555386, -0.6640556325631923, 0.4667603350211398, -0.18311227969597055, 0.05581764683584067, 0.875143167901884, 0.043392244889916, -0.7836132342255386, -0.6835531856304011, 0.09040530340642561, 0.04880816013694678, 0.2752204882519873, -0.1970091128194542, 0.2996102180386846, -0.20619999419653467, 0.24783222709644614, 0.5348099341802477, -0.6420521799177383, -0.24884846282491524, 0.005066118653868745, 0.3733341598326916, -0.4926407026772337, 0.10948172588511706, 0.24986168812819542, 0.7910023321122921, -0.27429282313374714, 0.2751141460374733, -0.6171071957620733, -0.004411770765388567, -0.6351091908575863, 0.8367660782795254, -0.13635585731754474, 0.6603762041966925, -0.16644739064327485, 0.8093351774867339, -0.19034956537818792, -0.33765099381775454, 0.14427754054549724, 0.6908872981882266, 0.7220286235061439, 0.19137623413666893, -0.8306767779591795, 0.19453321463834983, -0.5090925828337958, 0.46518689717993555, 0.7893025846334776, 0.0294679418262902, 0.20712702072041278, -0.8698643752343853, 0.08014945928561268, -0.7416264326591246, 0.22912569270066396, -0.2726993059103242, 0.5355160686614915, -0.902931727160895, -0.7803637637643119, 0.36804643024725525, 0.029307394167312983, 0.1432827432294983, 0.6874139879813108, -0.024524721700651453, 0.6202888442522898, 0.020487258589880097, 0.8534413864805024, 0.333855543079252, -0.7025463211318861, -0.27089364934848836, 0.7315498318881986, -0.29942957828896866, -0.6219484810876903, -0.0547573816684539, -0.21443765035574014, 0.23785985328818726, -0.12646741612097356, -0.47815568541100895, -0.17505557667448635, -0.16193193089539926, 0.8048437117522818, 0.9592325240809707, 0.24713767881382775, -0.8336317548582777, 0.46599743519199, 0.357370804957968, 0.6520457340504391, -0.3050973265778887, -0.8822398116837538, 0.2236436329105842, -0.751970763373456, 0.5190590583266628, 0.5888466351532844, -0.18274642650020412, 0.8875950117660911, -0.6524404124894483, 0.8851716994539605]",rhc,relu,False,False,100,[10],0.1,100,4
440,40,0.12267690000589937,1.833507363884047,651.0,100,15,"[0.9340596780273533, 0.09446449835144466, 0.9453687199297687, 0.4296319873487293, 0.3954576491945416, -0.5678210088392472, 0.9525489095524835, -0.9875394895908203, -0.4940352752331121, -0.13041693519110842, 0.5587658435875049, -0.6046298507994938, 0.7259864711984445, 0.9668013543506255, -0.6723155171906026, 0.19466788786571843, -0.98202780466489, -0.22685743471274122, -0.9116798841370009, 0.9133059354284718, -0.1277067062404047, 0.8979546135631256, 0.5726119718701219, 0.7325785971633969, -0.6536691570081037, -0.850102825973786, 0.2014854427555386, -0.6640556325631923, 0.4667603350211398, -0.18311227969597055, 0.05581764683584067, 0.875143167901884, 0.043392244889916, -0.7836132342255386, -0.6835531856304011, 0.09040530340642561, 0.04880816013694678, 0.2752204882519873, -0.1970091128194542, 0.2996102180386846, -0.20619999419653467, 0.24783222709644614, 0.5348099341802477, -0.6420521799177383, -0.24884846282491524, 0.005066118653868745, 0.3733341598326916, -0.4926407026772337, 0.10948172588511706, 0.24986168812819542, 0.7910023321122921, -0.27429282313374714, 0.2751141460374733, -0.6171071957620733, -0.004411770765388567, -0.6351091908575863, 0.8367660782795254, -0.13635585731754474, 0.6603762041966925, -0.16644739064327485, 0.8093351774867339, -0.19034956537818792, -0.33765099381775454, 0.14427754054549724, 0.6908872981882266, 0.7220286235061439, 0.19137623413666893, -0.8306767779591795, 0.19453321463834983, -0.5090925828337958, 0.46518689717993555, 0.7893025846334776, 0.0294679418262902, 0.20712702072041278, -0.8698643752343853, 0.08014945928561268, -0.7416264326591246, 0.22912569270066396, -0.2726993059103242, 0.5355160686614915, -0.902931727160895, -0.7803637637643119, 0.36804643024725525, 0.029307394167312983, 0.1432827432294983, 0.6874139879813108, -0.024524721700651453, 0.6202888442522898, 0.020487258589880097, 0.8534413864805024, 0.333855543079252, -0.7025463211318861, -0.27089364934848836, 0.7315498318881986, -0.29942957828896866, -0.6219484810876903, -0.0547573816684539, -0.21443765035574014, 0.23785985328818726, -0.12646741612097356, -0.47815568541100895, -0.17505557667448635, -0.16193193089539926, 0.8048437117522818, 0.9592325240809707, 0.24713767881382775, -0.8336317548582777, 0.46599743519199, 0.357370804957968, 0.6520457340504391, -0.3050973265778887, -0.8822398116837538, 0.2236436329105842, -0.751970763373456, 0.5190590583266628, 0.5888466351532844, -0.18274642650020412, 0.8875950117660911, -0.6524404124894483, 0.8851716994539605]",rhc,relu,False,False,100,[10],0.1,100,4
441,41,0.1255848000291735,1.83297192425721,653.0,100,15,"[0.9340596780273533, 0.09446449835144466, 0.9453687199297687, 0.4296319873487293, 0.3954576491945416, -0.5678210088392472, 0.9525489095524835, -0.9875394895908203, -0.4940352752331121, -0.13041693519110842, 0.5587658435875049, -0.6046298507994938, 0.7259864711984445, 0.9668013543506255, -0.6723155171906026, 0.19466788786571843, -0.98202780466489, -0.22685743471274122, -0.9116798841370009, 0.9133059354284718, -0.1277067062404047, 0.8979546135631256, 0.5726119718701219, 0.7325785971633969, -0.6536691570081037, -0.850102825973786, 0.2014854427555386, -0.6640556325631923, 0.4667603350211398, -0.18311227969597055, 0.05581764683584067, 0.875143167901884, 0.043392244889916, -0.7836132342255386, -0.6835531856304011, 0.09040530340642561, 0.04880816013694678, 0.2752204882519873, -0.1970091128194542, 0.2996102180386846, -0.20619999419653467, 0.24783222709644614, 0.5348099341802477, -0.6420521799177383, -0.24884846282491524, 0.005066118653868745, 0.3733341598326916, -0.4926407026772337, 0.10948172588511706, 0.24986168812819542, 0.7910023321122921, -0.27429282313374714, 0.2751141460374733, -0.6171071957620733, -0.004411770765388567, -0.6351091908575863, 0.8367660782795254, -0.13635585731754474, 0.6603762041966925, -0.16644739064327485, 0.8093351774867339, -0.19034956537818792, -0.33765099381775454, 0.14427754054549724, 0.6908872981882266, 0.7220286235061439, 0.19137623413666893, -0.8306767779591795, 0.19453321463834983, -0.5090925828337958, 0.46518689717993555, 0.7893025846334776, 0.0294679418262902, 0.20712702072041278, -0.8698643752343853, 0.08014945928561268, -0.7416264326591246, 0.22912569270066396, -0.2726993059103242, 0.5355160686614915, -0.902931727160895, -0.7803637637643119, 0.36804643024725525, 0.029307394167312983, 0.1432827432294983, 0.6874139879813108, -0.024524721700651453, 0.6202888442522898, 0.020487258589880097, 0.8534413864805024, 0.333855543079252, -0.7025463211318861, -0.27089364934848836, 0.7315498318881986, -0.29942957828896866, -0.6219484810876903, -0.0547573816684539, -0.21443765035574014, 0.23785985328818726, -0.12646741612097356, -0.47815568541100895, -0.17505557667448635, -0.16193193089539926, 0.8048437117522818, 0.9592325240809707, 0.24713767881382775, -0.8336317548582777, 0.46599743519199, 0.357370804957968, 0.6520457340504391, -0.3050973265778887, -0.8822398116837538, 0.2236436329105842, -0.751970763373456, 0.5190590583266628, 0.5888466351532844, -0.18274642650020412, 0.8875950117660911, -0.6524404124894483, 0.8851716994539605]",rhc,relu,False,False,100,[10],0.1,100,4
442,42,0.12696350004989654,1.83297192425721,654.0,100,15,"[0.9340596780273533, 0.09446449835144466, 0.9453687199297687, 0.4296319873487293, 0.3954576491945416, -0.5678210088392472, 0.9525489095524835, -0.9875394895908203, -0.4940352752331121, -0.13041693519110842, 0.5587658435875049, -0.6046298507994938, 0.7259864711984445, 0.9668013543506255, -0.6723155171906026, 0.19466788786571843, -0.98202780466489, -0.22685743471274122, -0.9116798841370009, 0.9133059354284718, -0.1277067062404047, 0.8979546135631256, 0.5726119718701219, 0.7325785971633969, -0.6536691570081037, -0.850102825973786, 0.2014854427555386, -0.6640556325631923, 0.4667603350211398, -0.18311227969597055, 0.05581764683584067, 0.875143167901884, 0.043392244889916, -0.7836132342255386, -0.6835531856304011, 0.09040530340642561, 0.04880816013694678, 0.2752204882519873, -0.1970091128194542, 0.2996102180386846, -0.20619999419653467, 0.24783222709644614, 0.5348099341802477, -0.6420521799177383, -0.24884846282491524, 0.005066118653868745, 0.3733341598326916, -0.4926407026772337, 0.10948172588511706, 0.24986168812819542, 0.7910023321122921, -0.27429282313374714, 0.2751141460374733, -0.6171071957620733, -0.004411770765388567, -0.6351091908575863, 0.8367660782795254, -0.13635585731754474, 0.6603762041966925, -0.16644739064327485, 0.8093351774867339, -0.19034956537818792, -0.33765099381775454, 0.14427754054549724, 0.6908872981882266, 0.7220286235061439, 0.19137623413666893, -0.8306767779591795, 0.19453321463834983, -0.5090925828337958, 0.46518689717993555, 0.7893025846334776, 0.0294679418262902, 0.20712702072041278, -0.8698643752343853, 0.08014945928561268, -0.7416264326591246, 0.22912569270066396, -0.2726993059103242, 0.5355160686614915, -0.902931727160895, -0.7803637637643119, 0.36804643024725525, 0.029307394167312983, 0.1432827432294983, 0.6874139879813108, -0.024524721700651453, 0.6202888442522898, 0.020487258589880097, 0.8534413864805024, 0.333855543079252, -0.7025463211318861, -0.27089364934848836, 0.7315498318881986, -0.29942957828896866, -0.6219484810876903, -0.0547573816684539, -0.21443765035574014, 0.23785985328818726, -0.12646741612097356, -0.47815568541100895, -0.17505557667448635, -0.16193193089539926, 0.8048437117522818, 0.9592325240809707, 0.24713767881382775, -0.8336317548582777, 0.46599743519199, 0.357370804957968, 0.6520457340504391, -0.3050973265778887, -0.8822398116837538, 0.2236436329105842, -0.751970763373456, 0.5190590583266628, 0.5888466351532844, -0.18274642650020412, 0.8875950117660911, -0.6524404124894483, 0.8851716994539605]",rhc,relu,False,False,100,[10],0.1,100,4
443,43,0.13002750009763986,1.83297192425721,655.0,100,15,"[0.9340596780273533, 0.09446449835144466, 0.9453687199297687, 0.4296319873487293, 0.3954576491945416, -0.5678210088392472, 0.9525489095524835, -0.9875394895908203, -0.4940352752331121, -0.13041693519110842, 0.5587658435875049, -0.6046298507994938, 0.7259864711984445, 0.9668013543506255, -0.6723155171906026, 0.19466788786571843, -0.98202780466489, -0.22685743471274122, -0.9116798841370009, 0.9133059354284718, -0.1277067062404047, 0.8979546135631256, 0.5726119718701219, 0.7325785971633969, -0.6536691570081037, -0.850102825973786, 0.2014854427555386, -0.6640556325631923, 0.4667603350211398, -0.18311227969597055, 0.05581764683584067, 0.875143167901884, 0.043392244889916, -0.7836132342255386, -0.6835531856304011, 0.09040530340642561, 0.04880816013694678, 0.2752204882519873, -0.1970091128194542, 0.2996102180386846, -0.20619999419653467, 0.24783222709644614, 0.5348099341802477, -0.6420521799177383, -0.24884846282491524, 0.005066118653868745, 0.3733341598326916, -0.4926407026772337, 0.10948172588511706, 0.24986168812819542, 0.7910023321122921, -0.27429282313374714, 0.2751141460374733, -0.6171071957620733, -0.004411770765388567, -0.6351091908575863, 0.8367660782795254, -0.13635585731754474, 0.6603762041966925, -0.16644739064327485, 0.8093351774867339, -0.19034956537818792, -0.33765099381775454, 0.14427754054549724, 0.6908872981882266, 0.7220286235061439, 0.19137623413666893, -0.8306767779591795, 0.19453321463834983, -0.5090925828337958, 0.46518689717993555, 0.7893025846334776, 0.0294679418262902, 0.20712702072041278, -0.8698643752343853, 0.08014945928561268, -0.7416264326591246, 0.22912569270066396, -0.2726993059103242, 0.5355160686614915, -0.902931727160895, -0.7803637637643119, 0.36804643024725525, 0.029307394167312983, 0.1432827432294983, 0.6874139879813108, -0.024524721700651453, 0.6202888442522898, 0.020487258589880097, 0.8534413864805024, 0.333855543079252, -0.7025463211318861, -0.27089364934848836, 0.7315498318881986, -0.29942957828896866, -0.6219484810876903, -0.0547573816684539, -0.21443765035574014, 0.23785985328818726, -0.12646741612097356, -0.47815568541100895, -0.17505557667448635, -0.16193193089539926, 0.8048437117522818, 0.9592325240809707, 0.24713767881382775, -0.8336317548582777, 0.46599743519199, 0.357370804957968, 0.6520457340504391, -0.3050973265778887, -0.8822398116837538, 0.2236436329105842, -0.751970763373456, 0.5190590583266628, 0.5888466351532844, -0.18274642650020412, 0.8875950117660911, -0.6524404124894483, 0.8851716994539605]",rhc,relu,False,False,100,[10],0.1,100,4
444,44,0.1314245000248775,1.83297192425721,656.0,100,15,"[0.9340596780273533, 0.09446449835144466, 0.9453687199297687, 0.4296319873487293, 0.3954576491945416, -0.5678210088392472, 0.9525489095524835, -0.9875394895908203, -0.4940352752331121, -0.13041693519110842, 0.5587658435875049, -0.6046298507994938, 0.7259864711984445, 0.9668013543506255, -0.6723155171906026, 0.19466788786571843, -0.98202780466489, -0.22685743471274122, -0.9116798841370009, 0.9133059354284718, -0.1277067062404047, 0.8979546135631256, 0.5726119718701219, 0.7325785971633969, -0.6536691570081037, -0.850102825973786, 0.2014854427555386, -0.6640556325631923, 0.4667603350211398, -0.18311227969597055, 0.05581764683584067, 0.875143167901884, 0.043392244889916, -0.7836132342255386, -0.6835531856304011, 0.09040530340642561, 0.04880816013694678, 0.2752204882519873, -0.1970091128194542, 0.2996102180386846, -0.20619999419653467, 0.24783222709644614, 0.5348099341802477, -0.6420521799177383, -0.24884846282491524, 0.005066118653868745, 0.3733341598326916, -0.4926407026772337, 0.10948172588511706, 0.24986168812819542, 0.7910023321122921, -0.27429282313374714, 0.2751141460374733, -0.6171071957620733, -0.004411770765388567, -0.6351091908575863, 0.8367660782795254, -0.13635585731754474, 0.6603762041966925, -0.16644739064327485, 0.8093351774867339, -0.19034956537818792, -0.33765099381775454, 0.14427754054549724, 0.6908872981882266, 0.7220286235061439, 0.19137623413666893, -0.8306767779591795, 0.19453321463834983, -0.5090925828337958, 0.46518689717993555, 0.7893025846334776, 0.0294679418262902, 0.20712702072041278, -0.8698643752343853, 0.08014945928561268, -0.7416264326591246, 0.22912569270066396, -0.2726993059103242, 0.5355160686614915, -0.902931727160895, -0.7803637637643119, 0.36804643024725525, 0.029307394167312983, 0.1432827432294983, 0.6874139879813108, -0.024524721700651453, 0.6202888442522898, 0.020487258589880097, 0.8534413864805024, 0.333855543079252, -0.7025463211318861, -0.27089364934848836, 0.7315498318881986, -0.29942957828896866, -0.6219484810876903, -0.0547573816684539, -0.21443765035574014, 0.23785985328818726, -0.12646741612097356, -0.47815568541100895, -0.17505557667448635, -0.16193193089539926, 0.8048437117522818, 0.9592325240809707, 0.24713767881382775, -0.8336317548582777, 0.46599743519199, 0.357370804957968, 0.6520457340504391, -0.3050973265778887, -0.8822398116837538, 0.2236436329105842, -0.751970763373456, 0.5190590583266628, 0.5888466351532844, -0.18274642650020412, 0.8875950117660911, -0.6524404124894483, 0.8851716994539605]",rhc,relu,False,False,100,[10],0.1,100,4
445,45,0.13282990001607686,1.83297192425721,657.0,100,15,"[0.9340596780273533, 0.09446449835144466, 0.9453687199297687, 0.4296319873487293, 0.3954576491945416, -0.5678210088392472, 0.9525489095524835, -0.9875394895908203, -0.4940352752331121, -0.13041693519110842, 0.5587658435875049, -0.6046298507994938, 0.7259864711984445, 0.9668013543506255, -0.6723155171906026, 0.19466788786571843, -0.98202780466489, -0.22685743471274122, -0.9116798841370009, 0.9133059354284718, -0.1277067062404047, 0.8979546135631256, 0.5726119718701219, 0.7325785971633969, -0.6536691570081037, -0.850102825973786, 0.2014854427555386, -0.6640556325631923, 0.4667603350211398, -0.18311227969597055, 0.05581764683584067, 0.875143167901884, 0.043392244889916, -0.7836132342255386, -0.6835531856304011, 0.09040530340642561, 0.04880816013694678, 0.2752204882519873, -0.1970091128194542, 0.2996102180386846, -0.20619999419653467, 0.24783222709644614, 0.5348099341802477, -0.6420521799177383, -0.24884846282491524, 0.005066118653868745, 0.3733341598326916, -0.4926407026772337, 0.10948172588511706, 0.24986168812819542, 0.7910023321122921, -0.27429282313374714, 0.2751141460374733, -0.6171071957620733, -0.004411770765388567, -0.6351091908575863, 0.8367660782795254, -0.13635585731754474, 0.6603762041966925, -0.16644739064327485, 0.8093351774867339, -0.19034956537818792, -0.33765099381775454, 0.14427754054549724, 0.6908872981882266, 0.7220286235061439, 0.19137623413666893, -0.8306767779591795, 0.19453321463834983, -0.5090925828337958, 0.46518689717993555, 0.7893025846334776, 0.0294679418262902, 0.20712702072041278, -0.8698643752343853, 0.08014945928561268, -0.7416264326591246, 0.22912569270066396, -0.2726993059103242, 0.5355160686614915, -0.902931727160895, -0.7803637637643119, 0.36804643024725525, 0.029307394167312983, 0.1432827432294983, 0.6874139879813108, -0.024524721700651453, 0.6202888442522898, 0.020487258589880097, 0.8534413864805024, 0.333855543079252, -0.7025463211318861, -0.27089364934848836, 0.7315498318881986, -0.29942957828896866, -0.6219484810876903, -0.0547573816684539, -0.21443765035574014, 0.23785985328818726, -0.12646741612097356, -0.47815568541100895, -0.17505557667448635, -0.16193193089539926, 0.8048437117522818, 0.9592325240809707, 0.24713767881382775, -0.8336317548582777, 0.46599743519199, 0.357370804957968, 0.6520457340504391, -0.3050973265778887, -0.8822398116837538, 0.2236436329105842, -0.751970763373456, 0.5190590583266628, 0.5888466351532844, -0.18274642650020412, 0.8875950117660911, -0.6524404124894483, 0.8851716994539605]",rhc,relu,False,False,100,[10],0.1,100,4
446,46,0.13423810002859682,1.83297192425721,658.0,100,15,"[0.9340596780273533, 0.09446449835144466, 0.9453687199297687, 0.4296319873487293, 0.3954576491945416, -0.5678210088392472, 0.9525489095524835, -0.9875394895908203, -0.4940352752331121, -0.13041693519110842, 0.5587658435875049, -0.6046298507994938, 0.7259864711984445, 0.9668013543506255, -0.6723155171906026, 0.19466788786571843, -0.98202780466489, -0.22685743471274122, -0.9116798841370009, 0.9133059354284718, -0.1277067062404047, 0.8979546135631256, 0.5726119718701219, 0.7325785971633969, -0.6536691570081037, -0.850102825973786, 0.2014854427555386, -0.6640556325631923, 0.4667603350211398, -0.18311227969597055, 0.05581764683584067, 0.875143167901884, 0.043392244889916, -0.7836132342255386, -0.6835531856304011, 0.09040530340642561, 0.04880816013694678, 0.2752204882519873, -0.1970091128194542, 0.2996102180386846, -0.20619999419653467, 0.24783222709644614, 0.5348099341802477, -0.6420521799177383, -0.24884846282491524, 0.005066118653868745, 0.3733341598326916, -0.4926407026772337, 0.10948172588511706, 0.24986168812819542, 0.7910023321122921, -0.27429282313374714, 0.2751141460374733, -0.6171071957620733, -0.004411770765388567, -0.6351091908575863, 0.8367660782795254, -0.13635585731754474, 0.6603762041966925, -0.16644739064327485, 0.8093351774867339, -0.19034956537818792, -0.33765099381775454, 0.14427754054549724, 0.6908872981882266, 0.7220286235061439, 0.19137623413666893, -0.8306767779591795, 0.19453321463834983, -0.5090925828337958, 0.46518689717993555, 0.7893025846334776, 0.0294679418262902, 0.20712702072041278, -0.8698643752343853, 0.08014945928561268, -0.7416264326591246, 0.22912569270066396, -0.2726993059103242, 0.5355160686614915, -0.902931727160895, -0.7803637637643119, 0.36804643024725525, 0.029307394167312983, 0.1432827432294983, 0.6874139879813108, -0.024524721700651453, 0.6202888442522898, 0.020487258589880097, 0.8534413864805024, 0.333855543079252, -0.7025463211318861, -0.27089364934848836, 0.7315498318881986, -0.29942957828896866, -0.6219484810876903, -0.0547573816684539, -0.21443765035574014, 0.23785985328818726, -0.12646741612097356, -0.47815568541100895, -0.17505557667448635, -0.16193193089539926, 0.8048437117522818, 0.9592325240809707, 0.24713767881382775, -0.8336317548582777, 0.46599743519199, 0.357370804957968, 0.6520457340504391, -0.3050973265778887, -0.8822398116837538, 0.2236436329105842, -0.751970763373456, 0.5190590583266628, 0.5888466351532844, -0.18274642650020412, 0.8875950117660911, -0.6524404124894483, 0.8851716994539605]",rhc,relu,False,False,100,[10],0.1,100,4
447,47,0.13724380009807646,1.83297192425721,659.0,100,15,"[0.9340596780273533, 0.09446449835144466, 0.9453687199297687, 0.4296319873487293, 0.3954576491945416, -0.5678210088392472, 0.9525489095524835, -0.9875394895908203, -0.4940352752331121, -0.13041693519110842, 0.5587658435875049, -0.6046298507994938, 0.7259864711984445, 0.9668013543506255, -0.6723155171906026, 0.19466788786571843, -0.98202780466489, -0.22685743471274122, -0.9116798841370009, 0.9133059354284718, -0.1277067062404047, 0.8979546135631256, 0.5726119718701219, 0.7325785971633969, -0.6536691570081037, -0.850102825973786, 0.2014854427555386, -0.6640556325631923, 0.4667603350211398, -0.18311227969597055, 0.05581764683584067, 0.875143167901884, 0.043392244889916, -0.7836132342255386, -0.6835531856304011, 0.09040530340642561, 0.04880816013694678, 0.2752204882519873, -0.1970091128194542, 0.2996102180386846, -0.20619999419653467, 0.24783222709644614, 0.5348099341802477, -0.6420521799177383, -0.24884846282491524, 0.005066118653868745, 0.3733341598326916, -0.4926407026772337, 0.10948172588511706, 0.24986168812819542, 0.7910023321122921, -0.27429282313374714, 0.2751141460374733, -0.6171071957620733, -0.004411770765388567, -0.6351091908575863, 0.8367660782795254, -0.13635585731754474, 0.6603762041966925, -0.16644739064327485, 0.8093351774867339, -0.19034956537818792, -0.33765099381775454, 0.14427754054549724, 0.6908872981882266, 0.7220286235061439, 0.19137623413666893, -0.8306767779591795, 0.19453321463834983, -0.5090925828337958, 0.46518689717993555, 0.7893025846334776, 0.0294679418262902, 0.20712702072041278, -0.8698643752343853, 0.08014945928561268, -0.7416264326591246, 0.22912569270066396, -0.2726993059103242, 0.5355160686614915, -0.902931727160895, -0.7803637637643119, 0.36804643024725525, 0.029307394167312983, 0.1432827432294983, 0.6874139879813108, -0.024524721700651453, 0.6202888442522898, 0.020487258589880097, 0.8534413864805024, 0.333855543079252, -0.7025463211318861, -0.27089364934848836, 0.7315498318881986, -0.29942957828896866, -0.6219484810876903, -0.0547573816684539, -0.21443765035574014, 0.23785985328818726, -0.12646741612097356, -0.47815568541100895, -0.17505557667448635, -0.16193193089539926, 0.8048437117522818, 0.9592325240809707, 0.24713767881382775, -0.8336317548582777, 0.46599743519199, 0.357370804957968, 0.6520457340504391, -0.3050973265778887, -0.8822398116837538, 0.2236436329105842, -0.751970763373456, 0.5190590583266628, 0.5888466351532844, -0.18274642650020412, 0.8875950117660911, -0.6524404124894483, 0.8851716994539605]",rhc,relu,False,False,100,[10],0.1,100,4
448,48,0.13920730003155768,1.83297192425721,660.0,100,15,"[0.9340596780273533, 0.09446449835144466, 0.9453687199297687, 0.4296319873487293, 0.3954576491945416, -0.5678210088392472, 0.9525489095524835, -0.9875394895908203, -0.4940352752331121, -0.13041693519110842, 0.5587658435875049, -0.6046298507994938, 0.7259864711984445, 0.9668013543506255, -0.6723155171906026, 0.19466788786571843, -0.98202780466489, -0.22685743471274122, -0.9116798841370009, 0.9133059354284718, -0.1277067062404047, 0.8979546135631256, 0.5726119718701219, 0.7325785971633969, -0.6536691570081037, -0.850102825973786, 0.2014854427555386, -0.6640556325631923, 0.4667603350211398, -0.18311227969597055, 0.05581764683584067, 0.875143167901884, 0.043392244889916, -0.7836132342255386, -0.6835531856304011, 0.09040530340642561, 0.04880816013694678, 0.2752204882519873, -0.1970091128194542, 0.2996102180386846, -0.20619999419653467, 0.24783222709644614, 0.5348099341802477, -0.6420521799177383, -0.24884846282491524, 0.005066118653868745, 0.3733341598326916, -0.4926407026772337, 0.10948172588511706, 0.24986168812819542, 0.7910023321122921, -0.27429282313374714, 0.2751141460374733, -0.6171071957620733, -0.004411770765388567, -0.6351091908575863, 0.8367660782795254, -0.13635585731754474, 0.6603762041966925, -0.16644739064327485, 0.8093351774867339, -0.19034956537818792, -0.33765099381775454, 0.14427754054549724, 0.6908872981882266, 0.7220286235061439, 0.19137623413666893, -0.8306767779591795, 0.19453321463834983, -0.5090925828337958, 0.46518689717993555, 0.7893025846334776, 0.0294679418262902, 0.20712702072041278, -0.8698643752343853, 0.08014945928561268, -0.7416264326591246, 0.22912569270066396, -0.2726993059103242, 0.5355160686614915, -0.902931727160895, -0.7803637637643119, 0.36804643024725525, 0.029307394167312983, 0.1432827432294983, 0.6874139879813108, -0.024524721700651453, 0.6202888442522898, 0.020487258589880097, 0.8534413864805024, 0.333855543079252, -0.7025463211318861, -0.27089364934848836, 0.7315498318881986, -0.29942957828896866, -0.6219484810876903, -0.0547573816684539, -0.21443765035574014, 0.23785985328818726, -0.12646741612097356, -0.47815568541100895, -0.17505557667448635, -0.16193193089539926, 0.8048437117522818, 0.9592325240809707, 0.24713767881382775, -0.8336317548582777, 0.46599743519199, 0.357370804957968, 0.6520457340504391, -0.3050973265778887, -0.8822398116837538, 0.2236436329105842, -0.751970763373456, 0.5190590583266628, 0.5888466351532844, -0.18274642650020412, 0.8875950117660911, -0.6524404124894483, 0.8851716994539605]",rhc,relu,False,False,100,[10],0.1,100,4
449,49,0.14330590004101396,1.8276121468188178,662.0,100,15,"[0.9340596780273533, 0.09446449835144466, 0.9453687199297687, 0.4296319873487293, 0.3954576491945416, -0.5678210088392472, 0.9525489095524835, -0.9875394895908203, -0.4940352752331121, -0.13041693519110842, 0.5587658435875049, -0.6046298507994938, 0.7259864711984445, 0.9668013543506255, -0.6723155171906026, 0.19466788786571843, -0.98202780466489, -0.22685743471274122, -0.9116798841370009, 0.9133059354284718, -0.1277067062404047, 0.8979546135631256, 0.5726119718701219, 0.7325785971633969, -0.6536691570081037, -0.850102825973786, 0.2014854427555386, -0.6640556325631923, 0.4667603350211398, -0.18311227969597055, 0.05581764683584067, 0.875143167901884, 0.043392244889916, -0.7836132342255386, -0.6835531856304011, 0.09040530340642561, 0.04880816013694678, 0.2752204882519873, -0.1970091128194542, 0.2996102180386846, -0.20619999419653467, 0.24783222709644614, 0.5348099341802477, -0.6420521799177383, -0.24884846282491524, 0.005066118653868745, 0.3733341598326916, -0.4926407026772337, 0.10948172588511706, 0.24986168812819542, 0.7910023321122921, -0.27429282313374714, 0.2751141460374733, -0.6171071957620733, -0.004411770765388567, -0.6351091908575863, 0.8367660782795254, -0.13635585731754474, 0.6603762041966925, -0.16644739064327485, 0.8093351774867339, -0.19034956537818792, -0.33765099381775454, 0.14427754054549724, 0.6908872981882266, 0.7220286235061439, 0.19137623413666893, -0.8306767779591795, 0.19453321463834983, -0.5090925828337958, 0.46518689717993555, 0.7893025846334776, 0.0294679418262902, 0.20712702072041278, -0.8698643752343853, 0.08014945928561268, -0.7416264326591246, 0.22912569270066396, -0.2726993059103242, 0.5355160686614915, -0.902931727160895, -0.7803637637643119, 0.36804643024725525, 0.029307394167312983, 0.1432827432294983, 0.6874139879813108, -0.024524721700651453, 0.6202888442522898, 0.020487258589880097, 0.8534413864805024, 0.333855543079252, -0.7025463211318861, -0.27089364934848836, 0.7315498318881986, -0.29942957828896866, -0.6219484810876903, -0.0547573816684539, -0.21443765035574014, 0.23785985328818726, -0.12646741612097356, -0.47815568541100895, -0.17505557667448635, -0.16193193089539926, 0.8048437117522818, 0.9592325240809707, 0.24713767881382775, -0.8336317548582777, 0.46599743519199, 0.357370804957968, 0.6520457340504391, -0.3050973265778887, -0.8822398116837538, 0.2236436329105842, -0.751970763373456, 0.5190590583266628, 0.5888466351532844, -0.18274642650020412, 0.8875950117660911, -0.6524404124894483, 0.8851716994539605]",rhc,relu,False,False,100,[10],0.1,100,4
450,50,0.14690749999135733,1.8276121468188178,663.0,100,15,"[0.9340596780273533, 0.09446449835144466, 0.9453687199297687, 0.4296319873487293, 0.3954576491945416, -0.5678210088392472, 0.9525489095524835, -0.9875394895908203, -0.4940352752331121, -0.13041693519110842, 0.5587658435875049, -0.6046298507994938, 0.7259864711984445, 0.9668013543506255, -0.6723155171906026, 0.19466788786571843, -0.98202780466489, -0.22685743471274122, -0.9116798841370009, 0.9133059354284718, -0.1277067062404047, 0.8979546135631256, 0.5726119718701219, 0.7325785971633969, -0.6536691570081037, -0.850102825973786, 0.2014854427555386, -0.6640556325631923, 0.4667603350211398, -0.18311227969597055, 0.05581764683584067, 0.875143167901884, 0.043392244889916, -0.7836132342255386, -0.6835531856304011, 0.09040530340642561, 0.04880816013694678, 0.2752204882519873, -0.1970091128194542, 0.2996102180386846, -0.20619999419653467, 0.24783222709644614, 0.5348099341802477, -0.6420521799177383, -0.24884846282491524, 0.005066118653868745, 0.3733341598326916, -0.4926407026772337, 0.10948172588511706, 0.24986168812819542, 0.7910023321122921, -0.27429282313374714, 0.2751141460374733, -0.6171071957620733, -0.004411770765388567, -0.6351091908575863, 0.8367660782795254, -0.13635585731754474, 0.6603762041966925, -0.16644739064327485, 0.8093351774867339, -0.19034956537818792, -0.33765099381775454, 0.14427754054549724, 0.6908872981882266, 0.7220286235061439, 0.19137623413666893, -0.8306767779591795, 0.19453321463834983, -0.5090925828337958, 0.46518689717993555, 0.7893025846334776, 0.0294679418262902, 0.20712702072041278, -0.8698643752343853, 0.08014945928561268, -0.7416264326591246, 0.22912569270066396, -0.2726993059103242, 0.5355160686614915, -0.902931727160895, -0.7803637637643119, 0.36804643024725525, 0.029307394167312983, 0.1432827432294983, 0.6874139879813108, -0.024524721700651453, 0.6202888442522898, 0.020487258589880097, 0.8534413864805024, 0.333855543079252, -0.7025463211318861, -0.27089364934848836, 0.7315498318881986, -0.29942957828896866, -0.6219484810876903, -0.0547573816684539, -0.21443765035574014, 0.23785985328818726, -0.12646741612097356, -0.47815568541100895, -0.17505557667448635, -0.16193193089539926, 0.8048437117522818, 0.9592325240809707, 0.24713767881382775, -0.8336317548582777, 0.46599743519199, 0.357370804957968, 0.6520457340504391, -0.3050973265778887, -0.8822398116837538, 0.2236436329105842, -0.751970763373456, 0.5190590583266628, 0.5888466351532844, -0.18274642650020412, 0.8875950117660911, -0.6524404124894483, 0.8851716994539605]",rhc,relu,False,False,100,[10],0.1,100,4
451,51,0.14868640003260225,1.8250573842995164,665.0,100,15,"[0.9340596780273533, 0.09446449835144466, 0.9453687199297687, 0.4296319873487293, 0.3954576491945416, -0.5678210088392472, 0.9525489095524835, -0.9875394895908203, -0.4940352752331121, -0.13041693519110842, 0.5587658435875049, -0.6046298507994938, 0.7259864711984445, 0.9668013543506255, -0.6723155171906026, 0.19466788786571843, -0.98202780466489, -0.22685743471274122, -0.9116798841370009, 0.9133059354284718, -0.1277067062404047, 0.8979546135631256, 0.5726119718701219, 0.7325785971633969, -0.6536691570081037, -0.850102825973786, 0.2014854427555386, -0.6640556325631923, 0.4667603350211398, -0.18311227969597055, 0.05581764683584067, 0.875143167901884, 0.043392244889916, -0.7836132342255386, -0.6835531856304011, 0.09040530340642561, 0.04880816013694678, 0.2752204882519873, -0.1970091128194542, 0.2996102180386846, -0.20619999419653467, 0.24783222709644614, 0.5348099341802477, -0.6420521799177383, -0.24884846282491524, 0.005066118653868745, 0.3733341598326916, -0.4926407026772337, 0.10948172588511706, 0.24986168812819542, 0.7910023321122921, -0.27429282313374714, 0.2751141460374733, -0.6171071957620733, -0.004411770765388567, -0.6351091908575863, 0.8367660782795254, -0.13635585731754474, 0.6603762041966925, -0.16644739064327485, 0.8093351774867339, -0.19034956537818792, -0.33765099381775454, 0.14427754054549724, 0.6908872981882266, 0.7220286235061439, 0.19137623413666893, -0.8306767779591795, 0.19453321463834983, -0.5090925828337958, 0.46518689717993555, 0.7893025846334776, 0.0294679418262902, 0.20712702072041278, -0.8698643752343853, 0.08014945928561268, -0.7416264326591246, 0.22912569270066396, -0.2726993059103242, 0.5355160686614915, -0.902931727160895, -0.7803637637643119, 0.36804643024725525, 0.029307394167312983, 0.1432827432294983, 0.6874139879813108, -0.024524721700651453, 0.6202888442522898, 0.020487258589880097, 0.8534413864805024, 0.333855543079252, -0.7025463211318861, -0.27089364934848836, 0.7315498318881986, -0.29942957828896866, -0.6219484810876903, -0.0547573816684539, -0.21443765035574014, 0.23785985328818726, -0.12646741612097356, -0.47815568541100895, -0.17505557667448635, -0.16193193089539926, 0.8048437117522818, 0.9592325240809707, 0.24713767881382775, -0.8336317548582777, 0.46599743519199, 0.357370804957968, 0.6520457340504391, -0.3050973265778887, -0.8822398116837538, 0.2236436329105842, -0.751970763373456, 0.5190590583266628, 0.5888466351532844, -0.18274642650020412, 0.8875950117660911, -0.6524404124894483, 0.8851716994539605]",rhc,relu,False,False,100,[10],0.1,100,4
452,52,0.15030470001511276,1.8250573842995164,666.0,100,15,"[0.9340596780273533, 0.09446449835144466, 0.9453687199297687, 0.4296319873487293, 0.3954576491945416, -0.5678210088392472, 0.9525489095524835, -0.9875394895908203, -0.4940352752331121, -0.13041693519110842, 0.5587658435875049, -0.6046298507994938, 0.7259864711984445, 0.9668013543506255, -0.6723155171906026, 0.19466788786571843, -0.98202780466489, -0.22685743471274122, -0.9116798841370009, 0.9133059354284718, -0.1277067062404047, 0.8979546135631256, 0.5726119718701219, 0.7325785971633969, -0.6536691570081037, -0.850102825973786, 0.2014854427555386, -0.6640556325631923, 0.4667603350211398, -0.18311227969597055, 0.05581764683584067, 0.875143167901884, 0.043392244889916, -0.7836132342255386, -0.6835531856304011, 0.09040530340642561, 0.04880816013694678, 0.2752204882519873, -0.1970091128194542, 0.2996102180386846, -0.20619999419653467, 0.24783222709644614, 0.5348099341802477, -0.6420521799177383, -0.24884846282491524, 0.005066118653868745, 0.3733341598326916, -0.4926407026772337, 0.10948172588511706, 0.24986168812819542, 0.7910023321122921, -0.27429282313374714, 0.2751141460374733, -0.6171071957620733, -0.004411770765388567, -0.6351091908575863, 0.8367660782795254, -0.13635585731754474, 0.6603762041966925, -0.16644739064327485, 0.8093351774867339, -0.19034956537818792, -0.33765099381775454, 0.14427754054549724, 0.6908872981882266, 0.7220286235061439, 0.19137623413666893, -0.8306767779591795, 0.19453321463834983, -0.5090925828337958, 0.46518689717993555, 0.7893025846334776, 0.0294679418262902, 0.20712702072041278, -0.8698643752343853, 0.08014945928561268, -0.7416264326591246, 0.22912569270066396, -0.2726993059103242, 0.5355160686614915, -0.902931727160895, -0.7803637637643119, 0.36804643024725525, 0.029307394167312983, 0.1432827432294983, 0.6874139879813108, -0.024524721700651453, 0.6202888442522898, 0.020487258589880097, 0.8534413864805024, 0.333855543079252, -0.7025463211318861, -0.27089364934848836, 0.7315498318881986, -0.29942957828896866, -0.6219484810876903, -0.0547573816684539, -0.21443765035574014, 0.23785985328818726, -0.12646741612097356, -0.47815568541100895, -0.17505557667448635, -0.16193193089539926, 0.8048437117522818, 0.9592325240809707, 0.24713767881382775, -0.8336317548582777, 0.46599743519199, 0.357370804957968, 0.6520457340504391, -0.3050973265778887, -0.8822398116837538, 0.2236436329105842, -0.751970763373456, 0.5190590583266628, 0.5888466351532844, -0.18274642650020412, 0.8875950117660911, -0.6524404124894483, 0.8851716994539605]",rhc,relu,False,False,100,[10],0.1,100,4
453,53,0.15169550001155585,1.8192802024010297,668.0,100,15,"[0.9340596780273533, 0.09446449835144466, 0.9453687199297687, 0.4296319873487293, 0.3954576491945416, -0.5678210088392472, 0.9525489095524835, -0.9875394895908203, -0.4940352752331121, -0.13041693519110842, 0.5587658435875049, -0.6046298507994938, 0.7259864711984445, 0.9668013543506255, -0.6723155171906026, 0.19466788786571843, -0.98202780466489, -0.22685743471274122, -0.9116798841370009, 0.9133059354284718, -0.1277067062404047, 0.8979546135631256, 0.5726119718701219, 0.7325785971633969, -0.6536691570081037, -0.850102825973786, 0.2014854427555386, -0.6640556325631923, 0.4667603350211398, -0.18311227969597055, 0.05581764683584067, 0.875143167901884, 0.043392244889916, -0.7836132342255386, -0.6835531856304011, 0.09040530340642561, 0.04880816013694678, 0.2752204882519873, -0.1970091128194542, 0.2996102180386846, -0.20619999419653467, 0.24783222709644614, 0.5348099341802477, -0.6420521799177383, -0.24884846282491524, 0.005066118653868745, 0.3733341598326916, -0.4926407026772337, 0.10948172588511706, 0.24986168812819542, 0.7910023321122921, -0.27429282313374714, 0.2751141460374733, -0.6171071957620733, -0.004411770765388567, -0.6351091908575863, 0.8367660782795254, -0.13635585731754474, 0.6603762041966925, -0.16644739064327485, 0.8093351774867339, -0.19034956537818792, -0.33765099381775454, 0.14427754054549724, 0.6908872981882266, 0.7220286235061439, 0.19137623413666893, -0.8306767779591795, 0.19453321463834983, -0.5090925828337958, 0.46518689717993555, 0.7893025846334776, 0.0294679418262902, 0.20712702072041278, -0.8698643752343853, 0.08014945928561268, -0.7416264326591246, 0.22912569270066396, -0.2726993059103242, 0.5355160686614915, -0.902931727160895, -0.7803637637643119, 0.36804643024725525, 0.029307394167312983, 0.1432827432294983, 0.6874139879813108, -0.024524721700651453, 0.6202888442522898, 0.020487258589880097, 0.8534413864805024, 0.333855543079252, -0.7025463211318861, -0.27089364934848836, 0.7315498318881986, -0.29942957828896866, -0.6219484810876903, -0.0547573816684539, -0.21443765035574014, 0.23785985328818726, -0.12646741612097356, -0.47815568541100895, -0.17505557667448635, -0.16193193089539926, 0.8048437117522818, 0.9592325240809707, 0.24713767881382775, -0.8336317548582777, 0.46599743519199, 0.357370804957968, 0.6520457340504391, -0.3050973265778887, -0.8822398116837538, 0.2236436329105842, -0.751970763373456, 0.5190590583266628, 0.5888466351532844, -0.18274642650020412, 0.8875950117660911, -0.6524404124894483, 0.8851716994539605]",rhc,relu,False,False,100,[10],0.1,100,4
454,54,0.15469950006809086,1.8185278332806627,670.0,100,15,"[0.9340596780273533, 0.09446449835144466, 0.9453687199297687, 0.4296319873487293, 0.3954576491945416, -0.5678210088392472, 0.9525489095524835, -0.9875394895908203, -0.4940352752331121, -0.13041693519110842, 0.5587658435875049, -0.6046298507994938, 0.7259864711984445, 0.9668013543506255, -0.6723155171906026, 0.19466788786571843, -0.98202780466489, -0.22685743471274122, -0.9116798841370009, 0.9133059354284718, -0.1277067062404047, 0.8979546135631256, 0.5726119718701219, 0.7325785971633969, -0.6536691570081037, -0.850102825973786, 0.2014854427555386, -0.6640556325631923, 0.4667603350211398, -0.18311227969597055, 0.05581764683584067, 0.875143167901884, 0.043392244889916, -0.7836132342255386, -0.6835531856304011, 0.09040530340642561, 0.04880816013694678, 0.2752204882519873, -0.1970091128194542, 0.2996102180386846, -0.20619999419653467, 0.24783222709644614, 0.5348099341802477, -0.6420521799177383, -0.24884846282491524, 0.005066118653868745, 0.3733341598326916, -0.4926407026772337, 0.10948172588511706, 0.24986168812819542, 0.7910023321122921, -0.27429282313374714, 0.2751141460374733, -0.6171071957620733, -0.004411770765388567, -0.6351091908575863, 0.8367660782795254, -0.13635585731754474, 0.6603762041966925, -0.16644739064327485, 0.8093351774867339, -0.19034956537818792, -0.33765099381775454, 0.14427754054549724, 0.6908872981882266, 0.7220286235061439, 0.19137623413666893, -0.8306767779591795, 0.19453321463834983, -0.5090925828337958, 0.46518689717993555, 0.7893025846334776, 0.0294679418262902, 0.20712702072041278, -0.8698643752343853, 0.08014945928561268, -0.7416264326591246, 0.22912569270066396, -0.2726993059103242, 0.5355160686614915, -0.902931727160895, -0.7803637637643119, 0.36804643024725525, 0.029307394167312983, 0.1432827432294983, 0.6874139879813108, -0.024524721700651453, 0.6202888442522898, 0.020487258589880097, 0.8534413864805024, 0.333855543079252, -0.7025463211318861, -0.27089364934848836, 0.7315498318881986, -0.29942957828896866, -0.6219484810876903, -0.0547573816684539, -0.21443765035574014, 0.23785985328818726, -0.12646741612097356, -0.47815568541100895, -0.17505557667448635, -0.16193193089539926, 0.8048437117522818, 0.9592325240809707, 0.24713767881382775, -0.8336317548582777, 0.46599743519199, 0.357370804957968, 0.6520457340504391, -0.3050973265778887, -0.8822398116837538, 0.2236436329105842, -0.751970763373456, 0.5190590583266628, 0.5888466351532844, -0.18274642650020412, 0.8875950117660911, -0.6524404124894483, 0.8851716994539605]",rhc,relu,False,False,100,[10],0.1,100,4
455,55,0.15623610001057386,1.8120293433644488,672.0,100,15,"[0.9340596780273533, 0.09446449835144466, 0.9453687199297687, 0.4296319873487293, 0.3954576491945416, -0.5678210088392472, 0.9525489095524835, -0.9875394895908203, -0.4940352752331121, -0.13041693519110842, 0.5587658435875049, -0.6046298507994938, 0.7259864711984445, 0.9668013543506255, -0.6723155171906026, 0.19466788786571843, -0.98202780466489, -0.22685743471274122, -0.9116798841370009, 0.9133059354284718, -0.1277067062404047, 0.8979546135631256, 0.5726119718701219, 0.7325785971633969, -0.6536691570081037, -0.850102825973786, 0.2014854427555386, -0.6640556325631923, 0.4667603350211398, -0.18311227969597055, 0.05581764683584067, 0.875143167901884, 0.043392244889916, -0.7836132342255386, -0.6835531856304011, 0.09040530340642561, 0.04880816013694678, 0.2752204882519873, -0.1970091128194542, 0.2996102180386846, -0.20619999419653467, 0.24783222709644614, 0.5348099341802477, -0.6420521799177383, -0.24884846282491524, 0.005066118653868745, 0.3733341598326916, -0.4926407026772337, 0.10948172588511706, 0.24986168812819542, 0.7910023321122921, -0.27429282313374714, 0.2751141460374733, -0.6171071957620733, -0.004411770765388567, -0.6351091908575863, 0.8367660782795254, -0.13635585731754474, 0.6603762041966925, -0.16644739064327485, 0.8093351774867339, -0.19034956537818792, -0.33765099381775454, 0.14427754054549724, 0.6908872981882266, 0.7220286235061439, 0.19137623413666893, -0.8306767779591795, 0.19453321463834983, -0.5090925828337958, 0.46518689717993555, 0.7893025846334776, 0.0294679418262902, 0.20712702072041278, -0.8698643752343853, 0.08014945928561268, -0.7416264326591246, 0.22912569270066396, -0.2726993059103242, 0.5355160686614915, -0.902931727160895, -0.7803637637643119, 0.36804643024725525, 0.029307394167312983, 0.1432827432294983, 0.6874139879813108, -0.024524721700651453, 0.6202888442522898, 0.020487258589880097, 0.8534413864805024, 0.333855543079252, -0.7025463211318861, -0.27089364934848836, 0.7315498318881986, -0.29942957828896866, -0.6219484810876903, -0.0547573816684539, -0.21443765035574014, 0.23785985328818726, -0.12646741612097356, -0.47815568541100895, -0.17505557667448635, -0.16193193089539926, 0.8048437117522818, 0.9592325240809707, 0.24713767881382775, -0.8336317548582777, 0.46599743519199, 0.357370804957968, 0.6520457340504391, -0.3050973265778887, -0.8822398116837538, 0.2236436329105842, -0.751970763373456, 0.5190590583266628, 0.5888466351532844, -0.18274642650020412, 0.8875950117660911, -0.6524404124894483, 0.8851716994539605]",rhc,relu,False,False,100,[10],0.1,100,4
456,56,0.15794740000274032,1.8120293433644488,673.0,100,15,"[0.9340596780273533, 0.09446449835144466, 0.9453687199297687, 0.4296319873487293, 0.3954576491945416, -0.5678210088392472, 0.9525489095524835, -0.9875394895908203, -0.4940352752331121, -0.13041693519110842, 0.5587658435875049, -0.6046298507994938, 0.7259864711984445, 0.9668013543506255, -0.6723155171906026, 0.19466788786571843, -0.98202780466489, -0.22685743471274122, -0.9116798841370009, 0.9133059354284718, -0.1277067062404047, 0.8979546135631256, 0.5726119718701219, 0.7325785971633969, -0.6536691570081037, -0.850102825973786, 0.2014854427555386, -0.6640556325631923, 0.4667603350211398, -0.18311227969597055, 0.05581764683584067, 0.875143167901884, 0.043392244889916, -0.7836132342255386, -0.6835531856304011, 0.09040530340642561, 0.04880816013694678, 0.2752204882519873, -0.1970091128194542, 0.2996102180386846, -0.20619999419653467, 0.24783222709644614, 0.5348099341802477, -0.6420521799177383, -0.24884846282491524, 0.005066118653868745, 0.3733341598326916, -0.4926407026772337, 0.10948172588511706, 0.24986168812819542, 0.7910023321122921, -0.27429282313374714, 0.2751141460374733, -0.6171071957620733, -0.004411770765388567, -0.6351091908575863, 0.8367660782795254, -0.13635585731754474, 0.6603762041966925, -0.16644739064327485, 0.8093351774867339, -0.19034956537818792, -0.33765099381775454, 0.14427754054549724, 0.6908872981882266, 0.7220286235061439, 0.19137623413666893, -0.8306767779591795, 0.19453321463834983, -0.5090925828337958, 0.46518689717993555, 0.7893025846334776, 0.0294679418262902, 0.20712702072041278, -0.8698643752343853, 0.08014945928561268, -0.7416264326591246, 0.22912569270066396, -0.2726993059103242, 0.5355160686614915, -0.902931727160895, -0.7803637637643119, 0.36804643024725525, 0.029307394167312983, 0.1432827432294983, 0.6874139879813108, -0.024524721700651453, 0.6202888442522898, 0.020487258589880097, 0.8534413864805024, 0.333855543079252, -0.7025463211318861, -0.27089364934848836, 0.7315498318881986, -0.29942957828896866, -0.6219484810876903, -0.0547573816684539, -0.21443765035574014, 0.23785985328818726, -0.12646741612097356, -0.47815568541100895, -0.17505557667448635, -0.16193193089539926, 0.8048437117522818, 0.9592325240809707, 0.24713767881382775, -0.8336317548582777, 0.46599743519199, 0.357370804957968, 0.6520457340504391, -0.3050973265778887, -0.8822398116837538, 0.2236436329105842, -0.751970763373456, 0.5190590583266628, 0.5888466351532844, -0.18274642650020412, 0.8875950117660911, -0.6524404124894483, 0.8851716994539605]",rhc,relu,False,False,100,[10],0.1,100,4
457,57,0.15946009999606758,1.8120293433644488,674.0,100,15,"[0.9340596780273533, 0.09446449835144466, 0.9453687199297687, 0.4296319873487293, 0.3954576491945416, -0.5678210088392472, 0.9525489095524835, -0.9875394895908203, -0.4940352752331121, -0.13041693519110842, 0.5587658435875049, -0.6046298507994938, 0.7259864711984445, 0.9668013543506255, -0.6723155171906026, 0.19466788786571843, -0.98202780466489, -0.22685743471274122, -0.9116798841370009, 0.9133059354284718, -0.1277067062404047, 0.8979546135631256, 0.5726119718701219, 0.7325785971633969, -0.6536691570081037, -0.850102825973786, 0.2014854427555386, -0.6640556325631923, 0.4667603350211398, -0.18311227969597055, 0.05581764683584067, 0.875143167901884, 0.043392244889916, -0.7836132342255386, -0.6835531856304011, 0.09040530340642561, 0.04880816013694678, 0.2752204882519873, -0.1970091128194542, 0.2996102180386846, -0.20619999419653467, 0.24783222709644614, 0.5348099341802477, -0.6420521799177383, -0.24884846282491524, 0.005066118653868745, 0.3733341598326916, -0.4926407026772337, 0.10948172588511706, 0.24986168812819542, 0.7910023321122921, -0.27429282313374714, 0.2751141460374733, -0.6171071957620733, -0.004411770765388567, -0.6351091908575863, 0.8367660782795254, -0.13635585731754474, 0.6603762041966925, -0.16644739064327485, 0.8093351774867339, -0.19034956537818792, -0.33765099381775454, 0.14427754054549724, 0.6908872981882266, 0.7220286235061439, 0.19137623413666893, -0.8306767779591795, 0.19453321463834983, -0.5090925828337958, 0.46518689717993555, 0.7893025846334776, 0.0294679418262902, 0.20712702072041278, -0.8698643752343853, 0.08014945928561268, -0.7416264326591246, 0.22912569270066396, -0.2726993059103242, 0.5355160686614915, -0.902931727160895, -0.7803637637643119, 0.36804643024725525, 0.029307394167312983, 0.1432827432294983, 0.6874139879813108, -0.024524721700651453, 0.6202888442522898, 0.020487258589880097, 0.8534413864805024, 0.333855543079252, -0.7025463211318861, -0.27089364934848836, 0.7315498318881986, -0.29942957828896866, -0.6219484810876903, -0.0547573816684539, -0.21443765035574014, 0.23785985328818726, -0.12646741612097356, -0.47815568541100895, -0.17505557667448635, -0.16193193089539926, 0.8048437117522818, 0.9592325240809707, 0.24713767881382775, -0.8336317548582777, 0.46599743519199, 0.357370804957968, 0.6520457340504391, -0.3050973265778887, -0.8822398116837538, 0.2236436329105842, -0.751970763373456, 0.5190590583266628, 0.5888466351532844, -0.18274642650020412, 0.8875950117660911, -0.6524404124894483, 0.8851716994539605]",rhc,relu,False,False,100,[10],0.1,100,4
458,58,0.16259170009288937,1.8120293433644488,675.0,100,15,"[0.9340596780273533, 0.09446449835144466, 0.9453687199297687, 0.4296319873487293, 0.3954576491945416, -0.5678210088392472, 0.9525489095524835, -0.9875394895908203, -0.4940352752331121, -0.13041693519110842, 0.5587658435875049, -0.6046298507994938, 0.7259864711984445, 0.9668013543506255, -0.6723155171906026, 0.19466788786571843, -0.98202780466489, -0.22685743471274122, -0.9116798841370009, 0.9133059354284718, -0.1277067062404047, 0.8979546135631256, 0.5726119718701219, 0.7325785971633969, -0.6536691570081037, -0.850102825973786, 0.2014854427555386, -0.6640556325631923, 0.4667603350211398, -0.18311227969597055, 0.05581764683584067, 0.875143167901884, 0.043392244889916, -0.7836132342255386, -0.6835531856304011, 0.09040530340642561, 0.04880816013694678, 0.2752204882519873, -0.1970091128194542, 0.2996102180386846, -0.20619999419653467, 0.24783222709644614, 0.5348099341802477, -0.6420521799177383, -0.24884846282491524, 0.005066118653868745, 0.3733341598326916, -0.4926407026772337, 0.10948172588511706, 0.24986168812819542, 0.7910023321122921, -0.27429282313374714, 0.2751141460374733, -0.6171071957620733, -0.004411770765388567, -0.6351091908575863, 0.8367660782795254, -0.13635585731754474, 0.6603762041966925, -0.16644739064327485, 0.8093351774867339, -0.19034956537818792, -0.33765099381775454, 0.14427754054549724, 0.6908872981882266, 0.7220286235061439, 0.19137623413666893, -0.8306767779591795, 0.19453321463834983, -0.5090925828337958, 0.46518689717993555, 0.7893025846334776, 0.0294679418262902, 0.20712702072041278, -0.8698643752343853, 0.08014945928561268, -0.7416264326591246, 0.22912569270066396, -0.2726993059103242, 0.5355160686614915, -0.902931727160895, -0.7803637637643119, 0.36804643024725525, 0.029307394167312983, 0.1432827432294983, 0.6874139879813108, -0.024524721700651453, 0.6202888442522898, 0.020487258589880097, 0.8534413864805024, 0.333855543079252, -0.7025463211318861, -0.27089364934848836, 0.7315498318881986, -0.29942957828896866, -0.6219484810876903, -0.0547573816684539, -0.21443765035574014, 0.23785985328818726, -0.12646741612097356, -0.47815568541100895, -0.17505557667448635, -0.16193193089539926, 0.8048437117522818, 0.9592325240809707, 0.24713767881382775, -0.8336317548582777, 0.46599743519199, 0.357370804957968, 0.6520457340504391, -0.3050973265778887, -0.8822398116837538, 0.2236436329105842, -0.751970763373456, 0.5190590583266628, 0.5888466351532844, -0.18274642650020412, 0.8875950117660911, -0.6524404124894483, 0.8851716994539605]",rhc,relu,False,False,100,[10],0.1,100,4
459,59,0.16467890003696084,1.8120293433644488,676.0,100,15,"[0.9340596780273533, 0.09446449835144466, 0.9453687199297687, 0.4296319873487293, 0.3954576491945416, -0.5678210088392472, 0.9525489095524835, -0.9875394895908203, -0.4940352752331121, -0.13041693519110842, 0.5587658435875049, -0.6046298507994938, 0.7259864711984445, 0.9668013543506255, -0.6723155171906026, 0.19466788786571843, -0.98202780466489, -0.22685743471274122, -0.9116798841370009, 0.9133059354284718, -0.1277067062404047, 0.8979546135631256, 0.5726119718701219, 0.7325785971633969, -0.6536691570081037, -0.850102825973786, 0.2014854427555386, -0.6640556325631923, 0.4667603350211398, -0.18311227969597055, 0.05581764683584067, 0.875143167901884, 0.043392244889916, -0.7836132342255386, -0.6835531856304011, 0.09040530340642561, 0.04880816013694678, 0.2752204882519873, -0.1970091128194542, 0.2996102180386846, -0.20619999419653467, 0.24783222709644614, 0.5348099341802477, -0.6420521799177383, -0.24884846282491524, 0.005066118653868745, 0.3733341598326916, -0.4926407026772337, 0.10948172588511706, 0.24986168812819542, 0.7910023321122921, -0.27429282313374714, 0.2751141460374733, -0.6171071957620733, -0.004411770765388567, -0.6351091908575863, 0.8367660782795254, -0.13635585731754474, 0.6603762041966925, -0.16644739064327485, 0.8093351774867339, -0.19034956537818792, -0.33765099381775454, 0.14427754054549724, 0.6908872981882266, 0.7220286235061439, 0.19137623413666893, -0.8306767779591795, 0.19453321463834983, -0.5090925828337958, 0.46518689717993555, 0.7893025846334776, 0.0294679418262902, 0.20712702072041278, -0.8698643752343853, 0.08014945928561268, -0.7416264326591246, 0.22912569270066396, -0.2726993059103242, 0.5355160686614915, -0.902931727160895, -0.7803637637643119, 0.36804643024725525, 0.029307394167312983, 0.1432827432294983, 0.6874139879813108, -0.024524721700651453, 0.6202888442522898, 0.020487258589880097, 0.8534413864805024, 0.333855543079252, -0.7025463211318861, -0.27089364934848836, 0.7315498318881986, -0.29942957828896866, -0.6219484810876903, -0.0547573816684539, -0.21443765035574014, 0.23785985328818726, -0.12646741612097356, -0.47815568541100895, -0.17505557667448635, -0.16193193089539926, 0.8048437117522818, 0.9592325240809707, 0.24713767881382775, -0.8336317548582777, 0.46599743519199, 0.357370804957968, 0.6520457340504391, -0.3050973265778887, -0.8822398116837538, 0.2236436329105842, -0.751970763373456, 0.5190590583266628, 0.5888466351532844, -0.18274642650020412, 0.8875950117660911, -0.6524404124894483, 0.8851716994539605]",rhc,relu,False,False,100,[10],0.1,100,4
460,60,0.16787820006720722,1.8120293433644488,677.0,100,15,"[0.9340596780273533, 0.09446449835144466, 0.9453687199297687, 0.4296319873487293, 0.3954576491945416, -0.5678210088392472, 0.9525489095524835, -0.9875394895908203, -0.4940352752331121, -0.13041693519110842, 0.5587658435875049, -0.6046298507994938, 0.7259864711984445, 0.9668013543506255, -0.6723155171906026, 0.19466788786571843, -0.98202780466489, -0.22685743471274122, -0.9116798841370009, 0.9133059354284718, -0.1277067062404047, 0.8979546135631256, 0.5726119718701219, 0.7325785971633969, -0.6536691570081037, -0.850102825973786, 0.2014854427555386, -0.6640556325631923, 0.4667603350211398, -0.18311227969597055, 0.05581764683584067, 0.875143167901884, 0.043392244889916, -0.7836132342255386, -0.6835531856304011, 0.09040530340642561, 0.04880816013694678, 0.2752204882519873, -0.1970091128194542, 0.2996102180386846, -0.20619999419653467, 0.24783222709644614, 0.5348099341802477, -0.6420521799177383, -0.24884846282491524, 0.005066118653868745, 0.3733341598326916, -0.4926407026772337, 0.10948172588511706, 0.24986168812819542, 0.7910023321122921, -0.27429282313374714, 0.2751141460374733, -0.6171071957620733, -0.004411770765388567, -0.6351091908575863, 0.8367660782795254, -0.13635585731754474, 0.6603762041966925, -0.16644739064327485, 0.8093351774867339, -0.19034956537818792, -0.33765099381775454, 0.14427754054549724, 0.6908872981882266, 0.7220286235061439, 0.19137623413666893, -0.8306767779591795, 0.19453321463834983, -0.5090925828337958, 0.46518689717993555, 0.7893025846334776, 0.0294679418262902, 0.20712702072041278, -0.8698643752343853, 0.08014945928561268, -0.7416264326591246, 0.22912569270066396, -0.2726993059103242, 0.5355160686614915, -0.902931727160895, -0.7803637637643119, 0.36804643024725525, 0.029307394167312983, 0.1432827432294983, 0.6874139879813108, -0.024524721700651453, 0.6202888442522898, 0.020487258589880097, 0.8534413864805024, 0.333855543079252, -0.7025463211318861, -0.27089364934848836, 0.7315498318881986, -0.29942957828896866, -0.6219484810876903, -0.0547573816684539, -0.21443765035574014, 0.23785985328818726, -0.12646741612097356, -0.47815568541100895, -0.17505557667448635, -0.16193193089539926, 0.8048437117522818, 0.9592325240809707, 0.24713767881382775, -0.8336317548582777, 0.46599743519199, 0.357370804957968, 0.6520457340504391, -0.3050973265778887, -0.8822398116837538, 0.2236436329105842, -0.751970763373456, 0.5190590583266628, 0.5888466351532844, -0.18274642650020412, 0.8875950117660911, -0.6524404124894483, 0.8851716994539605]",rhc,relu,False,False,100,[10],0.1,100,4
461,61,0.16964800003916025,1.809514998201624,679.0,100,15,"[0.9340596780273533, 0.09446449835144466, 0.9453687199297687, 0.4296319873487293, 0.3954576491945416, -0.5678210088392472, 0.9525489095524835, -0.9875394895908203, -0.4940352752331121, -0.13041693519110842, 0.5587658435875049, -0.6046298507994938, 0.7259864711984445, 0.9668013543506255, -0.6723155171906026, 0.19466788786571843, -0.98202780466489, -0.22685743471274122, -0.9116798841370009, 0.9133059354284718, -0.1277067062404047, 0.8979546135631256, 0.5726119718701219, 0.7325785971633969, -0.6536691570081037, -0.850102825973786, 0.2014854427555386, -0.6640556325631923, 0.4667603350211398, -0.18311227969597055, 0.05581764683584067, 0.875143167901884, 0.043392244889916, -0.7836132342255386, -0.6835531856304011, 0.09040530340642561, 0.04880816013694678, 0.2752204882519873, -0.1970091128194542, 0.2996102180386846, -0.20619999419653467, 0.24783222709644614, 0.5348099341802477, -0.6420521799177383, -0.24884846282491524, 0.005066118653868745, 0.3733341598326916, -0.4926407026772337, 0.10948172588511706, 0.24986168812819542, 0.7910023321122921, -0.27429282313374714, 0.2751141460374733, -0.6171071957620733, -0.004411770765388567, -0.6351091908575863, 0.8367660782795254, -0.13635585731754474, 0.6603762041966925, -0.16644739064327485, 0.8093351774867339, -0.19034956537818792, -0.33765099381775454, 0.14427754054549724, 0.6908872981882266, 0.7220286235061439, 0.19137623413666893, -0.8306767779591795, 0.19453321463834983, -0.5090925828337958, 0.46518689717993555, 0.7893025846334776, 0.0294679418262902, 0.20712702072041278, -0.8698643752343853, 0.08014945928561268, -0.7416264326591246, 0.22912569270066396, -0.2726993059103242, 0.5355160686614915, -0.902931727160895, -0.7803637637643119, 0.36804643024725525, 0.029307394167312983, 0.1432827432294983, 0.6874139879813108, -0.024524721700651453, 0.6202888442522898, 0.020487258589880097, 0.8534413864805024, 0.333855543079252, -0.7025463211318861, -0.27089364934848836, 0.7315498318881986, -0.29942957828896866, -0.6219484810876903, -0.0547573816684539, -0.21443765035574014, 0.23785985328818726, -0.12646741612097356, -0.47815568541100895, -0.17505557667448635, -0.16193193089539926, 0.8048437117522818, 0.9592325240809707, 0.24713767881382775, -0.8336317548582777, 0.46599743519199, 0.357370804957968, 0.6520457340504391, -0.3050973265778887, -0.8822398116837538, 0.2236436329105842, -0.751970763373456, 0.5190590583266628, 0.5888466351532844, -0.18274642650020412, 0.8875950117660911, -0.6524404124894483, 0.8851716994539605]",rhc,relu,False,False,100,[10],0.1,100,4
462,62,0.172666700091213,1.7951479823935366,681.0,100,15,"[0.9340596780273533, 0.09446449835144466, 0.9453687199297687, 0.4296319873487293, 0.3954576491945416, -0.5678210088392472, 0.9525489095524835, -0.9875394895908203, -0.4940352752331121, -0.13041693519110842, 0.5587658435875049, -0.6046298507994938, 0.7259864711984445, 0.9668013543506255, -0.6723155171906026, 0.19466788786571843, -0.98202780466489, -0.22685743471274122, -0.9116798841370009, 0.9133059354284718, -0.1277067062404047, 0.8979546135631256, 0.5726119718701219, 0.7325785971633969, -0.6536691570081037, -0.850102825973786, 0.2014854427555386, -0.6640556325631923, 0.4667603350211398, -0.18311227969597055, 0.05581764683584067, 0.875143167901884, 0.043392244889916, -0.7836132342255386, -0.6835531856304011, 0.09040530340642561, 0.04880816013694678, 0.2752204882519873, -0.1970091128194542, 0.2996102180386846, -0.20619999419653467, 0.24783222709644614, 0.5348099341802477, -0.6420521799177383, -0.24884846282491524, 0.005066118653868745, 0.3733341598326916, -0.4926407026772337, 0.10948172588511706, 0.24986168812819542, 0.7910023321122921, -0.27429282313374714, 0.2751141460374733, -0.6171071957620733, -0.004411770765388567, -0.6351091908575863, 0.8367660782795254, -0.13635585731754474, 0.6603762041966925, -0.16644739064327485, 0.8093351774867339, -0.19034956537818792, -0.33765099381775454, 0.14427754054549724, 0.6908872981882266, 0.7220286235061439, 0.19137623413666893, -0.8306767779591795, 0.19453321463834983, -0.5090925828337958, 0.46518689717993555, 0.7893025846334776, 0.0294679418262902, 0.20712702072041278, -0.8698643752343853, 0.08014945928561268, -0.7416264326591246, 0.22912569270066396, -0.2726993059103242, 0.5355160686614915, -0.902931727160895, -0.7803637637643119, 0.36804643024725525, 0.029307394167312983, 0.1432827432294983, 0.6874139879813108, -0.024524721700651453, 0.6202888442522898, 0.020487258589880097, 0.8534413864805024, 0.333855543079252, -0.7025463211318861, -0.27089364934848836, 0.7315498318881986, -0.29942957828896866, -0.6219484810876903, -0.0547573816684539, -0.21443765035574014, 0.23785985328818726, -0.12646741612097356, -0.47815568541100895, -0.17505557667448635, -0.16193193089539926, 0.8048437117522818, 0.9592325240809707, 0.24713767881382775, -0.8336317548582777, 0.46599743519199, 0.357370804957968, 0.6520457340504391, -0.3050973265778887, -0.8822398116837538, 0.2236436329105842, -0.751970763373456, 0.5190590583266628, 0.5888466351532844, -0.18274642650020412, 0.8875950117660911, -0.6524404124894483, 0.8851716994539605]",rhc,relu,False,False,100,[10],0.1,100,4
463,63,0.1759350000647828,1.7951479823935366,682.0,100,15,"[0.9340596780273533, 0.09446449835144466, 0.9453687199297687, 0.4296319873487293, 0.3954576491945416, -0.5678210088392472, 0.9525489095524835, -0.9875394895908203, -0.4940352752331121, -0.13041693519110842, 0.5587658435875049, -0.6046298507994938, 0.7259864711984445, 0.9668013543506255, -0.6723155171906026, 0.19466788786571843, -0.98202780466489, -0.22685743471274122, -0.9116798841370009, 0.9133059354284718, -0.1277067062404047, 0.8979546135631256, 0.5726119718701219, 0.7325785971633969, -0.6536691570081037, -0.850102825973786, 0.2014854427555386, -0.6640556325631923, 0.4667603350211398, -0.18311227969597055, 0.05581764683584067, 0.875143167901884, 0.043392244889916, -0.7836132342255386, -0.6835531856304011, 0.09040530340642561, 0.04880816013694678, 0.2752204882519873, -0.1970091128194542, 0.2996102180386846, -0.20619999419653467, 0.24783222709644614, 0.5348099341802477, -0.6420521799177383, -0.24884846282491524, 0.005066118653868745, 0.3733341598326916, -0.4926407026772337, 0.10948172588511706, 0.24986168812819542, 0.7910023321122921, -0.27429282313374714, 0.2751141460374733, -0.6171071957620733, -0.004411770765388567, -0.6351091908575863, 0.8367660782795254, -0.13635585731754474, 0.6603762041966925, -0.16644739064327485, 0.8093351774867339, -0.19034956537818792, -0.33765099381775454, 0.14427754054549724, 0.6908872981882266, 0.7220286235061439, 0.19137623413666893, -0.8306767779591795, 0.19453321463834983, -0.5090925828337958, 0.46518689717993555, 0.7893025846334776, 0.0294679418262902, 0.20712702072041278, -0.8698643752343853, 0.08014945928561268, -0.7416264326591246, 0.22912569270066396, -0.2726993059103242, 0.5355160686614915, -0.902931727160895, -0.7803637637643119, 0.36804643024725525, 0.029307394167312983, 0.1432827432294983, 0.6874139879813108, -0.024524721700651453, 0.6202888442522898, 0.020487258589880097, 0.8534413864805024, 0.333855543079252, -0.7025463211318861, -0.27089364934848836, 0.7315498318881986, -0.29942957828896866, -0.6219484810876903, -0.0547573816684539, -0.21443765035574014, 0.23785985328818726, -0.12646741612097356, -0.47815568541100895, -0.17505557667448635, -0.16193193089539926, 0.8048437117522818, 0.9592325240809707, 0.24713767881382775, -0.8336317548582777, 0.46599743519199, 0.357370804957968, 0.6520457340504391, -0.3050973265778887, -0.8822398116837538, 0.2236436329105842, -0.751970763373456, 0.5190590583266628, 0.5888466351532844, -0.18274642650020412, 0.8875950117660911, -0.6524404124894483, 0.8851716994539605]",rhc,relu,False,False,100,[10],0.1,100,4
464,64,0.17886750004254282,1.7947709391006874,684.0,100,15,"[0.9340596780273533, 0.09446449835144466, 0.9453687199297687, 0.4296319873487293, 0.3954576491945416, -0.5678210088392472, 0.9525489095524835, -0.9875394895908203, -0.4940352752331121, -0.13041693519110842, 0.5587658435875049, -0.6046298507994938, 0.7259864711984445, 0.9668013543506255, -0.6723155171906026, 0.19466788786571843, -0.98202780466489, -0.22685743471274122, -0.9116798841370009, 0.9133059354284718, -0.1277067062404047, 0.8979546135631256, 0.5726119718701219, 0.7325785971633969, -0.6536691570081037, -0.850102825973786, 0.2014854427555386, -0.6640556325631923, 0.4667603350211398, -0.18311227969597055, 0.05581764683584067, 0.875143167901884, 0.043392244889916, -0.7836132342255386, -0.6835531856304011, 0.09040530340642561, 0.04880816013694678, 0.2752204882519873, -0.1970091128194542, 0.2996102180386846, -0.20619999419653467, 0.24783222709644614, 0.5348099341802477, -0.6420521799177383, -0.24884846282491524, 0.005066118653868745, 0.3733341598326916, -0.4926407026772337, 0.10948172588511706, 0.24986168812819542, 0.7910023321122921, -0.27429282313374714, 0.2751141460374733, -0.6171071957620733, -0.004411770765388567, -0.6351091908575863, 0.8367660782795254, -0.13635585731754474, 0.6603762041966925, -0.16644739064327485, 0.8093351774867339, -0.19034956537818792, -0.33765099381775454, 0.14427754054549724, 0.6908872981882266, 0.7220286235061439, 0.19137623413666893, -0.8306767779591795, 0.19453321463834983, -0.5090925828337958, 0.46518689717993555, 0.7893025846334776, 0.0294679418262902, 0.20712702072041278, -0.8698643752343853, 0.08014945928561268, -0.7416264326591246, 0.22912569270066396, -0.2726993059103242, 0.5355160686614915, -0.902931727160895, -0.7803637637643119, 0.36804643024725525, 0.029307394167312983, 0.1432827432294983, 0.6874139879813108, -0.024524721700651453, 0.6202888442522898, 0.020487258589880097, 0.8534413864805024, 0.333855543079252, -0.7025463211318861, -0.27089364934848836, 0.7315498318881986, -0.29942957828896866, -0.6219484810876903, -0.0547573816684539, -0.21443765035574014, 0.23785985328818726, -0.12646741612097356, -0.47815568541100895, -0.17505557667448635, -0.16193193089539926, 0.8048437117522818, 0.9592325240809707, 0.24713767881382775, -0.8336317548582777, 0.46599743519199, 0.357370804957968, 0.6520457340504391, -0.3050973265778887, -0.8822398116837538, 0.2236436329105842, -0.751970763373456, 0.5190590583266628, 0.5888466351532844, -0.18274642650020412, 0.8875950117660911, -0.6524404124894483, 0.8851716994539605]",rhc,relu,False,False,100,[10],0.1,100,4
465,65,0.1803774000145495,1.789241605305545,686.0,100,15,"[0.9340596780273533, 0.09446449835144466, 0.9453687199297687, 0.4296319873487293, 0.3954576491945416, -0.5678210088392472, 0.9525489095524835, -0.9875394895908203, -0.4940352752331121, -0.13041693519110842, 0.5587658435875049, -0.6046298507994938, 0.7259864711984445, 0.9668013543506255, -0.6723155171906026, 0.19466788786571843, -0.98202780466489, -0.22685743471274122, -0.9116798841370009, 0.9133059354284718, -0.1277067062404047, 0.8979546135631256, 0.5726119718701219, 0.7325785971633969, -0.6536691570081037, -0.850102825973786, 0.2014854427555386, -0.6640556325631923, 0.4667603350211398, -0.18311227969597055, 0.05581764683584067, 0.875143167901884, 0.043392244889916, -0.7836132342255386, -0.6835531856304011, 0.09040530340642561, 0.04880816013694678, 0.2752204882519873, -0.1970091128194542, 0.2996102180386846, -0.20619999419653467, 0.24783222709644614, 0.5348099341802477, -0.6420521799177383, -0.24884846282491524, 0.005066118653868745, 0.3733341598326916, -0.4926407026772337, 0.10948172588511706, 0.24986168812819542, 0.7910023321122921, -0.27429282313374714, 0.2751141460374733, -0.6171071957620733, -0.004411770765388567, -0.6351091908575863, 0.8367660782795254, -0.13635585731754474, 0.6603762041966925, -0.16644739064327485, 0.8093351774867339, -0.19034956537818792, -0.33765099381775454, 0.14427754054549724, 0.6908872981882266, 0.7220286235061439, 0.19137623413666893, -0.8306767779591795, 0.19453321463834983, -0.5090925828337958, 0.46518689717993555, 0.7893025846334776, 0.0294679418262902, 0.20712702072041278, -0.8698643752343853, 0.08014945928561268, -0.7416264326591246, 0.22912569270066396, -0.2726993059103242, 0.5355160686614915, -0.902931727160895, -0.7803637637643119, 0.36804643024725525, 0.029307394167312983, 0.1432827432294983, 0.6874139879813108, -0.024524721700651453, 0.6202888442522898, 0.020487258589880097, 0.8534413864805024, 0.333855543079252, -0.7025463211318861, -0.27089364934848836, 0.7315498318881986, -0.29942957828896866, -0.6219484810876903, -0.0547573816684539, -0.21443765035574014, 0.23785985328818726, -0.12646741612097356, -0.47815568541100895, -0.17505557667448635, -0.16193193089539926, 0.8048437117522818, 0.9592325240809707, 0.24713767881382775, -0.8336317548582777, 0.46599743519199, 0.357370804957968, 0.6520457340504391, -0.3050973265778887, -0.8822398116837538, 0.2236436329105842, -0.751970763373456, 0.5190590583266628, 0.5888466351532844, -0.18274642650020412, 0.8875950117660911, -0.6524404124894483, 0.8851716994539605]",rhc,relu,False,False,100,[10],0.1,100,4
466,66,0.18194050004240125,1.7885828498692706,688.0,100,15,"[0.9340596780273533, 0.09446449835144466, 0.9453687199297687, 0.4296319873487293, 0.3954576491945416, -0.5678210088392472, 0.9525489095524835, -0.9875394895908203, -0.4940352752331121, -0.13041693519110842, 0.5587658435875049, -0.6046298507994938, 0.7259864711984445, 0.9668013543506255, -0.6723155171906026, 0.19466788786571843, -0.98202780466489, -0.22685743471274122, -0.9116798841370009, 0.9133059354284718, -0.1277067062404047, 0.8979546135631256, 0.5726119718701219, 0.7325785971633969, -0.6536691570081037, -0.850102825973786, 0.2014854427555386, -0.6640556325631923, 0.4667603350211398, -0.18311227969597055, 0.05581764683584067, 0.875143167901884, 0.043392244889916, -0.7836132342255386, -0.6835531856304011, 0.09040530340642561, 0.04880816013694678, 0.2752204882519873, -0.1970091128194542, 0.2996102180386846, -0.20619999419653467, 0.24783222709644614, 0.5348099341802477, -0.6420521799177383, -0.24884846282491524, 0.005066118653868745, 0.3733341598326916, -0.4926407026772337, 0.10948172588511706, 0.24986168812819542, 0.7910023321122921, -0.27429282313374714, 0.2751141460374733, -0.6171071957620733, -0.004411770765388567, -0.6351091908575863, 0.8367660782795254, -0.13635585731754474, 0.6603762041966925, -0.16644739064327485, 0.8093351774867339, -0.19034956537818792, -0.33765099381775454, 0.14427754054549724, 0.6908872981882266, 0.7220286235061439, 0.19137623413666893, -0.8306767779591795, 0.19453321463834983, -0.5090925828337958, 0.46518689717993555, 0.7893025846334776, 0.0294679418262902, 0.20712702072041278, -0.8698643752343853, 0.08014945928561268, -0.7416264326591246, 0.22912569270066396, -0.2726993059103242, 0.5355160686614915, -0.902931727160895, -0.7803637637643119, 0.36804643024725525, 0.029307394167312983, 0.1432827432294983, 0.6874139879813108, -0.024524721700651453, 0.6202888442522898, 0.020487258589880097, 0.8534413864805024, 0.333855543079252, -0.7025463211318861, -0.27089364934848836, 0.7315498318881986, -0.29942957828896866, -0.6219484810876903, -0.0547573816684539, -0.21443765035574014, 0.23785985328818726, -0.12646741612097356, -0.47815568541100895, -0.17505557667448635, -0.16193193089539926, 0.8048437117522818, 0.9592325240809707, 0.24713767881382775, -0.8336317548582777, 0.46599743519199, 0.357370804957968, 0.6520457340504391, -0.3050973265778887, -0.8822398116837538, 0.2236436329105842, -0.751970763373456, 0.5190590583266628, 0.5888466351532844, -0.18274642650020412, 0.8875950117660911, -0.6524404124894483, 0.8851716994539605]",rhc,relu,False,False,100,[10],0.1,100,4
467,67,0.1847929999930784,1.7881194868361192,690.0,100,15,"[0.9340596780273533, 0.09446449835144466, 0.9453687199297687, 0.4296319873487293, 0.3954576491945416, -0.5678210088392472, 0.9525489095524835, -0.9875394895908203, -0.4940352752331121, -0.13041693519110842, 0.5587658435875049, -0.6046298507994938, 0.7259864711984445, 0.9668013543506255, -0.6723155171906026, 0.19466788786571843, -0.98202780466489, -0.22685743471274122, -0.9116798841370009, 0.9133059354284718, -0.1277067062404047, 0.8979546135631256, 0.5726119718701219, 0.7325785971633969, -0.6536691570081037, -0.850102825973786, 0.2014854427555386, -0.6640556325631923, 0.4667603350211398, -0.18311227969597055, 0.05581764683584067, 0.875143167901884, 0.043392244889916, -0.7836132342255386, -0.6835531856304011, 0.09040530340642561, 0.04880816013694678, 0.2752204882519873, -0.1970091128194542, 0.2996102180386846, -0.20619999419653467, 0.24783222709644614, 0.5348099341802477, -0.6420521799177383, -0.24884846282491524, 0.005066118653868745, 0.3733341598326916, -0.4926407026772337, 0.10948172588511706, 0.24986168812819542, 0.7910023321122921, -0.27429282313374714, 0.2751141460374733, -0.6171071957620733, -0.004411770765388567, -0.6351091908575863, 0.8367660782795254, -0.13635585731754474, 0.6603762041966925, -0.16644739064327485, 0.8093351774867339, -0.19034956537818792, -0.33765099381775454, 0.14427754054549724, 0.6908872981882266, 0.7220286235061439, 0.19137623413666893, -0.8306767779591795, 0.19453321463834983, -0.5090925828337958, 0.46518689717993555, 0.7893025846334776, 0.0294679418262902, 0.20712702072041278, -0.8698643752343853, 0.08014945928561268, -0.7416264326591246, 0.22912569270066396, -0.2726993059103242, 0.5355160686614915, -0.902931727160895, -0.7803637637643119, 0.36804643024725525, 0.029307394167312983, 0.1432827432294983, 0.6874139879813108, -0.024524721700651453, 0.6202888442522898, 0.020487258589880097, 0.8534413864805024, 0.333855543079252, -0.7025463211318861, -0.27089364934848836, 0.7315498318881986, -0.29942957828896866, -0.6219484810876903, -0.0547573816684539, -0.21443765035574014, 0.23785985328818726, -0.12646741612097356, -0.47815568541100895, -0.17505557667448635, -0.16193193089539926, 0.8048437117522818, 0.9592325240809707, 0.24713767881382775, -0.8336317548582777, 0.46599743519199, 0.357370804957968, 0.6520457340504391, -0.3050973265778887, -0.8822398116837538, 0.2236436329105842, -0.751970763373456, 0.5190590583266628, 0.5888466351532844, -0.18274642650020412, 0.8875950117660911, -0.6524404124894483, 0.8851716994539605]",rhc,relu,False,False,100,[10],0.1,100,4
468,68,0.18640930007677525,1.7875544654272315,692.0,100,15,"[0.9340596780273533, 0.09446449835144466, 0.9453687199297687, 0.4296319873487293, 0.3954576491945416, -0.5678210088392472, 0.9525489095524835, -0.9875394895908203, -0.4940352752331121, -0.13041693519110842, 0.5587658435875049, -0.6046298507994938, 0.7259864711984445, 0.9668013543506255, -0.6723155171906026, 0.19466788786571843, -0.98202780466489, -0.22685743471274122, -0.9116798841370009, 0.9133059354284718, -0.1277067062404047, 0.8979546135631256, 0.5726119718701219, 0.7325785971633969, -0.6536691570081037, -0.850102825973786, 0.2014854427555386, -0.6640556325631923, 0.4667603350211398, -0.18311227969597055, 0.05581764683584067, 0.875143167901884, 0.043392244889916, -0.7836132342255386, -0.6835531856304011, 0.09040530340642561, 0.04880816013694678, 0.2752204882519873, -0.1970091128194542, 0.2996102180386846, -0.20619999419653467, 0.24783222709644614, 0.5348099341802477, -0.6420521799177383, -0.24884846282491524, 0.005066118653868745, 0.3733341598326916, -0.4926407026772337, 0.10948172588511706, 0.24986168812819542, 0.7910023321122921, -0.27429282313374714, 0.2751141460374733, -0.6171071957620733, -0.004411770765388567, -0.6351091908575863, 0.8367660782795254, -0.13635585731754474, 0.6603762041966925, -0.16644739064327485, 0.8093351774867339, -0.19034956537818792, -0.33765099381775454, 0.14427754054549724, 0.6908872981882266, 0.7220286235061439, 0.19137623413666893, -0.8306767779591795, 0.19453321463834983, -0.5090925828337958, 0.46518689717993555, 0.7893025846334776, 0.0294679418262902, 0.20712702072041278, -0.8698643752343853, 0.08014945928561268, -0.7416264326591246, 0.22912569270066396, -0.2726993059103242, 0.5355160686614915, -0.902931727160895, -0.7803637637643119, 0.36804643024725525, 0.029307394167312983, 0.1432827432294983, 0.6874139879813108, -0.024524721700651453, 0.6202888442522898, 0.020487258589880097, 0.8534413864805024, 0.333855543079252, -0.7025463211318861, -0.27089364934848836, 0.7315498318881986, -0.29942957828896866, -0.6219484810876903, -0.0547573816684539, -0.21443765035574014, 0.23785985328818726, -0.12646741612097356, -0.47815568541100895, -0.17505557667448635, -0.16193193089539926, 0.8048437117522818, 0.9592325240809707, 0.24713767881382775, -0.8336317548582777, 0.46599743519199, 0.357370804957968, 0.6520457340504391, -0.3050973265778887, -0.8822398116837538, 0.2236436329105842, -0.751970763373456, 0.5190590583266628, 0.5888466351532844, -0.18274642650020412, 0.8875950117660911, -0.6524404124894483, 0.8851716994539605]",rhc,relu,False,False,100,[10],0.1,100,4
469,69,0.18797269999049604,1.7863897547872138,694.0,100,15,"[0.9340596780273533, 0.09446449835144466, 0.9453687199297687, 0.4296319873487293, 0.3954576491945416, -0.5678210088392472, 0.9525489095524835, -0.9875394895908203, -0.4940352752331121, -0.13041693519110842, 0.5587658435875049, -0.6046298507994938, 0.7259864711984445, 0.9668013543506255, -0.6723155171906026, 0.19466788786571843, -0.98202780466489, -0.22685743471274122, -0.9116798841370009, 0.9133059354284718, -0.1277067062404047, 0.8979546135631256, 0.5726119718701219, 0.7325785971633969, -0.6536691570081037, -0.850102825973786, 0.2014854427555386, -0.6640556325631923, 0.4667603350211398, -0.18311227969597055, 0.05581764683584067, 0.875143167901884, 0.043392244889916, -0.7836132342255386, -0.6835531856304011, 0.09040530340642561, 0.04880816013694678, 0.2752204882519873, -0.1970091128194542, 0.2996102180386846, -0.20619999419653467, 0.24783222709644614, 0.5348099341802477, -0.6420521799177383, -0.24884846282491524, 0.005066118653868745, 0.3733341598326916, -0.4926407026772337, 0.10948172588511706, 0.24986168812819542, 0.7910023321122921, -0.27429282313374714, 0.2751141460374733, -0.6171071957620733, -0.004411770765388567, -0.6351091908575863, 0.8367660782795254, -0.13635585731754474, 0.6603762041966925, -0.16644739064327485, 0.8093351774867339, -0.19034956537818792, -0.33765099381775454, 0.14427754054549724, 0.6908872981882266, 0.7220286235061439, 0.19137623413666893, -0.8306767779591795, 0.19453321463834983, -0.5090925828337958, 0.46518689717993555, 0.7893025846334776, 0.0294679418262902, 0.20712702072041278, -0.8698643752343853, 0.08014945928561268, -0.7416264326591246, 0.22912569270066396, -0.2726993059103242, 0.5355160686614915, -0.902931727160895, -0.7803637637643119, 0.36804643024725525, 0.029307394167312983, 0.1432827432294983, 0.6874139879813108, -0.024524721700651453, 0.6202888442522898, 0.020487258589880097, 0.8534413864805024, 0.333855543079252, -0.7025463211318861, -0.27089364934848836, 0.7315498318881986, -0.29942957828896866, -0.6219484810876903, -0.0547573816684539, -0.21443765035574014, 0.23785985328818726, -0.12646741612097356, -0.47815568541100895, -0.17505557667448635, -0.16193193089539926, 0.8048437117522818, 0.9592325240809707, 0.24713767881382775, -0.8336317548582777, 0.46599743519199, 0.357370804957968, 0.6520457340504391, -0.3050973265778887, -0.8822398116837538, 0.2236436329105842, -0.751970763373456, 0.5190590583266628, 0.5888466351532844, -0.18274642650020412, 0.8875950117660911, -0.6524404124894483, 0.8851716994539605]",rhc,relu,False,False,100,[10],0.1,100,4
470,70,0.1908457000972703,1.7799280449811767,696.0,100,15,"[0.9340596780273533, 0.09446449835144466, 0.9453687199297687, 0.4296319873487293, 0.3954576491945416, -0.5678210088392472, 0.9525489095524835, -0.9875394895908203, -0.4940352752331121, -0.13041693519110842, 0.5587658435875049, -0.6046298507994938, 0.7259864711984445, 0.9668013543506255, -0.6723155171906026, 0.19466788786571843, -0.98202780466489, -0.22685743471274122, -0.9116798841370009, 0.9133059354284718, -0.1277067062404047, 0.8979546135631256, 0.5726119718701219, 0.7325785971633969, -0.6536691570081037, -0.850102825973786, 0.2014854427555386, -0.6640556325631923, 0.4667603350211398, -0.18311227969597055, 0.05581764683584067, 0.875143167901884, 0.043392244889916, -0.7836132342255386, -0.6835531856304011, 0.09040530340642561, 0.04880816013694678, 0.2752204882519873, -0.1970091128194542, 0.2996102180386846, -0.20619999419653467, 0.24783222709644614, 0.5348099341802477, -0.6420521799177383, -0.24884846282491524, 0.005066118653868745, 0.3733341598326916, -0.4926407026772337, 0.10948172588511706, 0.24986168812819542, 0.7910023321122921, -0.27429282313374714, 0.2751141460374733, -0.6171071957620733, -0.004411770765388567, -0.6351091908575863, 0.8367660782795254, -0.13635585731754474, 0.6603762041966925, -0.16644739064327485, 0.8093351774867339, -0.19034956537818792, -0.33765099381775454, 0.14427754054549724, 0.6908872981882266, 0.7220286235061439, 0.19137623413666893, -0.8306767779591795, 0.19453321463834983, -0.5090925828337958, 0.46518689717993555, 0.7893025846334776, 0.0294679418262902, 0.20712702072041278, -0.8698643752343853, 0.08014945928561268, -0.7416264326591246, 0.22912569270066396, -0.2726993059103242, 0.5355160686614915, -0.902931727160895, -0.7803637637643119, 0.36804643024725525, 0.029307394167312983, 0.1432827432294983, 0.6874139879813108, -0.024524721700651453, 0.6202888442522898, 0.020487258589880097, 0.8534413864805024, 0.333855543079252, -0.7025463211318861, -0.27089364934848836, 0.7315498318881986, -0.29942957828896866, -0.6219484810876903, -0.0547573816684539, -0.21443765035574014, 0.23785985328818726, -0.12646741612097356, -0.47815568541100895, -0.17505557667448635, -0.16193193089539926, 0.8048437117522818, 0.9592325240809707, 0.24713767881382775, -0.8336317548582777, 0.46599743519199, 0.357370804957968, 0.6520457340504391, -0.3050973265778887, -0.8822398116837538, 0.2236436329105842, -0.751970763373456, 0.5190590583266628, 0.5888466351532844, -0.18274642650020412, 0.8875950117660911, -0.6524404124894483, 0.8851716994539605]",rhc,relu,False,False,100,[10],0.1,100,4
471,71,0.1941902000689879,1.7799280449811767,697.0,100,15,"[0.9340596780273533, 0.09446449835144466, 0.9453687199297687, 0.4296319873487293, 0.3954576491945416, -0.5678210088392472, 0.9525489095524835, -0.9875394895908203, -0.4940352752331121, -0.13041693519110842, 0.5587658435875049, -0.6046298507994938, 0.7259864711984445, 0.9668013543506255, -0.6723155171906026, 0.19466788786571843, -0.98202780466489, -0.22685743471274122, -0.9116798841370009, 0.9133059354284718, -0.1277067062404047, 0.8979546135631256, 0.5726119718701219, 0.7325785971633969, -0.6536691570081037, -0.850102825973786, 0.2014854427555386, -0.6640556325631923, 0.4667603350211398, -0.18311227969597055, 0.05581764683584067, 0.875143167901884, 0.043392244889916, -0.7836132342255386, -0.6835531856304011, 0.09040530340642561, 0.04880816013694678, 0.2752204882519873, -0.1970091128194542, 0.2996102180386846, -0.20619999419653467, 0.24783222709644614, 0.5348099341802477, -0.6420521799177383, -0.24884846282491524, 0.005066118653868745, 0.3733341598326916, -0.4926407026772337, 0.10948172588511706, 0.24986168812819542, 0.7910023321122921, -0.27429282313374714, 0.2751141460374733, -0.6171071957620733, -0.004411770765388567, -0.6351091908575863, 0.8367660782795254, -0.13635585731754474, 0.6603762041966925, -0.16644739064327485, 0.8093351774867339, -0.19034956537818792, -0.33765099381775454, 0.14427754054549724, 0.6908872981882266, 0.7220286235061439, 0.19137623413666893, -0.8306767779591795, 0.19453321463834983, -0.5090925828337958, 0.46518689717993555, 0.7893025846334776, 0.0294679418262902, 0.20712702072041278, -0.8698643752343853, 0.08014945928561268, -0.7416264326591246, 0.22912569270066396, -0.2726993059103242, 0.5355160686614915, -0.902931727160895, -0.7803637637643119, 0.36804643024725525, 0.029307394167312983, 0.1432827432294983, 0.6874139879813108, -0.024524721700651453, 0.6202888442522898, 0.020487258589880097, 0.8534413864805024, 0.333855543079252, -0.7025463211318861, -0.27089364934848836, 0.7315498318881986, -0.29942957828896866, -0.6219484810876903, -0.0547573816684539, -0.21443765035574014, 0.23785985328818726, -0.12646741612097356, -0.47815568541100895, -0.17505557667448635, -0.16193193089539926, 0.8048437117522818, 0.9592325240809707, 0.24713767881382775, -0.8336317548582777, 0.46599743519199, 0.357370804957968, 0.6520457340504391, -0.3050973265778887, -0.8822398116837538, 0.2236436329105842, -0.751970763373456, 0.5190590583266628, 0.5888466351532844, -0.18274642650020412, 0.8875950117660911, -0.6524404124894483, 0.8851716994539605]",rhc,relu,False,False,100,[10],0.1,100,4
472,72,0.19706690008752048,1.7790318210031937,699.0,100,15,"[0.9340596780273533, 0.09446449835144466, 0.9453687199297687, 0.4296319873487293, 0.3954576491945416, -0.5678210088392472, 0.9525489095524835, -0.9875394895908203, -0.4940352752331121, -0.13041693519110842, 0.5587658435875049, -0.6046298507994938, 0.7259864711984445, 0.9668013543506255, -0.6723155171906026, 0.19466788786571843, -0.98202780466489, -0.22685743471274122, -0.9116798841370009, 0.9133059354284718, -0.1277067062404047, 0.8979546135631256, 0.5726119718701219, 0.7325785971633969, -0.6536691570081037, -0.850102825973786, 0.2014854427555386, -0.6640556325631923, 0.4667603350211398, -0.18311227969597055, 0.05581764683584067, 0.875143167901884, 0.043392244889916, -0.7836132342255386, -0.6835531856304011, 0.09040530340642561, 0.04880816013694678, 0.2752204882519873, -0.1970091128194542, 0.2996102180386846, -0.20619999419653467, 0.24783222709644614, 0.5348099341802477, -0.6420521799177383, -0.24884846282491524, 0.005066118653868745, 0.3733341598326916, -0.4926407026772337, 0.10948172588511706, 0.24986168812819542, 0.7910023321122921, -0.27429282313374714, 0.2751141460374733, -0.6171071957620733, -0.004411770765388567, -0.6351091908575863, 0.8367660782795254, -0.13635585731754474, 0.6603762041966925, -0.16644739064327485, 0.8093351774867339, -0.19034956537818792, -0.33765099381775454, 0.14427754054549724, 0.6908872981882266, 0.7220286235061439, 0.19137623413666893, -0.8306767779591795, 0.19453321463834983, -0.5090925828337958, 0.46518689717993555, 0.7893025846334776, 0.0294679418262902, 0.20712702072041278, -0.8698643752343853, 0.08014945928561268, -0.7416264326591246, 0.22912569270066396, -0.2726993059103242, 0.5355160686614915, -0.902931727160895, -0.7803637637643119, 0.36804643024725525, 0.029307394167312983, 0.1432827432294983, 0.6874139879813108, -0.024524721700651453, 0.6202888442522898, 0.020487258589880097, 0.8534413864805024, 0.333855543079252, -0.7025463211318861, -0.27089364934848836, 0.7315498318881986, -0.29942957828896866, -0.6219484810876903, -0.0547573816684539, -0.21443765035574014, 0.23785985328818726, -0.12646741612097356, -0.47815568541100895, -0.17505557667448635, -0.16193193089539926, 0.8048437117522818, 0.9592325240809707, 0.24713767881382775, -0.8336317548582777, 0.46599743519199, 0.357370804957968, 0.6520457340504391, -0.3050973265778887, -0.8822398116837538, 0.2236436329105842, -0.751970763373456, 0.5190590583266628, 0.5888466351532844, -0.18274642650020412, 0.8875950117660911, -0.6524404124894483, 0.8851716994539605]",rhc,relu,False,False,100,[10],0.1,100,4
473,73,0.19875830004457384,1.7790318210031937,700.0,100,15,"[0.9340596780273533, 0.09446449835144466, 0.9453687199297687, 0.4296319873487293, 0.3954576491945416, -0.5678210088392472, 0.9525489095524835, -0.9875394895908203, -0.4940352752331121, -0.13041693519110842, 0.5587658435875049, -0.6046298507994938, 0.7259864711984445, 0.9668013543506255, -0.6723155171906026, 0.19466788786571843, -0.98202780466489, -0.22685743471274122, -0.9116798841370009, 0.9133059354284718, -0.1277067062404047, 0.8979546135631256, 0.5726119718701219, 0.7325785971633969, -0.6536691570081037, -0.850102825973786, 0.2014854427555386, -0.6640556325631923, 0.4667603350211398, -0.18311227969597055, 0.05581764683584067, 0.875143167901884, 0.043392244889916, -0.7836132342255386, -0.6835531856304011, 0.09040530340642561, 0.04880816013694678, 0.2752204882519873, -0.1970091128194542, 0.2996102180386846, -0.20619999419653467, 0.24783222709644614, 0.5348099341802477, -0.6420521799177383, -0.24884846282491524, 0.005066118653868745, 0.3733341598326916, -0.4926407026772337, 0.10948172588511706, 0.24986168812819542, 0.7910023321122921, -0.27429282313374714, 0.2751141460374733, -0.6171071957620733, -0.004411770765388567, -0.6351091908575863, 0.8367660782795254, -0.13635585731754474, 0.6603762041966925, -0.16644739064327485, 0.8093351774867339, -0.19034956537818792, -0.33765099381775454, 0.14427754054549724, 0.6908872981882266, 0.7220286235061439, 0.19137623413666893, -0.8306767779591795, 0.19453321463834983, -0.5090925828337958, 0.46518689717993555, 0.7893025846334776, 0.0294679418262902, 0.20712702072041278, -0.8698643752343853, 0.08014945928561268, -0.7416264326591246, 0.22912569270066396, -0.2726993059103242, 0.5355160686614915, -0.902931727160895, -0.7803637637643119, 0.36804643024725525, 0.029307394167312983, 0.1432827432294983, 0.6874139879813108, -0.024524721700651453, 0.6202888442522898, 0.020487258589880097, 0.8534413864805024, 0.333855543079252, -0.7025463211318861, -0.27089364934848836, 0.7315498318881986, -0.29942957828896866, -0.6219484810876903, -0.0547573816684539, -0.21443765035574014, 0.23785985328818726, -0.12646741612097356, -0.47815568541100895, -0.17505557667448635, -0.16193193089539926, 0.8048437117522818, 0.9592325240809707, 0.24713767881382775, -0.8336317548582777, 0.46599743519199, 0.357370804957968, 0.6520457340504391, -0.3050973265778887, -0.8822398116837538, 0.2236436329105842, -0.751970763373456, 0.5190590583266628, 0.5888466351532844, -0.18274642650020412, 0.8875950117660911, -0.6524404124894483, 0.8851716994539605]",rhc,relu,False,False,100,[10],0.1,100,4
474,74,0.20192090002819896,1.7790318210031937,701.0,100,15,"[0.9340596780273533, 0.09446449835144466, 0.9453687199297687, 0.4296319873487293, 0.3954576491945416, -0.5678210088392472, 0.9525489095524835, -0.9875394895908203, -0.4940352752331121, -0.13041693519110842, 0.5587658435875049, -0.6046298507994938, 0.7259864711984445, 0.9668013543506255, -0.6723155171906026, 0.19466788786571843, -0.98202780466489, -0.22685743471274122, -0.9116798841370009, 0.9133059354284718, -0.1277067062404047, 0.8979546135631256, 0.5726119718701219, 0.7325785971633969, -0.6536691570081037, -0.850102825973786, 0.2014854427555386, -0.6640556325631923, 0.4667603350211398, -0.18311227969597055, 0.05581764683584067, 0.875143167901884, 0.043392244889916, -0.7836132342255386, -0.6835531856304011, 0.09040530340642561, 0.04880816013694678, 0.2752204882519873, -0.1970091128194542, 0.2996102180386846, -0.20619999419653467, 0.24783222709644614, 0.5348099341802477, -0.6420521799177383, -0.24884846282491524, 0.005066118653868745, 0.3733341598326916, -0.4926407026772337, 0.10948172588511706, 0.24986168812819542, 0.7910023321122921, -0.27429282313374714, 0.2751141460374733, -0.6171071957620733, -0.004411770765388567, -0.6351091908575863, 0.8367660782795254, -0.13635585731754474, 0.6603762041966925, -0.16644739064327485, 0.8093351774867339, -0.19034956537818792, -0.33765099381775454, 0.14427754054549724, 0.6908872981882266, 0.7220286235061439, 0.19137623413666893, -0.8306767779591795, 0.19453321463834983, -0.5090925828337958, 0.46518689717993555, 0.7893025846334776, 0.0294679418262902, 0.20712702072041278, -0.8698643752343853, 0.08014945928561268, -0.7416264326591246, 0.22912569270066396, -0.2726993059103242, 0.5355160686614915, -0.902931727160895, -0.7803637637643119, 0.36804643024725525, 0.029307394167312983, 0.1432827432294983, 0.6874139879813108, -0.024524721700651453, 0.6202888442522898, 0.020487258589880097, 0.8534413864805024, 0.333855543079252, -0.7025463211318861, -0.27089364934848836, 0.7315498318881986, -0.29942957828896866, -0.6219484810876903, -0.0547573816684539, -0.21443765035574014, 0.23785985328818726, -0.12646741612097356, -0.47815568541100895, -0.17505557667448635, -0.16193193089539926, 0.8048437117522818, 0.9592325240809707, 0.24713767881382775, -0.8336317548582777, 0.46599743519199, 0.357370804957968, 0.6520457340504391, -0.3050973265778887, -0.8822398116837538, 0.2236436329105842, -0.751970763373456, 0.5190590583266628, 0.5888466351532844, -0.18274642650020412, 0.8875950117660911, -0.6524404124894483, 0.8851716994539605]",rhc,relu,False,False,100,[10],0.1,100,4
475,75,0.2034730000887066,1.7788833160070248,703.0,100,15,"[0.9340596780273533, 0.09446449835144466, 0.9453687199297687, 0.4296319873487293, 0.3954576491945416, -0.5678210088392472, 0.9525489095524835, -0.9875394895908203, -0.4940352752331121, -0.13041693519110842, 0.5587658435875049, -0.6046298507994938, 0.7259864711984445, 0.9668013543506255, -0.6723155171906026, 0.19466788786571843, -0.98202780466489, -0.22685743471274122, -0.9116798841370009, 0.9133059354284718, -0.1277067062404047, 0.8979546135631256, 0.5726119718701219, 0.7325785971633969, -0.6536691570081037, -0.850102825973786, 0.2014854427555386, -0.6640556325631923, 0.4667603350211398, -0.18311227969597055, 0.05581764683584067, 0.875143167901884, 0.043392244889916, -0.7836132342255386, -0.6835531856304011, 0.09040530340642561, 0.04880816013694678, 0.2752204882519873, -0.1970091128194542, 0.2996102180386846, -0.20619999419653467, 0.24783222709644614, 0.5348099341802477, -0.6420521799177383, -0.24884846282491524, 0.005066118653868745, 0.3733341598326916, -0.4926407026772337, 0.10948172588511706, 0.24986168812819542, 0.7910023321122921, -0.27429282313374714, 0.2751141460374733, -0.6171071957620733, -0.004411770765388567, -0.6351091908575863, 0.8367660782795254, -0.13635585731754474, 0.6603762041966925, -0.16644739064327485, 0.8093351774867339, -0.19034956537818792, -0.33765099381775454, 0.14427754054549724, 0.6908872981882266, 0.7220286235061439, 0.19137623413666893, -0.8306767779591795, 0.19453321463834983, -0.5090925828337958, 0.46518689717993555, 0.7893025846334776, 0.0294679418262902, 0.20712702072041278, -0.8698643752343853, 0.08014945928561268, -0.7416264326591246, 0.22912569270066396, -0.2726993059103242, 0.5355160686614915, -0.902931727160895, -0.7803637637643119, 0.36804643024725525, 0.029307394167312983, 0.1432827432294983, 0.6874139879813108, -0.024524721700651453, 0.6202888442522898, 0.020487258589880097, 0.8534413864805024, 0.333855543079252, -0.7025463211318861, -0.27089364934848836, 0.7315498318881986, -0.29942957828896866, -0.6219484810876903, -0.0547573816684539, -0.21443765035574014, 0.23785985328818726, -0.12646741612097356, -0.47815568541100895, -0.17505557667448635, -0.16193193089539926, 0.8048437117522818, 0.9592325240809707, 0.24713767881382775, -0.8336317548582777, 0.46599743519199, 0.357370804957968, 0.6520457340504391, -0.3050973265778887, -0.8822398116837538, 0.2236436329105842, -0.751970763373456, 0.5190590583266628, 0.5888466351532844, -0.18274642650020412, 0.8875950117660911, -0.6524404124894483, 0.8851716994539605]",rhc,relu,False,False,100,[10],0.1,100,4
476,76,0.2065150000853464,1.7788833160070248,704.0,100,15,"[0.9340596780273533, 0.09446449835144466, 0.9453687199297687, 0.4296319873487293, 0.3954576491945416, -0.5678210088392472, 0.9525489095524835, -0.9875394895908203, -0.4940352752331121, -0.13041693519110842, 0.5587658435875049, -0.6046298507994938, 0.7259864711984445, 0.9668013543506255, -0.6723155171906026, 0.19466788786571843, -0.98202780466489, -0.22685743471274122, -0.9116798841370009, 0.9133059354284718, -0.1277067062404047, 0.8979546135631256, 0.5726119718701219, 0.7325785971633969, -0.6536691570081037, -0.850102825973786, 0.2014854427555386, -0.6640556325631923, 0.4667603350211398, -0.18311227969597055, 0.05581764683584067, 0.875143167901884, 0.043392244889916, -0.7836132342255386, -0.6835531856304011, 0.09040530340642561, 0.04880816013694678, 0.2752204882519873, -0.1970091128194542, 0.2996102180386846, -0.20619999419653467, 0.24783222709644614, 0.5348099341802477, -0.6420521799177383, -0.24884846282491524, 0.005066118653868745, 0.3733341598326916, -0.4926407026772337, 0.10948172588511706, 0.24986168812819542, 0.7910023321122921, -0.27429282313374714, 0.2751141460374733, -0.6171071957620733, -0.004411770765388567, -0.6351091908575863, 0.8367660782795254, -0.13635585731754474, 0.6603762041966925, -0.16644739064327485, 0.8093351774867339, -0.19034956537818792, -0.33765099381775454, 0.14427754054549724, 0.6908872981882266, 0.7220286235061439, 0.19137623413666893, -0.8306767779591795, 0.19453321463834983, -0.5090925828337958, 0.46518689717993555, 0.7893025846334776, 0.0294679418262902, 0.20712702072041278, -0.8698643752343853, 0.08014945928561268, -0.7416264326591246, 0.22912569270066396, -0.2726993059103242, 0.5355160686614915, -0.902931727160895, -0.7803637637643119, 0.36804643024725525, 0.029307394167312983, 0.1432827432294983, 0.6874139879813108, -0.024524721700651453, 0.6202888442522898, 0.020487258589880097, 0.8534413864805024, 0.333855543079252, -0.7025463211318861, -0.27089364934848836, 0.7315498318881986, -0.29942957828896866, -0.6219484810876903, -0.0547573816684539, -0.21443765035574014, 0.23785985328818726, -0.12646741612097356, -0.47815568541100895, -0.17505557667448635, -0.16193193089539926, 0.8048437117522818, 0.9592325240809707, 0.24713767881382775, -0.8336317548582777, 0.46599743519199, 0.357370804957968, 0.6520457340504391, -0.3050973265778887, -0.8822398116837538, 0.2236436329105842, -0.751970763373456, 0.5190590583266628, 0.5888466351532844, -0.18274642650020412, 0.8875950117660911, -0.6524404124894483, 0.8851716994539605]",rhc,relu,False,False,100,[10],0.1,100,4
477,77,0.20961990009527653,1.7783171669520674,706.0,100,15,"[0.9340596780273533, 0.09446449835144466, 0.9453687199297687, 0.4296319873487293, 0.3954576491945416, -0.5678210088392472, 0.9525489095524835, -0.9875394895908203, -0.4940352752331121, -0.13041693519110842, 0.5587658435875049, -0.6046298507994938, 0.7259864711984445, 0.9668013543506255, -0.6723155171906026, 0.19466788786571843, -0.98202780466489, -0.22685743471274122, -0.9116798841370009, 0.9133059354284718, -0.1277067062404047, 0.8979546135631256, 0.5726119718701219, 0.7325785971633969, -0.6536691570081037, -0.850102825973786, 0.2014854427555386, -0.6640556325631923, 0.4667603350211398, -0.18311227969597055, 0.05581764683584067, 0.875143167901884, 0.043392244889916, -0.7836132342255386, -0.6835531856304011, 0.09040530340642561, 0.04880816013694678, 0.2752204882519873, -0.1970091128194542, 0.2996102180386846, -0.20619999419653467, 0.24783222709644614, 0.5348099341802477, -0.6420521799177383, -0.24884846282491524, 0.005066118653868745, 0.3733341598326916, -0.4926407026772337, 0.10948172588511706, 0.24986168812819542, 0.7910023321122921, -0.27429282313374714, 0.2751141460374733, -0.6171071957620733, -0.004411770765388567, -0.6351091908575863, 0.8367660782795254, -0.13635585731754474, 0.6603762041966925, -0.16644739064327485, 0.8093351774867339, -0.19034956537818792, -0.33765099381775454, 0.14427754054549724, 0.6908872981882266, 0.7220286235061439, 0.19137623413666893, -0.8306767779591795, 0.19453321463834983, -0.5090925828337958, 0.46518689717993555, 0.7893025846334776, 0.0294679418262902, 0.20712702072041278, -0.8698643752343853, 0.08014945928561268, -0.7416264326591246, 0.22912569270066396, -0.2726993059103242, 0.5355160686614915, -0.902931727160895, -0.7803637637643119, 0.36804643024725525, 0.029307394167312983, 0.1432827432294983, 0.6874139879813108, -0.024524721700651453, 0.6202888442522898, 0.020487258589880097, 0.8534413864805024, 0.333855543079252, -0.7025463211318861, -0.27089364934848836, 0.7315498318881986, -0.29942957828896866, -0.6219484810876903, -0.0547573816684539, -0.21443765035574014, 0.23785985328818726, -0.12646741612097356, -0.47815568541100895, -0.17505557667448635, -0.16193193089539926, 0.8048437117522818, 0.9592325240809707, 0.24713767881382775, -0.8336317548582777, 0.46599743519199, 0.357370804957968, 0.6520457340504391, -0.3050973265778887, -0.8822398116837538, 0.2236436329105842, -0.751970763373456, 0.5190590583266628, 0.5888466351532844, -0.18274642650020412, 0.8875950117660911, -0.6524404124894483, 0.8851716994539605]",rhc,relu,False,False,100,[10],0.1,100,4
478,78,0.2124417000450194,1.7782401491329598,708.0,100,15,"[0.9340596780273533, 0.09446449835144466, 0.9453687199297687, 0.4296319873487293, 0.3954576491945416, -0.5678210088392472, 0.9525489095524835, -0.9875394895908203, -0.4940352752331121, -0.13041693519110842, 0.5587658435875049, -0.6046298507994938, 0.7259864711984445, 0.9668013543506255, -0.6723155171906026, 0.19466788786571843, -0.98202780466489, -0.22685743471274122, -0.9116798841370009, 0.9133059354284718, -0.1277067062404047, 0.8979546135631256, 0.5726119718701219, 0.7325785971633969, -0.6536691570081037, -0.850102825973786, 0.2014854427555386, -0.6640556325631923, 0.4667603350211398, -0.18311227969597055, 0.05581764683584067, 0.875143167901884, 0.043392244889916, -0.7836132342255386, -0.6835531856304011, 0.09040530340642561, 0.04880816013694678, 0.2752204882519873, -0.1970091128194542, 0.2996102180386846, -0.20619999419653467, 0.24783222709644614, 0.5348099341802477, -0.6420521799177383, -0.24884846282491524, 0.005066118653868745, 0.3733341598326916, -0.4926407026772337, 0.10948172588511706, 0.24986168812819542, 0.7910023321122921, -0.27429282313374714, 0.2751141460374733, -0.6171071957620733, -0.004411770765388567, -0.6351091908575863, 0.8367660782795254, -0.13635585731754474, 0.6603762041966925, -0.16644739064327485, 0.8093351774867339, -0.19034956537818792, -0.33765099381775454, 0.14427754054549724, 0.6908872981882266, 0.7220286235061439, 0.19137623413666893, -0.8306767779591795, 0.19453321463834983, -0.5090925828337958, 0.46518689717993555, 0.7893025846334776, 0.0294679418262902, 0.20712702072041278, -0.8698643752343853, 0.08014945928561268, -0.7416264326591246, 0.22912569270066396, -0.2726993059103242, 0.5355160686614915, -0.902931727160895, -0.7803637637643119, 0.36804643024725525, 0.029307394167312983, 0.1432827432294983, 0.6874139879813108, -0.024524721700651453, 0.6202888442522898, 0.020487258589880097, 0.8534413864805024, 0.333855543079252, -0.7025463211318861, -0.27089364934848836, 0.7315498318881986, -0.29942957828896866, -0.6219484810876903, -0.0547573816684539, -0.21443765035574014, 0.23785985328818726, -0.12646741612097356, -0.47815568541100895, -0.17505557667448635, -0.16193193089539926, 0.8048437117522818, 0.9592325240809707, 0.24713767881382775, -0.8336317548582777, 0.46599743519199, 0.357370804957968, 0.6520457340504391, -0.3050973265778887, -0.8822398116837538, 0.2236436329105842, -0.751970763373456, 0.5190590583266628, 0.5888466351532844, -0.18274642650020412, 0.8875950117660911, -0.6524404124894483, 0.8851716994539605]",rhc,relu,False,False,100,[10],0.1,100,4
479,79,0.21469990001060069,1.7774753368312697,710.0,100,15,"[0.9340596780273533, 0.09446449835144466, 0.9453687199297687, 0.4296319873487293, 0.3954576491945416, -0.5678210088392472, 0.9525489095524835, -0.9875394895908203, -0.4940352752331121, -0.13041693519110842, 0.5587658435875049, -0.6046298507994938, 0.7259864711984445, 0.9668013543506255, -0.6723155171906026, 0.19466788786571843, -0.98202780466489, -0.22685743471274122, -0.9116798841370009, 0.9133059354284718, -0.1277067062404047, 0.8979546135631256, 0.5726119718701219, 0.7325785971633969, -0.6536691570081037, -0.850102825973786, 0.2014854427555386, -0.6640556325631923, 0.4667603350211398, -0.18311227969597055, 0.05581764683584067, 0.875143167901884, 0.043392244889916, -0.7836132342255386, -0.6835531856304011, 0.09040530340642561, 0.04880816013694678, 0.2752204882519873, -0.1970091128194542, 0.2996102180386846, -0.20619999419653467, 0.24783222709644614, 0.5348099341802477, -0.6420521799177383, -0.24884846282491524, 0.005066118653868745, 0.3733341598326916, -0.4926407026772337, 0.10948172588511706, 0.24986168812819542, 0.7910023321122921, -0.27429282313374714, 0.2751141460374733, -0.6171071957620733, -0.004411770765388567, -0.6351091908575863, 0.8367660782795254, -0.13635585731754474, 0.6603762041966925, -0.16644739064327485, 0.8093351774867339, -0.19034956537818792, -0.33765099381775454, 0.14427754054549724, 0.6908872981882266, 0.7220286235061439, 0.19137623413666893, -0.8306767779591795, 0.19453321463834983, -0.5090925828337958, 0.46518689717993555, 0.7893025846334776, 0.0294679418262902, 0.20712702072041278, -0.8698643752343853, 0.08014945928561268, -0.7416264326591246, 0.22912569270066396, -0.2726993059103242, 0.5355160686614915, -0.902931727160895, -0.7803637637643119, 0.36804643024725525, 0.029307394167312983, 0.1432827432294983, 0.6874139879813108, -0.024524721700651453, 0.6202888442522898, 0.020487258589880097, 0.8534413864805024, 0.333855543079252, -0.7025463211318861, -0.27089364934848836, 0.7315498318881986, -0.29942957828896866, -0.6219484810876903, -0.0547573816684539, -0.21443765035574014, 0.23785985328818726, -0.12646741612097356, -0.47815568541100895, -0.17505557667448635, -0.16193193089539926, 0.8048437117522818, 0.9592325240809707, 0.24713767881382775, -0.8336317548582777, 0.46599743519199, 0.357370804957968, 0.6520457340504391, -0.3050973265778887, -0.8822398116837538, 0.2236436329105842, -0.751970763373456, 0.5190590583266628, 0.5888466351532844, -0.18274642650020412, 0.8875950117660911, -0.6524404124894483, 0.8851716994539605]",rhc,relu,False,False,100,[10],0.1,100,4
480,80,0.21622890001162887,1.767195374357699,712.0,100,15,"[0.9340596780273533, 0.09446449835144466, 0.9453687199297687, 0.4296319873487293, 0.3954576491945416, -0.5678210088392472, 0.9525489095524835, -0.9875394895908203, -0.4940352752331121, -0.13041693519110842, 0.5587658435875049, -0.6046298507994938, 0.7259864711984445, 0.9668013543506255, -0.6723155171906026, 0.19466788786571843, -0.98202780466489, -0.22685743471274122, -0.9116798841370009, 0.9133059354284718, -0.1277067062404047, 0.8979546135631256, 0.5726119718701219, 0.7325785971633969, -0.6536691570081037, -0.850102825973786, 0.2014854427555386, -0.6640556325631923, 0.4667603350211398, -0.18311227969597055, 0.05581764683584067, 0.875143167901884, 0.043392244889916, -0.7836132342255386, -0.6835531856304011, 0.09040530340642561, 0.04880816013694678, 0.2752204882519873, -0.1970091128194542, 0.2996102180386846, -0.20619999419653467, 0.24783222709644614, 0.5348099341802477, -0.6420521799177383, -0.24884846282491524, 0.005066118653868745, 0.3733341598326916, -0.4926407026772337, 0.10948172588511706, 0.24986168812819542, 0.7910023321122921, -0.27429282313374714, 0.2751141460374733, -0.6171071957620733, -0.004411770765388567, -0.6351091908575863, 0.8367660782795254, -0.13635585731754474, 0.6603762041966925, -0.16644739064327485, 0.8093351774867339, -0.19034956537818792, -0.33765099381775454, 0.14427754054549724, 0.6908872981882266, 0.7220286235061439, 0.19137623413666893, -0.8306767779591795, 0.19453321463834983, -0.5090925828337958, 0.46518689717993555, 0.7893025846334776, 0.0294679418262902, 0.20712702072041278, -0.8698643752343853, 0.08014945928561268, -0.7416264326591246, 0.22912569270066396, -0.2726993059103242, 0.5355160686614915, -0.902931727160895, -0.7803637637643119, 0.36804643024725525, 0.029307394167312983, 0.1432827432294983, 0.6874139879813108, -0.024524721700651453, 0.6202888442522898, 0.020487258589880097, 0.8534413864805024, 0.333855543079252, -0.7025463211318861, -0.27089364934848836, 0.7315498318881986, -0.29942957828896866, -0.6219484810876903, -0.0547573816684539, -0.21443765035574014, 0.23785985328818726, -0.12646741612097356, -0.47815568541100895, -0.17505557667448635, -0.16193193089539926, 0.8048437117522818, 0.9592325240809707, 0.24713767881382775, -0.8336317548582777, 0.46599743519199, 0.357370804957968, 0.6520457340504391, -0.3050973265778887, -0.8822398116837538, 0.2236436329105842, -0.751970763373456, 0.5190590583266628, 0.5888466351532844, -0.18274642650020412, 0.8875950117660911, -0.6524404124894483, 0.8851716994539605]",rhc,relu,False,False,100,[10],0.1,100,4
481,81,0.21764280006755143,1.767195374357699,713.0,100,15,"[0.9340596780273533, 0.09446449835144466, 0.9453687199297687, 0.4296319873487293, 0.3954576491945416, -0.5678210088392472, 0.9525489095524835, -0.9875394895908203, -0.4940352752331121, -0.13041693519110842, 0.5587658435875049, -0.6046298507994938, 0.7259864711984445, 0.9668013543506255, -0.6723155171906026, 0.19466788786571843, -0.98202780466489, -0.22685743471274122, -0.9116798841370009, 0.9133059354284718, -0.1277067062404047, 0.8979546135631256, 0.5726119718701219, 0.7325785971633969, -0.6536691570081037, -0.850102825973786, 0.2014854427555386, -0.6640556325631923, 0.4667603350211398, -0.18311227969597055, 0.05581764683584067, 0.875143167901884, 0.043392244889916, -0.7836132342255386, -0.6835531856304011, 0.09040530340642561, 0.04880816013694678, 0.2752204882519873, -0.1970091128194542, 0.2996102180386846, -0.20619999419653467, 0.24783222709644614, 0.5348099341802477, -0.6420521799177383, -0.24884846282491524, 0.005066118653868745, 0.3733341598326916, -0.4926407026772337, 0.10948172588511706, 0.24986168812819542, 0.7910023321122921, -0.27429282313374714, 0.2751141460374733, -0.6171071957620733, -0.004411770765388567, -0.6351091908575863, 0.8367660782795254, -0.13635585731754474, 0.6603762041966925, -0.16644739064327485, 0.8093351774867339, -0.19034956537818792, -0.33765099381775454, 0.14427754054549724, 0.6908872981882266, 0.7220286235061439, 0.19137623413666893, -0.8306767779591795, 0.19453321463834983, -0.5090925828337958, 0.46518689717993555, 0.7893025846334776, 0.0294679418262902, 0.20712702072041278, -0.8698643752343853, 0.08014945928561268, -0.7416264326591246, 0.22912569270066396, -0.2726993059103242, 0.5355160686614915, -0.902931727160895, -0.7803637637643119, 0.36804643024725525, 0.029307394167312983, 0.1432827432294983, 0.6874139879813108, -0.024524721700651453, 0.6202888442522898, 0.020487258589880097, 0.8534413864805024, 0.333855543079252, -0.7025463211318861, -0.27089364934848836, 0.7315498318881986, -0.29942957828896866, -0.6219484810876903, -0.0547573816684539, -0.21443765035574014, 0.23785985328818726, -0.12646741612097356, -0.47815568541100895, -0.17505557667448635, -0.16193193089539926, 0.8048437117522818, 0.9592325240809707, 0.24713767881382775, -0.8336317548582777, 0.46599743519199, 0.357370804957968, 0.6520457340504391, -0.3050973265778887, -0.8822398116837538, 0.2236436329105842, -0.751970763373456, 0.5190590583266628, 0.5888466351532844, -0.18274642650020412, 0.8875950117660911, -0.6524404124894483, 0.8851716994539605]",rhc,relu,False,False,100,[10],0.1,100,4
482,82,0.2193455999949947,1.7658817079923164,715.0,100,15,"[0.9340596780273533, 0.09446449835144466, 0.9453687199297687, 0.4296319873487293, 0.3954576491945416, -0.5678210088392472, 0.9525489095524835, -0.9875394895908203, -0.4940352752331121, -0.13041693519110842, 0.5587658435875049, -0.6046298507994938, 0.7259864711984445, 0.9668013543506255, -0.6723155171906026, 0.19466788786571843, -0.98202780466489, -0.22685743471274122, -0.9116798841370009, 0.9133059354284718, -0.1277067062404047, 0.8979546135631256, 0.5726119718701219, 0.7325785971633969, -0.6536691570081037, -0.850102825973786, 0.2014854427555386, -0.6640556325631923, 0.4667603350211398, -0.18311227969597055, 0.05581764683584067, 0.875143167901884, 0.043392244889916, -0.7836132342255386, -0.6835531856304011, 0.09040530340642561, 0.04880816013694678, 0.2752204882519873, -0.1970091128194542, 0.2996102180386846, -0.20619999419653467, 0.24783222709644614, 0.5348099341802477, -0.6420521799177383, -0.24884846282491524, 0.005066118653868745, 0.3733341598326916, -0.4926407026772337, 0.10948172588511706, 0.24986168812819542, 0.7910023321122921, -0.27429282313374714, 0.2751141460374733, -0.6171071957620733, -0.004411770765388567, -0.6351091908575863, 0.8367660782795254, -0.13635585731754474, 0.6603762041966925, -0.16644739064327485, 0.8093351774867339, -0.19034956537818792, -0.33765099381775454, 0.14427754054549724, 0.6908872981882266, 0.7220286235061439, 0.19137623413666893, -0.8306767779591795, 0.19453321463834983, -0.5090925828337958, 0.46518689717993555, 0.7893025846334776, 0.0294679418262902, 0.20712702072041278, -0.8698643752343853, 0.08014945928561268, -0.7416264326591246, 0.22912569270066396, -0.2726993059103242, 0.5355160686614915, -0.902931727160895, -0.7803637637643119, 0.36804643024725525, 0.029307394167312983, 0.1432827432294983, 0.6874139879813108, -0.024524721700651453, 0.6202888442522898, 0.020487258589880097, 0.8534413864805024, 0.333855543079252, -0.7025463211318861, -0.27089364934848836, 0.7315498318881986, -0.29942957828896866, -0.6219484810876903, -0.0547573816684539, -0.21443765035574014, 0.23785985328818726, -0.12646741612097356, -0.47815568541100895, -0.17505557667448635, -0.16193193089539926, 0.8048437117522818, 0.9592325240809707, 0.24713767881382775, -0.8336317548582777, 0.46599743519199, 0.357370804957968, 0.6520457340504391, -0.3050973265778887, -0.8822398116837538, 0.2236436329105842, -0.751970763373456, 0.5190590583266628, 0.5888466351532844, -0.18274642650020412, 0.8875950117660911, -0.6524404124894483, 0.8851716994539605]",rhc,relu,False,False,100,[10],0.1,100,4
483,83,0.22115360002499074,1.7658817079923164,716.0,100,15,"[0.9340596780273533, 0.09446449835144466, 0.9453687199297687, 0.4296319873487293, 0.3954576491945416, -0.5678210088392472, 0.9525489095524835, -0.9875394895908203, -0.4940352752331121, -0.13041693519110842, 0.5587658435875049, -0.6046298507994938, 0.7259864711984445, 0.9668013543506255, -0.6723155171906026, 0.19466788786571843, -0.98202780466489, -0.22685743471274122, -0.9116798841370009, 0.9133059354284718, -0.1277067062404047, 0.8979546135631256, 0.5726119718701219, 0.7325785971633969, -0.6536691570081037, -0.850102825973786, 0.2014854427555386, -0.6640556325631923, 0.4667603350211398, -0.18311227969597055, 0.05581764683584067, 0.875143167901884, 0.043392244889916, -0.7836132342255386, -0.6835531856304011, 0.09040530340642561, 0.04880816013694678, 0.2752204882519873, -0.1970091128194542, 0.2996102180386846, -0.20619999419653467, 0.24783222709644614, 0.5348099341802477, -0.6420521799177383, -0.24884846282491524, 0.005066118653868745, 0.3733341598326916, -0.4926407026772337, 0.10948172588511706, 0.24986168812819542, 0.7910023321122921, -0.27429282313374714, 0.2751141460374733, -0.6171071957620733, -0.004411770765388567, -0.6351091908575863, 0.8367660782795254, -0.13635585731754474, 0.6603762041966925, -0.16644739064327485, 0.8093351774867339, -0.19034956537818792, -0.33765099381775454, 0.14427754054549724, 0.6908872981882266, 0.7220286235061439, 0.19137623413666893, -0.8306767779591795, 0.19453321463834983, -0.5090925828337958, 0.46518689717993555, 0.7893025846334776, 0.0294679418262902, 0.20712702072041278, -0.8698643752343853, 0.08014945928561268, -0.7416264326591246, 0.22912569270066396, -0.2726993059103242, 0.5355160686614915, -0.902931727160895, -0.7803637637643119, 0.36804643024725525, 0.029307394167312983, 0.1432827432294983, 0.6874139879813108, -0.024524721700651453, 0.6202888442522898, 0.020487258589880097, 0.8534413864805024, 0.333855543079252, -0.7025463211318861, -0.27089364934848836, 0.7315498318881986, -0.29942957828896866, -0.6219484810876903, -0.0547573816684539, -0.21443765035574014, 0.23785985328818726, -0.12646741612097356, -0.47815568541100895, -0.17505557667448635, -0.16193193089539926, 0.8048437117522818, 0.9592325240809707, 0.24713767881382775, -0.8336317548582777, 0.46599743519199, 0.357370804957968, 0.6520457340504391, -0.3050973265778887, -0.8822398116837538, 0.2236436329105842, -0.751970763373456, 0.5190590583266628, 0.5888466351532844, -0.18274642650020412, 0.8875950117660911, -0.6524404124894483, 0.8851716994539605]",rhc,relu,False,False,100,[10],0.1,100,4
484,84,0.22437200008425862,1.7427180875487602,718.0,100,15,"[0.9340596780273533, 0.09446449835144466, 0.9453687199297687, 0.4296319873487293, 0.3954576491945416, -0.5678210088392472, 0.9525489095524835, -0.9875394895908203, -0.4940352752331121, -0.13041693519110842, 0.5587658435875049, -0.6046298507994938, 0.7259864711984445, 0.9668013543506255, -0.6723155171906026, 0.19466788786571843, -0.98202780466489, -0.22685743471274122, -0.9116798841370009, 0.9133059354284718, -0.1277067062404047, 0.8979546135631256, 0.5726119718701219, 0.7325785971633969, -0.6536691570081037, -0.850102825973786, 0.2014854427555386, -0.6640556325631923, 0.4667603350211398, -0.18311227969597055, 0.05581764683584067, 0.875143167901884, 0.043392244889916, -0.7836132342255386, -0.6835531856304011, 0.09040530340642561, 0.04880816013694678, 0.2752204882519873, -0.1970091128194542, 0.2996102180386846, -0.20619999419653467, 0.24783222709644614, 0.5348099341802477, -0.6420521799177383, -0.24884846282491524, 0.005066118653868745, 0.3733341598326916, -0.4926407026772337, 0.10948172588511706, 0.24986168812819542, 0.7910023321122921, -0.27429282313374714, 0.2751141460374733, -0.6171071957620733, -0.004411770765388567, -0.6351091908575863, 0.8367660782795254, -0.13635585731754474, 0.6603762041966925, -0.16644739064327485, 0.8093351774867339, -0.19034956537818792, -0.33765099381775454, 0.14427754054549724, 0.6908872981882266, 0.7220286235061439, 0.19137623413666893, -0.8306767779591795, 0.19453321463834983, -0.5090925828337958, 0.46518689717993555, 0.7893025846334776, 0.0294679418262902, 0.20712702072041278, -0.8698643752343853, 0.08014945928561268, -0.7416264326591246, 0.22912569270066396, -0.2726993059103242, 0.5355160686614915, -0.902931727160895, -0.7803637637643119, 0.36804643024725525, 0.029307394167312983, 0.1432827432294983, 0.6874139879813108, -0.024524721700651453, 0.6202888442522898, 0.020487258589880097, 0.8534413864805024, 0.333855543079252, -0.7025463211318861, -0.27089364934848836, 0.7315498318881986, -0.29942957828896866, -0.6219484810876903, -0.0547573816684539, -0.21443765035574014, 0.23785985328818726, -0.12646741612097356, -0.47815568541100895, -0.17505557667448635, -0.16193193089539926, 0.8048437117522818, 0.9592325240809707, 0.24713767881382775, -0.8336317548582777, 0.46599743519199, 0.357370804957968, 0.6520457340504391, -0.3050973265778887, -0.8822398116837538, 0.2236436329105842, -0.751970763373456, 0.5190590583266628, 0.5888466351532844, -0.18274642650020412, 0.8875950117660911, -0.6524404124894483, 0.8851716994539605]",rhc,relu,False,False,100,[10],0.1,100,4
485,85,0.2259537000209093,1.7427180875487602,719.0,100,15,"[0.9340596780273533, 0.09446449835144466, 0.9453687199297687, 0.4296319873487293, 0.3954576491945416, -0.5678210088392472, 0.9525489095524835, -0.9875394895908203, -0.4940352752331121, -0.13041693519110842, 0.5587658435875049, -0.6046298507994938, 0.7259864711984445, 0.9668013543506255, -0.6723155171906026, 0.19466788786571843, -0.98202780466489, -0.22685743471274122, -0.9116798841370009, 0.9133059354284718, -0.1277067062404047, 0.8979546135631256, 0.5726119718701219, 0.7325785971633969, -0.6536691570081037, -0.850102825973786, 0.2014854427555386, -0.6640556325631923, 0.4667603350211398, -0.18311227969597055, 0.05581764683584067, 0.875143167901884, 0.043392244889916, -0.7836132342255386, -0.6835531856304011, 0.09040530340642561, 0.04880816013694678, 0.2752204882519873, -0.1970091128194542, 0.2996102180386846, -0.20619999419653467, 0.24783222709644614, 0.5348099341802477, -0.6420521799177383, -0.24884846282491524, 0.005066118653868745, 0.3733341598326916, -0.4926407026772337, 0.10948172588511706, 0.24986168812819542, 0.7910023321122921, -0.27429282313374714, 0.2751141460374733, -0.6171071957620733, -0.004411770765388567, -0.6351091908575863, 0.8367660782795254, -0.13635585731754474, 0.6603762041966925, -0.16644739064327485, 0.8093351774867339, -0.19034956537818792, -0.33765099381775454, 0.14427754054549724, 0.6908872981882266, 0.7220286235061439, 0.19137623413666893, -0.8306767779591795, 0.19453321463834983, -0.5090925828337958, 0.46518689717993555, 0.7893025846334776, 0.0294679418262902, 0.20712702072041278, -0.8698643752343853, 0.08014945928561268, -0.7416264326591246, 0.22912569270066396, -0.2726993059103242, 0.5355160686614915, -0.902931727160895, -0.7803637637643119, 0.36804643024725525, 0.029307394167312983, 0.1432827432294983, 0.6874139879813108, -0.024524721700651453, 0.6202888442522898, 0.020487258589880097, 0.8534413864805024, 0.333855543079252, -0.7025463211318861, -0.27089364934848836, 0.7315498318881986, -0.29942957828896866, -0.6219484810876903, -0.0547573816684539, -0.21443765035574014, 0.23785985328818726, -0.12646741612097356, -0.47815568541100895, -0.17505557667448635, -0.16193193089539926, 0.8048437117522818, 0.9592325240809707, 0.24713767881382775, -0.8336317548582777, 0.46599743519199, 0.357370804957968, 0.6520457340504391, -0.3050973265778887, -0.8822398116837538, 0.2236436329105842, -0.751970763373456, 0.5190590583266628, 0.5888466351532844, -0.18274642650020412, 0.8875950117660911, -0.6524404124894483, 0.8851716994539605]",rhc,relu,False,False,100,[10],0.1,100,4
486,86,0.22897670010570437,1.7379364953090426,721.0,100,15,"[0.9340596780273533, 0.09446449835144466, 0.9453687199297687, 0.4296319873487293, 0.3954576491945416, -0.5678210088392472, 0.9525489095524835, -0.9875394895908203, -0.4940352752331121, -0.13041693519110842, 0.5587658435875049, -0.6046298507994938, 0.7259864711984445, 0.9668013543506255, -0.6723155171906026, 0.19466788786571843, -0.98202780466489, -0.22685743471274122, -0.9116798841370009, 0.9133059354284718, -0.1277067062404047, 0.8979546135631256, 0.5726119718701219, 0.7325785971633969, -0.6536691570081037, -0.850102825973786, 0.2014854427555386, -0.6640556325631923, 0.4667603350211398, -0.18311227969597055, 0.05581764683584067, 0.875143167901884, 0.043392244889916, -0.7836132342255386, -0.6835531856304011, 0.09040530340642561, 0.04880816013694678, 0.2752204882519873, -0.1970091128194542, 0.2996102180386846, -0.20619999419653467, 0.24783222709644614, 0.5348099341802477, -0.6420521799177383, -0.24884846282491524, 0.005066118653868745, 0.3733341598326916, -0.4926407026772337, 0.10948172588511706, 0.24986168812819542, 0.7910023321122921, -0.27429282313374714, 0.2751141460374733, -0.6171071957620733, -0.004411770765388567, -0.6351091908575863, 0.8367660782795254, -0.13635585731754474, 0.6603762041966925, -0.16644739064327485, 0.8093351774867339, -0.19034956537818792, -0.33765099381775454, 0.14427754054549724, 0.6908872981882266, 0.7220286235061439, 0.19137623413666893, -0.8306767779591795, 0.19453321463834983, -0.5090925828337958, 0.46518689717993555, 0.7893025846334776, 0.0294679418262902, 0.20712702072041278, -0.8698643752343853, 0.08014945928561268, -0.7416264326591246, 0.22912569270066396, -0.2726993059103242, 0.5355160686614915, -0.902931727160895, -0.7803637637643119, 0.36804643024725525, 0.029307394167312983, 0.1432827432294983, 0.6874139879813108, -0.024524721700651453, 0.6202888442522898, 0.020487258589880097, 0.8534413864805024, 0.333855543079252, -0.7025463211318861, -0.27089364934848836, 0.7315498318881986, -0.29942957828896866, -0.6219484810876903, -0.0547573816684539, -0.21443765035574014, 0.23785985328818726, -0.12646741612097356, -0.47815568541100895, -0.17505557667448635, -0.16193193089539926, 0.8048437117522818, 0.9592325240809707, 0.24713767881382775, -0.8336317548582777, 0.46599743519199, 0.357370804957968, 0.6520457340504391, -0.3050973265778887, -0.8822398116837538, 0.2236436329105842, -0.751970763373456, 0.5190590583266628, 0.5888466351532844, -0.18274642650020412, 0.8875950117660911, -0.6524404124894483, 0.8851716994539605]",rhc,relu,False,False,100,[10],0.1,100,4
487,87,0.23168840003199875,1.7368446169727583,723.0,100,15,"[0.9340596780273533, 0.09446449835144466, 0.9453687199297687, 0.4296319873487293, 0.3954576491945416, -0.5678210088392472, 0.9525489095524835, -0.9875394895908203, -0.4940352752331121, -0.13041693519110842, 0.5587658435875049, -0.6046298507994938, 0.7259864711984445, 0.9668013543506255, -0.6723155171906026, 0.19466788786571843, -0.98202780466489, -0.22685743471274122, -0.9116798841370009, 0.9133059354284718, -0.1277067062404047, 0.8979546135631256, 0.5726119718701219, 0.7325785971633969, -0.6536691570081037, -0.850102825973786, 0.2014854427555386, -0.6640556325631923, 0.4667603350211398, -0.18311227969597055, 0.05581764683584067, 0.875143167901884, 0.043392244889916, -0.7836132342255386, -0.6835531856304011, 0.09040530340642561, 0.04880816013694678, 0.2752204882519873, -0.1970091128194542, 0.2996102180386846, -0.20619999419653467, 0.24783222709644614, 0.5348099341802477, -0.6420521799177383, -0.24884846282491524, 0.005066118653868745, 0.3733341598326916, -0.4926407026772337, 0.10948172588511706, 0.24986168812819542, 0.7910023321122921, -0.27429282313374714, 0.2751141460374733, -0.6171071957620733, -0.004411770765388567, -0.6351091908575863, 0.8367660782795254, -0.13635585731754474, 0.6603762041966925, -0.16644739064327485, 0.8093351774867339, -0.19034956537818792, -0.33765099381775454, 0.14427754054549724, 0.6908872981882266, 0.7220286235061439, 0.19137623413666893, -0.8306767779591795, 0.19453321463834983, -0.5090925828337958, 0.46518689717993555, 0.7893025846334776, 0.0294679418262902, 0.20712702072041278, -0.8698643752343853, 0.08014945928561268, -0.7416264326591246, 0.22912569270066396, -0.2726993059103242, 0.5355160686614915, -0.902931727160895, -0.7803637637643119, 0.36804643024725525, 0.029307394167312983, 0.1432827432294983, 0.6874139879813108, -0.024524721700651453, 0.6202888442522898, 0.020487258589880097, 0.8534413864805024, 0.333855543079252, -0.7025463211318861, -0.27089364934848836, 0.7315498318881986, -0.29942957828896866, -0.6219484810876903, -0.0547573816684539, -0.21443765035574014, 0.23785985328818726, -0.12646741612097356, -0.47815568541100895, -0.17505557667448635, -0.16193193089539926, 0.8048437117522818, 0.9592325240809707, 0.24713767881382775, -0.8336317548582777, 0.46599743519199, 0.357370804957968, 0.6520457340504391, -0.3050973265778887, -0.8822398116837538, 0.2236436329105842, -0.751970763373456, 0.5190590583266628, 0.5888466351532844, -0.18274642650020412, 0.8875950117660911, -0.6524404124894483, 0.8851716994539605]",rhc,relu,False,False,100,[10],0.1,100,4
488,88,0.23309100000187755,1.7368446169727583,724.0,100,15,"[0.9340596780273533, 0.09446449835144466, 0.9453687199297687, 0.4296319873487293, 0.3954576491945416, -0.5678210088392472, 0.9525489095524835, -0.9875394895908203, -0.4940352752331121, -0.13041693519110842, 0.5587658435875049, -0.6046298507994938, 0.7259864711984445, 0.9668013543506255, -0.6723155171906026, 0.19466788786571843, -0.98202780466489, -0.22685743471274122, -0.9116798841370009, 0.9133059354284718, -0.1277067062404047, 0.8979546135631256, 0.5726119718701219, 0.7325785971633969, -0.6536691570081037, -0.850102825973786, 0.2014854427555386, -0.6640556325631923, 0.4667603350211398, -0.18311227969597055, 0.05581764683584067, 0.875143167901884, 0.043392244889916, -0.7836132342255386, -0.6835531856304011, 0.09040530340642561, 0.04880816013694678, 0.2752204882519873, -0.1970091128194542, 0.2996102180386846, -0.20619999419653467, 0.24783222709644614, 0.5348099341802477, -0.6420521799177383, -0.24884846282491524, 0.005066118653868745, 0.3733341598326916, -0.4926407026772337, 0.10948172588511706, 0.24986168812819542, 0.7910023321122921, -0.27429282313374714, 0.2751141460374733, -0.6171071957620733, -0.004411770765388567, -0.6351091908575863, 0.8367660782795254, -0.13635585731754474, 0.6603762041966925, -0.16644739064327485, 0.8093351774867339, -0.19034956537818792, -0.33765099381775454, 0.14427754054549724, 0.6908872981882266, 0.7220286235061439, 0.19137623413666893, -0.8306767779591795, 0.19453321463834983, -0.5090925828337958, 0.46518689717993555, 0.7893025846334776, 0.0294679418262902, 0.20712702072041278, -0.8698643752343853, 0.08014945928561268, -0.7416264326591246, 0.22912569270066396, -0.2726993059103242, 0.5355160686614915, -0.902931727160895, -0.7803637637643119, 0.36804643024725525, 0.029307394167312983, 0.1432827432294983, 0.6874139879813108, -0.024524721700651453, 0.6202888442522898, 0.020487258589880097, 0.8534413864805024, 0.333855543079252, -0.7025463211318861, -0.27089364934848836, 0.7315498318881986, -0.29942957828896866, -0.6219484810876903, -0.0547573816684539, -0.21443765035574014, 0.23785985328818726, -0.12646741612097356, -0.47815568541100895, -0.17505557667448635, -0.16193193089539926, 0.8048437117522818, 0.9592325240809707, 0.24713767881382775, -0.8336317548582777, 0.46599743519199, 0.357370804957968, 0.6520457340504391, -0.3050973265778887, -0.8822398116837538, 0.2236436329105842, -0.751970763373456, 0.5190590583266628, 0.5888466351532844, -0.18274642650020412, 0.8875950117660911, -0.6524404124894483, 0.8851716994539605]",rhc,relu,False,False,100,[10],0.1,100,4
489,89,0.23613770003430545,1.7343626066239346,726.0,100,15,"[0.9340596780273533, 0.09446449835144466, 0.9453687199297687, 0.4296319873487293, 0.3954576491945416, -0.5678210088392472, 0.9525489095524835, -0.9875394895908203, -0.4940352752331121, -0.13041693519110842, 0.5587658435875049, -0.6046298507994938, 0.7259864711984445, 0.9668013543506255, -0.6723155171906026, 0.19466788786571843, -0.98202780466489, -0.22685743471274122, -0.9116798841370009, 0.9133059354284718, -0.1277067062404047, 0.8979546135631256, 0.5726119718701219, 0.7325785971633969, -0.6536691570081037, -0.850102825973786, 0.2014854427555386, -0.6640556325631923, 0.4667603350211398, -0.18311227969597055, 0.05581764683584067, 0.875143167901884, 0.043392244889916, -0.7836132342255386, -0.6835531856304011, 0.09040530340642561, 0.04880816013694678, 0.2752204882519873, -0.1970091128194542, 0.2996102180386846, -0.20619999419653467, 0.24783222709644614, 0.5348099341802477, -0.6420521799177383, -0.24884846282491524, 0.005066118653868745, 0.3733341598326916, -0.4926407026772337, 0.10948172588511706, 0.24986168812819542, 0.7910023321122921, -0.27429282313374714, 0.2751141460374733, -0.6171071957620733, -0.004411770765388567, -0.6351091908575863, 0.8367660782795254, -0.13635585731754474, 0.6603762041966925, -0.16644739064327485, 0.8093351774867339, -0.19034956537818792, -0.33765099381775454, 0.14427754054549724, 0.6908872981882266, 0.7220286235061439, 0.19137623413666893, -0.8306767779591795, 0.19453321463834983, -0.5090925828337958, 0.46518689717993555, 0.7893025846334776, 0.0294679418262902, 0.20712702072041278, -0.8698643752343853, 0.08014945928561268, -0.7416264326591246, 0.22912569270066396, -0.2726993059103242, 0.5355160686614915, -0.902931727160895, -0.7803637637643119, 0.36804643024725525, 0.029307394167312983, 0.1432827432294983, 0.6874139879813108, -0.024524721700651453, 0.6202888442522898, 0.020487258589880097, 0.8534413864805024, 0.333855543079252, -0.7025463211318861, -0.27089364934848836, 0.7315498318881986, -0.29942957828896866, -0.6219484810876903, -0.0547573816684539, -0.21443765035574014, 0.23785985328818726, -0.12646741612097356, -0.47815568541100895, -0.17505557667448635, -0.16193193089539926, 0.8048437117522818, 0.9592325240809707, 0.24713767881382775, -0.8336317548582777, 0.46599743519199, 0.357370804957968, 0.6520457340504391, -0.3050973265778887, -0.8822398116837538, 0.2236436329105842, -0.751970763373456, 0.5190590583266628, 0.5888466351532844, -0.18274642650020412, 0.8875950117660911, -0.6524404124894483, 0.8851716994539605]",rhc,relu,False,False,100,[10],0.1,100,4
490,90,0.23915060004219413,1.7343626066239346,727.0,100,15,"[0.9340596780273533, 0.09446449835144466, 0.9453687199297687, 0.4296319873487293, 0.3954576491945416, -0.5678210088392472, 0.9525489095524835, -0.9875394895908203, -0.4940352752331121, -0.13041693519110842, 0.5587658435875049, -0.6046298507994938, 0.7259864711984445, 0.9668013543506255, -0.6723155171906026, 0.19466788786571843, -0.98202780466489, -0.22685743471274122, -0.9116798841370009, 0.9133059354284718, -0.1277067062404047, 0.8979546135631256, 0.5726119718701219, 0.7325785971633969, -0.6536691570081037, -0.850102825973786, 0.2014854427555386, -0.6640556325631923, 0.4667603350211398, -0.18311227969597055, 0.05581764683584067, 0.875143167901884, 0.043392244889916, -0.7836132342255386, -0.6835531856304011, 0.09040530340642561, 0.04880816013694678, 0.2752204882519873, -0.1970091128194542, 0.2996102180386846, -0.20619999419653467, 0.24783222709644614, 0.5348099341802477, -0.6420521799177383, -0.24884846282491524, 0.005066118653868745, 0.3733341598326916, -0.4926407026772337, 0.10948172588511706, 0.24986168812819542, 0.7910023321122921, -0.27429282313374714, 0.2751141460374733, -0.6171071957620733, -0.004411770765388567, -0.6351091908575863, 0.8367660782795254, -0.13635585731754474, 0.6603762041966925, -0.16644739064327485, 0.8093351774867339, -0.19034956537818792, -0.33765099381775454, 0.14427754054549724, 0.6908872981882266, 0.7220286235061439, 0.19137623413666893, -0.8306767779591795, 0.19453321463834983, -0.5090925828337958, 0.46518689717993555, 0.7893025846334776, 0.0294679418262902, 0.20712702072041278, -0.8698643752343853, 0.08014945928561268, -0.7416264326591246, 0.22912569270066396, -0.2726993059103242, 0.5355160686614915, -0.902931727160895, -0.7803637637643119, 0.36804643024725525, 0.029307394167312983, 0.1432827432294983, 0.6874139879813108, -0.024524721700651453, 0.6202888442522898, 0.020487258589880097, 0.8534413864805024, 0.333855543079252, -0.7025463211318861, -0.27089364934848836, 0.7315498318881986, -0.29942957828896866, -0.6219484810876903, -0.0547573816684539, -0.21443765035574014, 0.23785985328818726, -0.12646741612097356, -0.47815568541100895, -0.17505557667448635, -0.16193193089539926, 0.8048437117522818, 0.9592325240809707, 0.24713767881382775, -0.8336317548582777, 0.46599743519199, 0.357370804957968, 0.6520457340504391, -0.3050973265778887, -0.8822398116837538, 0.2236436329105842, -0.751970763373456, 0.5190590583266628, 0.5888466351532844, -0.18274642650020412, 0.8875950117660911, -0.6524404124894483, 0.8851716994539605]",rhc,relu,False,False,100,[10],0.1,100,4
491,91,0.24208670004736632,1.7343626066239346,728.0,100,15,"[0.9340596780273533, 0.09446449835144466, 0.9453687199297687, 0.4296319873487293, 0.3954576491945416, -0.5678210088392472, 0.9525489095524835, -0.9875394895908203, -0.4940352752331121, -0.13041693519110842, 0.5587658435875049, -0.6046298507994938, 0.7259864711984445, 0.9668013543506255, -0.6723155171906026, 0.19466788786571843, -0.98202780466489, -0.22685743471274122, -0.9116798841370009, 0.9133059354284718, -0.1277067062404047, 0.8979546135631256, 0.5726119718701219, 0.7325785971633969, -0.6536691570081037, -0.850102825973786, 0.2014854427555386, -0.6640556325631923, 0.4667603350211398, -0.18311227969597055, 0.05581764683584067, 0.875143167901884, 0.043392244889916, -0.7836132342255386, -0.6835531856304011, 0.09040530340642561, 0.04880816013694678, 0.2752204882519873, -0.1970091128194542, 0.2996102180386846, -0.20619999419653467, 0.24783222709644614, 0.5348099341802477, -0.6420521799177383, -0.24884846282491524, 0.005066118653868745, 0.3733341598326916, -0.4926407026772337, 0.10948172588511706, 0.24986168812819542, 0.7910023321122921, -0.27429282313374714, 0.2751141460374733, -0.6171071957620733, -0.004411770765388567, -0.6351091908575863, 0.8367660782795254, -0.13635585731754474, 0.6603762041966925, -0.16644739064327485, 0.8093351774867339, -0.19034956537818792, -0.33765099381775454, 0.14427754054549724, 0.6908872981882266, 0.7220286235061439, 0.19137623413666893, -0.8306767779591795, 0.19453321463834983, -0.5090925828337958, 0.46518689717993555, 0.7893025846334776, 0.0294679418262902, 0.20712702072041278, -0.8698643752343853, 0.08014945928561268, -0.7416264326591246, 0.22912569270066396, -0.2726993059103242, 0.5355160686614915, -0.902931727160895, -0.7803637637643119, 0.36804643024725525, 0.029307394167312983, 0.1432827432294983, 0.6874139879813108, -0.024524721700651453, 0.6202888442522898, 0.020487258589880097, 0.8534413864805024, 0.333855543079252, -0.7025463211318861, -0.27089364934848836, 0.7315498318881986, -0.29942957828896866, -0.6219484810876903, -0.0547573816684539, -0.21443765035574014, 0.23785985328818726, -0.12646741612097356, -0.47815568541100895, -0.17505557667448635, -0.16193193089539926, 0.8048437117522818, 0.9592325240809707, 0.24713767881382775, -0.8336317548582777, 0.46599743519199, 0.357370804957968, 0.6520457340504391, -0.3050973265778887, -0.8822398116837538, 0.2236436329105842, -0.751970763373456, 0.5190590583266628, 0.5888466351532844, -0.18274642650020412, 0.8875950117660911, -0.6524404124894483, 0.8851716994539605]",rhc,relu,False,False,100,[10],0.1,100,4
492,92,0.24406210007146,1.7339822805798142,730.0,100,15,"[0.9340596780273533, 0.09446449835144466, 0.9453687199297687, 0.4296319873487293, 0.3954576491945416, -0.5678210088392472, 0.9525489095524835, -0.9875394895908203, -0.4940352752331121, -0.13041693519110842, 0.5587658435875049, -0.6046298507994938, 0.7259864711984445, 0.9668013543506255, -0.6723155171906026, 0.19466788786571843, -0.98202780466489, -0.22685743471274122, -0.9116798841370009, 0.9133059354284718, -0.1277067062404047, 0.8979546135631256, 0.5726119718701219, 0.7325785971633969, -0.6536691570081037, -0.850102825973786, 0.2014854427555386, -0.6640556325631923, 0.4667603350211398, -0.18311227969597055, 0.05581764683584067, 0.875143167901884, 0.043392244889916, -0.7836132342255386, -0.6835531856304011, 0.09040530340642561, 0.04880816013694678, 0.2752204882519873, -0.1970091128194542, 0.2996102180386846, -0.20619999419653467, 0.24783222709644614, 0.5348099341802477, -0.6420521799177383, -0.24884846282491524, 0.005066118653868745, 0.3733341598326916, -0.4926407026772337, 0.10948172588511706, 0.24986168812819542, 0.7910023321122921, -0.27429282313374714, 0.2751141460374733, -0.6171071957620733, -0.004411770765388567, -0.6351091908575863, 0.8367660782795254, -0.13635585731754474, 0.6603762041966925, -0.16644739064327485, 0.8093351774867339, -0.19034956537818792, -0.33765099381775454, 0.14427754054549724, 0.6908872981882266, 0.7220286235061439, 0.19137623413666893, -0.8306767779591795, 0.19453321463834983, -0.5090925828337958, 0.46518689717993555, 0.7893025846334776, 0.0294679418262902, 0.20712702072041278, -0.8698643752343853, 0.08014945928561268, -0.7416264326591246, 0.22912569270066396, -0.2726993059103242, 0.5355160686614915, -0.902931727160895, -0.7803637637643119, 0.36804643024725525, 0.029307394167312983, 0.1432827432294983, 0.6874139879813108, -0.024524721700651453, 0.6202888442522898, 0.020487258589880097, 0.8534413864805024, 0.333855543079252, -0.7025463211318861, -0.27089364934848836, 0.7315498318881986, -0.29942957828896866, -0.6219484810876903, -0.0547573816684539, -0.21443765035574014, 0.23785985328818726, -0.12646741612097356, -0.47815568541100895, -0.17505557667448635, -0.16193193089539926, 0.8048437117522818, 0.9592325240809707, 0.24713767881382775, -0.8336317548582777, 0.46599743519199, 0.357370804957968, 0.6520457340504391, -0.3050973265778887, -0.8822398116837538, 0.2236436329105842, -0.751970763373456, 0.5190590583266628, 0.5888466351532844, -0.18274642650020412, 0.8875950117660911, -0.6524404124894483, 0.8851716994539605]",rhc,relu,False,False,100,[10],0.1,100,4
493,93,0.2456533000804484,1.7339822805798142,731.0,100,15,"[0.9340596780273533, 0.09446449835144466, 0.9453687199297687, 0.4296319873487293, 0.3954576491945416, -0.5678210088392472, 0.9525489095524835, -0.9875394895908203, -0.4940352752331121, -0.13041693519110842, 0.5587658435875049, -0.6046298507994938, 0.7259864711984445, 0.9668013543506255, -0.6723155171906026, 0.19466788786571843, -0.98202780466489, -0.22685743471274122, -0.9116798841370009, 0.9133059354284718, -0.1277067062404047, 0.8979546135631256, 0.5726119718701219, 0.7325785971633969, -0.6536691570081037, -0.850102825973786, 0.2014854427555386, -0.6640556325631923, 0.4667603350211398, -0.18311227969597055, 0.05581764683584067, 0.875143167901884, 0.043392244889916, -0.7836132342255386, -0.6835531856304011, 0.09040530340642561, 0.04880816013694678, 0.2752204882519873, -0.1970091128194542, 0.2996102180386846, -0.20619999419653467, 0.24783222709644614, 0.5348099341802477, -0.6420521799177383, -0.24884846282491524, 0.005066118653868745, 0.3733341598326916, -0.4926407026772337, 0.10948172588511706, 0.24986168812819542, 0.7910023321122921, -0.27429282313374714, 0.2751141460374733, -0.6171071957620733, -0.004411770765388567, -0.6351091908575863, 0.8367660782795254, -0.13635585731754474, 0.6603762041966925, -0.16644739064327485, 0.8093351774867339, -0.19034956537818792, -0.33765099381775454, 0.14427754054549724, 0.6908872981882266, 0.7220286235061439, 0.19137623413666893, -0.8306767779591795, 0.19453321463834983, -0.5090925828337958, 0.46518689717993555, 0.7893025846334776, 0.0294679418262902, 0.20712702072041278, -0.8698643752343853, 0.08014945928561268, -0.7416264326591246, 0.22912569270066396, -0.2726993059103242, 0.5355160686614915, -0.902931727160895, -0.7803637637643119, 0.36804643024725525, 0.029307394167312983, 0.1432827432294983, 0.6874139879813108, -0.024524721700651453, 0.6202888442522898, 0.020487258589880097, 0.8534413864805024, 0.333855543079252, -0.7025463211318861, -0.27089364934848836, 0.7315498318881986, -0.29942957828896866, -0.6219484810876903, -0.0547573816684539, -0.21443765035574014, 0.23785985328818726, -0.12646741612097356, -0.47815568541100895, -0.17505557667448635, -0.16193193089539926, 0.8048437117522818, 0.9592325240809707, 0.24713767881382775, -0.8336317548582777, 0.46599743519199, 0.357370804957968, 0.6520457340504391, -0.3050973265778887, -0.8822398116837538, 0.2236436329105842, -0.751970763373456, 0.5190590583266628, 0.5888466351532844, -0.18274642650020412, 0.8875950117660911, -0.6524404124894483, 0.8851716994539605]",rhc,relu,False,False,100,[10],0.1,100,4
494,94,0.24860799999441952,1.7339822805798142,732.0,100,15,"[0.9340596780273533, 0.09446449835144466, 0.9453687199297687, 0.4296319873487293, 0.3954576491945416, -0.5678210088392472, 0.9525489095524835, -0.9875394895908203, -0.4940352752331121, -0.13041693519110842, 0.5587658435875049, -0.6046298507994938, 0.7259864711984445, 0.9668013543506255, -0.6723155171906026, 0.19466788786571843, -0.98202780466489, -0.22685743471274122, -0.9116798841370009, 0.9133059354284718, -0.1277067062404047, 0.8979546135631256, 0.5726119718701219, 0.7325785971633969, -0.6536691570081037, -0.850102825973786, 0.2014854427555386, -0.6640556325631923, 0.4667603350211398, -0.18311227969597055, 0.05581764683584067, 0.875143167901884, 0.043392244889916, -0.7836132342255386, -0.6835531856304011, 0.09040530340642561, 0.04880816013694678, 0.2752204882519873, -0.1970091128194542, 0.2996102180386846, -0.20619999419653467, 0.24783222709644614, 0.5348099341802477, -0.6420521799177383, -0.24884846282491524, 0.005066118653868745, 0.3733341598326916, -0.4926407026772337, 0.10948172588511706, 0.24986168812819542, 0.7910023321122921, -0.27429282313374714, 0.2751141460374733, -0.6171071957620733, -0.004411770765388567, -0.6351091908575863, 0.8367660782795254, -0.13635585731754474, 0.6603762041966925, -0.16644739064327485, 0.8093351774867339, -0.19034956537818792, -0.33765099381775454, 0.14427754054549724, 0.6908872981882266, 0.7220286235061439, 0.19137623413666893, -0.8306767779591795, 0.19453321463834983, -0.5090925828337958, 0.46518689717993555, 0.7893025846334776, 0.0294679418262902, 0.20712702072041278, -0.8698643752343853, 0.08014945928561268, -0.7416264326591246, 0.22912569270066396, -0.2726993059103242, 0.5355160686614915, -0.902931727160895, -0.7803637637643119, 0.36804643024725525, 0.029307394167312983, 0.1432827432294983, 0.6874139879813108, -0.024524721700651453, 0.6202888442522898, 0.020487258589880097, 0.8534413864805024, 0.333855543079252, -0.7025463211318861, -0.27089364934848836, 0.7315498318881986, -0.29942957828896866, -0.6219484810876903, -0.0547573816684539, -0.21443765035574014, 0.23785985328818726, -0.12646741612097356, -0.47815568541100895, -0.17505557667448635, -0.16193193089539926, 0.8048437117522818, 0.9592325240809707, 0.24713767881382775, -0.8336317548582777, 0.46599743519199, 0.357370804957968, 0.6520457340504391, -0.3050973265778887, -0.8822398116837538, 0.2236436329105842, -0.751970763373456, 0.5190590583266628, 0.5888466351532844, -0.18274642650020412, 0.8875950117660911, -0.6524404124894483, 0.8851716994539605]",rhc,relu,False,False,100,[10],0.1,100,4
495,95,0.25007430010009557,1.7339822805798142,733.0,100,15,"[0.9340596780273533, 0.09446449835144466, 0.9453687199297687, 0.4296319873487293, 0.3954576491945416, -0.5678210088392472, 0.9525489095524835, -0.9875394895908203, -0.4940352752331121, -0.13041693519110842, 0.5587658435875049, -0.6046298507994938, 0.7259864711984445, 0.9668013543506255, -0.6723155171906026, 0.19466788786571843, -0.98202780466489, -0.22685743471274122, -0.9116798841370009, 0.9133059354284718, -0.1277067062404047, 0.8979546135631256, 0.5726119718701219, 0.7325785971633969, -0.6536691570081037, -0.850102825973786, 0.2014854427555386, -0.6640556325631923, 0.4667603350211398, -0.18311227969597055, 0.05581764683584067, 0.875143167901884, 0.043392244889916, -0.7836132342255386, -0.6835531856304011, 0.09040530340642561, 0.04880816013694678, 0.2752204882519873, -0.1970091128194542, 0.2996102180386846, -0.20619999419653467, 0.24783222709644614, 0.5348099341802477, -0.6420521799177383, -0.24884846282491524, 0.005066118653868745, 0.3733341598326916, -0.4926407026772337, 0.10948172588511706, 0.24986168812819542, 0.7910023321122921, -0.27429282313374714, 0.2751141460374733, -0.6171071957620733, -0.004411770765388567, -0.6351091908575863, 0.8367660782795254, -0.13635585731754474, 0.6603762041966925, -0.16644739064327485, 0.8093351774867339, -0.19034956537818792, -0.33765099381775454, 0.14427754054549724, 0.6908872981882266, 0.7220286235061439, 0.19137623413666893, -0.8306767779591795, 0.19453321463834983, -0.5090925828337958, 0.46518689717993555, 0.7893025846334776, 0.0294679418262902, 0.20712702072041278, -0.8698643752343853, 0.08014945928561268, -0.7416264326591246, 0.22912569270066396, -0.2726993059103242, 0.5355160686614915, -0.902931727160895, -0.7803637637643119, 0.36804643024725525, 0.029307394167312983, 0.1432827432294983, 0.6874139879813108, -0.024524721700651453, 0.6202888442522898, 0.020487258589880097, 0.8534413864805024, 0.333855543079252, -0.7025463211318861, -0.27089364934848836, 0.7315498318881986, -0.29942957828896866, -0.6219484810876903, -0.0547573816684539, -0.21443765035574014, 0.23785985328818726, -0.12646741612097356, -0.47815568541100895, -0.17505557667448635, -0.16193193089539926, 0.8048437117522818, 0.9592325240809707, 0.24713767881382775, -0.8336317548582777, 0.46599743519199, 0.357370804957968, 0.6520457340504391, -0.3050973265778887, -0.8822398116837538, 0.2236436329105842, -0.751970763373456, 0.5190590583266628, 0.5888466351532844, -0.18274642650020412, 0.8875950117660911, -0.6524404124894483, 0.8851716994539605]",rhc,relu,False,False,100,[10],0.1,100,4
496,96,0.253057699999772,1.7339822805798142,734.0,100,15,"[0.9340596780273533, 0.09446449835144466, 0.9453687199297687, 0.4296319873487293, 0.3954576491945416, -0.5678210088392472, 0.9525489095524835, -0.9875394895908203, -0.4940352752331121, -0.13041693519110842, 0.5587658435875049, -0.6046298507994938, 0.7259864711984445, 0.9668013543506255, -0.6723155171906026, 0.19466788786571843, -0.98202780466489, -0.22685743471274122, -0.9116798841370009, 0.9133059354284718, -0.1277067062404047, 0.8979546135631256, 0.5726119718701219, 0.7325785971633969, -0.6536691570081037, -0.850102825973786, 0.2014854427555386, -0.6640556325631923, 0.4667603350211398, -0.18311227969597055, 0.05581764683584067, 0.875143167901884, 0.043392244889916, -0.7836132342255386, -0.6835531856304011, 0.09040530340642561, 0.04880816013694678, 0.2752204882519873, -0.1970091128194542, 0.2996102180386846, -0.20619999419653467, 0.24783222709644614, 0.5348099341802477, -0.6420521799177383, -0.24884846282491524, 0.005066118653868745, 0.3733341598326916, -0.4926407026772337, 0.10948172588511706, 0.24986168812819542, 0.7910023321122921, -0.27429282313374714, 0.2751141460374733, -0.6171071957620733, -0.004411770765388567, -0.6351091908575863, 0.8367660782795254, -0.13635585731754474, 0.6603762041966925, -0.16644739064327485, 0.8093351774867339, -0.19034956537818792, -0.33765099381775454, 0.14427754054549724, 0.6908872981882266, 0.7220286235061439, 0.19137623413666893, -0.8306767779591795, 0.19453321463834983, -0.5090925828337958, 0.46518689717993555, 0.7893025846334776, 0.0294679418262902, 0.20712702072041278, -0.8698643752343853, 0.08014945928561268, -0.7416264326591246, 0.22912569270066396, -0.2726993059103242, 0.5355160686614915, -0.902931727160895, -0.7803637637643119, 0.36804643024725525, 0.029307394167312983, 0.1432827432294983, 0.6874139879813108, -0.024524721700651453, 0.6202888442522898, 0.020487258589880097, 0.8534413864805024, 0.333855543079252, -0.7025463211318861, -0.27089364934848836, 0.7315498318881986, -0.29942957828896866, -0.6219484810876903, -0.0547573816684539, -0.21443765035574014, 0.23785985328818726, -0.12646741612097356, -0.47815568541100895, -0.17505557667448635, -0.16193193089539926, 0.8048437117522818, 0.9592325240809707, 0.24713767881382775, -0.8336317548582777, 0.46599743519199, 0.357370804957968, 0.6520457340504391, -0.3050973265778887, -0.8822398116837538, 0.2236436329105842, -0.751970763373456, 0.5190590583266628, 0.5888466351532844, -0.18274642650020412, 0.8875950117660911, -0.6524404124894483, 0.8851716994539605]",rhc,relu,False,False,100,[10],0.1,100,4
497,97,0.2544917000923306,1.7339822805798142,735.0,100,15,"[0.9340596780273533, 0.09446449835144466, 0.9453687199297687, 0.4296319873487293, 0.3954576491945416, -0.5678210088392472, 0.9525489095524835, -0.9875394895908203, -0.4940352752331121, -0.13041693519110842, 0.5587658435875049, -0.6046298507994938, 0.7259864711984445, 0.9668013543506255, -0.6723155171906026, 0.19466788786571843, -0.98202780466489, -0.22685743471274122, -0.9116798841370009, 0.9133059354284718, -0.1277067062404047, 0.8979546135631256, 0.5726119718701219, 0.7325785971633969, -0.6536691570081037, -0.850102825973786, 0.2014854427555386, -0.6640556325631923, 0.4667603350211398, -0.18311227969597055, 0.05581764683584067, 0.875143167901884, 0.043392244889916, -0.7836132342255386, -0.6835531856304011, 0.09040530340642561, 0.04880816013694678, 0.2752204882519873, -0.1970091128194542, 0.2996102180386846, -0.20619999419653467, 0.24783222709644614, 0.5348099341802477, -0.6420521799177383, -0.24884846282491524, 0.005066118653868745, 0.3733341598326916, -0.4926407026772337, 0.10948172588511706, 0.24986168812819542, 0.7910023321122921, -0.27429282313374714, 0.2751141460374733, -0.6171071957620733, -0.004411770765388567, -0.6351091908575863, 0.8367660782795254, -0.13635585731754474, 0.6603762041966925, -0.16644739064327485, 0.8093351774867339, -0.19034956537818792, -0.33765099381775454, 0.14427754054549724, 0.6908872981882266, 0.7220286235061439, 0.19137623413666893, -0.8306767779591795, 0.19453321463834983, -0.5090925828337958, 0.46518689717993555, 0.7893025846334776, 0.0294679418262902, 0.20712702072041278, -0.8698643752343853, 0.08014945928561268, -0.7416264326591246, 0.22912569270066396, -0.2726993059103242, 0.5355160686614915, -0.902931727160895, -0.7803637637643119, 0.36804643024725525, 0.029307394167312983, 0.1432827432294983, 0.6874139879813108, -0.024524721700651453, 0.6202888442522898, 0.020487258589880097, 0.8534413864805024, 0.333855543079252, -0.7025463211318861, -0.27089364934848836, 0.7315498318881986, -0.29942957828896866, -0.6219484810876903, -0.0547573816684539, -0.21443765035574014, 0.23785985328818726, -0.12646741612097356, -0.47815568541100895, -0.17505557667448635, -0.16193193089539926, 0.8048437117522818, 0.9592325240809707, 0.24713767881382775, -0.8336317548582777, 0.46599743519199, 0.357370804957968, 0.6520457340504391, -0.3050973265778887, -0.8822398116837538, 0.2236436329105842, -0.751970763373456, 0.5190590583266628, 0.5888466351532844, -0.18274642650020412, 0.8875950117660911, -0.6524404124894483, 0.8851716994539605]",rhc,relu,False,False,100,[10],0.1,100,4
498,98,0.25626020005438477,1.7274446678818576,737.0,100,15,"[0.9340596780273533, 0.09446449835144466, 0.9453687199297687, 0.4296319873487293, 0.3954576491945416, -0.5678210088392472, 0.9525489095524835, -0.9875394895908203, -0.4940352752331121, -0.13041693519110842, 0.5587658435875049, -0.6046298507994938, 0.7259864711984445, 0.9668013543506255, -0.6723155171906026, 0.19466788786571843, -0.98202780466489, -0.22685743471274122, -0.9116798841370009, 0.9133059354284718, -0.1277067062404047, 0.8979546135631256, 0.5726119718701219, 0.7325785971633969, -0.6536691570081037, -0.850102825973786, 0.2014854427555386, -0.6640556325631923, 0.4667603350211398, -0.18311227969597055, 0.05581764683584067, 0.875143167901884, 0.043392244889916, -0.7836132342255386, -0.6835531856304011, 0.09040530340642561, 0.04880816013694678, 0.2752204882519873, -0.1970091128194542, 0.2996102180386846, -0.20619999419653467, 0.24783222709644614, 0.5348099341802477, -0.6420521799177383, -0.24884846282491524, 0.005066118653868745, 0.3733341598326916, -0.4926407026772337, 0.10948172588511706, 0.24986168812819542, 0.7910023321122921, -0.27429282313374714, 0.2751141460374733, -0.6171071957620733, -0.004411770765388567, -0.6351091908575863, 0.8367660782795254, -0.13635585731754474, 0.6603762041966925, -0.16644739064327485, 0.8093351774867339, -0.19034956537818792, -0.33765099381775454, 0.14427754054549724, 0.6908872981882266, 0.7220286235061439, 0.19137623413666893, -0.8306767779591795, 0.19453321463834983, -0.5090925828337958, 0.46518689717993555, 0.7893025846334776, 0.0294679418262902, 0.20712702072041278, -0.8698643752343853, 0.08014945928561268, -0.7416264326591246, 0.22912569270066396, -0.2726993059103242, 0.5355160686614915, -0.902931727160895, -0.7803637637643119, 0.36804643024725525, 0.029307394167312983, 0.1432827432294983, 0.6874139879813108, -0.024524721700651453, 0.6202888442522898, 0.020487258589880097, 0.8534413864805024, 0.333855543079252, -0.7025463211318861, -0.27089364934848836, 0.7315498318881986, -0.29942957828896866, -0.6219484810876903, -0.0547573816684539, -0.21443765035574014, 0.23785985328818726, -0.12646741612097356, -0.47815568541100895, -0.17505557667448635, -0.16193193089539926, 0.8048437117522818, 0.9592325240809707, 0.24713767881382775, -0.8336317548582777, 0.46599743519199, 0.357370804957968, 0.6520457340504391, -0.3050973265778887, -0.8822398116837538, 0.2236436329105842, -0.751970763373456, 0.5190590583266628, 0.5888466351532844, -0.18274642650020412, 0.8875950117660911, -0.6524404124894483, 0.8851716994539605]",rhc,relu,False,False,100,[10],0.1,100,4
499,99,0.2595394999952987,1.717599014837145,739.0,100,15,"[0.9340596780273533, 0.09446449835144466, 0.9453687199297687, 0.4296319873487293, 0.3954576491945416, -0.5678210088392472, 0.9525489095524835, -0.9875394895908203, -0.4940352752331121, -0.13041693519110842, 0.5587658435875049, -0.6046298507994938, 0.7259864711984445, 0.9668013543506255, -0.6723155171906026, 0.19466788786571843, -0.98202780466489, -0.22685743471274122, -0.9116798841370009, 0.9133059354284718, -0.1277067062404047, 0.8979546135631256, 0.5726119718701219, 0.7325785971633969, -0.6536691570081037, -0.850102825973786, 0.2014854427555386, -0.6640556325631923, 0.4667603350211398, -0.18311227969597055, 0.05581764683584067, 0.875143167901884, 0.043392244889916, -0.7836132342255386, -0.6835531856304011, 0.09040530340642561, 0.04880816013694678, 0.2752204882519873, -0.1970091128194542, 0.2996102180386846, -0.20619999419653467, 0.24783222709644614, 0.5348099341802477, -0.6420521799177383, -0.24884846282491524, 0.005066118653868745, 0.3733341598326916, -0.4926407026772337, 0.10948172588511706, 0.24986168812819542, 0.7910023321122921, -0.27429282313374714, 0.2751141460374733, -0.6171071957620733, -0.004411770765388567, -0.6351091908575863, 0.8367660782795254, -0.13635585731754474, 0.6603762041966925, -0.16644739064327485, 0.8093351774867339, -0.19034956537818792, -0.33765099381775454, 0.14427754054549724, 0.6908872981882266, 0.7220286235061439, 0.19137623413666893, -0.8306767779591795, 0.19453321463834983, -0.5090925828337958, 0.46518689717993555, 0.7893025846334776, 0.0294679418262902, 0.20712702072041278, -0.8698643752343853, 0.08014945928561268, -0.7416264326591246, 0.22912569270066396, -0.2726993059103242, 0.5355160686614915, -0.902931727160895, -0.7803637637643119, 0.36804643024725525, 0.029307394167312983, 0.1432827432294983, 0.6874139879813108, -0.024524721700651453, 0.6202888442522898, 0.020487258589880097, 0.8534413864805024, 0.333855543079252, -0.7025463211318861, -0.27089364934848836, 0.7315498318881986, -0.29942957828896866, -0.6219484810876903, -0.0547573816684539, -0.21443765035574014, 0.23785985328818726, -0.12646741612097356, -0.47815568541100895, -0.17505557667448635, -0.16193193089539926, 0.8048437117522818, 0.9592325240809707, 0.24713767881382775, -0.8336317548582777, 0.46599743519199, 0.357370804957968, 0.6520457340504391, -0.3050973265778887, -0.8822398116837538, 0.2236436329105842, -0.751970763373456, 0.5190590583266628, 0.5888466351532844, -0.18274642650020412, 0.8875950117660911, -0.6524404124894483, 0.8851716994539605]",rhc,relu,False,False,100,[10],0.1,100,4
500,100,0.26120120007544756,1.717342759442248,741.0,100,15,"[0.9340596780273533, 0.09446449835144466, 0.9453687199297687, 0.4296319873487293, 0.3954576491945416, -0.5678210088392472, 0.9525489095524835, -0.9875394895908203, -0.4940352752331121, -0.13041693519110842, 0.5587658435875049, -0.6046298507994938, 0.7259864711984445, 0.9668013543506255, -0.6723155171906026, 0.19466788786571843, -0.98202780466489, -0.22685743471274122, -0.9116798841370009, 0.9133059354284718, -0.1277067062404047, 0.8979546135631256, 0.5726119718701219, 0.7325785971633969, -0.6536691570081037, -0.850102825973786, 0.2014854427555386, -0.6640556325631923, 0.4667603350211398, -0.18311227969597055, 0.05581764683584067, 0.875143167901884, 0.043392244889916, -0.7836132342255386, -0.6835531856304011, 0.09040530340642561, 0.04880816013694678, 0.2752204882519873, -0.1970091128194542, 0.2996102180386846, -0.20619999419653467, 0.24783222709644614, 0.5348099341802477, -0.6420521799177383, -0.24884846282491524, 0.005066118653868745, 0.3733341598326916, -0.4926407026772337, 0.10948172588511706, 0.24986168812819542, 0.7910023321122921, -0.27429282313374714, 0.2751141460374733, -0.6171071957620733, -0.004411770765388567, -0.6351091908575863, 0.8367660782795254, -0.13635585731754474, 0.6603762041966925, -0.16644739064327485, 0.8093351774867339, -0.19034956537818792, -0.33765099381775454, 0.14427754054549724, 0.6908872981882266, 0.7220286235061439, 0.19137623413666893, -0.8306767779591795, 0.19453321463834983, -0.5090925828337958, 0.46518689717993555, 0.7893025846334776, 0.0294679418262902, 0.20712702072041278, -0.8698643752343853, 0.08014945928561268, -0.7416264326591246, 0.22912569270066396, -0.2726993059103242, 0.5355160686614915, -0.902931727160895, -0.7803637637643119, 0.36804643024725525, 0.029307394167312983, 0.1432827432294983, 0.6874139879813108, -0.024524721700651453, 0.6202888442522898, 0.020487258589880097, 0.8534413864805024, 0.333855543079252, -0.7025463211318861, -0.27089364934848836, 0.7315498318881986, -0.29942957828896866, -0.6219484810876903, -0.0547573816684539, -0.21443765035574014, 0.23785985328818726, -0.12646741612097356, -0.47815568541100895, -0.17505557667448635, -0.16193193089539926, 0.8048437117522818, 0.9592325240809707, 0.24713767881382775, -0.8336317548582777, 0.46599743519199, 0.357370804957968, 0.6520457340504391, -0.3050973265778887, -0.8822398116837538, 0.2236436329105842, -0.751970763373456, 0.5190590583266628, 0.5888466351532844, -0.18274642650020412, 0.8875950117660911, -0.6524404124894483, 0.8851716994539605]",rhc,relu,False,False,100,[10],0.1,100,4
501,1,0.03315600007772446,1.8931063921727114,743.0,100,15,"[0.9340596780273533, 0.09446449835144466, 0.9453687199297687, 0.4296319873487293, 0.3954576491945416, -0.5678210088392472, 0.9525489095524835, -0.9875394895908203, -0.4940352752331121, -0.13041693519110842, 0.5587658435875049, -0.6046298507994938, 0.7259864711984445, 0.9668013543506255, -0.6723155171906026, 0.19466788786571843, -0.98202780466489, -0.22685743471274122, -0.9116798841370009, 0.9133059354284718, -0.1277067062404047, 0.8979546135631256, 0.5726119718701219, 0.7325785971633969, -0.6536691570081037, -0.850102825973786, 0.2014854427555386, -0.6640556325631923, 0.4667603350211398, -0.18311227969597055, 0.05581764683584067, 0.875143167901884, 0.043392244889916, -0.7836132342255386, -0.6835531856304011, 0.09040530340642561, 0.04880816013694678, 0.2752204882519873, -0.1970091128194542, 0.2996102180386846, -0.20619999419653467, 0.24783222709644614, 0.5348099341802477, -0.6420521799177383, -0.24884846282491524, 0.005066118653868745, 0.3733341598326916, -0.4926407026772337, 0.10948172588511706, 0.24986168812819542, 0.7910023321122921, -0.27429282313374714, 0.2751141460374733, -0.6171071957620733, -0.004411770765388567, -0.6351091908575863, 0.8367660782795254, -0.13635585731754474, 0.6603762041966925, -0.16644739064327485, 0.8093351774867339, -0.19034956537818792, -0.33765099381775454, 0.14427754054549724, 0.6908872981882266, 0.7220286235061439, 0.19137623413666893, -0.8306767779591795, 0.19453321463834983, -0.5090925828337958, 0.46518689717993555, 0.7893025846334776, 0.0294679418262902, 0.20712702072041278, -0.8698643752343853, 0.08014945928561268, -0.7416264326591246, 0.22912569270066396, -0.2726993059103242, 0.5355160686614915, -0.902931727160895, -0.7803637637643119, 0.36804643024725525, 0.029307394167312983, 0.1432827432294983, 0.6874139879813108, -0.024524721700651453, 0.6202888442522898, 0.020487258589880097, 0.8534413864805024, 0.333855543079252, -0.7025463211318861, -0.27089364934848836, 0.7315498318881986, -0.29942957828896866, -0.6219484810876903, -0.0547573816684539, -0.21443765035574014, 0.23785985328818726, -0.12646741612097356, -0.47815568541100895, -0.17505557667448635, -0.16193193089539926, 0.8048437117522818, 0.9592325240809707, 0.24713767881382775, -0.8336317548582777, 0.46599743519199, 0.357370804957968, 0.6520457340504391, -0.3050973265778887, -0.8822398116837538, 0.2236436329105842, -0.751970763373456, 0.5190590583266628, 0.5888466351532844, -0.18274642650020412, 0.8875950117660911, -0.6524404124894483, 0.8851716994539605]",rhc,relu,False,False,100,[10],0.1,100,5
502,2,0.03611099999397993,1.8931063921727114,744.0,100,15,"[0.9340596780273533, 0.09446449835144466, 0.9453687199297687, 0.4296319873487293, 0.3954576491945416, -0.5678210088392472, 0.9525489095524835, -0.9875394895908203, -0.4940352752331121, -0.13041693519110842, 0.5587658435875049, -0.6046298507994938, 0.7259864711984445, 0.9668013543506255, -0.6723155171906026, 0.19466788786571843, -0.98202780466489, -0.22685743471274122, -0.9116798841370009, 0.9133059354284718, -0.1277067062404047, 0.8979546135631256, 0.5726119718701219, 0.7325785971633969, -0.6536691570081037, -0.850102825973786, 0.2014854427555386, -0.6640556325631923, 0.4667603350211398, -0.18311227969597055, 0.05581764683584067, 0.875143167901884, 0.043392244889916, -0.7836132342255386, -0.6835531856304011, 0.09040530340642561, 0.04880816013694678, 0.2752204882519873, -0.1970091128194542, 0.2996102180386846, -0.20619999419653467, 0.24783222709644614, 0.5348099341802477, -0.6420521799177383, -0.24884846282491524, 0.005066118653868745, 0.3733341598326916, -0.4926407026772337, 0.10948172588511706, 0.24986168812819542, 0.7910023321122921, -0.27429282313374714, 0.2751141460374733, -0.6171071957620733, -0.004411770765388567, -0.6351091908575863, 0.8367660782795254, -0.13635585731754474, 0.6603762041966925, -0.16644739064327485, 0.8093351774867339, -0.19034956537818792, -0.33765099381775454, 0.14427754054549724, 0.6908872981882266, 0.7220286235061439, 0.19137623413666893, -0.8306767779591795, 0.19453321463834983, -0.5090925828337958, 0.46518689717993555, 0.7893025846334776, 0.0294679418262902, 0.20712702072041278, -0.8698643752343853, 0.08014945928561268, -0.7416264326591246, 0.22912569270066396, -0.2726993059103242, 0.5355160686614915, -0.902931727160895, -0.7803637637643119, 0.36804643024725525, 0.029307394167312983, 0.1432827432294983, 0.6874139879813108, -0.024524721700651453, 0.6202888442522898, 0.020487258589880097, 0.8534413864805024, 0.333855543079252, -0.7025463211318861, -0.27089364934848836, 0.7315498318881986, -0.29942957828896866, -0.6219484810876903, -0.0547573816684539, -0.21443765035574014, 0.23785985328818726, -0.12646741612097356, -0.47815568541100895, -0.17505557667448635, -0.16193193089539926, 0.8048437117522818, 0.9592325240809707, 0.24713767881382775, -0.8336317548582777, 0.46599743519199, 0.357370804957968, 0.6520457340504391, -0.3050973265778887, -0.8822398116837538, 0.2236436329105842, -0.751970763373456, 0.5190590583266628, 0.5888466351532844, -0.18274642650020412, 0.8875950117660911, -0.6524404124894483, 0.8851716994539605]",rhc,relu,False,False,100,[10],0.1,100,5
503,3,0.03751040005590767,1.891740629178838,746.0,100,15,"[0.9340596780273533, 0.09446449835144466, 0.9453687199297687, 0.4296319873487293, 0.3954576491945416, -0.5678210088392472, 0.9525489095524835, -0.9875394895908203, -0.4940352752331121, -0.13041693519110842, 0.5587658435875049, -0.6046298507994938, 0.7259864711984445, 0.9668013543506255, -0.6723155171906026, 0.19466788786571843, -0.98202780466489, -0.22685743471274122, -0.9116798841370009, 0.9133059354284718, -0.1277067062404047, 0.8979546135631256, 0.5726119718701219, 0.7325785971633969, -0.6536691570081037, -0.850102825973786, 0.2014854427555386, -0.6640556325631923, 0.4667603350211398, -0.18311227969597055, 0.05581764683584067, 0.875143167901884, 0.043392244889916, -0.7836132342255386, -0.6835531856304011, 0.09040530340642561, 0.04880816013694678, 0.2752204882519873, -0.1970091128194542, 0.2996102180386846, -0.20619999419653467, 0.24783222709644614, 0.5348099341802477, -0.6420521799177383, -0.24884846282491524, 0.005066118653868745, 0.3733341598326916, -0.4926407026772337, 0.10948172588511706, 0.24986168812819542, 0.7910023321122921, -0.27429282313374714, 0.2751141460374733, -0.6171071957620733, -0.004411770765388567, -0.6351091908575863, 0.8367660782795254, -0.13635585731754474, 0.6603762041966925, -0.16644739064327485, 0.8093351774867339, -0.19034956537818792, -0.33765099381775454, 0.14427754054549724, 0.6908872981882266, 0.7220286235061439, 0.19137623413666893, -0.8306767779591795, 0.19453321463834983, -0.5090925828337958, 0.46518689717993555, 0.7893025846334776, 0.0294679418262902, 0.20712702072041278, -0.8698643752343853, 0.08014945928561268, -0.7416264326591246, 0.22912569270066396, -0.2726993059103242, 0.5355160686614915, -0.902931727160895, -0.7803637637643119, 0.36804643024725525, 0.029307394167312983, 0.1432827432294983, 0.6874139879813108, -0.024524721700651453, 0.6202888442522898, 0.020487258589880097, 0.8534413864805024, 0.333855543079252, -0.7025463211318861, -0.27089364934848836, 0.7315498318881986, -0.29942957828896866, -0.6219484810876903, -0.0547573816684539, -0.21443765035574014, 0.23785985328818726, -0.12646741612097356, -0.47815568541100895, -0.17505557667448635, -0.16193193089539926, 0.8048437117522818, 0.9592325240809707, 0.24713767881382775, -0.8336317548582777, 0.46599743519199, 0.357370804957968, 0.6520457340504391, -0.3050973265778887, -0.8822398116837538, 0.2236436329105842, -0.751970763373456, 0.5190590583266628, 0.5888466351532844, -0.18274642650020412, 0.8875950117660911, -0.6524404124894483, 0.8851716994539605]",rhc,relu,False,False,100,[10],0.1,100,5
504,4,0.0403158999979496,1.8699790511940377,748.0,100,15,"[0.9340596780273533, 0.09446449835144466, 0.9453687199297687, 0.4296319873487293, 0.3954576491945416, -0.5678210088392472, 0.9525489095524835, -0.9875394895908203, -0.4940352752331121, -0.13041693519110842, 0.5587658435875049, -0.6046298507994938, 0.7259864711984445, 0.9668013543506255, -0.6723155171906026, 0.19466788786571843, -0.98202780466489, -0.22685743471274122, -0.9116798841370009, 0.9133059354284718, -0.1277067062404047, 0.8979546135631256, 0.5726119718701219, 0.7325785971633969, -0.6536691570081037, -0.850102825973786, 0.2014854427555386, -0.6640556325631923, 0.4667603350211398, -0.18311227969597055, 0.05581764683584067, 0.875143167901884, 0.043392244889916, -0.7836132342255386, -0.6835531856304011, 0.09040530340642561, 0.04880816013694678, 0.2752204882519873, -0.1970091128194542, 0.2996102180386846, -0.20619999419653467, 0.24783222709644614, 0.5348099341802477, -0.6420521799177383, -0.24884846282491524, 0.005066118653868745, 0.3733341598326916, -0.4926407026772337, 0.10948172588511706, 0.24986168812819542, 0.7910023321122921, -0.27429282313374714, 0.2751141460374733, -0.6171071957620733, -0.004411770765388567, -0.6351091908575863, 0.8367660782795254, -0.13635585731754474, 0.6603762041966925, -0.16644739064327485, 0.8093351774867339, -0.19034956537818792, -0.33765099381775454, 0.14427754054549724, 0.6908872981882266, 0.7220286235061439, 0.19137623413666893, -0.8306767779591795, 0.19453321463834983, -0.5090925828337958, 0.46518689717993555, 0.7893025846334776, 0.0294679418262902, 0.20712702072041278, -0.8698643752343853, 0.08014945928561268, -0.7416264326591246, 0.22912569270066396, -0.2726993059103242, 0.5355160686614915, -0.902931727160895, -0.7803637637643119, 0.36804643024725525, 0.029307394167312983, 0.1432827432294983, 0.6874139879813108, -0.024524721700651453, 0.6202888442522898, 0.020487258589880097, 0.8534413864805024, 0.333855543079252, -0.7025463211318861, -0.27089364934848836, 0.7315498318881986, -0.29942957828896866, -0.6219484810876903, -0.0547573816684539, -0.21443765035574014, 0.23785985328818726, -0.12646741612097356, -0.47815568541100895, -0.17505557667448635, -0.16193193089539926, 0.8048437117522818, 0.9592325240809707, 0.24713767881382775, -0.8336317548582777, 0.46599743519199, 0.357370804957968, 0.6520457340504391, -0.3050973265778887, -0.8822398116837538, 0.2236436329105842, -0.751970763373456, 0.5190590583266628, 0.5888466351532844, -0.18274642650020412, 0.8875950117660911, -0.6524404124894483, 0.8851716994539605]",rhc,relu,False,False,100,[10],0.1,100,5
505,5,0.041674000094644725,1.8699790511940377,749.0,100,15,"[0.9340596780273533, 0.09446449835144466, 0.9453687199297687, 0.4296319873487293, 0.3954576491945416, -0.5678210088392472, 0.9525489095524835, -0.9875394895908203, -0.4940352752331121, -0.13041693519110842, 0.5587658435875049, -0.6046298507994938, 0.7259864711984445, 0.9668013543506255, -0.6723155171906026, 0.19466788786571843, -0.98202780466489, -0.22685743471274122, -0.9116798841370009, 0.9133059354284718, -0.1277067062404047, 0.8979546135631256, 0.5726119718701219, 0.7325785971633969, -0.6536691570081037, -0.850102825973786, 0.2014854427555386, -0.6640556325631923, 0.4667603350211398, -0.18311227969597055, 0.05581764683584067, 0.875143167901884, 0.043392244889916, -0.7836132342255386, -0.6835531856304011, 0.09040530340642561, 0.04880816013694678, 0.2752204882519873, -0.1970091128194542, 0.2996102180386846, -0.20619999419653467, 0.24783222709644614, 0.5348099341802477, -0.6420521799177383, -0.24884846282491524, 0.005066118653868745, 0.3733341598326916, -0.4926407026772337, 0.10948172588511706, 0.24986168812819542, 0.7910023321122921, -0.27429282313374714, 0.2751141460374733, -0.6171071957620733, -0.004411770765388567, -0.6351091908575863, 0.8367660782795254, -0.13635585731754474, 0.6603762041966925, -0.16644739064327485, 0.8093351774867339, -0.19034956537818792, -0.33765099381775454, 0.14427754054549724, 0.6908872981882266, 0.7220286235061439, 0.19137623413666893, -0.8306767779591795, 0.19453321463834983, -0.5090925828337958, 0.46518689717993555, 0.7893025846334776, 0.0294679418262902, 0.20712702072041278, -0.8698643752343853, 0.08014945928561268, -0.7416264326591246, 0.22912569270066396, -0.2726993059103242, 0.5355160686614915, -0.902931727160895, -0.7803637637643119, 0.36804643024725525, 0.029307394167312983, 0.1432827432294983, 0.6874139879813108, -0.024524721700651453, 0.6202888442522898, 0.020487258589880097, 0.8534413864805024, 0.333855543079252, -0.7025463211318861, -0.27089364934848836, 0.7315498318881986, -0.29942957828896866, -0.6219484810876903, -0.0547573816684539, -0.21443765035574014, 0.23785985328818726, -0.12646741612097356, -0.47815568541100895, -0.17505557667448635, -0.16193193089539926, 0.8048437117522818, 0.9592325240809707, 0.24713767881382775, -0.8336317548582777, 0.46599743519199, 0.357370804957968, 0.6520457340504391, -0.3050973265778887, -0.8822398116837538, 0.2236436329105842, -0.751970763373456, 0.5190590583266628, 0.5888466351532844, -0.18274642650020412, 0.8875950117660911, -0.6524404124894483, 0.8851716994539605]",rhc,relu,False,False,100,[10],0.1,100,5
506,6,0.04435340000782162,1.8635520417724194,751.0,100,15,"[0.9340596780273533, 0.09446449835144466, 0.9453687199297687, 0.4296319873487293, 0.3954576491945416, -0.5678210088392472, 0.9525489095524835, -0.9875394895908203, -0.4940352752331121, -0.13041693519110842, 0.5587658435875049, -0.6046298507994938, 0.7259864711984445, 0.9668013543506255, -0.6723155171906026, 0.19466788786571843, -0.98202780466489, -0.22685743471274122, -0.9116798841370009, 0.9133059354284718, -0.1277067062404047, 0.8979546135631256, 0.5726119718701219, 0.7325785971633969, -0.6536691570081037, -0.850102825973786, 0.2014854427555386, -0.6640556325631923, 0.4667603350211398, -0.18311227969597055, 0.05581764683584067, 0.875143167901884, 0.043392244889916, -0.7836132342255386, -0.6835531856304011, 0.09040530340642561, 0.04880816013694678, 0.2752204882519873, -0.1970091128194542, 0.2996102180386846, -0.20619999419653467, 0.24783222709644614, 0.5348099341802477, -0.6420521799177383, -0.24884846282491524, 0.005066118653868745, 0.3733341598326916, -0.4926407026772337, 0.10948172588511706, 0.24986168812819542, 0.7910023321122921, -0.27429282313374714, 0.2751141460374733, -0.6171071957620733, -0.004411770765388567, -0.6351091908575863, 0.8367660782795254, -0.13635585731754474, 0.6603762041966925, -0.16644739064327485, 0.8093351774867339, -0.19034956537818792, -0.33765099381775454, 0.14427754054549724, 0.6908872981882266, 0.7220286235061439, 0.19137623413666893, -0.8306767779591795, 0.19453321463834983, -0.5090925828337958, 0.46518689717993555, 0.7893025846334776, 0.0294679418262902, 0.20712702072041278, -0.8698643752343853, 0.08014945928561268, -0.7416264326591246, 0.22912569270066396, -0.2726993059103242, 0.5355160686614915, -0.902931727160895, -0.7803637637643119, 0.36804643024725525, 0.029307394167312983, 0.1432827432294983, 0.6874139879813108, -0.024524721700651453, 0.6202888442522898, 0.020487258589880097, 0.8534413864805024, 0.333855543079252, -0.7025463211318861, -0.27089364934848836, 0.7315498318881986, -0.29942957828896866, -0.6219484810876903, -0.0547573816684539, -0.21443765035574014, 0.23785985328818726, -0.12646741612097356, -0.47815568541100895, -0.17505557667448635, -0.16193193089539926, 0.8048437117522818, 0.9592325240809707, 0.24713767881382775, -0.8336317548582777, 0.46599743519199, 0.357370804957968, 0.6520457340504391, -0.3050973265778887, -0.8822398116837538, 0.2236436329105842, -0.751970763373456, 0.5190590583266628, 0.5888466351532844, -0.18274642650020412, 0.8875950117660911, -0.6524404124894483, 0.8851716994539605]",rhc,relu,False,False,100,[10],0.1,100,5
507,7,0.04734460008330643,1.858355207041593,753.0,100,15,"[0.9340596780273533, 0.09446449835144466, 0.9453687199297687, 0.4296319873487293, 0.3954576491945416, -0.5678210088392472, 0.9525489095524835, -0.9875394895908203, -0.4940352752331121, -0.13041693519110842, 0.5587658435875049, -0.6046298507994938, 0.7259864711984445, 0.9668013543506255, -0.6723155171906026, 0.19466788786571843, -0.98202780466489, -0.22685743471274122, -0.9116798841370009, 0.9133059354284718, -0.1277067062404047, 0.8979546135631256, 0.5726119718701219, 0.7325785971633969, -0.6536691570081037, -0.850102825973786, 0.2014854427555386, -0.6640556325631923, 0.4667603350211398, -0.18311227969597055, 0.05581764683584067, 0.875143167901884, 0.043392244889916, -0.7836132342255386, -0.6835531856304011, 0.09040530340642561, 0.04880816013694678, 0.2752204882519873, -0.1970091128194542, 0.2996102180386846, -0.20619999419653467, 0.24783222709644614, 0.5348099341802477, -0.6420521799177383, -0.24884846282491524, 0.005066118653868745, 0.3733341598326916, -0.4926407026772337, 0.10948172588511706, 0.24986168812819542, 0.7910023321122921, -0.27429282313374714, 0.2751141460374733, -0.6171071957620733, -0.004411770765388567, -0.6351091908575863, 0.8367660782795254, -0.13635585731754474, 0.6603762041966925, -0.16644739064327485, 0.8093351774867339, -0.19034956537818792, -0.33765099381775454, 0.14427754054549724, 0.6908872981882266, 0.7220286235061439, 0.19137623413666893, -0.8306767779591795, 0.19453321463834983, -0.5090925828337958, 0.46518689717993555, 0.7893025846334776, 0.0294679418262902, 0.20712702072041278, -0.8698643752343853, 0.08014945928561268, -0.7416264326591246, 0.22912569270066396, -0.2726993059103242, 0.5355160686614915, -0.902931727160895, -0.7803637637643119, 0.36804643024725525, 0.029307394167312983, 0.1432827432294983, 0.6874139879813108, -0.024524721700651453, 0.6202888442522898, 0.020487258589880097, 0.8534413864805024, 0.333855543079252, -0.7025463211318861, -0.27089364934848836, 0.7315498318881986, -0.29942957828896866, -0.6219484810876903, -0.0547573816684539, -0.21443765035574014, 0.23785985328818726, -0.12646741612097356, -0.47815568541100895, -0.17505557667448635, -0.16193193089539926, 0.8048437117522818, 0.9592325240809707, 0.24713767881382775, -0.8336317548582777, 0.46599743519199, 0.357370804957968, 0.6520457340504391, -0.3050973265778887, -0.8822398116837538, 0.2236436329105842, -0.751970763373456, 0.5190590583266628, 0.5888466351532844, -0.18274642650020412, 0.8875950117660911, -0.6524404124894483, 0.8851716994539605]",rhc,relu,False,False,100,[10],0.1,100,5
508,8,0.049982900032773614,1.858151233665474,755.0,100,15,"[0.9340596780273533, 0.09446449835144466, 0.9453687199297687, 0.4296319873487293, 0.3954576491945416, -0.5678210088392472, 0.9525489095524835, -0.9875394895908203, -0.4940352752331121, -0.13041693519110842, 0.5587658435875049, -0.6046298507994938, 0.7259864711984445, 0.9668013543506255, -0.6723155171906026, 0.19466788786571843, -0.98202780466489, -0.22685743471274122, -0.9116798841370009, 0.9133059354284718, -0.1277067062404047, 0.8979546135631256, 0.5726119718701219, 0.7325785971633969, -0.6536691570081037, -0.850102825973786, 0.2014854427555386, -0.6640556325631923, 0.4667603350211398, -0.18311227969597055, 0.05581764683584067, 0.875143167901884, 0.043392244889916, -0.7836132342255386, -0.6835531856304011, 0.09040530340642561, 0.04880816013694678, 0.2752204882519873, -0.1970091128194542, 0.2996102180386846, -0.20619999419653467, 0.24783222709644614, 0.5348099341802477, -0.6420521799177383, -0.24884846282491524, 0.005066118653868745, 0.3733341598326916, -0.4926407026772337, 0.10948172588511706, 0.24986168812819542, 0.7910023321122921, -0.27429282313374714, 0.2751141460374733, -0.6171071957620733, -0.004411770765388567, -0.6351091908575863, 0.8367660782795254, -0.13635585731754474, 0.6603762041966925, -0.16644739064327485, 0.8093351774867339, -0.19034956537818792, -0.33765099381775454, 0.14427754054549724, 0.6908872981882266, 0.7220286235061439, 0.19137623413666893, -0.8306767779591795, 0.19453321463834983, -0.5090925828337958, 0.46518689717993555, 0.7893025846334776, 0.0294679418262902, 0.20712702072041278, -0.8698643752343853, 0.08014945928561268, -0.7416264326591246, 0.22912569270066396, -0.2726993059103242, 0.5355160686614915, -0.902931727160895, -0.7803637637643119, 0.36804643024725525, 0.029307394167312983, 0.1432827432294983, 0.6874139879813108, -0.024524721700651453, 0.6202888442522898, 0.020487258589880097, 0.8534413864805024, 0.333855543079252, -0.7025463211318861, -0.27089364934848836, 0.7315498318881986, -0.29942957828896866, -0.6219484810876903, -0.0547573816684539, -0.21443765035574014, 0.23785985328818726, -0.12646741612097356, -0.47815568541100895, -0.17505557667448635, -0.16193193089539926, 0.8048437117522818, 0.9592325240809707, 0.24713767881382775, -0.8336317548582777, 0.46599743519199, 0.357370804957968, 0.6520457340504391, -0.3050973265778887, -0.8822398116837538, 0.2236436329105842, -0.751970763373456, 0.5190590583266628, 0.5888466351532844, -0.18274642650020412, 0.8875950117660911, -0.6524404124894483, 0.8851716994539605]",rhc,relu,False,False,100,[10],0.1,100,5
509,9,0.05281060002744198,1.858151233665474,756.0,100,15,"[0.9340596780273533, 0.09446449835144466, 0.9453687199297687, 0.4296319873487293, 0.3954576491945416, -0.5678210088392472, 0.9525489095524835, -0.9875394895908203, -0.4940352752331121, -0.13041693519110842, 0.5587658435875049, -0.6046298507994938, 0.7259864711984445, 0.9668013543506255, -0.6723155171906026, 0.19466788786571843, -0.98202780466489, -0.22685743471274122, -0.9116798841370009, 0.9133059354284718, -0.1277067062404047, 0.8979546135631256, 0.5726119718701219, 0.7325785971633969, -0.6536691570081037, -0.850102825973786, 0.2014854427555386, -0.6640556325631923, 0.4667603350211398, -0.18311227969597055, 0.05581764683584067, 0.875143167901884, 0.043392244889916, -0.7836132342255386, -0.6835531856304011, 0.09040530340642561, 0.04880816013694678, 0.2752204882519873, -0.1970091128194542, 0.2996102180386846, -0.20619999419653467, 0.24783222709644614, 0.5348099341802477, -0.6420521799177383, -0.24884846282491524, 0.005066118653868745, 0.3733341598326916, -0.4926407026772337, 0.10948172588511706, 0.24986168812819542, 0.7910023321122921, -0.27429282313374714, 0.2751141460374733, -0.6171071957620733, -0.004411770765388567, -0.6351091908575863, 0.8367660782795254, -0.13635585731754474, 0.6603762041966925, -0.16644739064327485, 0.8093351774867339, -0.19034956537818792, -0.33765099381775454, 0.14427754054549724, 0.6908872981882266, 0.7220286235061439, 0.19137623413666893, -0.8306767779591795, 0.19453321463834983, -0.5090925828337958, 0.46518689717993555, 0.7893025846334776, 0.0294679418262902, 0.20712702072041278, -0.8698643752343853, 0.08014945928561268, -0.7416264326591246, 0.22912569270066396, -0.2726993059103242, 0.5355160686614915, -0.902931727160895, -0.7803637637643119, 0.36804643024725525, 0.029307394167312983, 0.1432827432294983, 0.6874139879813108, -0.024524721700651453, 0.6202888442522898, 0.020487258589880097, 0.8534413864805024, 0.333855543079252, -0.7025463211318861, -0.27089364934848836, 0.7315498318881986, -0.29942957828896866, -0.6219484810876903, -0.0547573816684539, -0.21443765035574014, 0.23785985328818726, -0.12646741612097356, -0.47815568541100895, -0.17505557667448635, -0.16193193089539926, 0.8048437117522818, 0.9592325240809707, 0.24713767881382775, -0.8336317548582777, 0.46599743519199, 0.357370804957968, 0.6520457340504391, -0.3050973265778887, -0.8822398116837538, 0.2236436329105842, -0.751970763373456, 0.5190590583266628, 0.5888466351532844, -0.18274642650020412, 0.8875950117660911, -0.6524404124894483, 0.8851716994539605]",rhc,relu,False,False,100,[10],0.1,100,5
510,10,0.054268900072202086,1.858151233665474,757.0,100,15,"[0.9340596780273533, 0.09446449835144466, 0.9453687199297687, 0.4296319873487293, 0.3954576491945416, -0.5678210088392472, 0.9525489095524835, -0.9875394895908203, -0.4940352752331121, -0.13041693519110842, 0.5587658435875049, -0.6046298507994938, 0.7259864711984445, 0.9668013543506255, -0.6723155171906026, 0.19466788786571843, -0.98202780466489, -0.22685743471274122, -0.9116798841370009, 0.9133059354284718, -0.1277067062404047, 0.8979546135631256, 0.5726119718701219, 0.7325785971633969, -0.6536691570081037, -0.850102825973786, 0.2014854427555386, -0.6640556325631923, 0.4667603350211398, -0.18311227969597055, 0.05581764683584067, 0.875143167901884, 0.043392244889916, -0.7836132342255386, -0.6835531856304011, 0.09040530340642561, 0.04880816013694678, 0.2752204882519873, -0.1970091128194542, 0.2996102180386846, -0.20619999419653467, 0.24783222709644614, 0.5348099341802477, -0.6420521799177383, -0.24884846282491524, 0.005066118653868745, 0.3733341598326916, -0.4926407026772337, 0.10948172588511706, 0.24986168812819542, 0.7910023321122921, -0.27429282313374714, 0.2751141460374733, -0.6171071957620733, -0.004411770765388567, -0.6351091908575863, 0.8367660782795254, -0.13635585731754474, 0.6603762041966925, -0.16644739064327485, 0.8093351774867339, -0.19034956537818792, -0.33765099381775454, 0.14427754054549724, 0.6908872981882266, 0.7220286235061439, 0.19137623413666893, -0.8306767779591795, 0.19453321463834983, -0.5090925828337958, 0.46518689717993555, 0.7893025846334776, 0.0294679418262902, 0.20712702072041278, -0.8698643752343853, 0.08014945928561268, -0.7416264326591246, 0.22912569270066396, -0.2726993059103242, 0.5355160686614915, -0.902931727160895, -0.7803637637643119, 0.36804643024725525, 0.029307394167312983, 0.1432827432294983, 0.6874139879813108, -0.024524721700651453, 0.6202888442522898, 0.020487258589880097, 0.8534413864805024, 0.333855543079252, -0.7025463211318861, -0.27089364934848836, 0.7315498318881986, -0.29942957828896866, -0.6219484810876903, -0.0547573816684539, -0.21443765035574014, 0.23785985328818726, -0.12646741612097356, -0.47815568541100895, -0.17505557667448635, -0.16193193089539926, 0.8048437117522818, 0.9592325240809707, 0.24713767881382775, -0.8336317548582777, 0.46599743519199, 0.357370804957968, 0.6520457340504391, -0.3050973265778887, -0.8822398116837538, 0.2236436329105842, -0.751970763373456, 0.5190590583266628, 0.5888466351532844, -0.18274642650020412, 0.8875950117660911, -0.6524404124894483, 0.8851716994539605]",rhc,relu,False,False,100,[10],0.1,100,5
511,11,0.05699730000924319,1.854635219346927,759.0,100,15,"[0.9340596780273533, 0.09446449835144466, 0.9453687199297687, 0.4296319873487293, 0.3954576491945416, -0.5678210088392472, 0.9525489095524835, -0.9875394895908203, -0.4940352752331121, -0.13041693519110842, 0.5587658435875049, -0.6046298507994938, 0.7259864711984445, 0.9668013543506255, -0.6723155171906026, 0.19466788786571843, -0.98202780466489, -0.22685743471274122, -0.9116798841370009, 0.9133059354284718, -0.1277067062404047, 0.8979546135631256, 0.5726119718701219, 0.7325785971633969, -0.6536691570081037, -0.850102825973786, 0.2014854427555386, -0.6640556325631923, 0.4667603350211398, -0.18311227969597055, 0.05581764683584067, 0.875143167901884, 0.043392244889916, -0.7836132342255386, -0.6835531856304011, 0.09040530340642561, 0.04880816013694678, 0.2752204882519873, -0.1970091128194542, 0.2996102180386846, -0.20619999419653467, 0.24783222709644614, 0.5348099341802477, -0.6420521799177383, -0.24884846282491524, 0.005066118653868745, 0.3733341598326916, -0.4926407026772337, 0.10948172588511706, 0.24986168812819542, 0.7910023321122921, -0.27429282313374714, 0.2751141460374733, -0.6171071957620733, -0.004411770765388567, -0.6351091908575863, 0.8367660782795254, -0.13635585731754474, 0.6603762041966925, -0.16644739064327485, 0.8093351774867339, -0.19034956537818792, -0.33765099381775454, 0.14427754054549724, 0.6908872981882266, 0.7220286235061439, 0.19137623413666893, -0.8306767779591795, 0.19453321463834983, -0.5090925828337958, 0.46518689717993555, 0.7893025846334776, 0.0294679418262902, 0.20712702072041278, -0.8698643752343853, 0.08014945928561268, -0.7416264326591246, 0.22912569270066396, -0.2726993059103242, 0.5355160686614915, -0.902931727160895, -0.7803637637643119, 0.36804643024725525, 0.029307394167312983, 0.1432827432294983, 0.6874139879813108, -0.024524721700651453, 0.6202888442522898, 0.020487258589880097, 0.8534413864805024, 0.333855543079252, -0.7025463211318861, -0.27089364934848836, 0.7315498318881986, -0.29942957828896866, -0.6219484810876903, -0.0547573816684539, -0.21443765035574014, 0.23785985328818726, -0.12646741612097356, -0.47815568541100895, -0.17505557667448635, -0.16193193089539926, 0.8048437117522818, 0.9592325240809707, 0.24713767881382775, -0.8336317548582777, 0.46599743519199, 0.357370804957968, 0.6520457340504391, -0.3050973265778887, -0.8822398116837538, 0.2236436329105842, -0.751970763373456, 0.5190590583266628, 0.5888466351532844, -0.18274642650020412, 0.8875950117660911, -0.6524404124894483, 0.8851716994539605]",rhc,relu,False,False,100,[10],0.1,100,5
512,12,0.05975670006591827,1.852103919296006,761.0,100,15,"[0.9340596780273533, 0.09446449835144466, 0.9453687199297687, 0.4296319873487293, 0.3954576491945416, -0.5678210088392472, 0.9525489095524835, -0.9875394895908203, -0.4940352752331121, -0.13041693519110842, 0.5587658435875049, -0.6046298507994938, 0.7259864711984445, 0.9668013543506255, -0.6723155171906026, 0.19466788786571843, -0.98202780466489, -0.22685743471274122, -0.9116798841370009, 0.9133059354284718, -0.1277067062404047, 0.8979546135631256, 0.5726119718701219, 0.7325785971633969, -0.6536691570081037, -0.850102825973786, 0.2014854427555386, -0.6640556325631923, 0.4667603350211398, -0.18311227969597055, 0.05581764683584067, 0.875143167901884, 0.043392244889916, -0.7836132342255386, -0.6835531856304011, 0.09040530340642561, 0.04880816013694678, 0.2752204882519873, -0.1970091128194542, 0.2996102180386846, -0.20619999419653467, 0.24783222709644614, 0.5348099341802477, -0.6420521799177383, -0.24884846282491524, 0.005066118653868745, 0.3733341598326916, -0.4926407026772337, 0.10948172588511706, 0.24986168812819542, 0.7910023321122921, -0.27429282313374714, 0.2751141460374733, -0.6171071957620733, -0.004411770765388567, -0.6351091908575863, 0.8367660782795254, -0.13635585731754474, 0.6603762041966925, -0.16644739064327485, 0.8093351774867339, -0.19034956537818792, -0.33765099381775454, 0.14427754054549724, 0.6908872981882266, 0.7220286235061439, 0.19137623413666893, -0.8306767779591795, 0.19453321463834983, -0.5090925828337958, 0.46518689717993555, 0.7893025846334776, 0.0294679418262902, 0.20712702072041278, -0.8698643752343853, 0.08014945928561268, -0.7416264326591246, 0.22912569270066396, -0.2726993059103242, 0.5355160686614915, -0.902931727160895, -0.7803637637643119, 0.36804643024725525, 0.029307394167312983, 0.1432827432294983, 0.6874139879813108, -0.024524721700651453, 0.6202888442522898, 0.020487258589880097, 0.8534413864805024, 0.333855543079252, -0.7025463211318861, -0.27089364934848836, 0.7315498318881986, -0.29942957828896866, -0.6219484810876903, -0.0547573816684539, -0.21443765035574014, 0.23785985328818726, -0.12646741612097356, -0.47815568541100895, -0.17505557667448635, -0.16193193089539926, 0.8048437117522818, 0.9592325240809707, 0.24713767881382775, -0.8336317548582777, 0.46599743519199, 0.357370804957968, 0.6520457340504391, -0.3050973265778887, -0.8822398116837538, 0.2236436329105842, -0.751970763373456, 0.5190590583266628, 0.5888466351532844, -0.18274642650020412, 0.8875950117660911, -0.6524404124894483, 0.8851716994539605]",rhc,relu,False,False,100,[10],0.1,100,5
513,13,0.06276760005857795,1.852103919296006,762.0,100,15,"[0.9340596780273533, 0.09446449835144466, 0.9453687199297687, 0.4296319873487293, 0.3954576491945416, -0.5678210088392472, 0.9525489095524835, -0.9875394895908203, -0.4940352752331121, -0.13041693519110842, 0.5587658435875049, -0.6046298507994938, 0.7259864711984445, 0.9668013543506255, -0.6723155171906026, 0.19466788786571843, -0.98202780466489, -0.22685743471274122, -0.9116798841370009, 0.9133059354284718, -0.1277067062404047, 0.8979546135631256, 0.5726119718701219, 0.7325785971633969, -0.6536691570081037, -0.850102825973786, 0.2014854427555386, -0.6640556325631923, 0.4667603350211398, -0.18311227969597055, 0.05581764683584067, 0.875143167901884, 0.043392244889916, -0.7836132342255386, -0.6835531856304011, 0.09040530340642561, 0.04880816013694678, 0.2752204882519873, -0.1970091128194542, 0.2996102180386846, -0.20619999419653467, 0.24783222709644614, 0.5348099341802477, -0.6420521799177383, -0.24884846282491524, 0.005066118653868745, 0.3733341598326916, -0.4926407026772337, 0.10948172588511706, 0.24986168812819542, 0.7910023321122921, -0.27429282313374714, 0.2751141460374733, -0.6171071957620733, -0.004411770765388567, -0.6351091908575863, 0.8367660782795254, -0.13635585731754474, 0.6603762041966925, -0.16644739064327485, 0.8093351774867339, -0.19034956537818792, -0.33765099381775454, 0.14427754054549724, 0.6908872981882266, 0.7220286235061439, 0.19137623413666893, -0.8306767779591795, 0.19453321463834983, -0.5090925828337958, 0.46518689717993555, 0.7893025846334776, 0.0294679418262902, 0.20712702072041278, -0.8698643752343853, 0.08014945928561268, -0.7416264326591246, 0.22912569270066396, -0.2726993059103242, 0.5355160686614915, -0.902931727160895, -0.7803637637643119, 0.36804643024725525, 0.029307394167312983, 0.1432827432294983, 0.6874139879813108, -0.024524721700651453, 0.6202888442522898, 0.020487258589880097, 0.8534413864805024, 0.333855543079252, -0.7025463211318861, -0.27089364934848836, 0.7315498318881986, -0.29942957828896866, -0.6219484810876903, -0.0547573816684539, -0.21443765035574014, 0.23785985328818726, -0.12646741612097356, -0.47815568541100895, -0.17505557667448635, -0.16193193089539926, 0.8048437117522818, 0.9592325240809707, 0.24713767881382775, -0.8336317548582777, 0.46599743519199, 0.357370804957968, 0.6520457340504391, -0.3050973265778887, -0.8822398116837538, 0.2236436329105842, -0.751970763373456, 0.5190590583266628, 0.5888466351532844, -0.18274642650020412, 0.8875950117660911, -0.6524404124894483, 0.8851716994539605]",rhc,relu,False,False,100,[10],0.1,100,5
514,14,0.06632550002541393,1.8455278650874978,764.0,100,15,"[0.9340596780273533, 0.09446449835144466, 0.9453687199297687, 0.4296319873487293, 0.3954576491945416, -0.5678210088392472, 0.9525489095524835, -0.9875394895908203, -0.4940352752331121, -0.13041693519110842, 0.5587658435875049, -0.6046298507994938, 0.7259864711984445, 0.9668013543506255, -0.6723155171906026, 0.19466788786571843, -0.98202780466489, -0.22685743471274122, -0.9116798841370009, 0.9133059354284718, -0.1277067062404047, 0.8979546135631256, 0.5726119718701219, 0.7325785971633969, -0.6536691570081037, -0.850102825973786, 0.2014854427555386, -0.6640556325631923, 0.4667603350211398, -0.18311227969597055, 0.05581764683584067, 0.875143167901884, 0.043392244889916, -0.7836132342255386, -0.6835531856304011, 0.09040530340642561, 0.04880816013694678, 0.2752204882519873, -0.1970091128194542, 0.2996102180386846, -0.20619999419653467, 0.24783222709644614, 0.5348099341802477, -0.6420521799177383, -0.24884846282491524, 0.005066118653868745, 0.3733341598326916, -0.4926407026772337, 0.10948172588511706, 0.24986168812819542, 0.7910023321122921, -0.27429282313374714, 0.2751141460374733, -0.6171071957620733, -0.004411770765388567, -0.6351091908575863, 0.8367660782795254, -0.13635585731754474, 0.6603762041966925, -0.16644739064327485, 0.8093351774867339, -0.19034956537818792, -0.33765099381775454, 0.14427754054549724, 0.6908872981882266, 0.7220286235061439, 0.19137623413666893, -0.8306767779591795, 0.19453321463834983, -0.5090925828337958, 0.46518689717993555, 0.7893025846334776, 0.0294679418262902, 0.20712702072041278, -0.8698643752343853, 0.08014945928561268, -0.7416264326591246, 0.22912569270066396, -0.2726993059103242, 0.5355160686614915, -0.902931727160895, -0.7803637637643119, 0.36804643024725525, 0.029307394167312983, 0.1432827432294983, 0.6874139879813108, -0.024524721700651453, 0.6202888442522898, 0.020487258589880097, 0.8534413864805024, 0.333855543079252, -0.7025463211318861, -0.27089364934848836, 0.7315498318881986, -0.29942957828896866, -0.6219484810876903, -0.0547573816684539, -0.21443765035574014, 0.23785985328818726, -0.12646741612097356, -0.47815568541100895, -0.17505557667448635, -0.16193193089539926, 0.8048437117522818, 0.9592325240809707, 0.24713767881382775, -0.8336317548582777, 0.46599743519199, 0.357370804957968, 0.6520457340504391, -0.3050973265778887, -0.8822398116837538, 0.2236436329105842, -0.751970763373456, 0.5190590583266628, 0.5888466351532844, -0.18274642650020412, 0.8875950117660911, -0.6524404124894483, 0.8851716994539605]",rhc,relu,False,False,100,[10],0.1,100,5
515,15,0.06922320008743554,1.8455278650874978,765.0,100,15,"[0.9340596780273533, 0.09446449835144466, 0.9453687199297687, 0.4296319873487293, 0.3954576491945416, -0.5678210088392472, 0.9525489095524835, -0.9875394895908203, -0.4940352752331121, -0.13041693519110842, 0.5587658435875049, -0.6046298507994938, 0.7259864711984445, 0.9668013543506255, -0.6723155171906026, 0.19466788786571843, -0.98202780466489, -0.22685743471274122, -0.9116798841370009, 0.9133059354284718, -0.1277067062404047, 0.8979546135631256, 0.5726119718701219, 0.7325785971633969, -0.6536691570081037, -0.850102825973786, 0.2014854427555386, -0.6640556325631923, 0.4667603350211398, -0.18311227969597055, 0.05581764683584067, 0.875143167901884, 0.043392244889916, -0.7836132342255386, -0.6835531856304011, 0.09040530340642561, 0.04880816013694678, 0.2752204882519873, -0.1970091128194542, 0.2996102180386846, -0.20619999419653467, 0.24783222709644614, 0.5348099341802477, -0.6420521799177383, -0.24884846282491524, 0.005066118653868745, 0.3733341598326916, -0.4926407026772337, 0.10948172588511706, 0.24986168812819542, 0.7910023321122921, -0.27429282313374714, 0.2751141460374733, -0.6171071957620733, -0.004411770765388567, -0.6351091908575863, 0.8367660782795254, -0.13635585731754474, 0.6603762041966925, -0.16644739064327485, 0.8093351774867339, -0.19034956537818792, -0.33765099381775454, 0.14427754054549724, 0.6908872981882266, 0.7220286235061439, 0.19137623413666893, -0.8306767779591795, 0.19453321463834983, -0.5090925828337958, 0.46518689717993555, 0.7893025846334776, 0.0294679418262902, 0.20712702072041278, -0.8698643752343853, 0.08014945928561268, -0.7416264326591246, 0.22912569270066396, -0.2726993059103242, 0.5355160686614915, -0.902931727160895, -0.7803637637643119, 0.36804643024725525, 0.029307394167312983, 0.1432827432294983, 0.6874139879813108, -0.024524721700651453, 0.6202888442522898, 0.020487258589880097, 0.8534413864805024, 0.333855543079252, -0.7025463211318861, -0.27089364934848836, 0.7315498318881986, -0.29942957828896866, -0.6219484810876903, -0.0547573816684539, -0.21443765035574014, 0.23785985328818726, -0.12646741612097356, -0.47815568541100895, -0.17505557667448635, -0.16193193089539926, 0.8048437117522818, 0.9592325240809707, 0.24713767881382775, -0.8336317548582777, 0.46599743519199, 0.357370804957968, 0.6520457340504391, -0.3050973265778887, -0.8822398116837538, 0.2236436329105842, -0.751970763373456, 0.5190590583266628, 0.5888466351532844, -0.18274642650020412, 0.8875950117660911, -0.6524404124894483, 0.8851716994539605]",rhc,relu,False,False,100,[10],0.1,100,5
516,16,0.07063110009767115,1.8455278650874978,766.0,100,15,"[0.9340596780273533, 0.09446449835144466, 0.9453687199297687, 0.4296319873487293, 0.3954576491945416, -0.5678210088392472, 0.9525489095524835, -0.9875394895908203, -0.4940352752331121, -0.13041693519110842, 0.5587658435875049, -0.6046298507994938, 0.7259864711984445, 0.9668013543506255, -0.6723155171906026, 0.19466788786571843, -0.98202780466489, -0.22685743471274122, -0.9116798841370009, 0.9133059354284718, -0.1277067062404047, 0.8979546135631256, 0.5726119718701219, 0.7325785971633969, -0.6536691570081037, -0.850102825973786, 0.2014854427555386, -0.6640556325631923, 0.4667603350211398, -0.18311227969597055, 0.05581764683584067, 0.875143167901884, 0.043392244889916, -0.7836132342255386, -0.6835531856304011, 0.09040530340642561, 0.04880816013694678, 0.2752204882519873, -0.1970091128194542, 0.2996102180386846, -0.20619999419653467, 0.24783222709644614, 0.5348099341802477, -0.6420521799177383, -0.24884846282491524, 0.005066118653868745, 0.3733341598326916, -0.4926407026772337, 0.10948172588511706, 0.24986168812819542, 0.7910023321122921, -0.27429282313374714, 0.2751141460374733, -0.6171071957620733, -0.004411770765388567, -0.6351091908575863, 0.8367660782795254, -0.13635585731754474, 0.6603762041966925, -0.16644739064327485, 0.8093351774867339, -0.19034956537818792, -0.33765099381775454, 0.14427754054549724, 0.6908872981882266, 0.7220286235061439, 0.19137623413666893, -0.8306767779591795, 0.19453321463834983, -0.5090925828337958, 0.46518689717993555, 0.7893025846334776, 0.0294679418262902, 0.20712702072041278, -0.8698643752343853, 0.08014945928561268, -0.7416264326591246, 0.22912569270066396, -0.2726993059103242, 0.5355160686614915, -0.902931727160895, -0.7803637637643119, 0.36804643024725525, 0.029307394167312983, 0.1432827432294983, 0.6874139879813108, -0.024524721700651453, 0.6202888442522898, 0.020487258589880097, 0.8534413864805024, 0.333855543079252, -0.7025463211318861, -0.27089364934848836, 0.7315498318881986, -0.29942957828896866, -0.6219484810876903, -0.0547573816684539, -0.21443765035574014, 0.23785985328818726, -0.12646741612097356, -0.47815568541100895, -0.17505557667448635, -0.16193193089539926, 0.8048437117522818, 0.9592325240809707, 0.24713767881382775, -0.8336317548582777, 0.46599743519199, 0.357370804957968, 0.6520457340504391, -0.3050973265778887, -0.8822398116837538, 0.2236436329105842, -0.751970763373456, 0.5190590583266628, 0.5888466351532844, -0.18274642650020412, 0.8875950117660911, -0.6524404124894483, 0.8851716994539605]",rhc,relu,False,False,100,[10],0.1,100,5
517,17,0.07200020004529506,1.8455278650874978,767.0,100,15,"[0.9340596780273533, 0.09446449835144466, 0.9453687199297687, 0.4296319873487293, 0.3954576491945416, -0.5678210088392472, 0.9525489095524835, -0.9875394895908203, -0.4940352752331121, -0.13041693519110842, 0.5587658435875049, -0.6046298507994938, 0.7259864711984445, 0.9668013543506255, -0.6723155171906026, 0.19466788786571843, -0.98202780466489, -0.22685743471274122, -0.9116798841370009, 0.9133059354284718, -0.1277067062404047, 0.8979546135631256, 0.5726119718701219, 0.7325785971633969, -0.6536691570081037, -0.850102825973786, 0.2014854427555386, -0.6640556325631923, 0.4667603350211398, -0.18311227969597055, 0.05581764683584067, 0.875143167901884, 0.043392244889916, -0.7836132342255386, -0.6835531856304011, 0.09040530340642561, 0.04880816013694678, 0.2752204882519873, -0.1970091128194542, 0.2996102180386846, -0.20619999419653467, 0.24783222709644614, 0.5348099341802477, -0.6420521799177383, -0.24884846282491524, 0.005066118653868745, 0.3733341598326916, -0.4926407026772337, 0.10948172588511706, 0.24986168812819542, 0.7910023321122921, -0.27429282313374714, 0.2751141460374733, -0.6171071957620733, -0.004411770765388567, -0.6351091908575863, 0.8367660782795254, -0.13635585731754474, 0.6603762041966925, -0.16644739064327485, 0.8093351774867339, -0.19034956537818792, -0.33765099381775454, 0.14427754054549724, 0.6908872981882266, 0.7220286235061439, 0.19137623413666893, -0.8306767779591795, 0.19453321463834983, -0.5090925828337958, 0.46518689717993555, 0.7893025846334776, 0.0294679418262902, 0.20712702072041278, -0.8698643752343853, 0.08014945928561268, -0.7416264326591246, 0.22912569270066396, -0.2726993059103242, 0.5355160686614915, -0.902931727160895, -0.7803637637643119, 0.36804643024725525, 0.029307394167312983, 0.1432827432294983, 0.6874139879813108, -0.024524721700651453, 0.6202888442522898, 0.020487258589880097, 0.8534413864805024, 0.333855543079252, -0.7025463211318861, -0.27089364934848836, 0.7315498318881986, -0.29942957828896866, -0.6219484810876903, -0.0547573816684539, -0.21443765035574014, 0.23785985328818726, -0.12646741612097356, -0.47815568541100895, -0.17505557667448635, -0.16193193089539926, 0.8048437117522818, 0.9592325240809707, 0.24713767881382775, -0.8336317548582777, 0.46599743519199, 0.357370804957968, 0.6520457340504391, -0.3050973265778887, -0.8822398116837538, 0.2236436329105842, -0.751970763373456, 0.5190590583266628, 0.5888466351532844, -0.18274642650020412, 0.8875950117660911, -0.6524404124894483, 0.8851716994539605]",rhc,relu,False,False,100,[10],0.1,100,5
518,18,0.07342060003429651,1.8455278650874978,768.0,100,15,"[0.9340596780273533, 0.09446449835144466, 0.9453687199297687, 0.4296319873487293, 0.3954576491945416, -0.5678210088392472, 0.9525489095524835, -0.9875394895908203, -0.4940352752331121, -0.13041693519110842, 0.5587658435875049, -0.6046298507994938, 0.7259864711984445, 0.9668013543506255, -0.6723155171906026, 0.19466788786571843, -0.98202780466489, -0.22685743471274122, -0.9116798841370009, 0.9133059354284718, -0.1277067062404047, 0.8979546135631256, 0.5726119718701219, 0.7325785971633969, -0.6536691570081037, -0.850102825973786, 0.2014854427555386, -0.6640556325631923, 0.4667603350211398, -0.18311227969597055, 0.05581764683584067, 0.875143167901884, 0.043392244889916, -0.7836132342255386, -0.6835531856304011, 0.09040530340642561, 0.04880816013694678, 0.2752204882519873, -0.1970091128194542, 0.2996102180386846, -0.20619999419653467, 0.24783222709644614, 0.5348099341802477, -0.6420521799177383, -0.24884846282491524, 0.005066118653868745, 0.3733341598326916, -0.4926407026772337, 0.10948172588511706, 0.24986168812819542, 0.7910023321122921, -0.27429282313374714, 0.2751141460374733, -0.6171071957620733, -0.004411770765388567, -0.6351091908575863, 0.8367660782795254, -0.13635585731754474, 0.6603762041966925, -0.16644739064327485, 0.8093351774867339, -0.19034956537818792, -0.33765099381775454, 0.14427754054549724, 0.6908872981882266, 0.7220286235061439, 0.19137623413666893, -0.8306767779591795, 0.19453321463834983, -0.5090925828337958, 0.46518689717993555, 0.7893025846334776, 0.0294679418262902, 0.20712702072041278, -0.8698643752343853, 0.08014945928561268, -0.7416264326591246, 0.22912569270066396, -0.2726993059103242, 0.5355160686614915, -0.902931727160895, -0.7803637637643119, 0.36804643024725525, 0.029307394167312983, 0.1432827432294983, 0.6874139879813108, -0.024524721700651453, 0.6202888442522898, 0.020487258589880097, 0.8534413864805024, 0.333855543079252, -0.7025463211318861, -0.27089364934848836, 0.7315498318881986, -0.29942957828896866, -0.6219484810876903, -0.0547573816684539, -0.21443765035574014, 0.23785985328818726, -0.12646741612097356, -0.47815568541100895, -0.17505557667448635, -0.16193193089539926, 0.8048437117522818, 0.9592325240809707, 0.24713767881382775, -0.8336317548582777, 0.46599743519199, 0.357370804957968, 0.6520457340504391, -0.3050973265778887, -0.8822398116837538, 0.2236436329105842, -0.751970763373456, 0.5190590583266628, 0.5888466351532844, -0.18274642650020412, 0.8875950117660911, -0.6524404124894483, 0.8851716994539605]",rhc,relu,False,False,100,[10],0.1,100,5
519,19,0.07618380000349134,1.8410285163556193,770.0,100,15,"[0.9340596780273533, 0.09446449835144466, 0.9453687199297687, 0.4296319873487293, 0.3954576491945416, -0.5678210088392472, 0.9525489095524835, -0.9875394895908203, -0.4940352752331121, -0.13041693519110842, 0.5587658435875049, -0.6046298507994938, 0.7259864711984445, 0.9668013543506255, -0.6723155171906026, 0.19466788786571843, -0.98202780466489, -0.22685743471274122, -0.9116798841370009, 0.9133059354284718, -0.1277067062404047, 0.8979546135631256, 0.5726119718701219, 0.7325785971633969, -0.6536691570081037, -0.850102825973786, 0.2014854427555386, -0.6640556325631923, 0.4667603350211398, -0.18311227969597055, 0.05581764683584067, 0.875143167901884, 0.043392244889916, -0.7836132342255386, -0.6835531856304011, 0.09040530340642561, 0.04880816013694678, 0.2752204882519873, -0.1970091128194542, 0.2996102180386846, -0.20619999419653467, 0.24783222709644614, 0.5348099341802477, -0.6420521799177383, -0.24884846282491524, 0.005066118653868745, 0.3733341598326916, -0.4926407026772337, 0.10948172588511706, 0.24986168812819542, 0.7910023321122921, -0.27429282313374714, 0.2751141460374733, -0.6171071957620733, -0.004411770765388567, -0.6351091908575863, 0.8367660782795254, -0.13635585731754474, 0.6603762041966925, -0.16644739064327485, 0.8093351774867339, -0.19034956537818792, -0.33765099381775454, 0.14427754054549724, 0.6908872981882266, 0.7220286235061439, 0.19137623413666893, -0.8306767779591795, 0.19453321463834983, -0.5090925828337958, 0.46518689717993555, 0.7893025846334776, 0.0294679418262902, 0.20712702072041278, -0.8698643752343853, 0.08014945928561268, -0.7416264326591246, 0.22912569270066396, -0.2726993059103242, 0.5355160686614915, -0.902931727160895, -0.7803637637643119, 0.36804643024725525, 0.029307394167312983, 0.1432827432294983, 0.6874139879813108, -0.024524721700651453, 0.6202888442522898, 0.020487258589880097, 0.8534413864805024, 0.333855543079252, -0.7025463211318861, -0.27089364934848836, 0.7315498318881986, -0.29942957828896866, -0.6219484810876903, -0.0547573816684539, -0.21443765035574014, 0.23785985328818726, -0.12646741612097356, -0.47815568541100895, -0.17505557667448635, -0.16193193089539926, 0.8048437117522818, 0.9592325240809707, 0.24713767881382775, -0.8336317548582777, 0.46599743519199, 0.357370804957968, 0.6520457340504391, -0.3050973265778887, -0.8822398116837538, 0.2236436329105842, -0.751970763373456, 0.5190590583266628, 0.5888466351532844, -0.18274642650020412, 0.8875950117660911, -0.6524404124894483, 0.8851716994539605]",rhc,relu,False,False,100,[10],0.1,100,5
520,20,0.07762070000171661,1.832877991220861,772.0,100,15,"[0.9340596780273533, 0.09446449835144466, 0.9453687199297687, 0.4296319873487293, 0.3954576491945416, -0.5678210088392472, 0.9525489095524835, -0.9875394895908203, -0.4940352752331121, -0.13041693519110842, 0.5587658435875049, -0.6046298507994938, 0.7259864711984445, 0.9668013543506255, -0.6723155171906026, 0.19466788786571843, -0.98202780466489, -0.22685743471274122, -0.9116798841370009, 0.9133059354284718, -0.1277067062404047, 0.8979546135631256, 0.5726119718701219, 0.7325785971633969, -0.6536691570081037, -0.850102825973786, 0.2014854427555386, -0.6640556325631923, 0.4667603350211398, -0.18311227969597055, 0.05581764683584067, 0.875143167901884, 0.043392244889916, -0.7836132342255386, -0.6835531856304011, 0.09040530340642561, 0.04880816013694678, 0.2752204882519873, -0.1970091128194542, 0.2996102180386846, -0.20619999419653467, 0.24783222709644614, 0.5348099341802477, -0.6420521799177383, -0.24884846282491524, 0.005066118653868745, 0.3733341598326916, -0.4926407026772337, 0.10948172588511706, 0.24986168812819542, 0.7910023321122921, -0.27429282313374714, 0.2751141460374733, -0.6171071957620733, -0.004411770765388567, -0.6351091908575863, 0.8367660782795254, -0.13635585731754474, 0.6603762041966925, -0.16644739064327485, 0.8093351774867339, -0.19034956537818792, -0.33765099381775454, 0.14427754054549724, 0.6908872981882266, 0.7220286235061439, 0.19137623413666893, -0.8306767779591795, 0.19453321463834983, -0.5090925828337958, 0.46518689717993555, 0.7893025846334776, 0.0294679418262902, 0.20712702072041278, -0.8698643752343853, 0.08014945928561268, -0.7416264326591246, 0.22912569270066396, -0.2726993059103242, 0.5355160686614915, -0.902931727160895, -0.7803637637643119, 0.36804643024725525, 0.029307394167312983, 0.1432827432294983, 0.6874139879813108, -0.024524721700651453, 0.6202888442522898, 0.020487258589880097, 0.8534413864805024, 0.333855543079252, -0.7025463211318861, -0.27089364934848836, 0.7315498318881986, -0.29942957828896866, -0.6219484810876903, -0.0547573816684539, -0.21443765035574014, 0.23785985328818726, -0.12646741612097356, -0.47815568541100895, -0.17505557667448635, -0.16193193089539926, 0.8048437117522818, 0.9592325240809707, 0.24713767881382775, -0.8336317548582777, 0.46599743519199, 0.357370804957968, 0.6520457340504391, -0.3050973265778887, -0.8822398116837538, 0.2236436329105842, -0.751970763373456, 0.5190590583266628, 0.5888466351532844, -0.18274642650020412, 0.8875950117660911, -0.6524404124894483, 0.8851716994539605]",rhc,relu,False,False,100,[10],0.1,100,5
521,21,0.07905250007752329,1.826382246610134,774.0,100,15,"[0.9340596780273533, 0.09446449835144466, 0.9453687199297687, 0.4296319873487293, 0.3954576491945416, -0.5678210088392472, 0.9525489095524835, -0.9875394895908203, -0.4940352752331121, -0.13041693519110842, 0.5587658435875049, -0.6046298507994938, 0.7259864711984445, 0.9668013543506255, -0.6723155171906026, 0.19466788786571843, -0.98202780466489, -0.22685743471274122, -0.9116798841370009, 0.9133059354284718, -0.1277067062404047, 0.8979546135631256, 0.5726119718701219, 0.7325785971633969, -0.6536691570081037, -0.850102825973786, 0.2014854427555386, -0.6640556325631923, 0.4667603350211398, -0.18311227969597055, 0.05581764683584067, 0.875143167901884, 0.043392244889916, -0.7836132342255386, -0.6835531856304011, 0.09040530340642561, 0.04880816013694678, 0.2752204882519873, -0.1970091128194542, 0.2996102180386846, -0.20619999419653467, 0.24783222709644614, 0.5348099341802477, -0.6420521799177383, -0.24884846282491524, 0.005066118653868745, 0.3733341598326916, -0.4926407026772337, 0.10948172588511706, 0.24986168812819542, 0.7910023321122921, -0.27429282313374714, 0.2751141460374733, -0.6171071957620733, -0.004411770765388567, -0.6351091908575863, 0.8367660782795254, -0.13635585731754474, 0.6603762041966925, -0.16644739064327485, 0.8093351774867339, -0.19034956537818792, -0.33765099381775454, 0.14427754054549724, 0.6908872981882266, 0.7220286235061439, 0.19137623413666893, -0.8306767779591795, 0.19453321463834983, -0.5090925828337958, 0.46518689717993555, 0.7893025846334776, 0.0294679418262902, 0.20712702072041278, -0.8698643752343853, 0.08014945928561268, -0.7416264326591246, 0.22912569270066396, -0.2726993059103242, 0.5355160686614915, -0.902931727160895, -0.7803637637643119, 0.36804643024725525, 0.029307394167312983, 0.1432827432294983, 0.6874139879813108, -0.024524721700651453, 0.6202888442522898, 0.020487258589880097, 0.8534413864805024, 0.333855543079252, -0.7025463211318861, -0.27089364934848836, 0.7315498318881986, -0.29942957828896866, -0.6219484810876903, -0.0547573816684539, -0.21443765035574014, 0.23785985328818726, -0.12646741612097356, -0.47815568541100895, -0.17505557667448635, -0.16193193089539926, 0.8048437117522818, 0.9592325240809707, 0.24713767881382775, -0.8336317548582777, 0.46599743519199, 0.357370804957968, 0.6520457340504391, -0.3050973265778887, -0.8822398116837538, 0.2236436329105842, -0.751970763373456, 0.5190590583266628, 0.5888466351532844, -0.18274642650020412, 0.8875950117660911, -0.6524404124894483, 0.8851716994539605]",rhc,relu,False,False,100,[10],0.1,100,5
522,22,0.08195150003302842,1.8248006418913338,776.0,100,15,"[0.9340596780273533, 0.09446449835144466, 0.9453687199297687, 0.4296319873487293, 0.3954576491945416, -0.5678210088392472, 0.9525489095524835, -0.9875394895908203, -0.4940352752331121, -0.13041693519110842, 0.5587658435875049, -0.6046298507994938, 0.7259864711984445, 0.9668013543506255, -0.6723155171906026, 0.19466788786571843, -0.98202780466489, -0.22685743471274122, -0.9116798841370009, 0.9133059354284718, -0.1277067062404047, 0.8979546135631256, 0.5726119718701219, 0.7325785971633969, -0.6536691570081037, -0.850102825973786, 0.2014854427555386, -0.6640556325631923, 0.4667603350211398, -0.18311227969597055, 0.05581764683584067, 0.875143167901884, 0.043392244889916, -0.7836132342255386, -0.6835531856304011, 0.09040530340642561, 0.04880816013694678, 0.2752204882519873, -0.1970091128194542, 0.2996102180386846, -0.20619999419653467, 0.24783222709644614, 0.5348099341802477, -0.6420521799177383, -0.24884846282491524, 0.005066118653868745, 0.3733341598326916, -0.4926407026772337, 0.10948172588511706, 0.24986168812819542, 0.7910023321122921, -0.27429282313374714, 0.2751141460374733, -0.6171071957620733, -0.004411770765388567, -0.6351091908575863, 0.8367660782795254, -0.13635585731754474, 0.6603762041966925, -0.16644739064327485, 0.8093351774867339, -0.19034956537818792, -0.33765099381775454, 0.14427754054549724, 0.6908872981882266, 0.7220286235061439, 0.19137623413666893, -0.8306767779591795, 0.19453321463834983, -0.5090925828337958, 0.46518689717993555, 0.7893025846334776, 0.0294679418262902, 0.20712702072041278, -0.8698643752343853, 0.08014945928561268, -0.7416264326591246, 0.22912569270066396, -0.2726993059103242, 0.5355160686614915, -0.902931727160895, -0.7803637637643119, 0.36804643024725525, 0.029307394167312983, 0.1432827432294983, 0.6874139879813108, -0.024524721700651453, 0.6202888442522898, 0.020487258589880097, 0.8534413864805024, 0.333855543079252, -0.7025463211318861, -0.27089364934848836, 0.7315498318881986, -0.29942957828896866, -0.6219484810876903, -0.0547573816684539, -0.21443765035574014, 0.23785985328818726, -0.12646741612097356, -0.47815568541100895, -0.17505557667448635, -0.16193193089539926, 0.8048437117522818, 0.9592325240809707, 0.24713767881382775, -0.8336317548582777, 0.46599743519199, 0.357370804957968, 0.6520457340504391, -0.3050973265778887, -0.8822398116837538, 0.2236436329105842, -0.751970763373456, 0.5190590583266628, 0.5888466351532844, -0.18274642650020412, 0.8875950117660911, -0.6524404124894483, 0.8851716994539605]",rhc,relu,False,False,100,[10],0.1,100,5
523,23,0.08453910006210208,1.8248006418913338,777.0,100,15,"[0.9340596780273533, 0.09446449835144466, 0.9453687199297687, 0.4296319873487293, 0.3954576491945416, -0.5678210088392472, 0.9525489095524835, -0.9875394895908203, -0.4940352752331121, -0.13041693519110842, 0.5587658435875049, -0.6046298507994938, 0.7259864711984445, 0.9668013543506255, -0.6723155171906026, 0.19466788786571843, -0.98202780466489, -0.22685743471274122, -0.9116798841370009, 0.9133059354284718, -0.1277067062404047, 0.8979546135631256, 0.5726119718701219, 0.7325785971633969, -0.6536691570081037, -0.850102825973786, 0.2014854427555386, -0.6640556325631923, 0.4667603350211398, -0.18311227969597055, 0.05581764683584067, 0.875143167901884, 0.043392244889916, -0.7836132342255386, -0.6835531856304011, 0.09040530340642561, 0.04880816013694678, 0.2752204882519873, -0.1970091128194542, 0.2996102180386846, -0.20619999419653467, 0.24783222709644614, 0.5348099341802477, -0.6420521799177383, -0.24884846282491524, 0.005066118653868745, 0.3733341598326916, -0.4926407026772337, 0.10948172588511706, 0.24986168812819542, 0.7910023321122921, -0.27429282313374714, 0.2751141460374733, -0.6171071957620733, -0.004411770765388567, -0.6351091908575863, 0.8367660782795254, -0.13635585731754474, 0.6603762041966925, -0.16644739064327485, 0.8093351774867339, -0.19034956537818792, -0.33765099381775454, 0.14427754054549724, 0.6908872981882266, 0.7220286235061439, 0.19137623413666893, -0.8306767779591795, 0.19453321463834983, -0.5090925828337958, 0.46518689717993555, 0.7893025846334776, 0.0294679418262902, 0.20712702072041278, -0.8698643752343853, 0.08014945928561268, -0.7416264326591246, 0.22912569270066396, -0.2726993059103242, 0.5355160686614915, -0.902931727160895, -0.7803637637643119, 0.36804643024725525, 0.029307394167312983, 0.1432827432294983, 0.6874139879813108, -0.024524721700651453, 0.6202888442522898, 0.020487258589880097, 0.8534413864805024, 0.333855543079252, -0.7025463211318861, -0.27089364934848836, 0.7315498318881986, -0.29942957828896866, -0.6219484810876903, -0.0547573816684539, -0.21443765035574014, 0.23785985328818726, -0.12646741612097356, -0.47815568541100895, -0.17505557667448635, -0.16193193089539926, 0.8048437117522818, 0.9592325240809707, 0.24713767881382775, -0.8336317548582777, 0.46599743519199, 0.357370804957968, 0.6520457340504391, -0.3050973265778887, -0.8822398116837538, 0.2236436329105842, -0.751970763373456, 0.5190590583266628, 0.5888466351532844, -0.18274642650020412, 0.8875950117660911, -0.6524404124894483, 0.8851716994539605]",rhc,relu,False,False,100,[10],0.1,100,5
524,24,0.08600310003384948,1.8248006418913338,778.0,100,15,"[0.9340596780273533, 0.09446449835144466, 0.9453687199297687, 0.4296319873487293, 0.3954576491945416, -0.5678210088392472, 0.9525489095524835, -0.9875394895908203, -0.4940352752331121, -0.13041693519110842, 0.5587658435875049, -0.6046298507994938, 0.7259864711984445, 0.9668013543506255, -0.6723155171906026, 0.19466788786571843, -0.98202780466489, -0.22685743471274122, -0.9116798841370009, 0.9133059354284718, -0.1277067062404047, 0.8979546135631256, 0.5726119718701219, 0.7325785971633969, -0.6536691570081037, -0.850102825973786, 0.2014854427555386, -0.6640556325631923, 0.4667603350211398, -0.18311227969597055, 0.05581764683584067, 0.875143167901884, 0.043392244889916, -0.7836132342255386, -0.6835531856304011, 0.09040530340642561, 0.04880816013694678, 0.2752204882519873, -0.1970091128194542, 0.2996102180386846, -0.20619999419653467, 0.24783222709644614, 0.5348099341802477, -0.6420521799177383, -0.24884846282491524, 0.005066118653868745, 0.3733341598326916, -0.4926407026772337, 0.10948172588511706, 0.24986168812819542, 0.7910023321122921, -0.27429282313374714, 0.2751141460374733, -0.6171071957620733, -0.004411770765388567, -0.6351091908575863, 0.8367660782795254, -0.13635585731754474, 0.6603762041966925, -0.16644739064327485, 0.8093351774867339, -0.19034956537818792, -0.33765099381775454, 0.14427754054549724, 0.6908872981882266, 0.7220286235061439, 0.19137623413666893, -0.8306767779591795, 0.19453321463834983, -0.5090925828337958, 0.46518689717993555, 0.7893025846334776, 0.0294679418262902, 0.20712702072041278, -0.8698643752343853, 0.08014945928561268, -0.7416264326591246, 0.22912569270066396, -0.2726993059103242, 0.5355160686614915, -0.902931727160895, -0.7803637637643119, 0.36804643024725525, 0.029307394167312983, 0.1432827432294983, 0.6874139879813108, -0.024524721700651453, 0.6202888442522898, 0.020487258589880097, 0.8534413864805024, 0.333855543079252, -0.7025463211318861, -0.27089364934848836, 0.7315498318881986, -0.29942957828896866, -0.6219484810876903, -0.0547573816684539, -0.21443765035574014, 0.23785985328818726, -0.12646741612097356, -0.47815568541100895, -0.17505557667448635, -0.16193193089539926, 0.8048437117522818, 0.9592325240809707, 0.24713767881382775, -0.8336317548582777, 0.46599743519199, 0.357370804957968, 0.6520457340504391, -0.3050973265778887, -0.8822398116837538, 0.2236436329105842, -0.751970763373456, 0.5190590583266628, 0.5888466351532844, -0.18274642650020412, 0.8875950117660911, -0.6524404124894483, 0.8851716994539605]",rhc,relu,False,False,100,[10],0.1,100,5
525,25,0.08905609999783337,1.824197714405801,780.0,100,15,"[0.9340596780273533, 0.09446449835144466, 0.9453687199297687, 0.4296319873487293, 0.3954576491945416, -0.5678210088392472, 0.9525489095524835, -0.9875394895908203, -0.4940352752331121, -0.13041693519110842, 0.5587658435875049, -0.6046298507994938, 0.7259864711984445, 0.9668013543506255, -0.6723155171906026, 0.19466788786571843, -0.98202780466489, -0.22685743471274122, -0.9116798841370009, 0.9133059354284718, -0.1277067062404047, 0.8979546135631256, 0.5726119718701219, 0.7325785971633969, -0.6536691570081037, -0.850102825973786, 0.2014854427555386, -0.6640556325631923, 0.4667603350211398, -0.18311227969597055, 0.05581764683584067, 0.875143167901884, 0.043392244889916, -0.7836132342255386, -0.6835531856304011, 0.09040530340642561, 0.04880816013694678, 0.2752204882519873, -0.1970091128194542, 0.2996102180386846, -0.20619999419653467, 0.24783222709644614, 0.5348099341802477, -0.6420521799177383, -0.24884846282491524, 0.005066118653868745, 0.3733341598326916, -0.4926407026772337, 0.10948172588511706, 0.24986168812819542, 0.7910023321122921, -0.27429282313374714, 0.2751141460374733, -0.6171071957620733, -0.004411770765388567, -0.6351091908575863, 0.8367660782795254, -0.13635585731754474, 0.6603762041966925, -0.16644739064327485, 0.8093351774867339, -0.19034956537818792, -0.33765099381775454, 0.14427754054549724, 0.6908872981882266, 0.7220286235061439, 0.19137623413666893, -0.8306767779591795, 0.19453321463834983, -0.5090925828337958, 0.46518689717993555, 0.7893025846334776, 0.0294679418262902, 0.20712702072041278, -0.8698643752343853, 0.08014945928561268, -0.7416264326591246, 0.22912569270066396, -0.2726993059103242, 0.5355160686614915, -0.902931727160895, -0.7803637637643119, 0.36804643024725525, 0.029307394167312983, 0.1432827432294983, 0.6874139879813108, -0.024524721700651453, 0.6202888442522898, 0.020487258589880097, 0.8534413864805024, 0.333855543079252, -0.7025463211318861, -0.27089364934848836, 0.7315498318881986, -0.29942957828896866, -0.6219484810876903, -0.0547573816684539, -0.21443765035574014, 0.23785985328818726, -0.12646741612097356, -0.47815568541100895, -0.17505557667448635, -0.16193193089539926, 0.8048437117522818, 0.9592325240809707, 0.24713767881382775, -0.8336317548582777, 0.46599743519199, 0.357370804957968, 0.6520457340504391, -0.3050973265778887, -0.8822398116837538, 0.2236436329105842, -0.751970763373456, 0.5190590583266628, 0.5888466351532844, -0.18274642650020412, 0.8875950117660911, -0.6524404124894483, 0.8851716994539605]",rhc,relu,False,False,100,[10],0.1,100,5
526,26,0.09043240000028163,1.824197714405801,781.0,100,15,"[0.9340596780273533, 0.09446449835144466, 0.9453687199297687, 0.4296319873487293, 0.3954576491945416, -0.5678210088392472, 0.9525489095524835, -0.9875394895908203, -0.4940352752331121, -0.13041693519110842, 0.5587658435875049, -0.6046298507994938, 0.7259864711984445, 0.9668013543506255, -0.6723155171906026, 0.19466788786571843, -0.98202780466489, -0.22685743471274122, -0.9116798841370009, 0.9133059354284718, -0.1277067062404047, 0.8979546135631256, 0.5726119718701219, 0.7325785971633969, -0.6536691570081037, -0.850102825973786, 0.2014854427555386, -0.6640556325631923, 0.4667603350211398, -0.18311227969597055, 0.05581764683584067, 0.875143167901884, 0.043392244889916, -0.7836132342255386, -0.6835531856304011, 0.09040530340642561, 0.04880816013694678, 0.2752204882519873, -0.1970091128194542, 0.2996102180386846, -0.20619999419653467, 0.24783222709644614, 0.5348099341802477, -0.6420521799177383, -0.24884846282491524, 0.005066118653868745, 0.3733341598326916, -0.4926407026772337, 0.10948172588511706, 0.24986168812819542, 0.7910023321122921, -0.27429282313374714, 0.2751141460374733, -0.6171071957620733, -0.004411770765388567, -0.6351091908575863, 0.8367660782795254, -0.13635585731754474, 0.6603762041966925, -0.16644739064327485, 0.8093351774867339, -0.19034956537818792, -0.33765099381775454, 0.14427754054549724, 0.6908872981882266, 0.7220286235061439, 0.19137623413666893, -0.8306767779591795, 0.19453321463834983, -0.5090925828337958, 0.46518689717993555, 0.7893025846334776, 0.0294679418262902, 0.20712702072041278, -0.8698643752343853, 0.08014945928561268, -0.7416264326591246, 0.22912569270066396, -0.2726993059103242, 0.5355160686614915, -0.902931727160895, -0.7803637637643119, 0.36804643024725525, 0.029307394167312983, 0.1432827432294983, 0.6874139879813108, -0.024524721700651453, 0.6202888442522898, 0.020487258589880097, 0.8534413864805024, 0.333855543079252, -0.7025463211318861, -0.27089364934848836, 0.7315498318881986, -0.29942957828896866, -0.6219484810876903, -0.0547573816684539, -0.21443765035574014, 0.23785985328818726, -0.12646741612097356, -0.47815568541100895, -0.17505557667448635, -0.16193193089539926, 0.8048437117522818, 0.9592325240809707, 0.24713767881382775, -0.8336317548582777, 0.46599743519199, 0.357370804957968, 0.6520457340504391, -0.3050973265778887, -0.8822398116837538, 0.2236436329105842, -0.751970763373456, 0.5190590583266628, 0.5888466351532844, -0.18274642650020412, 0.8875950117660911, -0.6524404124894483, 0.8851716994539605]",rhc,relu,False,False,100,[10],0.1,100,5
527,27,0.09306690003722906,1.824197714405801,782.0,100,15,"[0.9340596780273533, 0.09446449835144466, 0.9453687199297687, 0.4296319873487293, 0.3954576491945416, -0.5678210088392472, 0.9525489095524835, -0.9875394895908203, -0.4940352752331121, -0.13041693519110842, 0.5587658435875049, -0.6046298507994938, 0.7259864711984445, 0.9668013543506255, -0.6723155171906026, 0.19466788786571843, -0.98202780466489, -0.22685743471274122, -0.9116798841370009, 0.9133059354284718, -0.1277067062404047, 0.8979546135631256, 0.5726119718701219, 0.7325785971633969, -0.6536691570081037, -0.850102825973786, 0.2014854427555386, -0.6640556325631923, 0.4667603350211398, -0.18311227969597055, 0.05581764683584067, 0.875143167901884, 0.043392244889916, -0.7836132342255386, -0.6835531856304011, 0.09040530340642561, 0.04880816013694678, 0.2752204882519873, -0.1970091128194542, 0.2996102180386846, -0.20619999419653467, 0.24783222709644614, 0.5348099341802477, -0.6420521799177383, -0.24884846282491524, 0.005066118653868745, 0.3733341598326916, -0.4926407026772337, 0.10948172588511706, 0.24986168812819542, 0.7910023321122921, -0.27429282313374714, 0.2751141460374733, -0.6171071957620733, -0.004411770765388567, -0.6351091908575863, 0.8367660782795254, -0.13635585731754474, 0.6603762041966925, -0.16644739064327485, 0.8093351774867339, -0.19034956537818792, -0.33765099381775454, 0.14427754054549724, 0.6908872981882266, 0.7220286235061439, 0.19137623413666893, -0.8306767779591795, 0.19453321463834983, -0.5090925828337958, 0.46518689717993555, 0.7893025846334776, 0.0294679418262902, 0.20712702072041278, -0.8698643752343853, 0.08014945928561268, -0.7416264326591246, 0.22912569270066396, -0.2726993059103242, 0.5355160686614915, -0.902931727160895, -0.7803637637643119, 0.36804643024725525, 0.029307394167312983, 0.1432827432294983, 0.6874139879813108, -0.024524721700651453, 0.6202888442522898, 0.020487258589880097, 0.8534413864805024, 0.333855543079252, -0.7025463211318861, -0.27089364934848836, 0.7315498318881986, -0.29942957828896866, -0.6219484810876903, -0.0547573816684539, -0.21443765035574014, 0.23785985328818726, -0.12646741612097356, -0.47815568541100895, -0.17505557667448635, -0.16193193089539926, 0.8048437117522818, 0.9592325240809707, 0.24713767881382775, -0.8336317548582777, 0.46599743519199, 0.357370804957968, 0.6520457340504391, -0.3050973265778887, -0.8822398116837538, 0.2236436329105842, -0.751970763373456, 0.5190590583266628, 0.5888466351532844, -0.18274642650020412, 0.8875950117660911, -0.6524404124894483, 0.8851716994539605]",rhc,relu,False,False,100,[10],0.1,100,5
528,28,0.0945393000729382,1.8225571260534839,784.0,100,15,"[0.9340596780273533, 0.09446449835144466, 0.9453687199297687, 0.4296319873487293, 0.3954576491945416, -0.5678210088392472, 0.9525489095524835, -0.9875394895908203, -0.4940352752331121, -0.13041693519110842, 0.5587658435875049, -0.6046298507994938, 0.7259864711984445, 0.9668013543506255, -0.6723155171906026, 0.19466788786571843, -0.98202780466489, -0.22685743471274122, -0.9116798841370009, 0.9133059354284718, -0.1277067062404047, 0.8979546135631256, 0.5726119718701219, 0.7325785971633969, -0.6536691570081037, -0.850102825973786, 0.2014854427555386, -0.6640556325631923, 0.4667603350211398, -0.18311227969597055, 0.05581764683584067, 0.875143167901884, 0.043392244889916, -0.7836132342255386, -0.6835531856304011, 0.09040530340642561, 0.04880816013694678, 0.2752204882519873, -0.1970091128194542, 0.2996102180386846, -0.20619999419653467, 0.24783222709644614, 0.5348099341802477, -0.6420521799177383, -0.24884846282491524, 0.005066118653868745, 0.3733341598326916, -0.4926407026772337, 0.10948172588511706, 0.24986168812819542, 0.7910023321122921, -0.27429282313374714, 0.2751141460374733, -0.6171071957620733, -0.004411770765388567, -0.6351091908575863, 0.8367660782795254, -0.13635585731754474, 0.6603762041966925, -0.16644739064327485, 0.8093351774867339, -0.19034956537818792, -0.33765099381775454, 0.14427754054549724, 0.6908872981882266, 0.7220286235061439, 0.19137623413666893, -0.8306767779591795, 0.19453321463834983, -0.5090925828337958, 0.46518689717993555, 0.7893025846334776, 0.0294679418262902, 0.20712702072041278, -0.8698643752343853, 0.08014945928561268, -0.7416264326591246, 0.22912569270066396, -0.2726993059103242, 0.5355160686614915, -0.902931727160895, -0.7803637637643119, 0.36804643024725525, 0.029307394167312983, 0.1432827432294983, 0.6874139879813108, -0.024524721700651453, 0.6202888442522898, 0.020487258589880097, 0.8534413864805024, 0.333855543079252, -0.7025463211318861, -0.27089364934848836, 0.7315498318881986, -0.29942957828896866, -0.6219484810876903, -0.0547573816684539, -0.21443765035574014, 0.23785985328818726, -0.12646741612097356, -0.47815568541100895, -0.17505557667448635, -0.16193193089539926, 0.8048437117522818, 0.9592325240809707, 0.24713767881382775, -0.8336317548582777, 0.46599743519199, 0.357370804957968, 0.6520457340504391, -0.3050973265778887, -0.8822398116837538, 0.2236436329105842, -0.751970763373456, 0.5190590583266628, 0.5888466351532844, -0.18274642650020412, 0.8875950117660911, -0.6524404124894483, 0.8851716994539605]",rhc,relu,False,False,100,[10],0.1,100,5
529,29,0.09622690000105649,1.8225571260534839,785.0,100,15,"[0.9340596780273533, 0.09446449835144466, 0.9453687199297687, 0.4296319873487293, 0.3954576491945416, -0.5678210088392472, 0.9525489095524835, -0.9875394895908203, -0.4940352752331121, -0.13041693519110842, 0.5587658435875049, -0.6046298507994938, 0.7259864711984445, 0.9668013543506255, -0.6723155171906026, 0.19466788786571843, -0.98202780466489, -0.22685743471274122, -0.9116798841370009, 0.9133059354284718, -0.1277067062404047, 0.8979546135631256, 0.5726119718701219, 0.7325785971633969, -0.6536691570081037, -0.850102825973786, 0.2014854427555386, -0.6640556325631923, 0.4667603350211398, -0.18311227969597055, 0.05581764683584067, 0.875143167901884, 0.043392244889916, -0.7836132342255386, -0.6835531856304011, 0.09040530340642561, 0.04880816013694678, 0.2752204882519873, -0.1970091128194542, 0.2996102180386846, -0.20619999419653467, 0.24783222709644614, 0.5348099341802477, -0.6420521799177383, -0.24884846282491524, 0.005066118653868745, 0.3733341598326916, -0.4926407026772337, 0.10948172588511706, 0.24986168812819542, 0.7910023321122921, -0.27429282313374714, 0.2751141460374733, -0.6171071957620733, -0.004411770765388567, -0.6351091908575863, 0.8367660782795254, -0.13635585731754474, 0.6603762041966925, -0.16644739064327485, 0.8093351774867339, -0.19034956537818792, -0.33765099381775454, 0.14427754054549724, 0.6908872981882266, 0.7220286235061439, 0.19137623413666893, -0.8306767779591795, 0.19453321463834983, -0.5090925828337958, 0.46518689717993555, 0.7893025846334776, 0.0294679418262902, 0.20712702072041278, -0.8698643752343853, 0.08014945928561268, -0.7416264326591246, 0.22912569270066396, -0.2726993059103242, 0.5355160686614915, -0.902931727160895, -0.7803637637643119, 0.36804643024725525, 0.029307394167312983, 0.1432827432294983, 0.6874139879813108, -0.024524721700651453, 0.6202888442522898, 0.020487258589880097, 0.8534413864805024, 0.333855543079252, -0.7025463211318861, -0.27089364934848836, 0.7315498318881986, -0.29942957828896866, -0.6219484810876903, -0.0547573816684539, -0.21443765035574014, 0.23785985328818726, -0.12646741612097356, -0.47815568541100895, -0.17505557667448635, -0.16193193089539926, 0.8048437117522818, 0.9592325240809707, 0.24713767881382775, -0.8336317548582777, 0.46599743519199, 0.357370804957968, 0.6520457340504391, -0.3050973265778887, -0.8822398116837538, 0.2236436329105842, -0.751970763373456, 0.5190590583266628, 0.5888466351532844, -0.18274642650020412, 0.8875950117660911, -0.6524404124894483, 0.8851716994539605]",rhc,relu,False,False,100,[10],0.1,100,5
530,30,0.09977780003100634,1.8225571260534839,786.0,100,15,"[0.9340596780273533, 0.09446449835144466, 0.9453687199297687, 0.4296319873487293, 0.3954576491945416, -0.5678210088392472, 0.9525489095524835, -0.9875394895908203, -0.4940352752331121, -0.13041693519110842, 0.5587658435875049, -0.6046298507994938, 0.7259864711984445, 0.9668013543506255, -0.6723155171906026, 0.19466788786571843, -0.98202780466489, -0.22685743471274122, -0.9116798841370009, 0.9133059354284718, -0.1277067062404047, 0.8979546135631256, 0.5726119718701219, 0.7325785971633969, -0.6536691570081037, -0.850102825973786, 0.2014854427555386, -0.6640556325631923, 0.4667603350211398, -0.18311227969597055, 0.05581764683584067, 0.875143167901884, 0.043392244889916, -0.7836132342255386, -0.6835531856304011, 0.09040530340642561, 0.04880816013694678, 0.2752204882519873, -0.1970091128194542, 0.2996102180386846, -0.20619999419653467, 0.24783222709644614, 0.5348099341802477, -0.6420521799177383, -0.24884846282491524, 0.005066118653868745, 0.3733341598326916, -0.4926407026772337, 0.10948172588511706, 0.24986168812819542, 0.7910023321122921, -0.27429282313374714, 0.2751141460374733, -0.6171071957620733, -0.004411770765388567, -0.6351091908575863, 0.8367660782795254, -0.13635585731754474, 0.6603762041966925, -0.16644739064327485, 0.8093351774867339, -0.19034956537818792, -0.33765099381775454, 0.14427754054549724, 0.6908872981882266, 0.7220286235061439, 0.19137623413666893, -0.8306767779591795, 0.19453321463834983, -0.5090925828337958, 0.46518689717993555, 0.7893025846334776, 0.0294679418262902, 0.20712702072041278, -0.8698643752343853, 0.08014945928561268, -0.7416264326591246, 0.22912569270066396, -0.2726993059103242, 0.5355160686614915, -0.902931727160895, -0.7803637637643119, 0.36804643024725525, 0.029307394167312983, 0.1432827432294983, 0.6874139879813108, -0.024524721700651453, 0.6202888442522898, 0.020487258589880097, 0.8534413864805024, 0.333855543079252, -0.7025463211318861, -0.27089364934848836, 0.7315498318881986, -0.29942957828896866, -0.6219484810876903, -0.0547573816684539, -0.21443765035574014, 0.23785985328818726, -0.12646741612097356, -0.47815568541100895, -0.17505557667448635, -0.16193193089539926, 0.8048437117522818, 0.9592325240809707, 0.24713767881382775, -0.8336317548582777, 0.46599743519199, 0.357370804957968, 0.6520457340504391, -0.3050973265778887, -0.8822398116837538, 0.2236436329105842, -0.751970763373456, 0.5190590583266628, 0.5888466351532844, -0.18274642650020412, 0.8875950117660911, -0.6524404124894483, 0.8851716994539605]",rhc,relu,False,False,100,[10],0.1,100,5
531,31,0.10406230005901307,1.796932477606218,788.0,100,15,"[0.9340596780273533, 0.09446449835144466, 0.9453687199297687, 0.4296319873487293, 0.3954576491945416, -0.5678210088392472, 0.9525489095524835, -0.9875394895908203, -0.4940352752331121, -0.13041693519110842, 0.5587658435875049, -0.6046298507994938, 0.7259864711984445, 0.9668013543506255, -0.6723155171906026, 0.19466788786571843, -0.98202780466489, -0.22685743471274122, -0.9116798841370009, 0.9133059354284718, -0.1277067062404047, 0.8979546135631256, 0.5726119718701219, 0.7325785971633969, -0.6536691570081037, -0.850102825973786, 0.2014854427555386, -0.6640556325631923, 0.4667603350211398, -0.18311227969597055, 0.05581764683584067, 0.875143167901884, 0.043392244889916, -0.7836132342255386, -0.6835531856304011, 0.09040530340642561, 0.04880816013694678, 0.2752204882519873, -0.1970091128194542, 0.2996102180386846, -0.20619999419653467, 0.24783222709644614, 0.5348099341802477, -0.6420521799177383, -0.24884846282491524, 0.005066118653868745, 0.3733341598326916, -0.4926407026772337, 0.10948172588511706, 0.24986168812819542, 0.7910023321122921, -0.27429282313374714, 0.2751141460374733, -0.6171071957620733, -0.004411770765388567, -0.6351091908575863, 0.8367660782795254, -0.13635585731754474, 0.6603762041966925, -0.16644739064327485, 0.8093351774867339, -0.19034956537818792, -0.33765099381775454, 0.14427754054549724, 0.6908872981882266, 0.7220286235061439, 0.19137623413666893, -0.8306767779591795, 0.19453321463834983, -0.5090925828337958, 0.46518689717993555, 0.7893025846334776, 0.0294679418262902, 0.20712702072041278, -0.8698643752343853, 0.08014945928561268, -0.7416264326591246, 0.22912569270066396, -0.2726993059103242, 0.5355160686614915, -0.902931727160895, -0.7803637637643119, 0.36804643024725525, 0.029307394167312983, 0.1432827432294983, 0.6874139879813108, -0.024524721700651453, 0.6202888442522898, 0.020487258589880097, 0.8534413864805024, 0.333855543079252, -0.7025463211318861, -0.27089364934848836, 0.7315498318881986, -0.29942957828896866, -0.6219484810876903, -0.0547573816684539, -0.21443765035574014, 0.23785985328818726, -0.12646741612097356, -0.47815568541100895, -0.17505557667448635, -0.16193193089539926, 0.8048437117522818, 0.9592325240809707, 0.24713767881382775, -0.8336317548582777, 0.46599743519199, 0.357370804957968, 0.6520457340504391, -0.3050973265778887, -0.8822398116837538, 0.2236436329105842, -0.751970763373456, 0.5190590583266628, 0.5888466351532844, -0.18274642650020412, 0.8875950117660911, -0.6524404124894483, 0.8851716994539605]",rhc,relu,False,False,100,[10],0.1,100,5
532,32,0.1062065000878647,1.7897999294968465,790.0,100,15,"[0.9340596780273533, 0.09446449835144466, 0.9453687199297687, 0.4296319873487293, 0.3954576491945416, -0.5678210088392472, 0.9525489095524835, -0.9875394895908203, -0.4940352752331121, -0.13041693519110842, 0.5587658435875049, -0.6046298507994938, 0.7259864711984445, 0.9668013543506255, -0.6723155171906026, 0.19466788786571843, -0.98202780466489, -0.22685743471274122, -0.9116798841370009, 0.9133059354284718, -0.1277067062404047, 0.8979546135631256, 0.5726119718701219, 0.7325785971633969, -0.6536691570081037, -0.850102825973786, 0.2014854427555386, -0.6640556325631923, 0.4667603350211398, -0.18311227969597055, 0.05581764683584067, 0.875143167901884, 0.043392244889916, -0.7836132342255386, -0.6835531856304011, 0.09040530340642561, 0.04880816013694678, 0.2752204882519873, -0.1970091128194542, 0.2996102180386846, -0.20619999419653467, 0.24783222709644614, 0.5348099341802477, -0.6420521799177383, -0.24884846282491524, 0.005066118653868745, 0.3733341598326916, -0.4926407026772337, 0.10948172588511706, 0.24986168812819542, 0.7910023321122921, -0.27429282313374714, 0.2751141460374733, -0.6171071957620733, -0.004411770765388567, -0.6351091908575863, 0.8367660782795254, -0.13635585731754474, 0.6603762041966925, -0.16644739064327485, 0.8093351774867339, -0.19034956537818792, -0.33765099381775454, 0.14427754054549724, 0.6908872981882266, 0.7220286235061439, 0.19137623413666893, -0.8306767779591795, 0.19453321463834983, -0.5090925828337958, 0.46518689717993555, 0.7893025846334776, 0.0294679418262902, 0.20712702072041278, -0.8698643752343853, 0.08014945928561268, -0.7416264326591246, 0.22912569270066396, -0.2726993059103242, 0.5355160686614915, -0.902931727160895, -0.7803637637643119, 0.36804643024725525, 0.029307394167312983, 0.1432827432294983, 0.6874139879813108, -0.024524721700651453, 0.6202888442522898, 0.020487258589880097, 0.8534413864805024, 0.333855543079252, -0.7025463211318861, -0.27089364934848836, 0.7315498318881986, -0.29942957828896866, -0.6219484810876903, -0.0547573816684539, -0.21443765035574014, 0.23785985328818726, -0.12646741612097356, -0.47815568541100895, -0.17505557667448635, -0.16193193089539926, 0.8048437117522818, 0.9592325240809707, 0.24713767881382775, -0.8336317548582777, 0.46599743519199, 0.357370804957968, 0.6520457340504391, -0.3050973265778887, -0.8822398116837538, 0.2236436329105842, -0.751970763373456, 0.5190590583266628, 0.5888466351532844, -0.18274642650020412, 0.8875950117660911, -0.6524404124894483, 0.8851716994539605]",rhc,relu,False,False,100,[10],0.1,100,5
533,33,0.10762970009818673,1.7812533195586495,792.0,100,15,"[0.9340596780273533, 0.09446449835144466, 0.9453687199297687, 0.4296319873487293, 0.3954576491945416, -0.5678210088392472, 0.9525489095524835, -0.9875394895908203, -0.4940352752331121, -0.13041693519110842, 0.5587658435875049, -0.6046298507994938, 0.7259864711984445, 0.9668013543506255, -0.6723155171906026, 0.19466788786571843, -0.98202780466489, -0.22685743471274122, -0.9116798841370009, 0.9133059354284718, -0.1277067062404047, 0.8979546135631256, 0.5726119718701219, 0.7325785971633969, -0.6536691570081037, -0.850102825973786, 0.2014854427555386, -0.6640556325631923, 0.4667603350211398, -0.18311227969597055, 0.05581764683584067, 0.875143167901884, 0.043392244889916, -0.7836132342255386, -0.6835531856304011, 0.09040530340642561, 0.04880816013694678, 0.2752204882519873, -0.1970091128194542, 0.2996102180386846, -0.20619999419653467, 0.24783222709644614, 0.5348099341802477, -0.6420521799177383, -0.24884846282491524, 0.005066118653868745, 0.3733341598326916, -0.4926407026772337, 0.10948172588511706, 0.24986168812819542, 0.7910023321122921, -0.27429282313374714, 0.2751141460374733, -0.6171071957620733, -0.004411770765388567, -0.6351091908575863, 0.8367660782795254, -0.13635585731754474, 0.6603762041966925, -0.16644739064327485, 0.8093351774867339, -0.19034956537818792, -0.33765099381775454, 0.14427754054549724, 0.6908872981882266, 0.7220286235061439, 0.19137623413666893, -0.8306767779591795, 0.19453321463834983, -0.5090925828337958, 0.46518689717993555, 0.7893025846334776, 0.0294679418262902, 0.20712702072041278, -0.8698643752343853, 0.08014945928561268, -0.7416264326591246, 0.22912569270066396, -0.2726993059103242, 0.5355160686614915, -0.902931727160895, -0.7803637637643119, 0.36804643024725525, 0.029307394167312983, 0.1432827432294983, 0.6874139879813108, -0.024524721700651453, 0.6202888442522898, 0.020487258589880097, 0.8534413864805024, 0.333855543079252, -0.7025463211318861, -0.27089364934848836, 0.7315498318881986, -0.29942957828896866, -0.6219484810876903, -0.0547573816684539, -0.21443765035574014, 0.23785985328818726, -0.12646741612097356, -0.47815568541100895, -0.17505557667448635, -0.16193193089539926, 0.8048437117522818, 0.9592325240809707, 0.24713767881382775, -0.8336317548582777, 0.46599743519199, 0.357370804957968, 0.6520457340504391, -0.3050973265778887, -0.8822398116837538, 0.2236436329105842, -0.751970763373456, 0.5190590583266628, 0.5888466351532844, -0.18274642650020412, 0.8875950117660911, -0.6524404124894483, 0.8851716994539605]",rhc,relu,False,False,100,[10],0.1,100,5
534,34,0.10928710002917796,1.7812533195586495,793.0,100,15,"[0.9340596780273533, 0.09446449835144466, 0.9453687199297687, 0.4296319873487293, 0.3954576491945416, -0.5678210088392472, 0.9525489095524835, -0.9875394895908203, -0.4940352752331121, -0.13041693519110842, 0.5587658435875049, -0.6046298507994938, 0.7259864711984445, 0.9668013543506255, -0.6723155171906026, 0.19466788786571843, -0.98202780466489, -0.22685743471274122, -0.9116798841370009, 0.9133059354284718, -0.1277067062404047, 0.8979546135631256, 0.5726119718701219, 0.7325785971633969, -0.6536691570081037, -0.850102825973786, 0.2014854427555386, -0.6640556325631923, 0.4667603350211398, -0.18311227969597055, 0.05581764683584067, 0.875143167901884, 0.043392244889916, -0.7836132342255386, -0.6835531856304011, 0.09040530340642561, 0.04880816013694678, 0.2752204882519873, -0.1970091128194542, 0.2996102180386846, -0.20619999419653467, 0.24783222709644614, 0.5348099341802477, -0.6420521799177383, -0.24884846282491524, 0.005066118653868745, 0.3733341598326916, -0.4926407026772337, 0.10948172588511706, 0.24986168812819542, 0.7910023321122921, -0.27429282313374714, 0.2751141460374733, -0.6171071957620733, -0.004411770765388567, -0.6351091908575863, 0.8367660782795254, -0.13635585731754474, 0.6603762041966925, -0.16644739064327485, 0.8093351774867339, -0.19034956537818792, -0.33765099381775454, 0.14427754054549724, 0.6908872981882266, 0.7220286235061439, 0.19137623413666893, -0.8306767779591795, 0.19453321463834983, -0.5090925828337958, 0.46518689717993555, 0.7893025846334776, 0.0294679418262902, 0.20712702072041278, -0.8698643752343853, 0.08014945928561268, -0.7416264326591246, 0.22912569270066396, -0.2726993059103242, 0.5355160686614915, -0.902931727160895, -0.7803637637643119, 0.36804643024725525, 0.029307394167312983, 0.1432827432294983, 0.6874139879813108, -0.024524721700651453, 0.6202888442522898, 0.020487258589880097, 0.8534413864805024, 0.333855543079252, -0.7025463211318861, -0.27089364934848836, 0.7315498318881986, -0.29942957828896866, -0.6219484810876903, -0.0547573816684539, -0.21443765035574014, 0.23785985328818726, -0.12646741612097356, -0.47815568541100895, -0.17505557667448635, -0.16193193089539926, 0.8048437117522818, 0.9592325240809707, 0.24713767881382775, -0.8336317548582777, 0.46599743519199, 0.357370804957968, 0.6520457340504391, -0.3050973265778887, -0.8822398116837538, 0.2236436329105842, -0.751970763373456, 0.5190590583266628, 0.5888466351532844, -0.18274642650020412, 0.8875950117660911, -0.6524404124894483, 0.8851716994539605]",rhc,relu,False,False,100,[10],0.1,100,5
535,35,0.11070370010565966,1.7812533195586495,794.0,100,15,"[0.9340596780273533, 0.09446449835144466, 0.9453687199297687, 0.4296319873487293, 0.3954576491945416, -0.5678210088392472, 0.9525489095524835, -0.9875394895908203, -0.4940352752331121, -0.13041693519110842, 0.5587658435875049, -0.6046298507994938, 0.7259864711984445, 0.9668013543506255, -0.6723155171906026, 0.19466788786571843, -0.98202780466489, -0.22685743471274122, -0.9116798841370009, 0.9133059354284718, -0.1277067062404047, 0.8979546135631256, 0.5726119718701219, 0.7325785971633969, -0.6536691570081037, -0.850102825973786, 0.2014854427555386, -0.6640556325631923, 0.4667603350211398, -0.18311227969597055, 0.05581764683584067, 0.875143167901884, 0.043392244889916, -0.7836132342255386, -0.6835531856304011, 0.09040530340642561, 0.04880816013694678, 0.2752204882519873, -0.1970091128194542, 0.2996102180386846, -0.20619999419653467, 0.24783222709644614, 0.5348099341802477, -0.6420521799177383, -0.24884846282491524, 0.005066118653868745, 0.3733341598326916, -0.4926407026772337, 0.10948172588511706, 0.24986168812819542, 0.7910023321122921, -0.27429282313374714, 0.2751141460374733, -0.6171071957620733, -0.004411770765388567, -0.6351091908575863, 0.8367660782795254, -0.13635585731754474, 0.6603762041966925, -0.16644739064327485, 0.8093351774867339, -0.19034956537818792, -0.33765099381775454, 0.14427754054549724, 0.6908872981882266, 0.7220286235061439, 0.19137623413666893, -0.8306767779591795, 0.19453321463834983, -0.5090925828337958, 0.46518689717993555, 0.7893025846334776, 0.0294679418262902, 0.20712702072041278, -0.8698643752343853, 0.08014945928561268, -0.7416264326591246, 0.22912569270066396, -0.2726993059103242, 0.5355160686614915, -0.902931727160895, -0.7803637637643119, 0.36804643024725525, 0.029307394167312983, 0.1432827432294983, 0.6874139879813108, -0.024524721700651453, 0.6202888442522898, 0.020487258589880097, 0.8534413864805024, 0.333855543079252, -0.7025463211318861, -0.27089364934848836, 0.7315498318881986, -0.29942957828896866, -0.6219484810876903, -0.0547573816684539, -0.21443765035574014, 0.23785985328818726, -0.12646741612097356, -0.47815568541100895, -0.17505557667448635, -0.16193193089539926, 0.8048437117522818, 0.9592325240809707, 0.24713767881382775, -0.8336317548582777, 0.46599743519199, 0.357370804957968, 0.6520457340504391, -0.3050973265778887, -0.8822398116837538, 0.2236436329105842, -0.751970763373456, 0.5190590583266628, 0.5888466351532844, -0.18274642650020412, 0.8875950117660911, -0.6524404124894483, 0.8851716994539605]",rhc,relu,False,False,100,[10],0.1,100,5
536,36,0.1138131000334397,1.757861126130482,796.0,100,15,"[0.9340596780273533, 0.09446449835144466, 0.9453687199297687, 0.4296319873487293, 0.3954576491945416, -0.5678210088392472, 0.9525489095524835, -0.9875394895908203, -0.4940352752331121, -0.13041693519110842, 0.5587658435875049, -0.6046298507994938, 0.7259864711984445, 0.9668013543506255, -0.6723155171906026, 0.19466788786571843, -0.98202780466489, -0.22685743471274122, -0.9116798841370009, 0.9133059354284718, -0.1277067062404047, 0.8979546135631256, 0.5726119718701219, 0.7325785971633969, -0.6536691570081037, -0.850102825973786, 0.2014854427555386, -0.6640556325631923, 0.4667603350211398, -0.18311227969597055, 0.05581764683584067, 0.875143167901884, 0.043392244889916, -0.7836132342255386, -0.6835531856304011, 0.09040530340642561, 0.04880816013694678, 0.2752204882519873, -0.1970091128194542, 0.2996102180386846, -0.20619999419653467, 0.24783222709644614, 0.5348099341802477, -0.6420521799177383, -0.24884846282491524, 0.005066118653868745, 0.3733341598326916, -0.4926407026772337, 0.10948172588511706, 0.24986168812819542, 0.7910023321122921, -0.27429282313374714, 0.2751141460374733, -0.6171071957620733, -0.004411770765388567, -0.6351091908575863, 0.8367660782795254, -0.13635585731754474, 0.6603762041966925, -0.16644739064327485, 0.8093351774867339, -0.19034956537818792, -0.33765099381775454, 0.14427754054549724, 0.6908872981882266, 0.7220286235061439, 0.19137623413666893, -0.8306767779591795, 0.19453321463834983, -0.5090925828337958, 0.46518689717993555, 0.7893025846334776, 0.0294679418262902, 0.20712702072041278, -0.8698643752343853, 0.08014945928561268, -0.7416264326591246, 0.22912569270066396, -0.2726993059103242, 0.5355160686614915, -0.902931727160895, -0.7803637637643119, 0.36804643024725525, 0.029307394167312983, 0.1432827432294983, 0.6874139879813108, -0.024524721700651453, 0.6202888442522898, 0.020487258589880097, 0.8534413864805024, 0.333855543079252, -0.7025463211318861, -0.27089364934848836, 0.7315498318881986, -0.29942957828896866, -0.6219484810876903, -0.0547573816684539, -0.21443765035574014, 0.23785985328818726, -0.12646741612097356, -0.47815568541100895, -0.17505557667448635, -0.16193193089539926, 0.8048437117522818, 0.9592325240809707, 0.24713767881382775, -0.8336317548582777, 0.46599743519199, 0.357370804957968, 0.6520457340504391, -0.3050973265778887, -0.8822398116837538, 0.2236436329105842, -0.751970763373456, 0.5190590583266628, 0.5888466351532844, -0.18274642650020412, 0.8875950117660911, -0.6524404124894483, 0.8851716994539605]",rhc,relu,False,False,100,[10],0.1,100,5
537,37,0.1166854000184685,1.757861126130482,797.0,100,15,"[0.9340596780273533, 0.09446449835144466, 0.9453687199297687, 0.4296319873487293, 0.3954576491945416, -0.5678210088392472, 0.9525489095524835, -0.9875394895908203, -0.4940352752331121, -0.13041693519110842, 0.5587658435875049, -0.6046298507994938, 0.7259864711984445, 0.9668013543506255, -0.6723155171906026, 0.19466788786571843, -0.98202780466489, -0.22685743471274122, -0.9116798841370009, 0.9133059354284718, -0.1277067062404047, 0.8979546135631256, 0.5726119718701219, 0.7325785971633969, -0.6536691570081037, -0.850102825973786, 0.2014854427555386, -0.6640556325631923, 0.4667603350211398, -0.18311227969597055, 0.05581764683584067, 0.875143167901884, 0.043392244889916, -0.7836132342255386, -0.6835531856304011, 0.09040530340642561, 0.04880816013694678, 0.2752204882519873, -0.1970091128194542, 0.2996102180386846, -0.20619999419653467, 0.24783222709644614, 0.5348099341802477, -0.6420521799177383, -0.24884846282491524, 0.005066118653868745, 0.3733341598326916, -0.4926407026772337, 0.10948172588511706, 0.24986168812819542, 0.7910023321122921, -0.27429282313374714, 0.2751141460374733, -0.6171071957620733, -0.004411770765388567, -0.6351091908575863, 0.8367660782795254, -0.13635585731754474, 0.6603762041966925, -0.16644739064327485, 0.8093351774867339, -0.19034956537818792, -0.33765099381775454, 0.14427754054549724, 0.6908872981882266, 0.7220286235061439, 0.19137623413666893, -0.8306767779591795, 0.19453321463834983, -0.5090925828337958, 0.46518689717993555, 0.7893025846334776, 0.0294679418262902, 0.20712702072041278, -0.8698643752343853, 0.08014945928561268, -0.7416264326591246, 0.22912569270066396, -0.2726993059103242, 0.5355160686614915, -0.902931727160895, -0.7803637637643119, 0.36804643024725525, 0.029307394167312983, 0.1432827432294983, 0.6874139879813108, -0.024524721700651453, 0.6202888442522898, 0.020487258589880097, 0.8534413864805024, 0.333855543079252, -0.7025463211318861, -0.27089364934848836, 0.7315498318881986, -0.29942957828896866, -0.6219484810876903, -0.0547573816684539, -0.21443765035574014, 0.23785985328818726, -0.12646741612097356, -0.47815568541100895, -0.17505557667448635, -0.16193193089539926, 0.8048437117522818, 0.9592325240809707, 0.24713767881382775, -0.8336317548582777, 0.46599743519199, 0.357370804957968, 0.6520457340504391, -0.3050973265778887, -0.8822398116837538, 0.2236436329105842, -0.751970763373456, 0.5190590583266628, 0.5888466351532844, -0.18274642650020412, 0.8875950117660911, -0.6524404124894483, 0.8851716994539605]",rhc,relu,False,False,100,[10],0.1,100,5
538,38,0.11806140001863241,1.757861126130482,798.0,100,15,"[0.9340596780273533, 0.09446449835144466, 0.9453687199297687, 0.4296319873487293, 0.3954576491945416, -0.5678210088392472, 0.9525489095524835, -0.9875394895908203, -0.4940352752331121, -0.13041693519110842, 0.5587658435875049, -0.6046298507994938, 0.7259864711984445, 0.9668013543506255, -0.6723155171906026, 0.19466788786571843, -0.98202780466489, -0.22685743471274122, -0.9116798841370009, 0.9133059354284718, -0.1277067062404047, 0.8979546135631256, 0.5726119718701219, 0.7325785971633969, -0.6536691570081037, -0.850102825973786, 0.2014854427555386, -0.6640556325631923, 0.4667603350211398, -0.18311227969597055, 0.05581764683584067, 0.875143167901884, 0.043392244889916, -0.7836132342255386, -0.6835531856304011, 0.09040530340642561, 0.04880816013694678, 0.2752204882519873, -0.1970091128194542, 0.2996102180386846, -0.20619999419653467, 0.24783222709644614, 0.5348099341802477, -0.6420521799177383, -0.24884846282491524, 0.005066118653868745, 0.3733341598326916, -0.4926407026772337, 0.10948172588511706, 0.24986168812819542, 0.7910023321122921, -0.27429282313374714, 0.2751141460374733, -0.6171071957620733, -0.004411770765388567, -0.6351091908575863, 0.8367660782795254, -0.13635585731754474, 0.6603762041966925, -0.16644739064327485, 0.8093351774867339, -0.19034956537818792, -0.33765099381775454, 0.14427754054549724, 0.6908872981882266, 0.7220286235061439, 0.19137623413666893, -0.8306767779591795, 0.19453321463834983, -0.5090925828337958, 0.46518689717993555, 0.7893025846334776, 0.0294679418262902, 0.20712702072041278, -0.8698643752343853, 0.08014945928561268, -0.7416264326591246, 0.22912569270066396, -0.2726993059103242, 0.5355160686614915, -0.902931727160895, -0.7803637637643119, 0.36804643024725525, 0.029307394167312983, 0.1432827432294983, 0.6874139879813108, -0.024524721700651453, 0.6202888442522898, 0.020487258589880097, 0.8534413864805024, 0.333855543079252, -0.7025463211318861, -0.27089364934848836, 0.7315498318881986, -0.29942957828896866, -0.6219484810876903, -0.0547573816684539, -0.21443765035574014, 0.23785985328818726, -0.12646741612097356, -0.47815568541100895, -0.17505557667448635, -0.16193193089539926, 0.8048437117522818, 0.9592325240809707, 0.24713767881382775, -0.8336317548582777, 0.46599743519199, 0.357370804957968, 0.6520457340504391, -0.3050973265778887, -0.8822398116837538, 0.2236436329105842, -0.751970763373456, 0.5190590583266628, 0.5888466351532844, -0.18274642650020412, 0.8875950117660911, -0.6524404124894483, 0.8851716994539605]",rhc,relu,False,False,100,[10],0.1,100,5
539,39,0.12082070007454604,1.757861126130482,799.0,100,15,"[0.9340596780273533, 0.09446449835144466, 0.9453687199297687, 0.4296319873487293, 0.3954576491945416, -0.5678210088392472, 0.9525489095524835, -0.9875394895908203, -0.4940352752331121, -0.13041693519110842, 0.5587658435875049, -0.6046298507994938, 0.7259864711984445, 0.9668013543506255, -0.6723155171906026, 0.19466788786571843, -0.98202780466489, -0.22685743471274122, -0.9116798841370009, 0.9133059354284718, -0.1277067062404047, 0.8979546135631256, 0.5726119718701219, 0.7325785971633969, -0.6536691570081037, -0.850102825973786, 0.2014854427555386, -0.6640556325631923, 0.4667603350211398, -0.18311227969597055, 0.05581764683584067, 0.875143167901884, 0.043392244889916, -0.7836132342255386, -0.6835531856304011, 0.09040530340642561, 0.04880816013694678, 0.2752204882519873, -0.1970091128194542, 0.2996102180386846, -0.20619999419653467, 0.24783222709644614, 0.5348099341802477, -0.6420521799177383, -0.24884846282491524, 0.005066118653868745, 0.3733341598326916, -0.4926407026772337, 0.10948172588511706, 0.24986168812819542, 0.7910023321122921, -0.27429282313374714, 0.2751141460374733, -0.6171071957620733, -0.004411770765388567, -0.6351091908575863, 0.8367660782795254, -0.13635585731754474, 0.6603762041966925, -0.16644739064327485, 0.8093351774867339, -0.19034956537818792, -0.33765099381775454, 0.14427754054549724, 0.6908872981882266, 0.7220286235061439, 0.19137623413666893, -0.8306767779591795, 0.19453321463834983, -0.5090925828337958, 0.46518689717993555, 0.7893025846334776, 0.0294679418262902, 0.20712702072041278, -0.8698643752343853, 0.08014945928561268, -0.7416264326591246, 0.22912569270066396, -0.2726993059103242, 0.5355160686614915, -0.902931727160895, -0.7803637637643119, 0.36804643024725525, 0.029307394167312983, 0.1432827432294983, 0.6874139879813108, -0.024524721700651453, 0.6202888442522898, 0.020487258589880097, 0.8534413864805024, 0.333855543079252, -0.7025463211318861, -0.27089364934848836, 0.7315498318881986, -0.29942957828896866, -0.6219484810876903, -0.0547573816684539, -0.21443765035574014, 0.23785985328818726, -0.12646741612097356, -0.47815568541100895, -0.17505557667448635, -0.16193193089539926, 0.8048437117522818, 0.9592325240809707, 0.24713767881382775, -0.8336317548582777, 0.46599743519199, 0.357370804957968, 0.6520457340504391, -0.3050973265778887, -0.8822398116837538, 0.2236436329105842, -0.751970763373456, 0.5190590583266628, 0.5888466351532844, -0.18274642650020412, 0.8875950117660911, -0.6524404124894483, 0.8851716994539605]",rhc,relu,False,False,100,[10],0.1,100,5
540,40,0.12267690000589937,1.757861126130482,800.0,100,15,"[0.9340596780273533, 0.09446449835144466, 0.9453687199297687, 0.4296319873487293, 0.3954576491945416, -0.5678210088392472, 0.9525489095524835, -0.9875394895908203, -0.4940352752331121, -0.13041693519110842, 0.5587658435875049, -0.6046298507994938, 0.7259864711984445, 0.9668013543506255, -0.6723155171906026, 0.19466788786571843, -0.98202780466489, -0.22685743471274122, -0.9116798841370009, 0.9133059354284718, -0.1277067062404047, 0.8979546135631256, 0.5726119718701219, 0.7325785971633969, -0.6536691570081037, -0.850102825973786, 0.2014854427555386, -0.6640556325631923, 0.4667603350211398, -0.18311227969597055, 0.05581764683584067, 0.875143167901884, 0.043392244889916, -0.7836132342255386, -0.6835531856304011, 0.09040530340642561, 0.04880816013694678, 0.2752204882519873, -0.1970091128194542, 0.2996102180386846, -0.20619999419653467, 0.24783222709644614, 0.5348099341802477, -0.6420521799177383, -0.24884846282491524, 0.005066118653868745, 0.3733341598326916, -0.4926407026772337, 0.10948172588511706, 0.24986168812819542, 0.7910023321122921, -0.27429282313374714, 0.2751141460374733, -0.6171071957620733, -0.004411770765388567, -0.6351091908575863, 0.8367660782795254, -0.13635585731754474, 0.6603762041966925, -0.16644739064327485, 0.8093351774867339, -0.19034956537818792, -0.33765099381775454, 0.14427754054549724, 0.6908872981882266, 0.7220286235061439, 0.19137623413666893, -0.8306767779591795, 0.19453321463834983, -0.5090925828337958, 0.46518689717993555, 0.7893025846334776, 0.0294679418262902, 0.20712702072041278, -0.8698643752343853, 0.08014945928561268, -0.7416264326591246, 0.22912569270066396, -0.2726993059103242, 0.5355160686614915, -0.902931727160895, -0.7803637637643119, 0.36804643024725525, 0.029307394167312983, 0.1432827432294983, 0.6874139879813108, -0.024524721700651453, 0.6202888442522898, 0.020487258589880097, 0.8534413864805024, 0.333855543079252, -0.7025463211318861, -0.27089364934848836, 0.7315498318881986, -0.29942957828896866, -0.6219484810876903, -0.0547573816684539, -0.21443765035574014, 0.23785985328818726, -0.12646741612097356, -0.47815568541100895, -0.17505557667448635, -0.16193193089539926, 0.8048437117522818, 0.9592325240809707, 0.24713767881382775, -0.8336317548582777, 0.46599743519199, 0.357370804957968, 0.6520457340504391, -0.3050973265778887, -0.8822398116837538, 0.2236436329105842, -0.751970763373456, 0.5190590583266628, 0.5888466351532844, -0.18274642650020412, 0.8875950117660911, -0.6524404124894483, 0.8851716994539605]",rhc,relu,False,False,100,[10],0.1,100,5
541,41,0.1255848000291735,1.7572922832164461,802.0,100,15,"[0.9340596780273533, 0.09446449835144466, 0.9453687199297687, 0.4296319873487293, 0.3954576491945416, -0.5678210088392472, 0.9525489095524835, -0.9875394895908203, -0.4940352752331121, -0.13041693519110842, 0.5587658435875049, -0.6046298507994938, 0.7259864711984445, 0.9668013543506255, -0.6723155171906026, 0.19466788786571843, -0.98202780466489, -0.22685743471274122, -0.9116798841370009, 0.9133059354284718, -0.1277067062404047, 0.8979546135631256, 0.5726119718701219, 0.7325785971633969, -0.6536691570081037, -0.850102825973786, 0.2014854427555386, -0.6640556325631923, 0.4667603350211398, -0.18311227969597055, 0.05581764683584067, 0.875143167901884, 0.043392244889916, -0.7836132342255386, -0.6835531856304011, 0.09040530340642561, 0.04880816013694678, 0.2752204882519873, -0.1970091128194542, 0.2996102180386846, -0.20619999419653467, 0.24783222709644614, 0.5348099341802477, -0.6420521799177383, -0.24884846282491524, 0.005066118653868745, 0.3733341598326916, -0.4926407026772337, 0.10948172588511706, 0.24986168812819542, 0.7910023321122921, -0.27429282313374714, 0.2751141460374733, -0.6171071957620733, -0.004411770765388567, -0.6351091908575863, 0.8367660782795254, -0.13635585731754474, 0.6603762041966925, -0.16644739064327485, 0.8093351774867339, -0.19034956537818792, -0.33765099381775454, 0.14427754054549724, 0.6908872981882266, 0.7220286235061439, 0.19137623413666893, -0.8306767779591795, 0.19453321463834983, -0.5090925828337958, 0.46518689717993555, 0.7893025846334776, 0.0294679418262902, 0.20712702072041278, -0.8698643752343853, 0.08014945928561268, -0.7416264326591246, 0.22912569270066396, -0.2726993059103242, 0.5355160686614915, -0.902931727160895, -0.7803637637643119, 0.36804643024725525, 0.029307394167312983, 0.1432827432294983, 0.6874139879813108, -0.024524721700651453, 0.6202888442522898, 0.020487258589880097, 0.8534413864805024, 0.333855543079252, -0.7025463211318861, -0.27089364934848836, 0.7315498318881986, -0.29942957828896866, -0.6219484810876903, -0.0547573816684539, -0.21443765035574014, 0.23785985328818726, -0.12646741612097356, -0.47815568541100895, -0.17505557667448635, -0.16193193089539926, 0.8048437117522818, 0.9592325240809707, 0.24713767881382775, -0.8336317548582777, 0.46599743519199, 0.357370804957968, 0.6520457340504391, -0.3050973265778887, -0.8822398116837538, 0.2236436329105842, -0.751970763373456, 0.5190590583266628, 0.5888466351532844, -0.18274642650020412, 0.8875950117660911, -0.6524404124894483, 0.8851716994539605]",rhc,relu,False,False,100,[10],0.1,100,5
542,42,0.12696350004989654,1.7543582406788647,804.0,100,15,"[0.9340596780273533, 0.09446449835144466, 0.9453687199297687, 0.4296319873487293, 0.3954576491945416, -0.5678210088392472, 0.9525489095524835, -0.9875394895908203, -0.4940352752331121, -0.13041693519110842, 0.5587658435875049, -0.6046298507994938, 0.7259864711984445, 0.9668013543506255, -0.6723155171906026, 0.19466788786571843, -0.98202780466489, -0.22685743471274122, -0.9116798841370009, 0.9133059354284718, -0.1277067062404047, 0.8979546135631256, 0.5726119718701219, 0.7325785971633969, -0.6536691570081037, -0.850102825973786, 0.2014854427555386, -0.6640556325631923, 0.4667603350211398, -0.18311227969597055, 0.05581764683584067, 0.875143167901884, 0.043392244889916, -0.7836132342255386, -0.6835531856304011, 0.09040530340642561, 0.04880816013694678, 0.2752204882519873, -0.1970091128194542, 0.2996102180386846, -0.20619999419653467, 0.24783222709644614, 0.5348099341802477, -0.6420521799177383, -0.24884846282491524, 0.005066118653868745, 0.3733341598326916, -0.4926407026772337, 0.10948172588511706, 0.24986168812819542, 0.7910023321122921, -0.27429282313374714, 0.2751141460374733, -0.6171071957620733, -0.004411770765388567, -0.6351091908575863, 0.8367660782795254, -0.13635585731754474, 0.6603762041966925, -0.16644739064327485, 0.8093351774867339, -0.19034956537818792, -0.33765099381775454, 0.14427754054549724, 0.6908872981882266, 0.7220286235061439, 0.19137623413666893, -0.8306767779591795, 0.19453321463834983, -0.5090925828337958, 0.46518689717993555, 0.7893025846334776, 0.0294679418262902, 0.20712702072041278, -0.8698643752343853, 0.08014945928561268, -0.7416264326591246, 0.22912569270066396, -0.2726993059103242, 0.5355160686614915, -0.902931727160895, -0.7803637637643119, 0.36804643024725525, 0.029307394167312983, 0.1432827432294983, 0.6874139879813108, -0.024524721700651453, 0.6202888442522898, 0.020487258589880097, 0.8534413864805024, 0.333855543079252, -0.7025463211318861, -0.27089364934848836, 0.7315498318881986, -0.29942957828896866, -0.6219484810876903, -0.0547573816684539, -0.21443765035574014, 0.23785985328818726, -0.12646741612097356, -0.47815568541100895, -0.17505557667448635, -0.16193193089539926, 0.8048437117522818, 0.9592325240809707, 0.24713767881382775, -0.8336317548582777, 0.46599743519199, 0.357370804957968, 0.6520457340504391, -0.3050973265778887, -0.8822398116837538, 0.2236436329105842, -0.751970763373456, 0.5190590583266628, 0.5888466351532844, -0.18274642650020412, 0.8875950117660911, -0.6524404124894483, 0.8851716994539605]",rhc,relu,False,False,100,[10],0.1,100,5
543,43,0.13002750009763986,1.7543582406788647,805.0,100,15,"[0.9340596780273533, 0.09446449835144466, 0.9453687199297687, 0.4296319873487293, 0.3954576491945416, -0.5678210088392472, 0.9525489095524835, -0.9875394895908203, -0.4940352752331121, -0.13041693519110842, 0.5587658435875049, -0.6046298507994938, 0.7259864711984445, 0.9668013543506255, -0.6723155171906026, 0.19466788786571843, -0.98202780466489, -0.22685743471274122, -0.9116798841370009, 0.9133059354284718, -0.1277067062404047, 0.8979546135631256, 0.5726119718701219, 0.7325785971633969, -0.6536691570081037, -0.850102825973786, 0.2014854427555386, -0.6640556325631923, 0.4667603350211398, -0.18311227969597055, 0.05581764683584067, 0.875143167901884, 0.043392244889916, -0.7836132342255386, -0.6835531856304011, 0.09040530340642561, 0.04880816013694678, 0.2752204882519873, -0.1970091128194542, 0.2996102180386846, -0.20619999419653467, 0.24783222709644614, 0.5348099341802477, -0.6420521799177383, -0.24884846282491524, 0.005066118653868745, 0.3733341598326916, -0.4926407026772337, 0.10948172588511706, 0.24986168812819542, 0.7910023321122921, -0.27429282313374714, 0.2751141460374733, -0.6171071957620733, -0.004411770765388567, -0.6351091908575863, 0.8367660782795254, -0.13635585731754474, 0.6603762041966925, -0.16644739064327485, 0.8093351774867339, -0.19034956537818792, -0.33765099381775454, 0.14427754054549724, 0.6908872981882266, 0.7220286235061439, 0.19137623413666893, -0.8306767779591795, 0.19453321463834983, -0.5090925828337958, 0.46518689717993555, 0.7893025846334776, 0.0294679418262902, 0.20712702072041278, -0.8698643752343853, 0.08014945928561268, -0.7416264326591246, 0.22912569270066396, -0.2726993059103242, 0.5355160686614915, -0.902931727160895, -0.7803637637643119, 0.36804643024725525, 0.029307394167312983, 0.1432827432294983, 0.6874139879813108, -0.024524721700651453, 0.6202888442522898, 0.020487258589880097, 0.8534413864805024, 0.333855543079252, -0.7025463211318861, -0.27089364934848836, 0.7315498318881986, -0.29942957828896866, -0.6219484810876903, -0.0547573816684539, -0.21443765035574014, 0.23785985328818726, -0.12646741612097356, -0.47815568541100895, -0.17505557667448635, -0.16193193089539926, 0.8048437117522818, 0.9592325240809707, 0.24713767881382775, -0.8336317548582777, 0.46599743519199, 0.357370804957968, 0.6520457340504391, -0.3050973265778887, -0.8822398116837538, 0.2236436329105842, -0.751970763373456, 0.5190590583266628, 0.5888466351532844, -0.18274642650020412, 0.8875950117660911, -0.6524404124894483, 0.8851716994539605]",rhc,relu,False,False,100,[10],0.1,100,5
544,44,0.1314245000248775,1.753985039095836,807.0,100,15,"[0.9340596780273533, 0.09446449835144466, 0.9453687199297687, 0.4296319873487293, 0.3954576491945416, -0.5678210088392472, 0.9525489095524835, -0.9875394895908203, -0.4940352752331121, -0.13041693519110842, 0.5587658435875049, -0.6046298507994938, 0.7259864711984445, 0.9668013543506255, -0.6723155171906026, 0.19466788786571843, -0.98202780466489, -0.22685743471274122, -0.9116798841370009, 0.9133059354284718, -0.1277067062404047, 0.8979546135631256, 0.5726119718701219, 0.7325785971633969, -0.6536691570081037, -0.850102825973786, 0.2014854427555386, -0.6640556325631923, 0.4667603350211398, -0.18311227969597055, 0.05581764683584067, 0.875143167901884, 0.043392244889916, -0.7836132342255386, -0.6835531856304011, 0.09040530340642561, 0.04880816013694678, 0.2752204882519873, -0.1970091128194542, 0.2996102180386846, -0.20619999419653467, 0.24783222709644614, 0.5348099341802477, -0.6420521799177383, -0.24884846282491524, 0.005066118653868745, 0.3733341598326916, -0.4926407026772337, 0.10948172588511706, 0.24986168812819542, 0.7910023321122921, -0.27429282313374714, 0.2751141460374733, -0.6171071957620733, -0.004411770765388567, -0.6351091908575863, 0.8367660782795254, -0.13635585731754474, 0.6603762041966925, -0.16644739064327485, 0.8093351774867339, -0.19034956537818792, -0.33765099381775454, 0.14427754054549724, 0.6908872981882266, 0.7220286235061439, 0.19137623413666893, -0.8306767779591795, 0.19453321463834983, -0.5090925828337958, 0.46518689717993555, 0.7893025846334776, 0.0294679418262902, 0.20712702072041278, -0.8698643752343853, 0.08014945928561268, -0.7416264326591246, 0.22912569270066396, -0.2726993059103242, 0.5355160686614915, -0.902931727160895, -0.7803637637643119, 0.36804643024725525, 0.029307394167312983, 0.1432827432294983, 0.6874139879813108, -0.024524721700651453, 0.6202888442522898, 0.020487258589880097, 0.8534413864805024, 0.333855543079252, -0.7025463211318861, -0.27089364934848836, 0.7315498318881986, -0.29942957828896866, -0.6219484810876903, -0.0547573816684539, -0.21443765035574014, 0.23785985328818726, -0.12646741612097356, -0.47815568541100895, -0.17505557667448635, -0.16193193089539926, 0.8048437117522818, 0.9592325240809707, 0.24713767881382775, -0.8336317548582777, 0.46599743519199, 0.357370804957968, 0.6520457340504391, -0.3050973265778887, -0.8822398116837538, 0.2236436329105842, -0.751970763373456, 0.5190590583266628, 0.5888466351532844, -0.18274642650020412, 0.8875950117660911, -0.6524404124894483, 0.8851716994539605]",rhc,relu,False,False,100,[10],0.1,100,5
545,45,0.13282990001607686,1.753985039095836,808.0,100,15,"[0.9340596780273533, 0.09446449835144466, 0.9453687199297687, 0.4296319873487293, 0.3954576491945416, -0.5678210088392472, 0.9525489095524835, -0.9875394895908203, -0.4940352752331121, -0.13041693519110842, 0.5587658435875049, -0.6046298507994938, 0.7259864711984445, 0.9668013543506255, -0.6723155171906026, 0.19466788786571843, -0.98202780466489, -0.22685743471274122, -0.9116798841370009, 0.9133059354284718, -0.1277067062404047, 0.8979546135631256, 0.5726119718701219, 0.7325785971633969, -0.6536691570081037, -0.850102825973786, 0.2014854427555386, -0.6640556325631923, 0.4667603350211398, -0.18311227969597055, 0.05581764683584067, 0.875143167901884, 0.043392244889916, -0.7836132342255386, -0.6835531856304011, 0.09040530340642561, 0.04880816013694678, 0.2752204882519873, -0.1970091128194542, 0.2996102180386846, -0.20619999419653467, 0.24783222709644614, 0.5348099341802477, -0.6420521799177383, -0.24884846282491524, 0.005066118653868745, 0.3733341598326916, -0.4926407026772337, 0.10948172588511706, 0.24986168812819542, 0.7910023321122921, -0.27429282313374714, 0.2751141460374733, -0.6171071957620733, -0.004411770765388567, -0.6351091908575863, 0.8367660782795254, -0.13635585731754474, 0.6603762041966925, -0.16644739064327485, 0.8093351774867339, -0.19034956537818792, -0.33765099381775454, 0.14427754054549724, 0.6908872981882266, 0.7220286235061439, 0.19137623413666893, -0.8306767779591795, 0.19453321463834983, -0.5090925828337958, 0.46518689717993555, 0.7893025846334776, 0.0294679418262902, 0.20712702072041278, -0.8698643752343853, 0.08014945928561268, -0.7416264326591246, 0.22912569270066396, -0.2726993059103242, 0.5355160686614915, -0.902931727160895, -0.7803637637643119, 0.36804643024725525, 0.029307394167312983, 0.1432827432294983, 0.6874139879813108, -0.024524721700651453, 0.6202888442522898, 0.020487258589880097, 0.8534413864805024, 0.333855543079252, -0.7025463211318861, -0.27089364934848836, 0.7315498318881986, -0.29942957828896866, -0.6219484810876903, -0.0547573816684539, -0.21443765035574014, 0.23785985328818726, -0.12646741612097356, -0.47815568541100895, -0.17505557667448635, -0.16193193089539926, 0.8048437117522818, 0.9592325240809707, 0.24713767881382775, -0.8336317548582777, 0.46599743519199, 0.357370804957968, 0.6520457340504391, -0.3050973265778887, -0.8822398116837538, 0.2236436329105842, -0.751970763373456, 0.5190590583266628, 0.5888466351532844, -0.18274642650020412, 0.8875950117660911, -0.6524404124894483, 0.8851716994539605]",rhc,relu,False,False,100,[10],0.1,100,5
546,46,0.13423810002859682,1.753985039095836,809.0,100,15,"[0.9340596780273533, 0.09446449835144466, 0.9453687199297687, 0.4296319873487293, 0.3954576491945416, -0.5678210088392472, 0.9525489095524835, -0.9875394895908203, -0.4940352752331121, -0.13041693519110842, 0.5587658435875049, -0.6046298507994938, 0.7259864711984445, 0.9668013543506255, -0.6723155171906026, 0.19466788786571843, -0.98202780466489, -0.22685743471274122, -0.9116798841370009, 0.9133059354284718, -0.1277067062404047, 0.8979546135631256, 0.5726119718701219, 0.7325785971633969, -0.6536691570081037, -0.850102825973786, 0.2014854427555386, -0.6640556325631923, 0.4667603350211398, -0.18311227969597055, 0.05581764683584067, 0.875143167901884, 0.043392244889916, -0.7836132342255386, -0.6835531856304011, 0.09040530340642561, 0.04880816013694678, 0.2752204882519873, -0.1970091128194542, 0.2996102180386846, -0.20619999419653467, 0.24783222709644614, 0.5348099341802477, -0.6420521799177383, -0.24884846282491524, 0.005066118653868745, 0.3733341598326916, -0.4926407026772337, 0.10948172588511706, 0.24986168812819542, 0.7910023321122921, -0.27429282313374714, 0.2751141460374733, -0.6171071957620733, -0.004411770765388567, -0.6351091908575863, 0.8367660782795254, -0.13635585731754474, 0.6603762041966925, -0.16644739064327485, 0.8093351774867339, -0.19034956537818792, -0.33765099381775454, 0.14427754054549724, 0.6908872981882266, 0.7220286235061439, 0.19137623413666893, -0.8306767779591795, 0.19453321463834983, -0.5090925828337958, 0.46518689717993555, 0.7893025846334776, 0.0294679418262902, 0.20712702072041278, -0.8698643752343853, 0.08014945928561268, -0.7416264326591246, 0.22912569270066396, -0.2726993059103242, 0.5355160686614915, -0.902931727160895, -0.7803637637643119, 0.36804643024725525, 0.029307394167312983, 0.1432827432294983, 0.6874139879813108, -0.024524721700651453, 0.6202888442522898, 0.020487258589880097, 0.8534413864805024, 0.333855543079252, -0.7025463211318861, -0.27089364934848836, 0.7315498318881986, -0.29942957828896866, -0.6219484810876903, -0.0547573816684539, -0.21443765035574014, 0.23785985328818726, -0.12646741612097356, -0.47815568541100895, -0.17505557667448635, -0.16193193089539926, 0.8048437117522818, 0.9592325240809707, 0.24713767881382775, -0.8336317548582777, 0.46599743519199, 0.357370804957968, 0.6520457340504391, -0.3050973265778887, -0.8822398116837538, 0.2236436329105842, -0.751970763373456, 0.5190590583266628, 0.5888466351532844, -0.18274642650020412, 0.8875950117660911, -0.6524404124894483, 0.8851716994539605]",rhc,relu,False,False,100,[10],0.1,100,5
547,47,0.13724380009807646,1.7469080965107529,811.0,100,15,"[0.9340596780273533, 0.09446449835144466, 0.9453687199297687, 0.4296319873487293, 0.3954576491945416, -0.5678210088392472, 0.9525489095524835, -0.9875394895908203, -0.4940352752331121, -0.13041693519110842, 0.5587658435875049, -0.6046298507994938, 0.7259864711984445, 0.9668013543506255, -0.6723155171906026, 0.19466788786571843, -0.98202780466489, -0.22685743471274122, -0.9116798841370009, 0.9133059354284718, -0.1277067062404047, 0.8979546135631256, 0.5726119718701219, 0.7325785971633969, -0.6536691570081037, -0.850102825973786, 0.2014854427555386, -0.6640556325631923, 0.4667603350211398, -0.18311227969597055, 0.05581764683584067, 0.875143167901884, 0.043392244889916, -0.7836132342255386, -0.6835531856304011, 0.09040530340642561, 0.04880816013694678, 0.2752204882519873, -0.1970091128194542, 0.2996102180386846, -0.20619999419653467, 0.24783222709644614, 0.5348099341802477, -0.6420521799177383, -0.24884846282491524, 0.005066118653868745, 0.3733341598326916, -0.4926407026772337, 0.10948172588511706, 0.24986168812819542, 0.7910023321122921, -0.27429282313374714, 0.2751141460374733, -0.6171071957620733, -0.004411770765388567, -0.6351091908575863, 0.8367660782795254, -0.13635585731754474, 0.6603762041966925, -0.16644739064327485, 0.8093351774867339, -0.19034956537818792, -0.33765099381775454, 0.14427754054549724, 0.6908872981882266, 0.7220286235061439, 0.19137623413666893, -0.8306767779591795, 0.19453321463834983, -0.5090925828337958, 0.46518689717993555, 0.7893025846334776, 0.0294679418262902, 0.20712702072041278, -0.8698643752343853, 0.08014945928561268, -0.7416264326591246, 0.22912569270066396, -0.2726993059103242, 0.5355160686614915, -0.902931727160895, -0.7803637637643119, 0.36804643024725525, 0.029307394167312983, 0.1432827432294983, 0.6874139879813108, -0.024524721700651453, 0.6202888442522898, 0.020487258589880097, 0.8534413864805024, 0.333855543079252, -0.7025463211318861, -0.27089364934848836, 0.7315498318881986, -0.29942957828896866, -0.6219484810876903, -0.0547573816684539, -0.21443765035574014, 0.23785985328818726, -0.12646741612097356, -0.47815568541100895, -0.17505557667448635, -0.16193193089539926, 0.8048437117522818, 0.9592325240809707, 0.24713767881382775, -0.8336317548582777, 0.46599743519199, 0.357370804957968, 0.6520457340504391, -0.3050973265778887, -0.8822398116837538, 0.2236436329105842, -0.751970763373456, 0.5190590583266628, 0.5888466351532844, -0.18274642650020412, 0.8875950117660911, -0.6524404124894483, 0.8851716994539605]",rhc,relu,False,False,100,[10],0.1,100,5
548,48,0.13920730003155768,1.7458255514387082,813.0,100,15,"[0.9340596780273533, 0.09446449835144466, 0.9453687199297687, 0.4296319873487293, 0.3954576491945416, -0.5678210088392472, 0.9525489095524835, -0.9875394895908203, -0.4940352752331121, -0.13041693519110842, 0.5587658435875049, -0.6046298507994938, 0.7259864711984445, 0.9668013543506255, -0.6723155171906026, 0.19466788786571843, -0.98202780466489, -0.22685743471274122, -0.9116798841370009, 0.9133059354284718, -0.1277067062404047, 0.8979546135631256, 0.5726119718701219, 0.7325785971633969, -0.6536691570081037, -0.850102825973786, 0.2014854427555386, -0.6640556325631923, 0.4667603350211398, -0.18311227969597055, 0.05581764683584067, 0.875143167901884, 0.043392244889916, -0.7836132342255386, -0.6835531856304011, 0.09040530340642561, 0.04880816013694678, 0.2752204882519873, -0.1970091128194542, 0.2996102180386846, -0.20619999419653467, 0.24783222709644614, 0.5348099341802477, -0.6420521799177383, -0.24884846282491524, 0.005066118653868745, 0.3733341598326916, -0.4926407026772337, 0.10948172588511706, 0.24986168812819542, 0.7910023321122921, -0.27429282313374714, 0.2751141460374733, -0.6171071957620733, -0.004411770765388567, -0.6351091908575863, 0.8367660782795254, -0.13635585731754474, 0.6603762041966925, -0.16644739064327485, 0.8093351774867339, -0.19034956537818792, -0.33765099381775454, 0.14427754054549724, 0.6908872981882266, 0.7220286235061439, 0.19137623413666893, -0.8306767779591795, 0.19453321463834983, -0.5090925828337958, 0.46518689717993555, 0.7893025846334776, 0.0294679418262902, 0.20712702072041278, -0.8698643752343853, 0.08014945928561268, -0.7416264326591246, 0.22912569270066396, -0.2726993059103242, 0.5355160686614915, -0.902931727160895, -0.7803637637643119, 0.36804643024725525, 0.029307394167312983, 0.1432827432294983, 0.6874139879813108, -0.024524721700651453, 0.6202888442522898, 0.020487258589880097, 0.8534413864805024, 0.333855543079252, -0.7025463211318861, -0.27089364934848836, 0.7315498318881986, -0.29942957828896866, -0.6219484810876903, -0.0547573816684539, -0.21443765035574014, 0.23785985328818726, -0.12646741612097356, -0.47815568541100895, -0.17505557667448635, -0.16193193089539926, 0.8048437117522818, 0.9592325240809707, 0.24713767881382775, -0.8336317548582777, 0.46599743519199, 0.357370804957968, 0.6520457340504391, -0.3050973265778887, -0.8822398116837538, 0.2236436329105842, -0.751970763373456, 0.5190590583266628, 0.5888466351532844, -0.18274642650020412, 0.8875950117660911, -0.6524404124894483, 0.8851716994539605]",rhc,relu,False,False,100,[10],0.1,100,5
549,49,0.14330590004101396,1.7428988390748965,815.0,100,15,"[0.9340596780273533, 0.09446449835144466, 0.9453687199297687, 0.4296319873487293, 0.3954576491945416, -0.5678210088392472, 0.9525489095524835, -0.9875394895908203, -0.4940352752331121, -0.13041693519110842, 0.5587658435875049, -0.6046298507994938, 0.7259864711984445, 0.9668013543506255, -0.6723155171906026, 0.19466788786571843, -0.98202780466489, -0.22685743471274122, -0.9116798841370009, 0.9133059354284718, -0.1277067062404047, 0.8979546135631256, 0.5726119718701219, 0.7325785971633969, -0.6536691570081037, -0.850102825973786, 0.2014854427555386, -0.6640556325631923, 0.4667603350211398, -0.18311227969597055, 0.05581764683584067, 0.875143167901884, 0.043392244889916, -0.7836132342255386, -0.6835531856304011, 0.09040530340642561, 0.04880816013694678, 0.2752204882519873, -0.1970091128194542, 0.2996102180386846, -0.20619999419653467, 0.24783222709644614, 0.5348099341802477, -0.6420521799177383, -0.24884846282491524, 0.005066118653868745, 0.3733341598326916, -0.4926407026772337, 0.10948172588511706, 0.24986168812819542, 0.7910023321122921, -0.27429282313374714, 0.2751141460374733, -0.6171071957620733, -0.004411770765388567, -0.6351091908575863, 0.8367660782795254, -0.13635585731754474, 0.6603762041966925, -0.16644739064327485, 0.8093351774867339, -0.19034956537818792, -0.33765099381775454, 0.14427754054549724, 0.6908872981882266, 0.7220286235061439, 0.19137623413666893, -0.8306767779591795, 0.19453321463834983, -0.5090925828337958, 0.46518689717993555, 0.7893025846334776, 0.0294679418262902, 0.20712702072041278, -0.8698643752343853, 0.08014945928561268, -0.7416264326591246, 0.22912569270066396, -0.2726993059103242, 0.5355160686614915, -0.902931727160895, -0.7803637637643119, 0.36804643024725525, 0.029307394167312983, 0.1432827432294983, 0.6874139879813108, -0.024524721700651453, 0.6202888442522898, 0.020487258589880097, 0.8534413864805024, 0.333855543079252, -0.7025463211318861, -0.27089364934848836, 0.7315498318881986, -0.29942957828896866, -0.6219484810876903, -0.0547573816684539, -0.21443765035574014, 0.23785985328818726, -0.12646741612097356, -0.47815568541100895, -0.17505557667448635, -0.16193193089539926, 0.8048437117522818, 0.9592325240809707, 0.24713767881382775, -0.8336317548582777, 0.46599743519199, 0.357370804957968, 0.6520457340504391, -0.3050973265778887, -0.8822398116837538, 0.2236436329105842, -0.751970763373456, 0.5190590583266628, 0.5888466351532844, -0.18274642650020412, 0.8875950117660911, -0.6524404124894483, 0.8851716994539605]",rhc,relu,False,False,100,[10],0.1,100,5
550,50,0.14690749999135733,1.7428988390748965,816.0,100,15,"[0.9340596780273533, 0.09446449835144466, 0.9453687199297687, 0.4296319873487293, 0.3954576491945416, -0.5678210088392472, 0.9525489095524835, -0.9875394895908203, -0.4940352752331121, -0.13041693519110842, 0.5587658435875049, -0.6046298507994938, 0.7259864711984445, 0.9668013543506255, -0.6723155171906026, 0.19466788786571843, -0.98202780466489, -0.22685743471274122, -0.9116798841370009, 0.9133059354284718, -0.1277067062404047, 0.8979546135631256, 0.5726119718701219, 0.7325785971633969, -0.6536691570081037, -0.850102825973786, 0.2014854427555386, -0.6640556325631923, 0.4667603350211398, -0.18311227969597055, 0.05581764683584067, 0.875143167901884, 0.043392244889916, -0.7836132342255386, -0.6835531856304011, 0.09040530340642561, 0.04880816013694678, 0.2752204882519873, -0.1970091128194542, 0.2996102180386846, -0.20619999419653467, 0.24783222709644614, 0.5348099341802477, -0.6420521799177383, -0.24884846282491524, 0.005066118653868745, 0.3733341598326916, -0.4926407026772337, 0.10948172588511706, 0.24986168812819542, 0.7910023321122921, -0.27429282313374714, 0.2751141460374733, -0.6171071957620733, -0.004411770765388567, -0.6351091908575863, 0.8367660782795254, -0.13635585731754474, 0.6603762041966925, -0.16644739064327485, 0.8093351774867339, -0.19034956537818792, -0.33765099381775454, 0.14427754054549724, 0.6908872981882266, 0.7220286235061439, 0.19137623413666893, -0.8306767779591795, 0.19453321463834983, -0.5090925828337958, 0.46518689717993555, 0.7893025846334776, 0.0294679418262902, 0.20712702072041278, -0.8698643752343853, 0.08014945928561268, -0.7416264326591246, 0.22912569270066396, -0.2726993059103242, 0.5355160686614915, -0.902931727160895, -0.7803637637643119, 0.36804643024725525, 0.029307394167312983, 0.1432827432294983, 0.6874139879813108, -0.024524721700651453, 0.6202888442522898, 0.020487258589880097, 0.8534413864805024, 0.333855543079252, -0.7025463211318861, -0.27089364934848836, 0.7315498318881986, -0.29942957828896866, -0.6219484810876903, -0.0547573816684539, -0.21443765035574014, 0.23785985328818726, -0.12646741612097356, -0.47815568541100895, -0.17505557667448635, -0.16193193089539926, 0.8048437117522818, 0.9592325240809707, 0.24713767881382775, -0.8336317548582777, 0.46599743519199, 0.357370804957968, 0.6520457340504391, -0.3050973265778887, -0.8822398116837538, 0.2236436329105842, -0.751970763373456, 0.5190590583266628, 0.5888466351532844, -0.18274642650020412, 0.8875950117660911, -0.6524404124894483, 0.8851716994539605]",rhc,relu,False,False,100,[10],0.1,100,5
551,51,0.14868640003260225,1.7287198103420132,818.0,100,15,"[0.9340596780273533, 0.09446449835144466, 0.9453687199297687, 0.4296319873487293, 0.3954576491945416, -0.5678210088392472, 0.9525489095524835, -0.9875394895908203, -0.4940352752331121, -0.13041693519110842, 0.5587658435875049, -0.6046298507994938, 0.7259864711984445, 0.9668013543506255, -0.6723155171906026, 0.19466788786571843, -0.98202780466489, -0.22685743471274122, -0.9116798841370009, 0.9133059354284718, -0.1277067062404047, 0.8979546135631256, 0.5726119718701219, 0.7325785971633969, -0.6536691570081037, -0.850102825973786, 0.2014854427555386, -0.6640556325631923, 0.4667603350211398, -0.18311227969597055, 0.05581764683584067, 0.875143167901884, 0.043392244889916, -0.7836132342255386, -0.6835531856304011, 0.09040530340642561, 0.04880816013694678, 0.2752204882519873, -0.1970091128194542, 0.2996102180386846, -0.20619999419653467, 0.24783222709644614, 0.5348099341802477, -0.6420521799177383, -0.24884846282491524, 0.005066118653868745, 0.3733341598326916, -0.4926407026772337, 0.10948172588511706, 0.24986168812819542, 0.7910023321122921, -0.27429282313374714, 0.2751141460374733, -0.6171071957620733, -0.004411770765388567, -0.6351091908575863, 0.8367660782795254, -0.13635585731754474, 0.6603762041966925, -0.16644739064327485, 0.8093351774867339, -0.19034956537818792, -0.33765099381775454, 0.14427754054549724, 0.6908872981882266, 0.7220286235061439, 0.19137623413666893, -0.8306767779591795, 0.19453321463834983, -0.5090925828337958, 0.46518689717993555, 0.7893025846334776, 0.0294679418262902, 0.20712702072041278, -0.8698643752343853, 0.08014945928561268, -0.7416264326591246, 0.22912569270066396, -0.2726993059103242, 0.5355160686614915, -0.902931727160895, -0.7803637637643119, 0.36804643024725525, 0.029307394167312983, 0.1432827432294983, 0.6874139879813108, -0.024524721700651453, 0.6202888442522898, 0.020487258589880097, 0.8534413864805024, 0.333855543079252, -0.7025463211318861, -0.27089364934848836, 0.7315498318881986, -0.29942957828896866, -0.6219484810876903, -0.0547573816684539, -0.21443765035574014, 0.23785985328818726, -0.12646741612097356, -0.47815568541100895, -0.17505557667448635, -0.16193193089539926, 0.8048437117522818, 0.9592325240809707, 0.24713767881382775, -0.8336317548582777, 0.46599743519199, 0.357370804957968, 0.6520457340504391, -0.3050973265778887, -0.8822398116837538, 0.2236436329105842, -0.751970763373456, 0.5190590583266628, 0.5888466351532844, -0.18274642650020412, 0.8875950117660911, -0.6524404124894483, 0.8851716994539605]",rhc,relu,False,False,100,[10],0.1,100,5
552,52,0.15030470001511276,1.7162219431072718,820.0,100,15,"[0.9340596780273533, 0.09446449835144466, 0.9453687199297687, 0.4296319873487293, 0.3954576491945416, -0.5678210088392472, 0.9525489095524835, -0.9875394895908203, -0.4940352752331121, -0.13041693519110842, 0.5587658435875049, -0.6046298507994938, 0.7259864711984445, 0.9668013543506255, -0.6723155171906026, 0.19466788786571843, -0.98202780466489, -0.22685743471274122, -0.9116798841370009, 0.9133059354284718, -0.1277067062404047, 0.8979546135631256, 0.5726119718701219, 0.7325785971633969, -0.6536691570081037, -0.850102825973786, 0.2014854427555386, -0.6640556325631923, 0.4667603350211398, -0.18311227969597055, 0.05581764683584067, 0.875143167901884, 0.043392244889916, -0.7836132342255386, -0.6835531856304011, 0.09040530340642561, 0.04880816013694678, 0.2752204882519873, -0.1970091128194542, 0.2996102180386846, -0.20619999419653467, 0.24783222709644614, 0.5348099341802477, -0.6420521799177383, -0.24884846282491524, 0.005066118653868745, 0.3733341598326916, -0.4926407026772337, 0.10948172588511706, 0.24986168812819542, 0.7910023321122921, -0.27429282313374714, 0.2751141460374733, -0.6171071957620733, -0.004411770765388567, -0.6351091908575863, 0.8367660782795254, -0.13635585731754474, 0.6603762041966925, -0.16644739064327485, 0.8093351774867339, -0.19034956537818792, -0.33765099381775454, 0.14427754054549724, 0.6908872981882266, 0.7220286235061439, 0.19137623413666893, -0.8306767779591795, 0.19453321463834983, -0.5090925828337958, 0.46518689717993555, 0.7893025846334776, 0.0294679418262902, 0.20712702072041278, -0.8698643752343853, 0.08014945928561268, -0.7416264326591246, 0.22912569270066396, -0.2726993059103242, 0.5355160686614915, -0.902931727160895, -0.7803637637643119, 0.36804643024725525, 0.029307394167312983, 0.1432827432294983, 0.6874139879813108, -0.024524721700651453, 0.6202888442522898, 0.020487258589880097, 0.8534413864805024, 0.333855543079252, -0.7025463211318861, -0.27089364934848836, 0.7315498318881986, -0.29942957828896866, -0.6219484810876903, -0.0547573816684539, -0.21443765035574014, 0.23785985328818726, -0.12646741612097356, -0.47815568541100895, -0.17505557667448635, -0.16193193089539926, 0.8048437117522818, 0.9592325240809707, 0.24713767881382775, -0.8336317548582777, 0.46599743519199, 0.357370804957968, 0.6520457340504391, -0.3050973265778887, -0.8822398116837538, 0.2236436329105842, -0.751970763373456, 0.5190590583266628, 0.5888466351532844, -0.18274642650020412, 0.8875950117660911, -0.6524404124894483, 0.8851716994539605]",rhc,relu,False,False,100,[10],0.1,100,5
553,53,0.15169550001155585,1.7162219431072718,821.0,100,15,"[0.9340596780273533, 0.09446449835144466, 0.9453687199297687, 0.4296319873487293, 0.3954576491945416, -0.5678210088392472, 0.9525489095524835, -0.9875394895908203, -0.4940352752331121, -0.13041693519110842, 0.5587658435875049, -0.6046298507994938, 0.7259864711984445, 0.9668013543506255, -0.6723155171906026, 0.19466788786571843, -0.98202780466489, -0.22685743471274122, -0.9116798841370009, 0.9133059354284718, -0.1277067062404047, 0.8979546135631256, 0.5726119718701219, 0.7325785971633969, -0.6536691570081037, -0.850102825973786, 0.2014854427555386, -0.6640556325631923, 0.4667603350211398, -0.18311227969597055, 0.05581764683584067, 0.875143167901884, 0.043392244889916, -0.7836132342255386, -0.6835531856304011, 0.09040530340642561, 0.04880816013694678, 0.2752204882519873, -0.1970091128194542, 0.2996102180386846, -0.20619999419653467, 0.24783222709644614, 0.5348099341802477, -0.6420521799177383, -0.24884846282491524, 0.005066118653868745, 0.3733341598326916, -0.4926407026772337, 0.10948172588511706, 0.24986168812819542, 0.7910023321122921, -0.27429282313374714, 0.2751141460374733, -0.6171071957620733, -0.004411770765388567, -0.6351091908575863, 0.8367660782795254, -0.13635585731754474, 0.6603762041966925, -0.16644739064327485, 0.8093351774867339, -0.19034956537818792, -0.33765099381775454, 0.14427754054549724, 0.6908872981882266, 0.7220286235061439, 0.19137623413666893, -0.8306767779591795, 0.19453321463834983, -0.5090925828337958, 0.46518689717993555, 0.7893025846334776, 0.0294679418262902, 0.20712702072041278, -0.8698643752343853, 0.08014945928561268, -0.7416264326591246, 0.22912569270066396, -0.2726993059103242, 0.5355160686614915, -0.902931727160895, -0.7803637637643119, 0.36804643024725525, 0.029307394167312983, 0.1432827432294983, 0.6874139879813108, -0.024524721700651453, 0.6202888442522898, 0.020487258589880097, 0.8534413864805024, 0.333855543079252, -0.7025463211318861, -0.27089364934848836, 0.7315498318881986, -0.29942957828896866, -0.6219484810876903, -0.0547573816684539, -0.21443765035574014, 0.23785985328818726, -0.12646741612097356, -0.47815568541100895, -0.17505557667448635, -0.16193193089539926, 0.8048437117522818, 0.9592325240809707, 0.24713767881382775, -0.8336317548582777, 0.46599743519199, 0.357370804957968, 0.6520457340504391, -0.3050973265778887, -0.8822398116837538, 0.2236436329105842, -0.751970763373456, 0.5190590583266628, 0.5888466351532844, -0.18274642650020412, 0.8875950117660911, -0.6524404124894483, 0.8851716994539605]",rhc,relu,False,False,100,[10],0.1,100,5
554,54,0.15469950006809086,1.7162219431072718,822.0,100,15,"[0.9340596780273533, 0.09446449835144466, 0.9453687199297687, 0.4296319873487293, 0.3954576491945416, -0.5678210088392472, 0.9525489095524835, -0.9875394895908203, -0.4940352752331121, -0.13041693519110842, 0.5587658435875049, -0.6046298507994938, 0.7259864711984445, 0.9668013543506255, -0.6723155171906026, 0.19466788786571843, -0.98202780466489, -0.22685743471274122, -0.9116798841370009, 0.9133059354284718, -0.1277067062404047, 0.8979546135631256, 0.5726119718701219, 0.7325785971633969, -0.6536691570081037, -0.850102825973786, 0.2014854427555386, -0.6640556325631923, 0.4667603350211398, -0.18311227969597055, 0.05581764683584067, 0.875143167901884, 0.043392244889916, -0.7836132342255386, -0.6835531856304011, 0.09040530340642561, 0.04880816013694678, 0.2752204882519873, -0.1970091128194542, 0.2996102180386846, -0.20619999419653467, 0.24783222709644614, 0.5348099341802477, -0.6420521799177383, -0.24884846282491524, 0.005066118653868745, 0.3733341598326916, -0.4926407026772337, 0.10948172588511706, 0.24986168812819542, 0.7910023321122921, -0.27429282313374714, 0.2751141460374733, -0.6171071957620733, -0.004411770765388567, -0.6351091908575863, 0.8367660782795254, -0.13635585731754474, 0.6603762041966925, -0.16644739064327485, 0.8093351774867339, -0.19034956537818792, -0.33765099381775454, 0.14427754054549724, 0.6908872981882266, 0.7220286235061439, 0.19137623413666893, -0.8306767779591795, 0.19453321463834983, -0.5090925828337958, 0.46518689717993555, 0.7893025846334776, 0.0294679418262902, 0.20712702072041278, -0.8698643752343853, 0.08014945928561268, -0.7416264326591246, 0.22912569270066396, -0.2726993059103242, 0.5355160686614915, -0.902931727160895, -0.7803637637643119, 0.36804643024725525, 0.029307394167312983, 0.1432827432294983, 0.6874139879813108, -0.024524721700651453, 0.6202888442522898, 0.020487258589880097, 0.8534413864805024, 0.333855543079252, -0.7025463211318861, -0.27089364934848836, 0.7315498318881986, -0.29942957828896866, -0.6219484810876903, -0.0547573816684539, -0.21443765035574014, 0.23785985328818726, -0.12646741612097356, -0.47815568541100895, -0.17505557667448635, -0.16193193089539926, 0.8048437117522818, 0.9592325240809707, 0.24713767881382775, -0.8336317548582777, 0.46599743519199, 0.357370804957968, 0.6520457340504391, -0.3050973265778887, -0.8822398116837538, 0.2236436329105842, -0.751970763373456, 0.5190590583266628, 0.5888466351532844, -0.18274642650020412, 0.8875950117660911, -0.6524404124894483, 0.8851716994539605]",rhc,relu,False,False,100,[10],0.1,100,5
555,55,0.15623610001057386,1.7055232643608516,824.0,100,15,"[0.9340596780273533, 0.09446449835144466, 0.9453687199297687, 0.4296319873487293, 0.3954576491945416, -0.5678210088392472, 0.9525489095524835, -0.9875394895908203, -0.4940352752331121, -0.13041693519110842, 0.5587658435875049, -0.6046298507994938, 0.7259864711984445, 0.9668013543506255, -0.6723155171906026, 0.19466788786571843, -0.98202780466489, -0.22685743471274122, -0.9116798841370009, 0.9133059354284718, -0.1277067062404047, 0.8979546135631256, 0.5726119718701219, 0.7325785971633969, -0.6536691570081037, -0.850102825973786, 0.2014854427555386, -0.6640556325631923, 0.4667603350211398, -0.18311227969597055, 0.05581764683584067, 0.875143167901884, 0.043392244889916, -0.7836132342255386, -0.6835531856304011, 0.09040530340642561, 0.04880816013694678, 0.2752204882519873, -0.1970091128194542, 0.2996102180386846, -0.20619999419653467, 0.24783222709644614, 0.5348099341802477, -0.6420521799177383, -0.24884846282491524, 0.005066118653868745, 0.3733341598326916, -0.4926407026772337, 0.10948172588511706, 0.24986168812819542, 0.7910023321122921, -0.27429282313374714, 0.2751141460374733, -0.6171071957620733, -0.004411770765388567, -0.6351091908575863, 0.8367660782795254, -0.13635585731754474, 0.6603762041966925, -0.16644739064327485, 0.8093351774867339, -0.19034956537818792, -0.33765099381775454, 0.14427754054549724, 0.6908872981882266, 0.7220286235061439, 0.19137623413666893, -0.8306767779591795, 0.19453321463834983, -0.5090925828337958, 0.46518689717993555, 0.7893025846334776, 0.0294679418262902, 0.20712702072041278, -0.8698643752343853, 0.08014945928561268, -0.7416264326591246, 0.22912569270066396, -0.2726993059103242, 0.5355160686614915, -0.902931727160895, -0.7803637637643119, 0.36804643024725525, 0.029307394167312983, 0.1432827432294983, 0.6874139879813108, -0.024524721700651453, 0.6202888442522898, 0.020487258589880097, 0.8534413864805024, 0.333855543079252, -0.7025463211318861, -0.27089364934848836, 0.7315498318881986, -0.29942957828896866, -0.6219484810876903, -0.0547573816684539, -0.21443765035574014, 0.23785985328818726, -0.12646741612097356, -0.47815568541100895, -0.17505557667448635, -0.16193193089539926, 0.8048437117522818, 0.9592325240809707, 0.24713767881382775, -0.8336317548582777, 0.46599743519199, 0.357370804957968, 0.6520457340504391, -0.3050973265778887, -0.8822398116837538, 0.2236436329105842, -0.751970763373456, 0.5190590583266628, 0.5888466351532844, -0.18274642650020412, 0.8875950117660911, -0.6524404124894483, 0.8851716994539605]",rhc,relu,False,False,100,[10],0.1,100,5
556,56,0.15794740000274032,1.7055232643608516,825.0,100,15,"[0.9340596780273533, 0.09446449835144466, 0.9453687199297687, 0.4296319873487293, 0.3954576491945416, -0.5678210088392472, 0.9525489095524835, -0.9875394895908203, -0.4940352752331121, -0.13041693519110842, 0.5587658435875049, -0.6046298507994938, 0.7259864711984445, 0.9668013543506255, -0.6723155171906026, 0.19466788786571843, -0.98202780466489, -0.22685743471274122, -0.9116798841370009, 0.9133059354284718, -0.1277067062404047, 0.8979546135631256, 0.5726119718701219, 0.7325785971633969, -0.6536691570081037, -0.850102825973786, 0.2014854427555386, -0.6640556325631923, 0.4667603350211398, -0.18311227969597055, 0.05581764683584067, 0.875143167901884, 0.043392244889916, -0.7836132342255386, -0.6835531856304011, 0.09040530340642561, 0.04880816013694678, 0.2752204882519873, -0.1970091128194542, 0.2996102180386846, -0.20619999419653467, 0.24783222709644614, 0.5348099341802477, -0.6420521799177383, -0.24884846282491524, 0.005066118653868745, 0.3733341598326916, -0.4926407026772337, 0.10948172588511706, 0.24986168812819542, 0.7910023321122921, -0.27429282313374714, 0.2751141460374733, -0.6171071957620733, -0.004411770765388567, -0.6351091908575863, 0.8367660782795254, -0.13635585731754474, 0.6603762041966925, -0.16644739064327485, 0.8093351774867339, -0.19034956537818792, -0.33765099381775454, 0.14427754054549724, 0.6908872981882266, 0.7220286235061439, 0.19137623413666893, -0.8306767779591795, 0.19453321463834983, -0.5090925828337958, 0.46518689717993555, 0.7893025846334776, 0.0294679418262902, 0.20712702072041278, -0.8698643752343853, 0.08014945928561268, -0.7416264326591246, 0.22912569270066396, -0.2726993059103242, 0.5355160686614915, -0.902931727160895, -0.7803637637643119, 0.36804643024725525, 0.029307394167312983, 0.1432827432294983, 0.6874139879813108, -0.024524721700651453, 0.6202888442522898, 0.020487258589880097, 0.8534413864805024, 0.333855543079252, -0.7025463211318861, -0.27089364934848836, 0.7315498318881986, -0.29942957828896866, -0.6219484810876903, -0.0547573816684539, -0.21443765035574014, 0.23785985328818726, -0.12646741612097356, -0.47815568541100895, -0.17505557667448635, -0.16193193089539926, 0.8048437117522818, 0.9592325240809707, 0.24713767881382775, -0.8336317548582777, 0.46599743519199, 0.357370804957968, 0.6520457340504391, -0.3050973265778887, -0.8822398116837538, 0.2236436329105842, -0.751970763373456, 0.5190590583266628, 0.5888466351532844, -0.18274642650020412, 0.8875950117660911, -0.6524404124894483, 0.8851716994539605]",rhc,relu,False,False,100,[10],0.1,100,5
557,57,0.15946009999606758,1.7055232643608516,826.0,100,15,"[0.9340596780273533, 0.09446449835144466, 0.9453687199297687, 0.4296319873487293, 0.3954576491945416, -0.5678210088392472, 0.9525489095524835, -0.9875394895908203, -0.4940352752331121, -0.13041693519110842, 0.5587658435875049, -0.6046298507994938, 0.7259864711984445, 0.9668013543506255, -0.6723155171906026, 0.19466788786571843, -0.98202780466489, -0.22685743471274122, -0.9116798841370009, 0.9133059354284718, -0.1277067062404047, 0.8979546135631256, 0.5726119718701219, 0.7325785971633969, -0.6536691570081037, -0.850102825973786, 0.2014854427555386, -0.6640556325631923, 0.4667603350211398, -0.18311227969597055, 0.05581764683584067, 0.875143167901884, 0.043392244889916, -0.7836132342255386, -0.6835531856304011, 0.09040530340642561, 0.04880816013694678, 0.2752204882519873, -0.1970091128194542, 0.2996102180386846, -0.20619999419653467, 0.24783222709644614, 0.5348099341802477, -0.6420521799177383, -0.24884846282491524, 0.005066118653868745, 0.3733341598326916, -0.4926407026772337, 0.10948172588511706, 0.24986168812819542, 0.7910023321122921, -0.27429282313374714, 0.2751141460374733, -0.6171071957620733, -0.004411770765388567, -0.6351091908575863, 0.8367660782795254, -0.13635585731754474, 0.6603762041966925, -0.16644739064327485, 0.8093351774867339, -0.19034956537818792, -0.33765099381775454, 0.14427754054549724, 0.6908872981882266, 0.7220286235061439, 0.19137623413666893, -0.8306767779591795, 0.19453321463834983, -0.5090925828337958, 0.46518689717993555, 0.7893025846334776, 0.0294679418262902, 0.20712702072041278, -0.8698643752343853, 0.08014945928561268, -0.7416264326591246, 0.22912569270066396, -0.2726993059103242, 0.5355160686614915, -0.902931727160895, -0.7803637637643119, 0.36804643024725525, 0.029307394167312983, 0.1432827432294983, 0.6874139879813108, -0.024524721700651453, 0.6202888442522898, 0.020487258589880097, 0.8534413864805024, 0.333855543079252, -0.7025463211318861, -0.27089364934848836, 0.7315498318881986, -0.29942957828896866, -0.6219484810876903, -0.0547573816684539, -0.21443765035574014, 0.23785985328818726, -0.12646741612097356, -0.47815568541100895, -0.17505557667448635, -0.16193193089539926, 0.8048437117522818, 0.9592325240809707, 0.24713767881382775, -0.8336317548582777, 0.46599743519199, 0.357370804957968, 0.6520457340504391, -0.3050973265778887, -0.8822398116837538, 0.2236436329105842, -0.751970763373456, 0.5190590583266628, 0.5888466351532844, -0.18274642650020412, 0.8875950117660911, -0.6524404124894483, 0.8851716994539605]",rhc,relu,False,False,100,[10],0.1,100,5
558,58,0.16259170009288937,1.7055232643608516,827.0,100,15,"[0.9340596780273533, 0.09446449835144466, 0.9453687199297687, 0.4296319873487293, 0.3954576491945416, -0.5678210088392472, 0.9525489095524835, -0.9875394895908203, -0.4940352752331121, -0.13041693519110842, 0.5587658435875049, -0.6046298507994938, 0.7259864711984445, 0.9668013543506255, -0.6723155171906026, 0.19466788786571843, -0.98202780466489, -0.22685743471274122, -0.9116798841370009, 0.9133059354284718, -0.1277067062404047, 0.8979546135631256, 0.5726119718701219, 0.7325785971633969, -0.6536691570081037, -0.850102825973786, 0.2014854427555386, -0.6640556325631923, 0.4667603350211398, -0.18311227969597055, 0.05581764683584067, 0.875143167901884, 0.043392244889916, -0.7836132342255386, -0.6835531856304011, 0.09040530340642561, 0.04880816013694678, 0.2752204882519873, -0.1970091128194542, 0.2996102180386846, -0.20619999419653467, 0.24783222709644614, 0.5348099341802477, -0.6420521799177383, -0.24884846282491524, 0.005066118653868745, 0.3733341598326916, -0.4926407026772337, 0.10948172588511706, 0.24986168812819542, 0.7910023321122921, -0.27429282313374714, 0.2751141460374733, -0.6171071957620733, -0.004411770765388567, -0.6351091908575863, 0.8367660782795254, -0.13635585731754474, 0.6603762041966925, -0.16644739064327485, 0.8093351774867339, -0.19034956537818792, -0.33765099381775454, 0.14427754054549724, 0.6908872981882266, 0.7220286235061439, 0.19137623413666893, -0.8306767779591795, 0.19453321463834983, -0.5090925828337958, 0.46518689717993555, 0.7893025846334776, 0.0294679418262902, 0.20712702072041278, -0.8698643752343853, 0.08014945928561268, -0.7416264326591246, 0.22912569270066396, -0.2726993059103242, 0.5355160686614915, -0.902931727160895, -0.7803637637643119, 0.36804643024725525, 0.029307394167312983, 0.1432827432294983, 0.6874139879813108, -0.024524721700651453, 0.6202888442522898, 0.020487258589880097, 0.8534413864805024, 0.333855543079252, -0.7025463211318861, -0.27089364934848836, 0.7315498318881986, -0.29942957828896866, -0.6219484810876903, -0.0547573816684539, -0.21443765035574014, 0.23785985328818726, -0.12646741612097356, -0.47815568541100895, -0.17505557667448635, -0.16193193089539926, 0.8048437117522818, 0.9592325240809707, 0.24713767881382775, -0.8336317548582777, 0.46599743519199, 0.357370804957968, 0.6520457340504391, -0.3050973265778887, -0.8822398116837538, 0.2236436329105842, -0.751970763373456, 0.5190590583266628, 0.5888466351532844, -0.18274642650020412, 0.8875950117660911, -0.6524404124894483, 0.8851716994539605]",rhc,relu,False,False,100,[10],0.1,100,5
559,59,0.16467890003696084,1.7033522783128978,829.0,100,15,"[0.9340596780273533, 0.09446449835144466, 0.9453687199297687, 0.4296319873487293, 0.3954576491945416, -0.5678210088392472, 0.9525489095524835, -0.9875394895908203, -0.4940352752331121, -0.13041693519110842, 0.5587658435875049, -0.6046298507994938, 0.7259864711984445, 0.9668013543506255, -0.6723155171906026, 0.19466788786571843, -0.98202780466489, -0.22685743471274122, -0.9116798841370009, 0.9133059354284718, -0.1277067062404047, 0.8979546135631256, 0.5726119718701219, 0.7325785971633969, -0.6536691570081037, -0.850102825973786, 0.2014854427555386, -0.6640556325631923, 0.4667603350211398, -0.18311227969597055, 0.05581764683584067, 0.875143167901884, 0.043392244889916, -0.7836132342255386, -0.6835531856304011, 0.09040530340642561, 0.04880816013694678, 0.2752204882519873, -0.1970091128194542, 0.2996102180386846, -0.20619999419653467, 0.24783222709644614, 0.5348099341802477, -0.6420521799177383, -0.24884846282491524, 0.005066118653868745, 0.3733341598326916, -0.4926407026772337, 0.10948172588511706, 0.24986168812819542, 0.7910023321122921, -0.27429282313374714, 0.2751141460374733, -0.6171071957620733, -0.004411770765388567, -0.6351091908575863, 0.8367660782795254, -0.13635585731754474, 0.6603762041966925, -0.16644739064327485, 0.8093351774867339, -0.19034956537818792, -0.33765099381775454, 0.14427754054549724, 0.6908872981882266, 0.7220286235061439, 0.19137623413666893, -0.8306767779591795, 0.19453321463834983, -0.5090925828337958, 0.46518689717993555, 0.7893025846334776, 0.0294679418262902, 0.20712702072041278, -0.8698643752343853, 0.08014945928561268, -0.7416264326591246, 0.22912569270066396, -0.2726993059103242, 0.5355160686614915, -0.902931727160895, -0.7803637637643119, 0.36804643024725525, 0.029307394167312983, 0.1432827432294983, 0.6874139879813108, -0.024524721700651453, 0.6202888442522898, 0.020487258589880097, 0.8534413864805024, 0.333855543079252, -0.7025463211318861, -0.27089364934848836, 0.7315498318881986, -0.29942957828896866, -0.6219484810876903, -0.0547573816684539, -0.21443765035574014, 0.23785985328818726, -0.12646741612097356, -0.47815568541100895, -0.17505557667448635, -0.16193193089539926, 0.8048437117522818, 0.9592325240809707, 0.24713767881382775, -0.8336317548582777, 0.46599743519199, 0.357370804957968, 0.6520457340504391, -0.3050973265778887, -0.8822398116837538, 0.2236436329105842, -0.751970763373456, 0.5190590583266628, 0.5888466351532844, -0.18274642650020412, 0.8875950117660911, -0.6524404124894483, 0.8851716994539605]",rhc,relu,False,False,100,[10],0.1,100,5
560,60,0.16787820006720722,1.7033522783128978,830.0,100,15,"[0.9340596780273533, 0.09446449835144466, 0.9453687199297687, 0.4296319873487293, 0.3954576491945416, -0.5678210088392472, 0.9525489095524835, -0.9875394895908203, -0.4940352752331121, -0.13041693519110842, 0.5587658435875049, -0.6046298507994938, 0.7259864711984445, 0.9668013543506255, -0.6723155171906026, 0.19466788786571843, -0.98202780466489, -0.22685743471274122, -0.9116798841370009, 0.9133059354284718, -0.1277067062404047, 0.8979546135631256, 0.5726119718701219, 0.7325785971633969, -0.6536691570081037, -0.850102825973786, 0.2014854427555386, -0.6640556325631923, 0.4667603350211398, -0.18311227969597055, 0.05581764683584067, 0.875143167901884, 0.043392244889916, -0.7836132342255386, -0.6835531856304011, 0.09040530340642561, 0.04880816013694678, 0.2752204882519873, -0.1970091128194542, 0.2996102180386846, -0.20619999419653467, 0.24783222709644614, 0.5348099341802477, -0.6420521799177383, -0.24884846282491524, 0.005066118653868745, 0.3733341598326916, -0.4926407026772337, 0.10948172588511706, 0.24986168812819542, 0.7910023321122921, -0.27429282313374714, 0.2751141460374733, -0.6171071957620733, -0.004411770765388567, -0.6351091908575863, 0.8367660782795254, -0.13635585731754474, 0.6603762041966925, -0.16644739064327485, 0.8093351774867339, -0.19034956537818792, -0.33765099381775454, 0.14427754054549724, 0.6908872981882266, 0.7220286235061439, 0.19137623413666893, -0.8306767779591795, 0.19453321463834983, -0.5090925828337958, 0.46518689717993555, 0.7893025846334776, 0.0294679418262902, 0.20712702072041278, -0.8698643752343853, 0.08014945928561268, -0.7416264326591246, 0.22912569270066396, -0.2726993059103242, 0.5355160686614915, -0.902931727160895, -0.7803637637643119, 0.36804643024725525, 0.029307394167312983, 0.1432827432294983, 0.6874139879813108, -0.024524721700651453, 0.6202888442522898, 0.020487258589880097, 0.8534413864805024, 0.333855543079252, -0.7025463211318861, -0.27089364934848836, 0.7315498318881986, -0.29942957828896866, -0.6219484810876903, -0.0547573816684539, -0.21443765035574014, 0.23785985328818726, -0.12646741612097356, -0.47815568541100895, -0.17505557667448635, -0.16193193089539926, 0.8048437117522818, 0.9592325240809707, 0.24713767881382775, -0.8336317548582777, 0.46599743519199, 0.357370804957968, 0.6520457340504391, -0.3050973265778887, -0.8822398116837538, 0.2236436329105842, -0.751970763373456, 0.5190590583266628, 0.5888466351532844, -0.18274642650020412, 0.8875950117660911, -0.6524404124894483, 0.8851716994539605]",rhc,relu,False,False,100,[10],0.1,100,5
561,61,0.16964800003916025,1.696194299937392,832.0,100,15,"[0.9340596780273533, 0.09446449835144466, 0.9453687199297687, 0.4296319873487293, 0.3954576491945416, -0.5678210088392472, 0.9525489095524835, -0.9875394895908203, -0.4940352752331121, -0.13041693519110842, 0.5587658435875049, -0.6046298507994938, 0.7259864711984445, 0.9668013543506255, -0.6723155171906026, 0.19466788786571843, -0.98202780466489, -0.22685743471274122, -0.9116798841370009, 0.9133059354284718, -0.1277067062404047, 0.8979546135631256, 0.5726119718701219, 0.7325785971633969, -0.6536691570081037, -0.850102825973786, 0.2014854427555386, -0.6640556325631923, 0.4667603350211398, -0.18311227969597055, 0.05581764683584067, 0.875143167901884, 0.043392244889916, -0.7836132342255386, -0.6835531856304011, 0.09040530340642561, 0.04880816013694678, 0.2752204882519873, -0.1970091128194542, 0.2996102180386846, -0.20619999419653467, 0.24783222709644614, 0.5348099341802477, -0.6420521799177383, -0.24884846282491524, 0.005066118653868745, 0.3733341598326916, -0.4926407026772337, 0.10948172588511706, 0.24986168812819542, 0.7910023321122921, -0.27429282313374714, 0.2751141460374733, -0.6171071957620733, -0.004411770765388567, -0.6351091908575863, 0.8367660782795254, -0.13635585731754474, 0.6603762041966925, -0.16644739064327485, 0.8093351774867339, -0.19034956537818792, -0.33765099381775454, 0.14427754054549724, 0.6908872981882266, 0.7220286235061439, 0.19137623413666893, -0.8306767779591795, 0.19453321463834983, -0.5090925828337958, 0.46518689717993555, 0.7893025846334776, 0.0294679418262902, 0.20712702072041278, -0.8698643752343853, 0.08014945928561268, -0.7416264326591246, 0.22912569270066396, -0.2726993059103242, 0.5355160686614915, -0.902931727160895, -0.7803637637643119, 0.36804643024725525, 0.029307394167312983, 0.1432827432294983, 0.6874139879813108, -0.024524721700651453, 0.6202888442522898, 0.020487258589880097, 0.8534413864805024, 0.333855543079252, -0.7025463211318861, -0.27089364934848836, 0.7315498318881986, -0.29942957828896866, -0.6219484810876903, -0.0547573816684539, -0.21443765035574014, 0.23785985328818726, -0.12646741612097356, -0.47815568541100895, -0.17505557667448635, -0.16193193089539926, 0.8048437117522818, 0.9592325240809707, 0.24713767881382775, -0.8336317548582777, 0.46599743519199, 0.357370804957968, 0.6520457340504391, -0.3050973265778887, -0.8822398116837538, 0.2236436329105842, -0.751970763373456, 0.5190590583266628, 0.5888466351532844, -0.18274642650020412, 0.8875950117660911, -0.6524404124894483, 0.8851716994539605]",rhc,relu,False,False,100,[10],0.1,100,5
562,62,0.172666700091213,1.6899918290571847,834.0,100,15,"[0.9340596780273533, 0.09446449835144466, 0.9453687199297687, 0.4296319873487293, 0.3954576491945416, -0.5678210088392472, 0.9525489095524835, -0.9875394895908203, -0.4940352752331121, -0.13041693519110842, 0.5587658435875049, -0.6046298507994938, 0.7259864711984445, 0.9668013543506255, -0.6723155171906026, 0.19466788786571843, -0.98202780466489, -0.22685743471274122, -0.9116798841370009, 0.9133059354284718, -0.1277067062404047, 0.8979546135631256, 0.5726119718701219, 0.7325785971633969, -0.6536691570081037, -0.850102825973786, 0.2014854427555386, -0.6640556325631923, 0.4667603350211398, -0.18311227969597055, 0.05581764683584067, 0.875143167901884, 0.043392244889916, -0.7836132342255386, -0.6835531856304011, 0.09040530340642561, 0.04880816013694678, 0.2752204882519873, -0.1970091128194542, 0.2996102180386846, -0.20619999419653467, 0.24783222709644614, 0.5348099341802477, -0.6420521799177383, -0.24884846282491524, 0.005066118653868745, 0.3733341598326916, -0.4926407026772337, 0.10948172588511706, 0.24986168812819542, 0.7910023321122921, -0.27429282313374714, 0.2751141460374733, -0.6171071957620733, -0.004411770765388567, -0.6351091908575863, 0.8367660782795254, -0.13635585731754474, 0.6603762041966925, -0.16644739064327485, 0.8093351774867339, -0.19034956537818792, -0.33765099381775454, 0.14427754054549724, 0.6908872981882266, 0.7220286235061439, 0.19137623413666893, -0.8306767779591795, 0.19453321463834983, -0.5090925828337958, 0.46518689717993555, 0.7893025846334776, 0.0294679418262902, 0.20712702072041278, -0.8698643752343853, 0.08014945928561268, -0.7416264326591246, 0.22912569270066396, -0.2726993059103242, 0.5355160686614915, -0.902931727160895, -0.7803637637643119, 0.36804643024725525, 0.029307394167312983, 0.1432827432294983, 0.6874139879813108, -0.024524721700651453, 0.6202888442522898, 0.020487258589880097, 0.8534413864805024, 0.333855543079252, -0.7025463211318861, -0.27089364934848836, 0.7315498318881986, -0.29942957828896866, -0.6219484810876903, -0.0547573816684539, -0.21443765035574014, 0.23785985328818726, -0.12646741612097356, -0.47815568541100895, -0.17505557667448635, -0.16193193089539926, 0.8048437117522818, 0.9592325240809707, 0.24713767881382775, -0.8336317548582777, 0.46599743519199, 0.357370804957968, 0.6520457340504391, -0.3050973265778887, -0.8822398116837538, 0.2236436329105842, -0.751970763373456, 0.5190590583266628, 0.5888466351532844, -0.18274642650020412, 0.8875950117660911, -0.6524404124894483, 0.8851716994539605]",rhc,relu,False,False,100,[10],0.1,100,5
563,63,0.1759350000647828,1.683414393503308,836.0,100,15,"[0.9340596780273533, 0.09446449835144466, 0.9453687199297687, 0.4296319873487293, 0.3954576491945416, -0.5678210088392472, 0.9525489095524835, -0.9875394895908203, -0.4940352752331121, -0.13041693519110842, 0.5587658435875049, -0.6046298507994938, 0.7259864711984445, 0.9668013543506255, -0.6723155171906026, 0.19466788786571843, -0.98202780466489, -0.22685743471274122, -0.9116798841370009, 0.9133059354284718, -0.1277067062404047, 0.8979546135631256, 0.5726119718701219, 0.7325785971633969, -0.6536691570081037, -0.850102825973786, 0.2014854427555386, -0.6640556325631923, 0.4667603350211398, -0.18311227969597055, 0.05581764683584067, 0.875143167901884, 0.043392244889916, -0.7836132342255386, -0.6835531856304011, 0.09040530340642561, 0.04880816013694678, 0.2752204882519873, -0.1970091128194542, 0.2996102180386846, -0.20619999419653467, 0.24783222709644614, 0.5348099341802477, -0.6420521799177383, -0.24884846282491524, 0.005066118653868745, 0.3733341598326916, -0.4926407026772337, 0.10948172588511706, 0.24986168812819542, 0.7910023321122921, -0.27429282313374714, 0.2751141460374733, -0.6171071957620733, -0.004411770765388567, -0.6351091908575863, 0.8367660782795254, -0.13635585731754474, 0.6603762041966925, -0.16644739064327485, 0.8093351774867339, -0.19034956537818792, -0.33765099381775454, 0.14427754054549724, 0.6908872981882266, 0.7220286235061439, 0.19137623413666893, -0.8306767779591795, 0.19453321463834983, -0.5090925828337958, 0.46518689717993555, 0.7893025846334776, 0.0294679418262902, 0.20712702072041278, -0.8698643752343853, 0.08014945928561268, -0.7416264326591246, 0.22912569270066396, -0.2726993059103242, 0.5355160686614915, -0.902931727160895, -0.7803637637643119, 0.36804643024725525, 0.029307394167312983, 0.1432827432294983, 0.6874139879813108, -0.024524721700651453, 0.6202888442522898, 0.020487258589880097, 0.8534413864805024, 0.333855543079252, -0.7025463211318861, -0.27089364934848836, 0.7315498318881986, -0.29942957828896866, -0.6219484810876903, -0.0547573816684539, -0.21443765035574014, 0.23785985328818726, -0.12646741612097356, -0.47815568541100895, -0.17505557667448635, -0.16193193089539926, 0.8048437117522818, 0.9592325240809707, 0.24713767881382775, -0.8336317548582777, 0.46599743519199, 0.357370804957968, 0.6520457340504391, -0.3050973265778887, -0.8822398116837538, 0.2236436329105842, -0.751970763373456, 0.5190590583266628, 0.5888466351532844, -0.18274642650020412, 0.8875950117660911, -0.6524404124894483, 0.8851716994539605]",rhc,relu,False,False,100,[10],0.1,100,5
564,64,0.17886750004254282,1.683414393503308,837.0,100,15,"[0.9340596780273533, 0.09446449835144466, 0.9453687199297687, 0.4296319873487293, 0.3954576491945416, -0.5678210088392472, 0.9525489095524835, -0.9875394895908203, -0.4940352752331121, -0.13041693519110842, 0.5587658435875049, -0.6046298507994938, 0.7259864711984445, 0.9668013543506255, -0.6723155171906026, 0.19466788786571843, -0.98202780466489, -0.22685743471274122, -0.9116798841370009, 0.9133059354284718, -0.1277067062404047, 0.8979546135631256, 0.5726119718701219, 0.7325785971633969, -0.6536691570081037, -0.850102825973786, 0.2014854427555386, -0.6640556325631923, 0.4667603350211398, -0.18311227969597055, 0.05581764683584067, 0.875143167901884, 0.043392244889916, -0.7836132342255386, -0.6835531856304011, 0.09040530340642561, 0.04880816013694678, 0.2752204882519873, -0.1970091128194542, 0.2996102180386846, -0.20619999419653467, 0.24783222709644614, 0.5348099341802477, -0.6420521799177383, -0.24884846282491524, 0.005066118653868745, 0.3733341598326916, -0.4926407026772337, 0.10948172588511706, 0.24986168812819542, 0.7910023321122921, -0.27429282313374714, 0.2751141460374733, -0.6171071957620733, -0.004411770765388567, -0.6351091908575863, 0.8367660782795254, -0.13635585731754474, 0.6603762041966925, -0.16644739064327485, 0.8093351774867339, -0.19034956537818792, -0.33765099381775454, 0.14427754054549724, 0.6908872981882266, 0.7220286235061439, 0.19137623413666893, -0.8306767779591795, 0.19453321463834983, -0.5090925828337958, 0.46518689717993555, 0.7893025846334776, 0.0294679418262902, 0.20712702072041278, -0.8698643752343853, 0.08014945928561268, -0.7416264326591246, 0.22912569270066396, -0.2726993059103242, 0.5355160686614915, -0.902931727160895, -0.7803637637643119, 0.36804643024725525, 0.029307394167312983, 0.1432827432294983, 0.6874139879813108, -0.024524721700651453, 0.6202888442522898, 0.020487258589880097, 0.8534413864805024, 0.333855543079252, -0.7025463211318861, -0.27089364934848836, 0.7315498318881986, -0.29942957828896866, -0.6219484810876903, -0.0547573816684539, -0.21443765035574014, 0.23785985328818726, -0.12646741612097356, -0.47815568541100895, -0.17505557667448635, -0.16193193089539926, 0.8048437117522818, 0.9592325240809707, 0.24713767881382775, -0.8336317548582777, 0.46599743519199, 0.357370804957968, 0.6520457340504391, -0.3050973265778887, -0.8822398116837538, 0.2236436329105842, -0.751970763373456, 0.5190590583266628, 0.5888466351532844, -0.18274642650020412, 0.8875950117660911, -0.6524404124894483, 0.8851716994539605]",rhc,relu,False,False,100,[10],0.1,100,5
565,65,0.1803774000145495,1.683414393503308,838.0,100,15,"[0.9340596780273533, 0.09446449835144466, 0.9453687199297687, 0.4296319873487293, 0.3954576491945416, -0.5678210088392472, 0.9525489095524835, -0.9875394895908203, -0.4940352752331121, -0.13041693519110842, 0.5587658435875049, -0.6046298507994938, 0.7259864711984445, 0.9668013543506255, -0.6723155171906026, 0.19466788786571843, -0.98202780466489, -0.22685743471274122, -0.9116798841370009, 0.9133059354284718, -0.1277067062404047, 0.8979546135631256, 0.5726119718701219, 0.7325785971633969, -0.6536691570081037, -0.850102825973786, 0.2014854427555386, -0.6640556325631923, 0.4667603350211398, -0.18311227969597055, 0.05581764683584067, 0.875143167901884, 0.043392244889916, -0.7836132342255386, -0.6835531856304011, 0.09040530340642561, 0.04880816013694678, 0.2752204882519873, -0.1970091128194542, 0.2996102180386846, -0.20619999419653467, 0.24783222709644614, 0.5348099341802477, -0.6420521799177383, -0.24884846282491524, 0.005066118653868745, 0.3733341598326916, -0.4926407026772337, 0.10948172588511706, 0.24986168812819542, 0.7910023321122921, -0.27429282313374714, 0.2751141460374733, -0.6171071957620733, -0.004411770765388567, -0.6351091908575863, 0.8367660782795254, -0.13635585731754474, 0.6603762041966925, -0.16644739064327485, 0.8093351774867339, -0.19034956537818792, -0.33765099381775454, 0.14427754054549724, 0.6908872981882266, 0.7220286235061439, 0.19137623413666893, -0.8306767779591795, 0.19453321463834983, -0.5090925828337958, 0.46518689717993555, 0.7893025846334776, 0.0294679418262902, 0.20712702072041278, -0.8698643752343853, 0.08014945928561268, -0.7416264326591246, 0.22912569270066396, -0.2726993059103242, 0.5355160686614915, -0.902931727160895, -0.7803637637643119, 0.36804643024725525, 0.029307394167312983, 0.1432827432294983, 0.6874139879813108, -0.024524721700651453, 0.6202888442522898, 0.020487258589880097, 0.8534413864805024, 0.333855543079252, -0.7025463211318861, -0.27089364934848836, 0.7315498318881986, -0.29942957828896866, -0.6219484810876903, -0.0547573816684539, -0.21443765035574014, 0.23785985328818726, -0.12646741612097356, -0.47815568541100895, -0.17505557667448635, -0.16193193089539926, 0.8048437117522818, 0.9592325240809707, 0.24713767881382775, -0.8336317548582777, 0.46599743519199, 0.357370804957968, 0.6520457340504391, -0.3050973265778887, -0.8822398116837538, 0.2236436329105842, -0.751970763373456, 0.5190590583266628, 0.5888466351532844, -0.18274642650020412, 0.8875950117660911, -0.6524404124894483, 0.8851716994539605]",rhc,relu,False,False,100,[10],0.1,100,5
566,66,0.18194050004240125,1.675644503506882,840.0,100,15,"[0.9340596780273533, 0.09446449835144466, 0.9453687199297687, 0.4296319873487293, 0.3954576491945416, -0.5678210088392472, 0.9525489095524835, -0.9875394895908203, -0.4940352752331121, -0.13041693519110842, 0.5587658435875049, -0.6046298507994938, 0.7259864711984445, 0.9668013543506255, -0.6723155171906026, 0.19466788786571843, -0.98202780466489, -0.22685743471274122, -0.9116798841370009, 0.9133059354284718, -0.1277067062404047, 0.8979546135631256, 0.5726119718701219, 0.7325785971633969, -0.6536691570081037, -0.850102825973786, 0.2014854427555386, -0.6640556325631923, 0.4667603350211398, -0.18311227969597055, 0.05581764683584067, 0.875143167901884, 0.043392244889916, -0.7836132342255386, -0.6835531856304011, 0.09040530340642561, 0.04880816013694678, 0.2752204882519873, -0.1970091128194542, 0.2996102180386846, -0.20619999419653467, 0.24783222709644614, 0.5348099341802477, -0.6420521799177383, -0.24884846282491524, 0.005066118653868745, 0.3733341598326916, -0.4926407026772337, 0.10948172588511706, 0.24986168812819542, 0.7910023321122921, -0.27429282313374714, 0.2751141460374733, -0.6171071957620733, -0.004411770765388567, -0.6351091908575863, 0.8367660782795254, -0.13635585731754474, 0.6603762041966925, -0.16644739064327485, 0.8093351774867339, -0.19034956537818792, -0.33765099381775454, 0.14427754054549724, 0.6908872981882266, 0.7220286235061439, 0.19137623413666893, -0.8306767779591795, 0.19453321463834983, -0.5090925828337958, 0.46518689717993555, 0.7893025846334776, 0.0294679418262902, 0.20712702072041278, -0.8698643752343853, 0.08014945928561268, -0.7416264326591246, 0.22912569270066396, -0.2726993059103242, 0.5355160686614915, -0.902931727160895, -0.7803637637643119, 0.36804643024725525, 0.029307394167312983, 0.1432827432294983, 0.6874139879813108, -0.024524721700651453, 0.6202888442522898, 0.020487258589880097, 0.8534413864805024, 0.333855543079252, -0.7025463211318861, -0.27089364934848836, 0.7315498318881986, -0.29942957828896866, -0.6219484810876903, -0.0547573816684539, -0.21443765035574014, 0.23785985328818726, -0.12646741612097356, -0.47815568541100895, -0.17505557667448635, -0.16193193089539926, 0.8048437117522818, 0.9592325240809707, 0.24713767881382775, -0.8336317548582777, 0.46599743519199, 0.357370804957968, 0.6520457340504391, -0.3050973265778887, -0.8822398116837538, 0.2236436329105842, -0.751970763373456, 0.5190590583266628, 0.5888466351532844, -0.18274642650020412, 0.8875950117660911, -0.6524404124894483, 0.8851716994539605]",rhc,relu,False,False,100,[10],0.1,100,5
567,67,0.1847929999930784,1.675644503506882,841.0,100,15,"[0.9340596780273533, 0.09446449835144466, 0.9453687199297687, 0.4296319873487293, 0.3954576491945416, -0.5678210088392472, 0.9525489095524835, -0.9875394895908203, -0.4940352752331121, -0.13041693519110842, 0.5587658435875049, -0.6046298507994938, 0.7259864711984445, 0.9668013543506255, -0.6723155171906026, 0.19466788786571843, -0.98202780466489, -0.22685743471274122, -0.9116798841370009, 0.9133059354284718, -0.1277067062404047, 0.8979546135631256, 0.5726119718701219, 0.7325785971633969, -0.6536691570081037, -0.850102825973786, 0.2014854427555386, -0.6640556325631923, 0.4667603350211398, -0.18311227969597055, 0.05581764683584067, 0.875143167901884, 0.043392244889916, -0.7836132342255386, -0.6835531856304011, 0.09040530340642561, 0.04880816013694678, 0.2752204882519873, -0.1970091128194542, 0.2996102180386846, -0.20619999419653467, 0.24783222709644614, 0.5348099341802477, -0.6420521799177383, -0.24884846282491524, 0.005066118653868745, 0.3733341598326916, -0.4926407026772337, 0.10948172588511706, 0.24986168812819542, 0.7910023321122921, -0.27429282313374714, 0.2751141460374733, -0.6171071957620733, -0.004411770765388567, -0.6351091908575863, 0.8367660782795254, -0.13635585731754474, 0.6603762041966925, -0.16644739064327485, 0.8093351774867339, -0.19034956537818792, -0.33765099381775454, 0.14427754054549724, 0.6908872981882266, 0.7220286235061439, 0.19137623413666893, -0.8306767779591795, 0.19453321463834983, -0.5090925828337958, 0.46518689717993555, 0.7893025846334776, 0.0294679418262902, 0.20712702072041278, -0.8698643752343853, 0.08014945928561268, -0.7416264326591246, 0.22912569270066396, -0.2726993059103242, 0.5355160686614915, -0.902931727160895, -0.7803637637643119, 0.36804643024725525, 0.029307394167312983, 0.1432827432294983, 0.6874139879813108, -0.024524721700651453, 0.6202888442522898, 0.020487258589880097, 0.8534413864805024, 0.333855543079252, -0.7025463211318861, -0.27089364934848836, 0.7315498318881986, -0.29942957828896866, -0.6219484810876903, -0.0547573816684539, -0.21443765035574014, 0.23785985328818726, -0.12646741612097356, -0.47815568541100895, -0.17505557667448635, -0.16193193089539926, 0.8048437117522818, 0.9592325240809707, 0.24713767881382775, -0.8336317548582777, 0.46599743519199, 0.357370804957968, 0.6520457340504391, -0.3050973265778887, -0.8822398116837538, 0.2236436329105842, -0.751970763373456, 0.5190590583266628, 0.5888466351532844, -0.18274642650020412, 0.8875950117660911, -0.6524404124894483, 0.8851716994539605]",rhc,relu,False,False,100,[10],0.1,100,5
568,68,0.18640930007677525,1.6674200266847243,843.0,100,15,"[0.9340596780273533, 0.09446449835144466, 0.9453687199297687, 0.4296319873487293, 0.3954576491945416, -0.5678210088392472, 0.9525489095524835, -0.9875394895908203, -0.4940352752331121, -0.13041693519110842, 0.5587658435875049, -0.6046298507994938, 0.7259864711984445, 0.9668013543506255, -0.6723155171906026, 0.19466788786571843, -0.98202780466489, -0.22685743471274122, -0.9116798841370009, 0.9133059354284718, -0.1277067062404047, 0.8979546135631256, 0.5726119718701219, 0.7325785971633969, -0.6536691570081037, -0.850102825973786, 0.2014854427555386, -0.6640556325631923, 0.4667603350211398, -0.18311227969597055, 0.05581764683584067, 0.875143167901884, 0.043392244889916, -0.7836132342255386, -0.6835531856304011, 0.09040530340642561, 0.04880816013694678, 0.2752204882519873, -0.1970091128194542, 0.2996102180386846, -0.20619999419653467, 0.24783222709644614, 0.5348099341802477, -0.6420521799177383, -0.24884846282491524, 0.005066118653868745, 0.3733341598326916, -0.4926407026772337, 0.10948172588511706, 0.24986168812819542, 0.7910023321122921, -0.27429282313374714, 0.2751141460374733, -0.6171071957620733, -0.004411770765388567, -0.6351091908575863, 0.8367660782795254, -0.13635585731754474, 0.6603762041966925, -0.16644739064327485, 0.8093351774867339, -0.19034956537818792, -0.33765099381775454, 0.14427754054549724, 0.6908872981882266, 0.7220286235061439, 0.19137623413666893, -0.8306767779591795, 0.19453321463834983, -0.5090925828337958, 0.46518689717993555, 0.7893025846334776, 0.0294679418262902, 0.20712702072041278, -0.8698643752343853, 0.08014945928561268, -0.7416264326591246, 0.22912569270066396, -0.2726993059103242, 0.5355160686614915, -0.902931727160895, -0.7803637637643119, 0.36804643024725525, 0.029307394167312983, 0.1432827432294983, 0.6874139879813108, -0.024524721700651453, 0.6202888442522898, 0.020487258589880097, 0.8534413864805024, 0.333855543079252, -0.7025463211318861, -0.27089364934848836, 0.7315498318881986, -0.29942957828896866, -0.6219484810876903, -0.0547573816684539, -0.21443765035574014, 0.23785985328818726, -0.12646741612097356, -0.47815568541100895, -0.17505557667448635, -0.16193193089539926, 0.8048437117522818, 0.9592325240809707, 0.24713767881382775, -0.8336317548582777, 0.46599743519199, 0.357370804957968, 0.6520457340504391, -0.3050973265778887, -0.8822398116837538, 0.2236436329105842, -0.751970763373456, 0.5190590583266628, 0.5888466351532844, -0.18274642650020412, 0.8875950117660911, -0.6524404124894483, 0.8851716994539605]",rhc,relu,False,False,100,[10],0.1,100,5
569,69,0.18797269999049604,1.6670611656038459,845.0,100,15,"[0.9340596780273533, 0.09446449835144466, 0.9453687199297687, 0.4296319873487293, 0.3954576491945416, -0.5678210088392472, 0.9525489095524835, -0.9875394895908203, -0.4940352752331121, -0.13041693519110842, 0.5587658435875049, -0.6046298507994938, 0.7259864711984445, 0.9668013543506255, -0.6723155171906026, 0.19466788786571843, -0.98202780466489, -0.22685743471274122, -0.9116798841370009, 0.9133059354284718, -0.1277067062404047, 0.8979546135631256, 0.5726119718701219, 0.7325785971633969, -0.6536691570081037, -0.850102825973786, 0.2014854427555386, -0.6640556325631923, 0.4667603350211398, -0.18311227969597055, 0.05581764683584067, 0.875143167901884, 0.043392244889916, -0.7836132342255386, -0.6835531856304011, 0.09040530340642561, 0.04880816013694678, 0.2752204882519873, -0.1970091128194542, 0.2996102180386846, -0.20619999419653467, 0.24783222709644614, 0.5348099341802477, -0.6420521799177383, -0.24884846282491524, 0.005066118653868745, 0.3733341598326916, -0.4926407026772337, 0.10948172588511706, 0.24986168812819542, 0.7910023321122921, -0.27429282313374714, 0.2751141460374733, -0.6171071957620733, -0.004411770765388567, -0.6351091908575863, 0.8367660782795254, -0.13635585731754474, 0.6603762041966925, -0.16644739064327485, 0.8093351774867339, -0.19034956537818792, -0.33765099381775454, 0.14427754054549724, 0.6908872981882266, 0.7220286235061439, 0.19137623413666893, -0.8306767779591795, 0.19453321463834983, -0.5090925828337958, 0.46518689717993555, 0.7893025846334776, 0.0294679418262902, 0.20712702072041278, -0.8698643752343853, 0.08014945928561268, -0.7416264326591246, 0.22912569270066396, -0.2726993059103242, 0.5355160686614915, -0.902931727160895, -0.7803637637643119, 0.36804643024725525, 0.029307394167312983, 0.1432827432294983, 0.6874139879813108, -0.024524721700651453, 0.6202888442522898, 0.020487258589880097, 0.8534413864805024, 0.333855543079252, -0.7025463211318861, -0.27089364934848836, 0.7315498318881986, -0.29942957828896866, -0.6219484810876903, -0.0547573816684539, -0.21443765035574014, 0.23785985328818726, -0.12646741612097356, -0.47815568541100895, -0.17505557667448635, -0.16193193089539926, 0.8048437117522818, 0.9592325240809707, 0.24713767881382775, -0.8336317548582777, 0.46599743519199, 0.357370804957968, 0.6520457340504391, -0.3050973265778887, -0.8822398116837538, 0.2236436329105842, -0.751970763373456, 0.5190590583266628, 0.5888466351532844, -0.18274642650020412, 0.8875950117660911, -0.6524404124894483, 0.8851716994539605]",rhc,relu,False,False,100,[10],0.1,100,5
570,70,0.1908457000972703,1.6645455411411143,847.0,100,15,"[0.9340596780273533, 0.09446449835144466, 0.9453687199297687, 0.4296319873487293, 0.3954576491945416, -0.5678210088392472, 0.9525489095524835, -0.9875394895908203, -0.4940352752331121, -0.13041693519110842, 0.5587658435875049, -0.6046298507994938, 0.7259864711984445, 0.9668013543506255, -0.6723155171906026, 0.19466788786571843, -0.98202780466489, -0.22685743471274122, -0.9116798841370009, 0.9133059354284718, -0.1277067062404047, 0.8979546135631256, 0.5726119718701219, 0.7325785971633969, -0.6536691570081037, -0.850102825973786, 0.2014854427555386, -0.6640556325631923, 0.4667603350211398, -0.18311227969597055, 0.05581764683584067, 0.875143167901884, 0.043392244889916, -0.7836132342255386, -0.6835531856304011, 0.09040530340642561, 0.04880816013694678, 0.2752204882519873, -0.1970091128194542, 0.2996102180386846, -0.20619999419653467, 0.24783222709644614, 0.5348099341802477, -0.6420521799177383, -0.24884846282491524, 0.005066118653868745, 0.3733341598326916, -0.4926407026772337, 0.10948172588511706, 0.24986168812819542, 0.7910023321122921, -0.27429282313374714, 0.2751141460374733, -0.6171071957620733, -0.004411770765388567, -0.6351091908575863, 0.8367660782795254, -0.13635585731754474, 0.6603762041966925, -0.16644739064327485, 0.8093351774867339, -0.19034956537818792, -0.33765099381775454, 0.14427754054549724, 0.6908872981882266, 0.7220286235061439, 0.19137623413666893, -0.8306767779591795, 0.19453321463834983, -0.5090925828337958, 0.46518689717993555, 0.7893025846334776, 0.0294679418262902, 0.20712702072041278, -0.8698643752343853, 0.08014945928561268, -0.7416264326591246, 0.22912569270066396, -0.2726993059103242, 0.5355160686614915, -0.902931727160895, -0.7803637637643119, 0.36804643024725525, 0.029307394167312983, 0.1432827432294983, 0.6874139879813108, -0.024524721700651453, 0.6202888442522898, 0.020487258589880097, 0.8534413864805024, 0.333855543079252, -0.7025463211318861, -0.27089364934848836, 0.7315498318881986, -0.29942957828896866, -0.6219484810876903, -0.0547573816684539, -0.21443765035574014, 0.23785985328818726, -0.12646741612097356, -0.47815568541100895, -0.17505557667448635, -0.16193193089539926, 0.8048437117522818, 0.9592325240809707, 0.24713767881382775, -0.8336317548582777, 0.46599743519199, 0.357370804957968, 0.6520457340504391, -0.3050973265778887, -0.8822398116837538, 0.2236436329105842, -0.751970763373456, 0.5190590583266628, 0.5888466351532844, -0.18274642650020412, 0.8875950117660911, -0.6524404124894483, 0.8851716994539605]",rhc,relu,False,False,100,[10],0.1,100,5
571,71,0.1941902000689879,1.6638320934760014,849.0,100,15,"[0.9340596780273533, 0.09446449835144466, 0.9453687199297687, 0.4296319873487293, 0.3954576491945416, -0.5678210088392472, 0.9525489095524835, -0.9875394895908203, -0.4940352752331121, -0.13041693519110842, 0.5587658435875049, -0.6046298507994938, 0.7259864711984445, 0.9668013543506255, -0.6723155171906026, 0.19466788786571843, -0.98202780466489, -0.22685743471274122, -0.9116798841370009, 0.9133059354284718, -0.1277067062404047, 0.8979546135631256, 0.5726119718701219, 0.7325785971633969, -0.6536691570081037, -0.850102825973786, 0.2014854427555386, -0.6640556325631923, 0.4667603350211398, -0.18311227969597055, 0.05581764683584067, 0.875143167901884, 0.043392244889916, -0.7836132342255386, -0.6835531856304011, 0.09040530340642561, 0.04880816013694678, 0.2752204882519873, -0.1970091128194542, 0.2996102180386846, -0.20619999419653467, 0.24783222709644614, 0.5348099341802477, -0.6420521799177383, -0.24884846282491524, 0.005066118653868745, 0.3733341598326916, -0.4926407026772337, 0.10948172588511706, 0.24986168812819542, 0.7910023321122921, -0.27429282313374714, 0.2751141460374733, -0.6171071957620733, -0.004411770765388567, -0.6351091908575863, 0.8367660782795254, -0.13635585731754474, 0.6603762041966925, -0.16644739064327485, 0.8093351774867339, -0.19034956537818792, -0.33765099381775454, 0.14427754054549724, 0.6908872981882266, 0.7220286235061439, 0.19137623413666893, -0.8306767779591795, 0.19453321463834983, -0.5090925828337958, 0.46518689717993555, 0.7893025846334776, 0.0294679418262902, 0.20712702072041278, -0.8698643752343853, 0.08014945928561268, -0.7416264326591246, 0.22912569270066396, -0.2726993059103242, 0.5355160686614915, -0.902931727160895, -0.7803637637643119, 0.36804643024725525, 0.029307394167312983, 0.1432827432294983, 0.6874139879813108, -0.024524721700651453, 0.6202888442522898, 0.020487258589880097, 0.8534413864805024, 0.333855543079252, -0.7025463211318861, -0.27089364934848836, 0.7315498318881986, -0.29942957828896866, -0.6219484810876903, -0.0547573816684539, -0.21443765035574014, 0.23785985328818726, -0.12646741612097356, -0.47815568541100895, -0.17505557667448635, -0.16193193089539926, 0.8048437117522818, 0.9592325240809707, 0.24713767881382775, -0.8336317548582777, 0.46599743519199, 0.357370804957968, 0.6520457340504391, -0.3050973265778887, -0.8822398116837538, 0.2236436329105842, -0.751970763373456, 0.5190590583266628, 0.5888466351532844, -0.18274642650020412, 0.8875950117660911, -0.6524404124894483, 0.8851716994539605]",rhc,relu,False,False,100,[10],0.1,100,5
572,72,0.19706690008752048,1.6629307992972844,851.0,100,15,"[0.9340596780273533, 0.09446449835144466, 0.9453687199297687, 0.4296319873487293, 0.3954576491945416, -0.5678210088392472, 0.9525489095524835, -0.9875394895908203, -0.4940352752331121, -0.13041693519110842, 0.5587658435875049, -0.6046298507994938, 0.7259864711984445, 0.9668013543506255, -0.6723155171906026, 0.19466788786571843, -0.98202780466489, -0.22685743471274122, -0.9116798841370009, 0.9133059354284718, -0.1277067062404047, 0.8979546135631256, 0.5726119718701219, 0.7325785971633969, -0.6536691570081037, -0.850102825973786, 0.2014854427555386, -0.6640556325631923, 0.4667603350211398, -0.18311227969597055, 0.05581764683584067, 0.875143167901884, 0.043392244889916, -0.7836132342255386, -0.6835531856304011, 0.09040530340642561, 0.04880816013694678, 0.2752204882519873, -0.1970091128194542, 0.2996102180386846, -0.20619999419653467, 0.24783222709644614, 0.5348099341802477, -0.6420521799177383, -0.24884846282491524, 0.005066118653868745, 0.3733341598326916, -0.4926407026772337, 0.10948172588511706, 0.24986168812819542, 0.7910023321122921, -0.27429282313374714, 0.2751141460374733, -0.6171071957620733, -0.004411770765388567, -0.6351091908575863, 0.8367660782795254, -0.13635585731754474, 0.6603762041966925, -0.16644739064327485, 0.8093351774867339, -0.19034956537818792, -0.33765099381775454, 0.14427754054549724, 0.6908872981882266, 0.7220286235061439, 0.19137623413666893, -0.8306767779591795, 0.19453321463834983, -0.5090925828337958, 0.46518689717993555, 0.7893025846334776, 0.0294679418262902, 0.20712702072041278, -0.8698643752343853, 0.08014945928561268, -0.7416264326591246, 0.22912569270066396, -0.2726993059103242, 0.5355160686614915, -0.902931727160895, -0.7803637637643119, 0.36804643024725525, 0.029307394167312983, 0.1432827432294983, 0.6874139879813108, -0.024524721700651453, 0.6202888442522898, 0.020487258589880097, 0.8534413864805024, 0.333855543079252, -0.7025463211318861, -0.27089364934848836, 0.7315498318881986, -0.29942957828896866, -0.6219484810876903, -0.0547573816684539, -0.21443765035574014, 0.23785985328818726, -0.12646741612097356, -0.47815568541100895, -0.17505557667448635, -0.16193193089539926, 0.8048437117522818, 0.9592325240809707, 0.24713767881382775, -0.8336317548582777, 0.46599743519199, 0.357370804957968, 0.6520457340504391, -0.3050973265778887, -0.8822398116837538, 0.2236436329105842, -0.751970763373456, 0.5190590583266628, 0.5888466351532844, -0.18274642650020412, 0.8875950117660911, -0.6524404124894483, 0.8851716994539605]",rhc,relu,False,False,100,[10],0.1,100,5
573,73,0.19875830004457384,1.6571878017246464,853.0,100,15,"[0.9340596780273533, 0.09446449835144466, 0.9453687199297687, 0.4296319873487293, 0.3954576491945416, -0.5678210088392472, 0.9525489095524835, -0.9875394895908203, -0.4940352752331121, -0.13041693519110842, 0.5587658435875049, -0.6046298507994938, 0.7259864711984445, 0.9668013543506255, -0.6723155171906026, 0.19466788786571843, -0.98202780466489, -0.22685743471274122, -0.9116798841370009, 0.9133059354284718, -0.1277067062404047, 0.8979546135631256, 0.5726119718701219, 0.7325785971633969, -0.6536691570081037, -0.850102825973786, 0.2014854427555386, -0.6640556325631923, 0.4667603350211398, -0.18311227969597055, 0.05581764683584067, 0.875143167901884, 0.043392244889916, -0.7836132342255386, -0.6835531856304011, 0.09040530340642561, 0.04880816013694678, 0.2752204882519873, -0.1970091128194542, 0.2996102180386846, -0.20619999419653467, 0.24783222709644614, 0.5348099341802477, -0.6420521799177383, -0.24884846282491524, 0.005066118653868745, 0.3733341598326916, -0.4926407026772337, 0.10948172588511706, 0.24986168812819542, 0.7910023321122921, -0.27429282313374714, 0.2751141460374733, -0.6171071957620733, -0.004411770765388567, -0.6351091908575863, 0.8367660782795254, -0.13635585731754474, 0.6603762041966925, -0.16644739064327485, 0.8093351774867339, -0.19034956537818792, -0.33765099381775454, 0.14427754054549724, 0.6908872981882266, 0.7220286235061439, 0.19137623413666893, -0.8306767779591795, 0.19453321463834983, -0.5090925828337958, 0.46518689717993555, 0.7893025846334776, 0.0294679418262902, 0.20712702072041278, -0.8698643752343853, 0.08014945928561268, -0.7416264326591246, 0.22912569270066396, -0.2726993059103242, 0.5355160686614915, -0.902931727160895, -0.7803637637643119, 0.36804643024725525, 0.029307394167312983, 0.1432827432294983, 0.6874139879813108, -0.024524721700651453, 0.6202888442522898, 0.020487258589880097, 0.8534413864805024, 0.333855543079252, -0.7025463211318861, -0.27089364934848836, 0.7315498318881986, -0.29942957828896866, -0.6219484810876903, -0.0547573816684539, -0.21443765035574014, 0.23785985328818726, -0.12646741612097356, -0.47815568541100895, -0.17505557667448635, -0.16193193089539926, 0.8048437117522818, 0.9592325240809707, 0.24713767881382775, -0.8336317548582777, 0.46599743519199, 0.357370804957968, 0.6520457340504391, -0.3050973265778887, -0.8822398116837538, 0.2236436329105842, -0.751970763373456, 0.5190590583266628, 0.5888466351532844, -0.18274642650020412, 0.8875950117660911, -0.6524404124894483, 0.8851716994539605]",rhc,relu,False,False,100,[10],0.1,100,5
574,74,0.20192090002819896,1.6571878017246464,854.0,100,15,"[0.9340596780273533, 0.09446449835144466, 0.9453687199297687, 0.4296319873487293, 0.3954576491945416, -0.5678210088392472, 0.9525489095524835, -0.9875394895908203, -0.4940352752331121, -0.13041693519110842, 0.5587658435875049, -0.6046298507994938, 0.7259864711984445, 0.9668013543506255, -0.6723155171906026, 0.19466788786571843, -0.98202780466489, -0.22685743471274122, -0.9116798841370009, 0.9133059354284718, -0.1277067062404047, 0.8979546135631256, 0.5726119718701219, 0.7325785971633969, -0.6536691570081037, -0.850102825973786, 0.2014854427555386, -0.6640556325631923, 0.4667603350211398, -0.18311227969597055, 0.05581764683584067, 0.875143167901884, 0.043392244889916, -0.7836132342255386, -0.6835531856304011, 0.09040530340642561, 0.04880816013694678, 0.2752204882519873, -0.1970091128194542, 0.2996102180386846, -0.20619999419653467, 0.24783222709644614, 0.5348099341802477, -0.6420521799177383, -0.24884846282491524, 0.005066118653868745, 0.3733341598326916, -0.4926407026772337, 0.10948172588511706, 0.24986168812819542, 0.7910023321122921, -0.27429282313374714, 0.2751141460374733, -0.6171071957620733, -0.004411770765388567, -0.6351091908575863, 0.8367660782795254, -0.13635585731754474, 0.6603762041966925, -0.16644739064327485, 0.8093351774867339, -0.19034956537818792, -0.33765099381775454, 0.14427754054549724, 0.6908872981882266, 0.7220286235061439, 0.19137623413666893, -0.8306767779591795, 0.19453321463834983, -0.5090925828337958, 0.46518689717993555, 0.7893025846334776, 0.0294679418262902, 0.20712702072041278, -0.8698643752343853, 0.08014945928561268, -0.7416264326591246, 0.22912569270066396, -0.2726993059103242, 0.5355160686614915, -0.902931727160895, -0.7803637637643119, 0.36804643024725525, 0.029307394167312983, 0.1432827432294983, 0.6874139879813108, -0.024524721700651453, 0.6202888442522898, 0.020487258589880097, 0.8534413864805024, 0.333855543079252, -0.7025463211318861, -0.27089364934848836, 0.7315498318881986, -0.29942957828896866, -0.6219484810876903, -0.0547573816684539, -0.21443765035574014, 0.23785985328818726, -0.12646741612097356, -0.47815568541100895, -0.17505557667448635, -0.16193193089539926, 0.8048437117522818, 0.9592325240809707, 0.24713767881382775, -0.8336317548582777, 0.46599743519199, 0.357370804957968, 0.6520457340504391, -0.3050973265778887, -0.8822398116837538, 0.2236436329105842, -0.751970763373456, 0.5190590583266628, 0.5888466351532844, -0.18274642650020412, 0.8875950117660911, -0.6524404124894483, 0.8851716994539605]",rhc,relu,False,False,100,[10],0.1,100,5
575,75,0.2034730000887066,1.6571878017246464,855.0,100,15,"[0.9340596780273533, 0.09446449835144466, 0.9453687199297687, 0.4296319873487293, 0.3954576491945416, -0.5678210088392472, 0.9525489095524835, -0.9875394895908203, -0.4940352752331121, -0.13041693519110842, 0.5587658435875049, -0.6046298507994938, 0.7259864711984445, 0.9668013543506255, -0.6723155171906026, 0.19466788786571843, -0.98202780466489, -0.22685743471274122, -0.9116798841370009, 0.9133059354284718, -0.1277067062404047, 0.8979546135631256, 0.5726119718701219, 0.7325785971633969, -0.6536691570081037, -0.850102825973786, 0.2014854427555386, -0.6640556325631923, 0.4667603350211398, -0.18311227969597055, 0.05581764683584067, 0.875143167901884, 0.043392244889916, -0.7836132342255386, -0.6835531856304011, 0.09040530340642561, 0.04880816013694678, 0.2752204882519873, -0.1970091128194542, 0.2996102180386846, -0.20619999419653467, 0.24783222709644614, 0.5348099341802477, -0.6420521799177383, -0.24884846282491524, 0.005066118653868745, 0.3733341598326916, -0.4926407026772337, 0.10948172588511706, 0.24986168812819542, 0.7910023321122921, -0.27429282313374714, 0.2751141460374733, -0.6171071957620733, -0.004411770765388567, -0.6351091908575863, 0.8367660782795254, -0.13635585731754474, 0.6603762041966925, -0.16644739064327485, 0.8093351774867339, -0.19034956537818792, -0.33765099381775454, 0.14427754054549724, 0.6908872981882266, 0.7220286235061439, 0.19137623413666893, -0.8306767779591795, 0.19453321463834983, -0.5090925828337958, 0.46518689717993555, 0.7893025846334776, 0.0294679418262902, 0.20712702072041278, -0.8698643752343853, 0.08014945928561268, -0.7416264326591246, 0.22912569270066396, -0.2726993059103242, 0.5355160686614915, -0.902931727160895, -0.7803637637643119, 0.36804643024725525, 0.029307394167312983, 0.1432827432294983, 0.6874139879813108, -0.024524721700651453, 0.6202888442522898, 0.020487258589880097, 0.8534413864805024, 0.333855543079252, -0.7025463211318861, -0.27089364934848836, 0.7315498318881986, -0.29942957828896866, -0.6219484810876903, -0.0547573816684539, -0.21443765035574014, 0.23785985328818726, -0.12646741612097356, -0.47815568541100895, -0.17505557667448635, -0.16193193089539926, 0.8048437117522818, 0.9592325240809707, 0.24713767881382775, -0.8336317548582777, 0.46599743519199, 0.357370804957968, 0.6520457340504391, -0.3050973265778887, -0.8822398116837538, 0.2236436329105842, -0.751970763373456, 0.5190590583266628, 0.5888466351532844, -0.18274642650020412, 0.8875950117660911, -0.6524404124894483, 0.8851716994539605]",rhc,relu,False,False,100,[10],0.1,100,5
576,76,0.2065150000853464,1.6571878017246464,856.0,100,15,"[0.9340596780273533, 0.09446449835144466, 0.9453687199297687, 0.4296319873487293, 0.3954576491945416, -0.5678210088392472, 0.9525489095524835, -0.9875394895908203, -0.4940352752331121, -0.13041693519110842, 0.5587658435875049, -0.6046298507994938, 0.7259864711984445, 0.9668013543506255, -0.6723155171906026, 0.19466788786571843, -0.98202780466489, -0.22685743471274122, -0.9116798841370009, 0.9133059354284718, -0.1277067062404047, 0.8979546135631256, 0.5726119718701219, 0.7325785971633969, -0.6536691570081037, -0.850102825973786, 0.2014854427555386, -0.6640556325631923, 0.4667603350211398, -0.18311227969597055, 0.05581764683584067, 0.875143167901884, 0.043392244889916, -0.7836132342255386, -0.6835531856304011, 0.09040530340642561, 0.04880816013694678, 0.2752204882519873, -0.1970091128194542, 0.2996102180386846, -0.20619999419653467, 0.24783222709644614, 0.5348099341802477, -0.6420521799177383, -0.24884846282491524, 0.005066118653868745, 0.3733341598326916, -0.4926407026772337, 0.10948172588511706, 0.24986168812819542, 0.7910023321122921, -0.27429282313374714, 0.2751141460374733, -0.6171071957620733, -0.004411770765388567, -0.6351091908575863, 0.8367660782795254, -0.13635585731754474, 0.6603762041966925, -0.16644739064327485, 0.8093351774867339, -0.19034956537818792, -0.33765099381775454, 0.14427754054549724, 0.6908872981882266, 0.7220286235061439, 0.19137623413666893, -0.8306767779591795, 0.19453321463834983, -0.5090925828337958, 0.46518689717993555, 0.7893025846334776, 0.0294679418262902, 0.20712702072041278, -0.8698643752343853, 0.08014945928561268, -0.7416264326591246, 0.22912569270066396, -0.2726993059103242, 0.5355160686614915, -0.902931727160895, -0.7803637637643119, 0.36804643024725525, 0.029307394167312983, 0.1432827432294983, 0.6874139879813108, -0.024524721700651453, 0.6202888442522898, 0.020487258589880097, 0.8534413864805024, 0.333855543079252, -0.7025463211318861, -0.27089364934848836, 0.7315498318881986, -0.29942957828896866, -0.6219484810876903, -0.0547573816684539, -0.21443765035574014, 0.23785985328818726, -0.12646741612097356, -0.47815568541100895, -0.17505557667448635, -0.16193193089539926, 0.8048437117522818, 0.9592325240809707, 0.24713767881382775, -0.8336317548582777, 0.46599743519199, 0.357370804957968, 0.6520457340504391, -0.3050973265778887, -0.8822398116837538, 0.2236436329105842, -0.751970763373456, 0.5190590583266628, 0.5888466351532844, -0.18274642650020412, 0.8875950117660911, -0.6524404124894483, 0.8851716994539605]",rhc,relu,False,False,100,[10],0.1,100,5
577,77,0.20961990009527653,1.6571878017246464,857.0,100,15,"[0.9340596780273533, 0.09446449835144466, 0.9453687199297687, 0.4296319873487293, 0.3954576491945416, -0.5678210088392472, 0.9525489095524835, -0.9875394895908203, -0.4940352752331121, -0.13041693519110842, 0.5587658435875049, -0.6046298507994938, 0.7259864711984445, 0.9668013543506255, -0.6723155171906026, 0.19466788786571843, -0.98202780466489, -0.22685743471274122, -0.9116798841370009, 0.9133059354284718, -0.1277067062404047, 0.8979546135631256, 0.5726119718701219, 0.7325785971633969, -0.6536691570081037, -0.850102825973786, 0.2014854427555386, -0.6640556325631923, 0.4667603350211398, -0.18311227969597055, 0.05581764683584067, 0.875143167901884, 0.043392244889916, -0.7836132342255386, -0.6835531856304011, 0.09040530340642561, 0.04880816013694678, 0.2752204882519873, -0.1970091128194542, 0.2996102180386846, -0.20619999419653467, 0.24783222709644614, 0.5348099341802477, -0.6420521799177383, -0.24884846282491524, 0.005066118653868745, 0.3733341598326916, -0.4926407026772337, 0.10948172588511706, 0.24986168812819542, 0.7910023321122921, -0.27429282313374714, 0.2751141460374733, -0.6171071957620733, -0.004411770765388567, -0.6351091908575863, 0.8367660782795254, -0.13635585731754474, 0.6603762041966925, -0.16644739064327485, 0.8093351774867339, -0.19034956537818792, -0.33765099381775454, 0.14427754054549724, 0.6908872981882266, 0.7220286235061439, 0.19137623413666893, -0.8306767779591795, 0.19453321463834983, -0.5090925828337958, 0.46518689717993555, 0.7893025846334776, 0.0294679418262902, 0.20712702072041278, -0.8698643752343853, 0.08014945928561268, -0.7416264326591246, 0.22912569270066396, -0.2726993059103242, 0.5355160686614915, -0.902931727160895, -0.7803637637643119, 0.36804643024725525, 0.029307394167312983, 0.1432827432294983, 0.6874139879813108, -0.024524721700651453, 0.6202888442522898, 0.020487258589880097, 0.8534413864805024, 0.333855543079252, -0.7025463211318861, -0.27089364934848836, 0.7315498318881986, -0.29942957828896866, -0.6219484810876903, -0.0547573816684539, -0.21443765035574014, 0.23785985328818726, -0.12646741612097356, -0.47815568541100895, -0.17505557667448635, -0.16193193089539926, 0.8048437117522818, 0.9592325240809707, 0.24713767881382775, -0.8336317548582777, 0.46599743519199, 0.357370804957968, 0.6520457340504391, -0.3050973265778887, -0.8822398116837538, 0.2236436329105842, -0.751970763373456, 0.5190590583266628, 0.5888466351532844, -0.18274642650020412, 0.8875950117660911, -0.6524404124894483, 0.8851716994539605]",rhc,relu,False,False,100,[10],0.1,100,5
578,78,0.2124417000450194,1.6493209781641405,859.0,100,15,"[0.9340596780273533, 0.09446449835144466, 0.9453687199297687, 0.4296319873487293, 0.3954576491945416, -0.5678210088392472, 0.9525489095524835, -0.9875394895908203, -0.4940352752331121, -0.13041693519110842, 0.5587658435875049, -0.6046298507994938, 0.7259864711984445, 0.9668013543506255, -0.6723155171906026, 0.19466788786571843, -0.98202780466489, -0.22685743471274122, -0.9116798841370009, 0.9133059354284718, -0.1277067062404047, 0.8979546135631256, 0.5726119718701219, 0.7325785971633969, -0.6536691570081037, -0.850102825973786, 0.2014854427555386, -0.6640556325631923, 0.4667603350211398, -0.18311227969597055, 0.05581764683584067, 0.875143167901884, 0.043392244889916, -0.7836132342255386, -0.6835531856304011, 0.09040530340642561, 0.04880816013694678, 0.2752204882519873, -0.1970091128194542, 0.2996102180386846, -0.20619999419653467, 0.24783222709644614, 0.5348099341802477, -0.6420521799177383, -0.24884846282491524, 0.005066118653868745, 0.3733341598326916, -0.4926407026772337, 0.10948172588511706, 0.24986168812819542, 0.7910023321122921, -0.27429282313374714, 0.2751141460374733, -0.6171071957620733, -0.004411770765388567, -0.6351091908575863, 0.8367660782795254, -0.13635585731754474, 0.6603762041966925, -0.16644739064327485, 0.8093351774867339, -0.19034956537818792, -0.33765099381775454, 0.14427754054549724, 0.6908872981882266, 0.7220286235061439, 0.19137623413666893, -0.8306767779591795, 0.19453321463834983, -0.5090925828337958, 0.46518689717993555, 0.7893025846334776, 0.0294679418262902, 0.20712702072041278, -0.8698643752343853, 0.08014945928561268, -0.7416264326591246, 0.22912569270066396, -0.2726993059103242, 0.5355160686614915, -0.902931727160895, -0.7803637637643119, 0.36804643024725525, 0.029307394167312983, 0.1432827432294983, 0.6874139879813108, -0.024524721700651453, 0.6202888442522898, 0.020487258589880097, 0.8534413864805024, 0.333855543079252, -0.7025463211318861, -0.27089364934848836, 0.7315498318881986, -0.29942957828896866, -0.6219484810876903, -0.0547573816684539, -0.21443765035574014, 0.23785985328818726, -0.12646741612097356, -0.47815568541100895, -0.17505557667448635, -0.16193193089539926, 0.8048437117522818, 0.9592325240809707, 0.24713767881382775, -0.8336317548582777, 0.46599743519199, 0.357370804957968, 0.6520457340504391, -0.3050973265778887, -0.8822398116837538, 0.2236436329105842, -0.751970763373456, 0.5190590583266628, 0.5888466351532844, -0.18274642650020412, 0.8875950117660911, -0.6524404124894483, 0.8851716994539605]",rhc,relu,False,False,100,[10],0.1,100,5
579,79,0.21469990001060069,1.6466303970433245,861.0,100,15,"[0.9340596780273533, 0.09446449835144466, 0.9453687199297687, 0.4296319873487293, 0.3954576491945416, -0.5678210088392472, 0.9525489095524835, -0.9875394895908203, -0.4940352752331121, -0.13041693519110842, 0.5587658435875049, -0.6046298507994938, 0.7259864711984445, 0.9668013543506255, -0.6723155171906026, 0.19466788786571843, -0.98202780466489, -0.22685743471274122, -0.9116798841370009, 0.9133059354284718, -0.1277067062404047, 0.8979546135631256, 0.5726119718701219, 0.7325785971633969, -0.6536691570081037, -0.850102825973786, 0.2014854427555386, -0.6640556325631923, 0.4667603350211398, -0.18311227969597055, 0.05581764683584067, 0.875143167901884, 0.043392244889916, -0.7836132342255386, -0.6835531856304011, 0.09040530340642561, 0.04880816013694678, 0.2752204882519873, -0.1970091128194542, 0.2996102180386846, -0.20619999419653467, 0.24783222709644614, 0.5348099341802477, -0.6420521799177383, -0.24884846282491524, 0.005066118653868745, 0.3733341598326916, -0.4926407026772337, 0.10948172588511706, 0.24986168812819542, 0.7910023321122921, -0.27429282313374714, 0.2751141460374733, -0.6171071957620733, -0.004411770765388567, -0.6351091908575863, 0.8367660782795254, -0.13635585731754474, 0.6603762041966925, -0.16644739064327485, 0.8093351774867339, -0.19034956537818792, -0.33765099381775454, 0.14427754054549724, 0.6908872981882266, 0.7220286235061439, 0.19137623413666893, -0.8306767779591795, 0.19453321463834983, -0.5090925828337958, 0.46518689717993555, 0.7893025846334776, 0.0294679418262902, 0.20712702072041278, -0.8698643752343853, 0.08014945928561268, -0.7416264326591246, 0.22912569270066396, -0.2726993059103242, 0.5355160686614915, -0.902931727160895, -0.7803637637643119, 0.36804643024725525, 0.029307394167312983, 0.1432827432294983, 0.6874139879813108, -0.024524721700651453, 0.6202888442522898, 0.020487258589880097, 0.8534413864805024, 0.333855543079252, -0.7025463211318861, -0.27089364934848836, 0.7315498318881986, -0.29942957828896866, -0.6219484810876903, -0.0547573816684539, -0.21443765035574014, 0.23785985328818726, -0.12646741612097356, -0.47815568541100895, -0.17505557667448635, -0.16193193089539926, 0.8048437117522818, 0.9592325240809707, 0.24713767881382775, -0.8336317548582777, 0.46599743519199, 0.357370804957968, 0.6520457340504391, -0.3050973265778887, -0.8822398116837538, 0.2236436329105842, -0.751970763373456, 0.5190590583266628, 0.5888466351532844, -0.18274642650020412, 0.8875950117660911, -0.6524404124894483, 0.8851716994539605]",rhc,relu,False,False,100,[10],0.1,100,5
580,80,0.21622890001162887,1.6466303970433245,862.0,100,15,"[0.9340596780273533, 0.09446449835144466, 0.9453687199297687, 0.4296319873487293, 0.3954576491945416, -0.5678210088392472, 0.9525489095524835, -0.9875394895908203, -0.4940352752331121, -0.13041693519110842, 0.5587658435875049, -0.6046298507994938, 0.7259864711984445, 0.9668013543506255, -0.6723155171906026, 0.19466788786571843, -0.98202780466489, -0.22685743471274122, -0.9116798841370009, 0.9133059354284718, -0.1277067062404047, 0.8979546135631256, 0.5726119718701219, 0.7325785971633969, -0.6536691570081037, -0.850102825973786, 0.2014854427555386, -0.6640556325631923, 0.4667603350211398, -0.18311227969597055, 0.05581764683584067, 0.875143167901884, 0.043392244889916, -0.7836132342255386, -0.6835531856304011, 0.09040530340642561, 0.04880816013694678, 0.2752204882519873, -0.1970091128194542, 0.2996102180386846, -0.20619999419653467, 0.24783222709644614, 0.5348099341802477, -0.6420521799177383, -0.24884846282491524, 0.005066118653868745, 0.3733341598326916, -0.4926407026772337, 0.10948172588511706, 0.24986168812819542, 0.7910023321122921, -0.27429282313374714, 0.2751141460374733, -0.6171071957620733, -0.004411770765388567, -0.6351091908575863, 0.8367660782795254, -0.13635585731754474, 0.6603762041966925, -0.16644739064327485, 0.8093351774867339, -0.19034956537818792, -0.33765099381775454, 0.14427754054549724, 0.6908872981882266, 0.7220286235061439, 0.19137623413666893, -0.8306767779591795, 0.19453321463834983, -0.5090925828337958, 0.46518689717993555, 0.7893025846334776, 0.0294679418262902, 0.20712702072041278, -0.8698643752343853, 0.08014945928561268, -0.7416264326591246, 0.22912569270066396, -0.2726993059103242, 0.5355160686614915, -0.902931727160895, -0.7803637637643119, 0.36804643024725525, 0.029307394167312983, 0.1432827432294983, 0.6874139879813108, -0.024524721700651453, 0.6202888442522898, 0.020487258589880097, 0.8534413864805024, 0.333855543079252, -0.7025463211318861, -0.27089364934848836, 0.7315498318881986, -0.29942957828896866, -0.6219484810876903, -0.0547573816684539, -0.21443765035574014, 0.23785985328818726, -0.12646741612097356, -0.47815568541100895, -0.17505557667448635, -0.16193193089539926, 0.8048437117522818, 0.9592325240809707, 0.24713767881382775, -0.8336317548582777, 0.46599743519199, 0.357370804957968, 0.6520457340504391, -0.3050973265778887, -0.8822398116837538, 0.2236436329105842, -0.751970763373456, 0.5190590583266628, 0.5888466351532844, -0.18274642650020412, 0.8875950117660911, -0.6524404124894483, 0.8851716994539605]",rhc,relu,False,False,100,[10],0.1,100,5
581,81,0.21764280006755143,1.6443997407702358,864.0,100,15,"[0.9340596780273533, 0.09446449835144466, 0.9453687199297687, 0.4296319873487293, 0.3954576491945416, -0.5678210088392472, 0.9525489095524835, -0.9875394895908203, -0.4940352752331121, -0.13041693519110842, 0.5587658435875049, -0.6046298507994938, 0.7259864711984445, 0.9668013543506255, -0.6723155171906026, 0.19466788786571843, -0.98202780466489, -0.22685743471274122, -0.9116798841370009, 0.9133059354284718, -0.1277067062404047, 0.8979546135631256, 0.5726119718701219, 0.7325785971633969, -0.6536691570081037, -0.850102825973786, 0.2014854427555386, -0.6640556325631923, 0.4667603350211398, -0.18311227969597055, 0.05581764683584067, 0.875143167901884, 0.043392244889916, -0.7836132342255386, -0.6835531856304011, 0.09040530340642561, 0.04880816013694678, 0.2752204882519873, -0.1970091128194542, 0.2996102180386846, -0.20619999419653467, 0.24783222709644614, 0.5348099341802477, -0.6420521799177383, -0.24884846282491524, 0.005066118653868745, 0.3733341598326916, -0.4926407026772337, 0.10948172588511706, 0.24986168812819542, 0.7910023321122921, -0.27429282313374714, 0.2751141460374733, -0.6171071957620733, -0.004411770765388567, -0.6351091908575863, 0.8367660782795254, -0.13635585731754474, 0.6603762041966925, -0.16644739064327485, 0.8093351774867339, -0.19034956537818792, -0.33765099381775454, 0.14427754054549724, 0.6908872981882266, 0.7220286235061439, 0.19137623413666893, -0.8306767779591795, 0.19453321463834983, -0.5090925828337958, 0.46518689717993555, 0.7893025846334776, 0.0294679418262902, 0.20712702072041278, -0.8698643752343853, 0.08014945928561268, -0.7416264326591246, 0.22912569270066396, -0.2726993059103242, 0.5355160686614915, -0.902931727160895, -0.7803637637643119, 0.36804643024725525, 0.029307394167312983, 0.1432827432294983, 0.6874139879813108, -0.024524721700651453, 0.6202888442522898, 0.020487258589880097, 0.8534413864805024, 0.333855543079252, -0.7025463211318861, -0.27089364934848836, 0.7315498318881986, -0.29942957828896866, -0.6219484810876903, -0.0547573816684539, -0.21443765035574014, 0.23785985328818726, -0.12646741612097356, -0.47815568541100895, -0.17505557667448635, -0.16193193089539926, 0.8048437117522818, 0.9592325240809707, 0.24713767881382775, -0.8336317548582777, 0.46599743519199, 0.357370804957968, 0.6520457340504391, -0.3050973265778887, -0.8822398116837538, 0.2236436329105842, -0.751970763373456, 0.5190590583266628, 0.5888466351532844, -0.18274642650020412, 0.8875950117660911, -0.6524404124894483, 0.8851716994539605]",rhc,relu,False,False,100,[10],0.1,100,5
582,82,0.2193455999949947,1.6443997407702358,865.0,100,15,"[0.9340596780273533, 0.09446449835144466, 0.9453687199297687, 0.4296319873487293, 0.3954576491945416, -0.5678210088392472, 0.9525489095524835, -0.9875394895908203, -0.4940352752331121, -0.13041693519110842, 0.5587658435875049, -0.6046298507994938, 0.7259864711984445, 0.9668013543506255, -0.6723155171906026, 0.19466788786571843, -0.98202780466489, -0.22685743471274122, -0.9116798841370009, 0.9133059354284718, -0.1277067062404047, 0.8979546135631256, 0.5726119718701219, 0.7325785971633969, -0.6536691570081037, -0.850102825973786, 0.2014854427555386, -0.6640556325631923, 0.4667603350211398, -0.18311227969597055, 0.05581764683584067, 0.875143167901884, 0.043392244889916, -0.7836132342255386, -0.6835531856304011, 0.09040530340642561, 0.04880816013694678, 0.2752204882519873, -0.1970091128194542, 0.2996102180386846, -0.20619999419653467, 0.24783222709644614, 0.5348099341802477, -0.6420521799177383, -0.24884846282491524, 0.005066118653868745, 0.3733341598326916, -0.4926407026772337, 0.10948172588511706, 0.24986168812819542, 0.7910023321122921, -0.27429282313374714, 0.2751141460374733, -0.6171071957620733, -0.004411770765388567, -0.6351091908575863, 0.8367660782795254, -0.13635585731754474, 0.6603762041966925, -0.16644739064327485, 0.8093351774867339, -0.19034956537818792, -0.33765099381775454, 0.14427754054549724, 0.6908872981882266, 0.7220286235061439, 0.19137623413666893, -0.8306767779591795, 0.19453321463834983, -0.5090925828337958, 0.46518689717993555, 0.7893025846334776, 0.0294679418262902, 0.20712702072041278, -0.8698643752343853, 0.08014945928561268, -0.7416264326591246, 0.22912569270066396, -0.2726993059103242, 0.5355160686614915, -0.902931727160895, -0.7803637637643119, 0.36804643024725525, 0.029307394167312983, 0.1432827432294983, 0.6874139879813108, -0.024524721700651453, 0.6202888442522898, 0.020487258589880097, 0.8534413864805024, 0.333855543079252, -0.7025463211318861, -0.27089364934848836, 0.7315498318881986, -0.29942957828896866, -0.6219484810876903, -0.0547573816684539, -0.21443765035574014, 0.23785985328818726, -0.12646741612097356, -0.47815568541100895, -0.17505557667448635, -0.16193193089539926, 0.8048437117522818, 0.9592325240809707, 0.24713767881382775, -0.8336317548582777, 0.46599743519199, 0.357370804957968, 0.6520457340504391, -0.3050973265778887, -0.8822398116837538, 0.2236436329105842, -0.751970763373456, 0.5190590583266628, 0.5888466351532844, -0.18274642650020412, 0.8875950117660911, -0.6524404124894483, 0.8851716994539605]",rhc,relu,False,False,100,[10],0.1,100,5
583,83,0.22115360002499074,1.6327843222396614,867.0,100,15,"[0.9340596780273533, 0.09446449835144466, 0.9453687199297687, 0.4296319873487293, 0.3954576491945416, -0.5678210088392472, 0.9525489095524835, -0.9875394895908203, -0.4940352752331121, -0.13041693519110842, 0.5587658435875049, -0.6046298507994938, 0.7259864711984445, 0.9668013543506255, -0.6723155171906026, 0.19466788786571843, -0.98202780466489, -0.22685743471274122, -0.9116798841370009, 0.9133059354284718, -0.1277067062404047, 0.8979546135631256, 0.5726119718701219, 0.7325785971633969, -0.6536691570081037, -0.850102825973786, 0.2014854427555386, -0.6640556325631923, 0.4667603350211398, -0.18311227969597055, 0.05581764683584067, 0.875143167901884, 0.043392244889916, -0.7836132342255386, -0.6835531856304011, 0.09040530340642561, 0.04880816013694678, 0.2752204882519873, -0.1970091128194542, 0.2996102180386846, -0.20619999419653467, 0.24783222709644614, 0.5348099341802477, -0.6420521799177383, -0.24884846282491524, 0.005066118653868745, 0.3733341598326916, -0.4926407026772337, 0.10948172588511706, 0.24986168812819542, 0.7910023321122921, -0.27429282313374714, 0.2751141460374733, -0.6171071957620733, -0.004411770765388567, -0.6351091908575863, 0.8367660782795254, -0.13635585731754474, 0.6603762041966925, -0.16644739064327485, 0.8093351774867339, -0.19034956537818792, -0.33765099381775454, 0.14427754054549724, 0.6908872981882266, 0.7220286235061439, 0.19137623413666893, -0.8306767779591795, 0.19453321463834983, -0.5090925828337958, 0.46518689717993555, 0.7893025846334776, 0.0294679418262902, 0.20712702072041278, -0.8698643752343853, 0.08014945928561268, -0.7416264326591246, 0.22912569270066396, -0.2726993059103242, 0.5355160686614915, -0.902931727160895, -0.7803637637643119, 0.36804643024725525, 0.029307394167312983, 0.1432827432294983, 0.6874139879813108, -0.024524721700651453, 0.6202888442522898, 0.020487258589880097, 0.8534413864805024, 0.333855543079252, -0.7025463211318861, -0.27089364934848836, 0.7315498318881986, -0.29942957828896866, -0.6219484810876903, -0.0547573816684539, -0.21443765035574014, 0.23785985328818726, -0.12646741612097356, -0.47815568541100895, -0.17505557667448635, -0.16193193089539926, 0.8048437117522818, 0.9592325240809707, 0.24713767881382775, -0.8336317548582777, 0.46599743519199, 0.357370804957968, 0.6520457340504391, -0.3050973265778887, -0.8822398116837538, 0.2236436329105842, -0.751970763373456, 0.5190590583266628, 0.5888466351532844, -0.18274642650020412, 0.8875950117660911, -0.6524404124894483, 0.8851716994539605]",rhc,relu,False,False,100,[10],0.1,100,5
584,84,0.22437200008425862,1.6327843222396614,868.0,100,15,"[0.9340596780273533, 0.09446449835144466, 0.9453687199297687, 0.4296319873487293, 0.3954576491945416, -0.5678210088392472, 0.9525489095524835, -0.9875394895908203, -0.4940352752331121, -0.13041693519110842, 0.5587658435875049, -0.6046298507994938, 0.7259864711984445, 0.9668013543506255, -0.6723155171906026, 0.19466788786571843, -0.98202780466489, -0.22685743471274122, -0.9116798841370009, 0.9133059354284718, -0.1277067062404047, 0.8979546135631256, 0.5726119718701219, 0.7325785971633969, -0.6536691570081037, -0.850102825973786, 0.2014854427555386, -0.6640556325631923, 0.4667603350211398, -0.18311227969597055, 0.05581764683584067, 0.875143167901884, 0.043392244889916, -0.7836132342255386, -0.6835531856304011, 0.09040530340642561, 0.04880816013694678, 0.2752204882519873, -0.1970091128194542, 0.2996102180386846, -0.20619999419653467, 0.24783222709644614, 0.5348099341802477, -0.6420521799177383, -0.24884846282491524, 0.005066118653868745, 0.3733341598326916, -0.4926407026772337, 0.10948172588511706, 0.24986168812819542, 0.7910023321122921, -0.27429282313374714, 0.2751141460374733, -0.6171071957620733, -0.004411770765388567, -0.6351091908575863, 0.8367660782795254, -0.13635585731754474, 0.6603762041966925, -0.16644739064327485, 0.8093351774867339, -0.19034956537818792, -0.33765099381775454, 0.14427754054549724, 0.6908872981882266, 0.7220286235061439, 0.19137623413666893, -0.8306767779591795, 0.19453321463834983, -0.5090925828337958, 0.46518689717993555, 0.7893025846334776, 0.0294679418262902, 0.20712702072041278, -0.8698643752343853, 0.08014945928561268, -0.7416264326591246, 0.22912569270066396, -0.2726993059103242, 0.5355160686614915, -0.902931727160895, -0.7803637637643119, 0.36804643024725525, 0.029307394167312983, 0.1432827432294983, 0.6874139879813108, -0.024524721700651453, 0.6202888442522898, 0.020487258589880097, 0.8534413864805024, 0.333855543079252, -0.7025463211318861, -0.27089364934848836, 0.7315498318881986, -0.29942957828896866, -0.6219484810876903, -0.0547573816684539, -0.21443765035574014, 0.23785985328818726, -0.12646741612097356, -0.47815568541100895, -0.17505557667448635, -0.16193193089539926, 0.8048437117522818, 0.9592325240809707, 0.24713767881382775, -0.8336317548582777, 0.46599743519199, 0.357370804957968, 0.6520457340504391, -0.3050973265778887, -0.8822398116837538, 0.2236436329105842, -0.751970763373456, 0.5190590583266628, 0.5888466351532844, -0.18274642650020412, 0.8875950117660911, -0.6524404124894483, 0.8851716994539605]",rhc,relu,False,False,100,[10],0.1,100,5
585,85,0.2259537000209093,1.6265961420075363,870.0,100,15,"[0.9340596780273533, 0.09446449835144466, 0.9453687199297687, 0.4296319873487293, 0.3954576491945416, -0.5678210088392472, 0.9525489095524835, -0.9875394895908203, -0.4940352752331121, -0.13041693519110842, 0.5587658435875049, -0.6046298507994938, 0.7259864711984445, 0.9668013543506255, -0.6723155171906026, 0.19466788786571843, -0.98202780466489, -0.22685743471274122, -0.9116798841370009, 0.9133059354284718, -0.1277067062404047, 0.8979546135631256, 0.5726119718701219, 0.7325785971633969, -0.6536691570081037, -0.850102825973786, 0.2014854427555386, -0.6640556325631923, 0.4667603350211398, -0.18311227969597055, 0.05581764683584067, 0.875143167901884, 0.043392244889916, -0.7836132342255386, -0.6835531856304011, 0.09040530340642561, 0.04880816013694678, 0.2752204882519873, -0.1970091128194542, 0.2996102180386846, -0.20619999419653467, 0.24783222709644614, 0.5348099341802477, -0.6420521799177383, -0.24884846282491524, 0.005066118653868745, 0.3733341598326916, -0.4926407026772337, 0.10948172588511706, 0.24986168812819542, 0.7910023321122921, -0.27429282313374714, 0.2751141460374733, -0.6171071957620733, -0.004411770765388567, -0.6351091908575863, 0.8367660782795254, -0.13635585731754474, 0.6603762041966925, -0.16644739064327485, 0.8093351774867339, -0.19034956537818792, -0.33765099381775454, 0.14427754054549724, 0.6908872981882266, 0.7220286235061439, 0.19137623413666893, -0.8306767779591795, 0.19453321463834983, -0.5090925828337958, 0.46518689717993555, 0.7893025846334776, 0.0294679418262902, 0.20712702072041278, -0.8698643752343853, 0.08014945928561268, -0.7416264326591246, 0.22912569270066396, -0.2726993059103242, 0.5355160686614915, -0.902931727160895, -0.7803637637643119, 0.36804643024725525, 0.029307394167312983, 0.1432827432294983, 0.6874139879813108, -0.024524721700651453, 0.6202888442522898, 0.020487258589880097, 0.8534413864805024, 0.333855543079252, -0.7025463211318861, -0.27089364934848836, 0.7315498318881986, -0.29942957828896866, -0.6219484810876903, -0.0547573816684539, -0.21443765035574014, 0.23785985328818726, -0.12646741612097356, -0.47815568541100895, -0.17505557667448635, -0.16193193089539926, 0.8048437117522818, 0.9592325240809707, 0.24713767881382775, -0.8336317548582777, 0.46599743519199, 0.357370804957968, 0.6520457340504391, -0.3050973265778887, -0.8822398116837538, 0.2236436329105842, -0.751970763373456, 0.5190590583266628, 0.5888466351532844, -0.18274642650020412, 0.8875950117660911, -0.6524404124894483, 0.8851716994539605]",rhc,relu,False,False,100,[10],0.1,100,5
586,86,0.22897670010570437,1.6265961420075363,871.0,100,15,"[0.9340596780273533, 0.09446449835144466, 0.9453687199297687, 0.4296319873487293, 0.3954576491945416, -0.5678210088392472, 0.9525489095524835, -0.9875394895908203, -0.4940352752331121, -0.13041693519110842, 0.5587658435875049, -0.6046298507994938, 0.7259864711984445, 0.9668013543506255, -0.6723155171906026, 0.19466788786571843, -0.98202780466489, -0.22685743471274122, -0.9116798841370009, 0.9133059354284718, -0.1277067062404047, 0.8979546135631256, 0.5726119718701219, 0.7325785971633969, -0.6536691570081037, -0.850102825973786, 0.2014854427555386, -0.6640556325631923, 0.4667603350211398, -0.18311227969597055, 0.05581764683584067, 0.875143167901884, 0.043392244889916, -0.7836132342255386, -0.6835531856304011, 0.09040530340642561, 0.04880816013694678, 0.2752204882519873, -0.1970091128194542, 0.2996102180386846, -0.20619999419653467, 0.24783222709644614, 0.5348099341802477, -0.6420521799177383, -0.24884846282491524, 0.005066118653868745, 0.3733341598326916, -0.4926407026772337, 0.10948172588511706, 0.24986168812819542, 0.7910023321122921, -0.27429282313374714, 0.2751141460374733, -0.6171071957620733, -0.004411770765388567, -0.6351091908575863, 0.8367660782795254, -0.13635585731754474, 0.6603762041966925, -0.16644739064327485, 0.8093351774867339, -0.19034956537818792, -0.33765099381775454, 0.14427754054549724, 0.6908872981882266, 0.7220286235061439, 0.19137623413666893, -0.8306767779591795, 0.19453321463834983, -0.5090925828337958, 0.46518689717993555, 0.7893025846334776, 0.0294679418262902, 0.20712702072041278, -0.8698643752343853, 0.08014945928561268, -0.7416264326591246, 0.22912569270066396, -0.2726993059103242, 0.5355160686614915, -0.902931727160895, -0.7803637637643119, 0.36804643024725525, 0.029307394167312983, 0.1432827432294983, 0.6874139879813108, -0.024524721700651453, 0.6202888442522898, 0.020487258589880097, 0.8534413864805024, 0.333855543079252, -0.7025463211318861, -0.27089364934848836, 0.7315498318881986, -0.29942957828896866, -0.6219484810876903, -0.0547573816684539, -0.21443765035574014, 0.23785985328818726, -0.12646741612097356, -0.47815568541100895, -0.17505557667448635, -0.16193193089539926, 0.8048437117522818, 0.9592325240809707, 0.24713767881382775, -0.8336317548582777, 0.46599743519199, 0.357370804957968, 0.6520457340504391, -0.3050973265778887, -0.8822398116837538, 0.2236436329105842, -0.751970763373456, 0.5190590583266628, 0.5888466351532844, -0.18274642650020412, 0.8875950117660911, -0.6524404124894483, 0.8851716994539605]",rhc,relu,False,False,100,[10],0.1,100,5
587,87,0.23168840003199875,1.6265961420075363,872.0,100,15,"[0.9340596780273533, 0.09446449835144466, 0.9453687199297687, 0.4296319873487293, 0.3954576491945416, -0.5678210088392472, 0.9525489095524835, -0.9875394895908203, -0.4940352752331121, -0.13041693519110842, 0.5587658435875049, -0.6046298507994938, 0.7259864711984445, 0.9668013543506255, -0.6723155171906026, 0.19466788786571843, -0.98202780466489, -0.22685743471274122, -0.9116798841370009, 0.9133059354284718, -0.1277067062404047, 0.8979546135631256, 0.5726119718701219, 0.7325785971633969, -0.6536691570081037, -0.850102825973786, 0.2014854427555386, -0.6640556325631923, 0.4667603350211398, -0.18311227969597055, 0.05581764683584067, 0.875143167901884, 0.043392244889916, -0.7836132342255386, -0.6835531856304011, 0.09040530340642561, 0.04880816013694678, 0.2752204882519873, -0.1970091128194542, 0.2996102180386846, -0.20619999419653467, 0.24783222709644614, 0.5348099341802477, -0.6420521799177383, -0.24884846282491524, 0.005066118653868745, 0.3733341598326916, -0.4926407026772337, 0.10948172588511706, 0.24986168812819542, 0.7910023321122921, -0.27429282313374714, 0.2751141460374733, -0.6171071957620733, -0.004411770765388567, -0.6351091908575863, 0.8367660782795254, -0.13635585731754474, 0.6603762041966925, -0.16644739064327485, 0.8093351774867339, -0.19034956537818792, -0.33765099381775454, 0.14427754054549724, 0.6908872981882266, 0.7220286235061439, 0.19137623413666893, -0.8306767779591795, 0.19453321463834983, -0.5090925828337958, 0.46518689717993555, 0.7893025846334776, 0.0294679418262902, 0.20712702072041278, -0.8698643752343853, 0.08014945928561268, -0.7416264326591246, 0.22912569270066396, -0.2726993059103242, 0.5355160686614915, -0.902931727160895, -0.7803637637643119, 0.36804643024725525, 0.029307394167312983, 0.1432827432294983, 0.6874139879813108, -0.024524721700651453, 0.6202888442522898, 0.020487258589880097, 0.8534413864805024, 0.333855543079252, -0.7025463211318861, -0.27089364934848836, 0.7315498318881986, -0.29942957828896866, -0.6219484810876903, -0.0547573816684539, -0.21443765035574014, 0.23785985328818726, -0.12646741612097356, -0.47815568541100895, -0.17505557667448635, -0.16193193089539926, 0.8048437117522818, 0.9592325240809707, 0.24713767881382775, -0.8336317548582777, 0.46599743519199, 0.357370804957968, 0.6520457340504391, -0.3050973265778887, -0.8822398116837538, 0.2236436329105842, -0.751970763373456, 0.5190590583266628, 0.5888466351532844, -0.18274642650020412, 0.8875950117660911, -0.6524404124894483, 0.8851716994539605]",rhc,relu,False,False,100,[10],0.1,100,5
588,88,0.23309100000187755,1.6265961420075363,873.0,100,15,"[0.9340596780273533, 0.09446449835144466, 0.9453687199297687, 0.4296319873487293, 0.3954576491945416, -0.5678210088392472, 0.9525489095524835, -0.9875394895908203, -0.4940352752331121, -0.13041693519110842, 0.5587658435875049, -0.6046298507994938, 0.7259864711984445, 0.9668013543506255, -0.6723155171906026, 0.19466788786571843, -0.98202780466489, -0.22685743471274122, -0.9116798841370009, 0.9133059354284718, -0.1277067062404047, 0.8979546135631256, 0.5726119718701219, 0.7325785971633969, -0.6536691570081037, -0.850102825973786, 0.2014854427555386, -0.6640556325631923, 0.4667603350211398, -0.18311227969597055, 0.05581764683584067, 0.875143167901884, 0.043392244889916, -0.7836132342255386, -0.6835531856304011, 0.09040530340642561, 0.04880816013694678, 0.2752204882519873, -0.1970091128194542, 0.2996102180386846, -0.20619999419653467, 0.24783222709644614, 0.5348099341802477, -0.6420521799177383, -0.24884846282491524, 0.005066118653868745, 0.3733341598326916, -0.4926407026772337, 0.10948172588511706, 0.24986168812819542, 0.7910023321122921, -0.27429282313374714, 0.2751141460374733, -0.6171071957620733, -0.004411770765388567, -0.6351091908575863, 0.8367660782795254, -0.13635585731754474, 0.6603762041966925, -0.16644739064327485, 0.8093351774867339, -0.19034956537818792, -0.33765099381775454, 0.14427754054549724, 0.6908872981882266, 0.7220286235061439, 0.19137623413666893, -0.8306767779591795, 0.19453321463834983, -0.5090925828337958, 0.46518689717993555, 0.7893025846334776, 0.0294679418262902, 0.20712702072041278, -0.8698643752343853, 0.08014945928561268, -0.7416264326591246, 0.22912569270066396, -0.2726993059103242, 0.5355160686614915, -0.902931727160895, -0.7803637637643119, 0.36804643024725525, 0.029307394167312983, 0.1432827432294983, 0.6874139879813108, -0.024524721700651453, 0.6202888442522898, 0.020487258589880097, 0.8534413864805024, 0.333855543079252, -0.7025463211318861, -0.27089364934848836, 0.7315498318881986, -0.29942957828896866, -0.6219484810876903, -0.0547573816684539, -0.21443765035574014, 0.23785985328818726, -0.12646741612097356, -0.47815568541100895, -0.17505557667448635, -0.16193193089539926, 0.8048437117522818, 0.9592325240809707, 0.24713767881382775, -0.8336317548582777, 0.46599743519199, 0.357370804957968, 0.6520457340504391, -0.3050973265778887, -0.8822398116837538, 0.2236436329105842, -0.751970763373456, 0.5190590583266628, 0.5888466351532844, -0.18274642650020412, 0.8875950117660911, -0.6524404124894483, 0.8851716994539605]",rhc,relu,False,False,100,[10],0.1,100,5
589,89,0.23613770003430545,1.581330066616669,875.0,100,15,"[0.9340596780273533, 0.09446449835144466, 0.9453687199297687, 0.4296319873487293, 0.3954576491945416, -0.5678210088392472, 0.9525489095524835, -0.9875394895908203, -0.4940352752331121, -0.13041693519110842, 0.5587658435875049, -0.6046298507994938, 0.7259864711984445, 0.9668013543506255, -0.6723155171906026, 0.19466788786571843, -0.98202780466489, -0.22685743471274122, -0.9116798841370009, 0.9133059354284718, -0.1277067062404047, 0.8979546135631256, 0.5726119718701219, 0.7325785971633969, -0.6536691570081037, -0.850102825973786, 0.2014854427555386, -0.6640556325631923, 0.4667603350211398, -0.18311227969597055, 0.05581764683584067, 0.875143167901884, 0.043392244889916, -0.7836132342255386, -0.6835531856304011, 0.09040530340642561, 0.04880816013694678, 0.2752204882519873, -0.1970091128194542, 0.2996102180386846, -0.20619999419653467, 0.24783222709644614, 0.5348099341802477, -0.6420521799177383, -0.24884846282491524, 0.005066118653868745, 0.3733341598326916, -0.4926407026772337, 0.10948172588511706, 0.24986168812819542, 0.7910023321122921, -0.27429282313374714, 0.2751141460374733, -0.6171071957620733, -0.004411770765388567, -0.6351091908575863, 0.8367660782795254, -0.13635585731754474, 0.6603762041966925, -0.16644739064327485, 0.8093351774867339, -0.19034956537818792, -0.33765099381775454, 0.14427754054549724, 0.6908872981882266, 0.7220286235061439, 0.19137623413666893, -0.8306767779591795, 0.19453321463834983, -0.5090925828337958, 0.46518689717993555, 0.7893025846334776, 0.0294679418262902, 0.20712702072041278, -0.8698643752343853, 0.08014945928561268, -0.7416264326591246, 0.22912569270066396, -0.2726993059103242, 0.5355160686614915, -0.902931727160895, -0.7803637637643119, 0.36804643024725525, 0.029307394167312983, 0.1432827432294983, 0.6874139879813108, -0.024524721700651453, 0.6202888442522898, 0.020487258589880097, 0.8534413864805024, 0.333855543079252, -0.7025463211318861, -0.27089364934848836, 0.7315498318881986, -0.29942957828896866, -0.6219484810876903, -0.0547573816684539, -0.21443765035574014, 0.23785985328818726, -0.12646741612097356, -0.47815568541100895, -0.17505557667448635, -0.16193193089539926, 0.8048437117522818, 0.9592325240809707, 0.24713767881382775, -0.8336317548582777, 0.46599743519199, 0.357370804957968, 0.6520457340504391, -0.3050973265778887, -0.8822398116837538, 0.2236436329105842, -0.751970763373456, 0.5190590583266628, 0.5888466351532844, -0.18274642650020412, 0.8875950117660911, -0.6524404124894483, 0.8851716994539605]",rhc,relu,False,False,100,[10],0.1,100,5
590,90,0.23915060004219413,1.581330066616669,876.0,100,15,"[0.9340596780273533, 0.09446449835144466, 0.9453687199297687, 0.4296319873487293, 0.3954576491945416, -0.5678210088392472, 0.9525489095524835, -0.9875394895908203, -0.4940352752331121, -0.13041693519110842, 0.5587658435875049, -0.6046298507994938, 0.7259864711984445, 0.9668013543506255, -0.6723155171906026, 0.19466788786571843, -0.98202780466489, -0.22685743471274122, -0.9116798841370009, 0.9133059354284718, -0.1277067062404047, 0.8979546135631256, 0.5726119718701219, 0.7325785971633969, -0.6536691570081037, -0.850102825973786, 0.2014854427555386, -0.6640556325631923, 0.4667603350211398, -0.18311227969597055, 0.05581764683584067, 0.875143167901884, 0.043392244889916, -0.7836132342255386, -0.6835531856304011, 0.09040530340642561, 0.04880816013694678, 0.2752204882519873, -0.1970091128194542, 0.2996102180386846, -0.20619999419653467, 0.24783222709644614, 0.5348099341802477, -0.6420521799177383, -0.24884846282491524, 0.005066118653868745, 0.3733341598326916, -0.4926407026772337, 0.10948172588511706, 0.24986168812819542, 0.7910023321122921, -0.27429282313374714, 0.2751141460374733, -0.6171071957620733, -0.004411770765388567, -0.6351091908575863, 0.8367660782795254, -0.13635585731754474, 0.6603762041966925, -0.16644739064327485, 0.8093351774867339, -0.19034956537818792, -0.33765099381775454, 0.14427754054549724, 0.6908872981882266, 0.7220286235061439, 0.19137623413666893, -0.8306767779591795, 0.19453321463834983, -0.5090925828337958, 0.46518689717993555, 0.7893025846334776, 0.0294679418262902, 0.20712702072041278, -0.8698643752343853, 0.08014945928561268, -0.7416264326591246, 0.22912569270066396, -0.2726993059103242, 0.5355160686614915, -0.902931727160895, -0.7803637637643119, 0.36804643024725525, 0.029307394167312983, 0.1432827432294983, 0.6874139879813108, -0.024524721700651453, 0.6202888442522898, 0.020487258589880097, 0.8534413864805024, 0.333855543079252, -0.7025463211318861, -0.27089364934848836, 0.7315498318881986, -0.29942957828896866, -0.6219484810876903, -0.0547573816684539, -0.21443765035574014, 0.23785985328818726, -0.12646741612097356, -0.47815568541100895, -0.17505557667448635, -0.16193193089539926, 0.8048437117522818, 0.9592325240809707, 0.24713767881382775, -0.8336317548582777, 0.46599743519199, 0.357370804957968, 0.6520457340504391, -0.3050973265778887, -0.8822398116837538, 0.2236436329105842, -0.751970763373456, 0.5190590583266628, 0.5888466351532844, -0.18274642650020412, 0.8875950117660911, -0.6524404124894483, 0.8851716994539605]",rhc,relu,False,False,100,[10],0.1,100,5
591,91,0.24208670004736632,1.581330066616669,877.0,100,15,"[0.9340596780273533, 0.09446449835144466, 0.9453687199297687, 0.4296319873487293, 0.3954576491945416, -0.5678210088392472, 0.9525489095524835, -0.9875394895908203, -0.4940352752331121, -0.13041693519110842, 0.5587658435875049, -0.6046298507994938, 0.7259864711984445, 0.9668013543506255, -0.6723155171906026, 0.19466788786571843, -0.98202780466489, -0.22685743471274122, -0.9116798841370009, 0.9133059354284718, -0.1277067062404047, 0.8979546135631256, 0.5726119718701219, 0.7325785971633969, -0.6536691570081037, -0.850102825973786, 0.2014854427555386, -0.6640556325631923, 0.4667603350211398, -0.18311227969597055, 0.05581764683584067, 0.875143167901884, 0.043392244889916, -0.7836132342255386, -0.6835531856304011, 0.09040530340642561, 0.04880816013694678, 0.2752204882519873, -0.1970091128194542, 0.2996102180386846, -0.20619999419653467, 0.24783222709644614, 0.5348099341802477, -0.6420521799177383, -0.24884846282491524, 0.005066118653868745, 0.3733341598326916, -0.4926407026772337, 0.10948172588511706, 0.24986168812819542, 0.7910023321122921, -0.27429282313374714, 0.2751141460374733, -0.6171071957620733, -0.004411770765388567, -0.6351091908575863, 0.8367660782795254, -0.13635585731754474, 0.6603762041966925, -0.16644739064327485, 0.8093351774867339, -0.19034956537818792, -0.33765099381775454, 0.14427754054549724, 0.6908872981882266, 0.7220286235061439, 0.19137623413666893, -0.8306767779591795, 0.19453321463834983, -0.5090925828337958, 0.46518689717993555, 0.7893025846334776, 0.0294679418262902, 0.20712702072041278, -0.8698643752343853, 0.08014945928561268, -0.7416264326591246, 0.22912569270066396, -0.2726993059103242, 0.5355160686614915, -0.902931727160895, -0.7803637637643119, 0.36804643024725525, 0.029307394167312983, 0.1432827432294983, 0.6874139879813108, -0.024524721700651453, 0.6202888442522898, 0.020487258589880097, 0.8534413864805024, 0.333855543079252, -0.7025463211318861, -0.27089364934848836, 0.7315498318881986, -0.29942957828896866, -0.6219484810876903, -0.0547573816684539, -0.21443765035574014, 0.23785985328818726, -0.12646741612097356, -0.47815568541100895, -0.17505557667448635, -0.16193193089539926, 0.8048437117522818, 0.9592325240809707, 0.24713767881382775, -0.8336317548582777, 0.46599743519199, 0.357370804957968, 0.6520457340504391, -0.3050973265778887, -0.8822398116837538, 0.2236436329105842, -0.751970763373456, 0.5190590583266628, 0.5888466351532844, -0.18274642650020412, 0.8875950117660911, -0.6524404124894483, 0.8851716994539605]",rhc,relu,False,False,100,[10],0.1,100,5
592,92,0.24406210007146,1.5633924338253655,879.0,100,15,"[0.9340596780273533, 0.09446449835144466, 0.9453687199297687, 0.4296319873487293, 0.3954576491945416, -0.5678210088392472, 0.9525489095524835, -0.9875394895908203, -0.4940352752331121, -0.13041693519110842, 0.5587658435875049, -0.6046298507994938, 0.7259864711984445, 0.9668013543506255, -0.6723155171906026, 0.19466788786571843, -0.98202780466489, -0.22685743471274122, -0.9116798841370009, 0.9133059354284718, -0.1277067062404047, 0.8979546135631256, 0.5726119718701219, 0.7325785971633969, -0.6536691570081037, -0.850102825973786, 0.2014854427555386, -0.6640556325631923, 0.4667603350211398, -0.18311227969597055, 0.05581764683584067, 0.875143167901884, 0.043392244889916, -0.7836132342255386, -0.6835531856304011, 0.09040530340642561, 0.04880816013694678, 0.2752204882519873, -0.1970091128194542, 0.2996102180386846, -0.20619999419653467, 0.24783222709644614, 0.5348099341802477, -0.6420521799177383, -0.24884846282491524, 0.005066118653868745, 0.3733341598326916, -0.4926407026772337, 0.10948172588511706, 0.24986168812819542, 0.7910023321122921, -0.27429282313374714, 0.2751141460374733, -0.6171071957620733, -0.004411770765388567, -0.6351091908575863, 0.8367660782795254, -0.13635585731754474, 0.6603762041966925, -0.16644739064327485, 0.8093351774867339, -0.19034956537818792, -0.33765099381775454, 0.14427754054549724, 0.6908872981882266, 0.7220286235061439, 0.19137623413666893, -0.8306767779591795, 0.19453321463834983, -0.5090925828337958, 0.46518689717993555, 0.7893025846334776, 0.0294679418262902, 0.20712702072041278, -0.8698643752343853, 0.08014945928561268, -0.7416264326591246, 0.22912569270066396, -0.2726993059103242, 0.5355160686614915, -0.902931727160895, -0.7803637637643119, 0.36804643024725525, 0.029307394167312983, 0.1432827432294983, 0.6874139879813108, -0.024524721700651453, 0.6202888442522898, 0.020487258589880097, 0.8534413864805024, 0.333855543079252, -0.7025463211318861, -0.27089364934848836, 0.7315498318881986, -0.29942957828896866, -0.6219484810876903, -0.0547573816684539, -0.21443765035574014, 0.23785985328818726, -0.12646741612097356, -0.47815568541100895, -0.17505557667448635, -0.16193193089539926, 0.8048437117522818, 0.9592325240809707, 0.24713767881382775, -0.8336317548582777, 0.46599743519199, 0.357370804957968, 0.6520457340504391, -0.3050973265778887, -0.8822398116837538, 0.2236436329105842, -0.751970763373456, 0.5190590583266628, 0.5888466351532844, -0.18274642650020412, 0.8875950117660911, -0.6524404124894483, 0.8851716994539605]",rhc,relu,False,False,100,[10],0.1,100,5
593,93,0.2456533000804484,1.5577949745392654,881.0,100,15,"[0.9340596780273533, 0.09446449835144466, 0.9453687199297687, 0.4296319873487293, 0.3954576491945416, -0.5678210088392472, 0.9525489095524835, -0.9875394895908203, -0.4940352752331121, -0.13041693519110842, 0.5587658435875049, -0.6046298507994938, 0.7259864711984445, 0.9668013543506255, -0.6723155171906026, 0.19466788786571843, -0.98202780466489, -0.22685743471274122, -0.9116798841370009, 0.9133059354284718, -0.1277067062404047, 0.8979546135631256, 0.5726119718701219, 0.7325785971633969, -0.6536691570081037, -0.850102825973786, 0.2014854427555386, -0.6640556325631923, 0.4667603350211398, -0.18311227969597055, 0.05581764683584067, 0.875143167901884, 0.043392244889916, -0.7836132342255386, -0.6835531856304011, 0.09040530340642561, 0.04880816013694678, 0.2752204882519873, -0.1970091128194542, 0.2996102180386846, -0.20619999419653467, 0.24783222709644614, 0.5348099341802477, -0.6420521799177383, -0.24884846282491524, 0.005066118653868745, 0.3733341598326916, -0.4926407026772337, 0.10948172588511706, 0.24986168812819542, 0.7910023321122921, -0.27429282313374714, 0.2751141460374733, -0.6171071957620733, -0.004411770765388567, -0.6351091908575863, 0.8367660782795254, -0.13635585731754474, 0.6603762041966925, -0.16644739064327485, 0.8093351774867339, -0.19034956537818792, -0.33765099381775454, 0.14427754054549724, 0.6908872981882266, 0.7220286235061439, 0.19137623413666893, -0.8306767779591795, 0.19453321463834983, -0.5090925828337958, 0.46518689717993555, 0.7893025846334776, 0.0294679418262902, 0.20712702072041278, -0.8698643752343853, 0.08014945928561268, -0.7416264326591246, 0.22912569270066396, -0.2726993059103242, 0.5355160686614915, -0.902931727160895, -0.7803637637643119, 0.36804643024725525, 0.029307394167312983, 0.1432827432294983, 0.6874139879813108, -0.024524721700651453, 0.6202888442522898, 0.020487258589880097, 0.8534413864805024, 0.333855543079252, -0.7025463211318861, -0.27089364934848836, 0.7315498318881986, -0.29942957828896866, -0.6219484810876903, -0.0547573816684539, -0.21443765035574014, 0.23785985328818726, -0.12646741612097356, -0.47815568541100895, -0.17505557667448635, -0.16193193089539926, 0.8048437117522818, 0.9592325240809707, 0.24713767881382775, -0.8336317548582777, 0.46599743519199, 0.357370804957968, 0.6520457340504391, -0.3050973265778887, -0.8822398116837538, 0.2236436329105842, -0.751970763373456, 0.5190590583266628, 0.5888466351532844, -0.18274642650020412, 0.8875950117660911, -0.6524404124894483, 0.8851716994539605]",rhc,relu,False,False,100,[10],0.1,100,5
594,94,0.24860799999441952,1.5577949745392654,882.0,100,15,"[0.9340596780273533, 0.09446449835144466, 0.9453687199297687, 0.4296319873487293, 0.3954576491945416, -0.5678210088392472, 0.9525489095524835, -0.9875394895908203, -0.4940352752331121, -0.13041693519110842, 0.5587658435875049, -0.6046298507994938, 0.7259864711984445, 0.9668013543506255, -0.6723155171906026, 0.19466788786571843, -0.98202780466489, -0.22685743471274122, -0.9116798841370009, 0.9133059354284718, -0.1277067062404047, 0.8979546135631256, 0.5726119718701219, 0.7325785971633969, -0.6536691570081037, -0.850102825973786, 0.2014854427555386, -0.6640556325631923, 0.4667603350211398, -0.18311227969597055, 0.05581764683584067, 0.875143167901884, 0.043392244889916, -0.7836132342255386, -0.6835531856304011, 0.09040530340642561, 0.04880816013694678, 0.2752204882519873, -0.1970091128194542, 0.2996102180386846, -0.20619999419653467, 0.24783222709644614, 0.5348099341802477, -0.6420521799177383, -0.24884846282491524, 0.005066118653868745, 0.3733341598326916, -0.4926407026772337, 0.10948172588511706, 0.24986168812819542, 0.7910023321122921, -0.27429282313374714, 0.2751141460374733, -0.6171071957620733, -0.004411770765388567, -0.6351091908575863, 0.8367660782795254, -0.13635585731754474, 0.6603762041966925, -0.16644739064327485, 0.8093351774867339, -0.19034956537818792, -0.33765099381775454, 0.14427754054549724, 0.6908872981882266, 0.7220286235061439, 0.19137623413666893, -0.8306767779591795, 0.19453321463834983, -0.5090925828337958, 0.46518689717993555, 0.7893025846334776, 0.0294679418262902, 0.20712702072041278, -0.8698643752343853, 0.08014945928561268, -0.7416264326591246, 0.22912569270066396, -0.2726993059103242, 0.5355160686614915, -0.902931727160895, -0.7803637637643119, 0.36804643024725525, 0.029307394167312983, 0.1432827432294983, 0.6874139879813108, -0.024524721700651453, 0.6202888442522898, 0.020487258589880097, 0.8534413864805024, 0.333855543079252, -0.7025463211318861, -0.27089364934848836, 0.7315498318881986, -0.29942957828896866, -0.6219484810876903, -0.0547573816684539, -0.21443765035574014, 0.23785985328818726, -0.12646741612097356, -0.47815568541100895, -0.17505557667448635, -0.16193193089539926, 0.8048437117522818, 0.9592325240809707, 0.24713767881382775, -0.8336317548582777, 0.46599743519199, 0.357370804957968, 0.6520457340504391, -0.3050973265778887, -0.8822398116837538, 0.2236436329105842, -0.751970763373456, 0.5190590583266628, 0.5888466351532844, -0.18274642650020412, 0.8875950117660911, -0.6524404124894483, 0.8851716994539605]",rhc,relu,False,False,100,[10],0.1,100,5
595,95,0.25007430010009557,1.5577949745392654,883.0,100,15,"[0.9340596780273533, 0.09446449835144466, 0.9453687199297687, 0.4296319873487293, 0.3954576491945416, -0.5678210088392472, 0.9525489095524835, -0.9875394895908203, -0.4940352752331121, -0.13041693519110842, 0.5587658435875049, -0.6046298507994938, 0.7259864711984445, 0.9668013543506255, -0.6723155171906026, 0.19466788786571843, -0.98202780466489, -0.22685743471274122, -0.9116798841370009, 0.9133059354284718, -0.1277067062404047, 0.8979546135631256, 0.5726119718701219, 0.7325785971633969, -0.6536691570081037, -0.850102825973786, 0.2014854427555386, -0.6640556325631923, 0.4667603350211398, -0.18311227969597055, 0.05581764683584067, 0.875143167901884, 0.043392244889916, -0.7836132342255386, -0.6835531856304011, 0.09040530340642561, 0.04880816013694678, 0.2752204882519873, -0.1970091128194542, 0.2996102180386846, -0.20619999419653467, 0.24783222709644614, 0.5348099341802477, -0.6420521799177383, -0.24884846282491524, 0.005066118653868745, 0.3733341598326916, -0.4926407026772337, 0.10948172588511706, 0.24986168812819542, 0.7910023321122921, -0.27429282313374714, 0.2751141460374733, -0.6171071957620733, -0.004411770765388567, -0.6351091908575863, 0.8367660782795254, -0.13635585731754474, 0.6603762041966925, -0.16644739064327485, 0.8093351774867339, -0.19034956537818792, -0.33765099381775454, 0.14427754054549724, 0.6908872981882266, 0.7220286235061439, 0.19137623413666893, -0.8306767779591795, 0.19453321463834983, -0.5090925828337958, 0.46518689717993555, 0.7893025846334776, 0.0294679418262902, 0.20712702072041278, -0.8698643752343853, 0.08014945928561268, -0.7416264326591246, 0.22912569270066396, -0.2726993059103242, 0.5355160686614915, -0.902931727160895, -0.7803637637643119, 0.36804643024725525, 0.029307394167312983, 0.1432827432294983, 0.6874139879813108, -0.024524721700651453, 0.6202888442522898, 0.020487258589880097, 0.8534413864805024, 0.333855543079252, -0.7025463211318861, -0.27089364934848836, 0.7315498318881986, -0.29942957828896866, -0.6219484810876903, -0.0547573816684539, -0.21443765035574014, 0.23785985328818726, -0.12646741612097356, -0.47815568541100895, -0.17505557667448635, -0.16193193089539926, 0.8048437117522818, 0.9592325240809707, 0.24713767881382775, -0.8336317548582777, 0.46599743519199, 0.357370804957968, 0.6520457340504391, -0.3050973265778887, -0.8822398116837538, 0.2236436329105842, -0.751970763373456, 0.5190590583266628, 0.5888466351532844, -0.18274642650020412, 0.8875950117660911, -0.6524404124894483, 0.8851716994539605]",rhc,relu,False,False,100,[10],0.1,100,5
596,96,0.253057699999772,1.5577949745392654,884.0,100,15,"[0.9340596780273533, 0.09446449835144466, 0.9453687199297687, 0.4296319873487293, 0.3954576491945416, -0.5678210088392472, 0.9525489095524835, -0.9875394895908203, -0.4940352752331121, -0.13041693519110842, 0.5587658435875049, -0.6046298507994938, 0.7259864711984445, 0.9668013543506255, -0.6723155171906026, 0.19466788786571843, -0.98202780466489, -0.22685743471274122, -0.9116798841370009, 0.9133059354284718, -0.1277067062404047, 0.8979546135631256, 0.5726119718701219, 0.7325785971633969, -0.6536691570081037, -0.850102825973786, 0.2014854427555386, -0.6640556325631923, 0.4667603350211398, -0.18311227969597055, 0.05581764683584067, 0.875143167901884, 0.043392244889916, -0.7836132342255386, -0.6835531856304011, 0.09040530340642561, 0.04880816013694678, 0.2752204882519873, -0.1970091128194542, 0.2996102180386846, -0.20619999419653467, 0.24783222709644614, 0.5348099341802477, -0.6420521799177383, -0.24884846282491524, 0.005066118653868745, 0.3733341598326916, -0.4926407026772337, 0.10948172588511706, 0.24986168812819542, 0.7910023321122921, -0.27429282313374714, 0.2751141460374733, -0.6171071957620733, -0.004411770765388567, -0.6351091908575863, 0.8367660782795254, -0.13635585731754474, 0.6603762041966925, -0.16644739064327485, 0.8093351774867339, -0.19034956537818792, -0.33765099381775454, 0.14427754054549724, 0.6908872981882266, 0.7220286235061439, 0.19137623413666893, -0.8306767779591795, 0.19453321463834983, -0.5090925828337958, 0.46518689717993555, 0.7893025846334776, 0.0294679418262902, 0.20712702072041278, -0.8698643752343853, 0.08014945928561268, -0.7416264326591246, 0.22912569270066396, -0.2726993059103242, 0.5355160686614915, -0.902931727160895, -0.7803637637643119, 0.36804643024725525, 0.029307394167312983, 0.1432827432294983, 0.6874139879813108, -0.024524721700651453, 0.6202888442522898, 0.020487258589880097, 0.8534413864805024, 0.333855543079252, -0.7025463211318861, -0.27089364934848836, 0.7315498318881986, -0.29942957828896866, -0.6219484810876903, -0.0547573816684539, -0.21443765035574014, 0.23785985328818726, -0.12646741612097356, -0.47815568541100895, -0.17505557667448635, -0.16193193089539926, 0.8048437117522818, 0.9592325240809707, 0.24713767881382775, -0.8336317548582777, 0.46599743519199, 0.357370804957968, 0.6520457340504391, -0.3050973265778887, -0.8822398116837538, 0.2236436329105842, -0.751970763373456, 0.5190590583266628, 0.5888466351532844, -0.18274642650020412, 0.8875950117660911, -0.6524404124894483, 0.8851716994539605]",rhc,relu,False,False,100,[10],0.1,100,5
597,97,0.2544917000923306,1.5555468152386802,886.0,100,15,"[0.9340596780273533, 0.09446449835144466, 0.9453687199297687, 0.4296319873487293, 0.3954576491945416, -0.5678210088392472, 0.9525489095524835, -0.9875394895908203, -0.4940352752331121, -0.13041693519110842, 0.5587658435875049, -0.6046298507994938, 0.7259864711984445, 0.9668013543506255, -0.6723155171906026, 0.19466788786571843, -0.98202780466489, -0.22685743471274122, -0.9116798841370009, 0.9133059354284718, -0.1277067062404047, 0.8979546135631256, 0.5726119718701219, 0.7325785971633969, -0.6536691570081037, -0.850102825973786, 0.2014854427555386, -0.6640556325631923, 0.4667603350211398, -0.18311227969597055, 0.05581764683584067, 0.875143167901884, 0.043392244889916, -0.7836132342255386, -0.6835531856304011, 0.09040530340642561, 0.04880816013694678, 0.2752204882519873, -0.1970091128194542, 0.2996102180386846, -0.20619999419653467, 0.24783222709644614, 0.5348099341802477, -0.6420521799177383, -0.24884846282491524, 0.005066118653868745, 0.3733341598326916, -0.4926407026772337, 0.10948172588511706, 0.24986168812819542, 0.7910023321122921, -0.27429282313374714, 0.2751141460374733, -0.6171071957620733, -0.004411770765388567, -0.6351091908575863, 0.8367660782795254, -0.13635585731754474, 0.6603762041966925, -0.16644739064327485, 0.8093351774867339, -0.19034956537818792, -0.33765099381775454, 0.14427754054549724, 0.6908872981882266, 0.7220286235061439, 0.19137623413666893, -0.8306767779591795, 0.19453321463834983, -0.5090925828337958, 0.46518689717993555, 0.7893025846334776, 0.0294679418262902, 0.20712702072041278, -0.8698643752343853, 0.08014945928561268, -0.7416264326591246, 0.22912569270066396, -0.2726993059103242, 0.5355160686614915, -0.902931727160895, -0.7803637637643119, 0.36804643024725525, 0.029307394167312983, 0.1432827432294983, 0.6874139879813108, -0.024524721700651453, 0.6202888442522898, 0.020487258589880097, 0.8534413864805024, 0.333855543079252, -0.7025463211318861, -0.27089364934848836, 0.7315498318881986, -0.29942957828896866, -0.6219484810876903, -0.0547573816684539, -0.21443765035574014, 0.23785985328818726, -0.12646741612097356, -0.47815568541100895, -0.17505557667448635, -0.16193193089539926, 0.8048437117522818, 0.9592325240809707, 0.24713767881382775, -0.8336317548582777, 0.46599743519199, 0.357370804957968, 0.6520457340504391, -0.3050973265778887, -0.8822398116837538, 0.2236436329105842, -0.751970763373456, 0.5190590583266628, 0.5888466351532844, -0.18274642650020412, 0.8875950117660911, -0.6524404124894483, 0.8851716994539605]",rhc,relu,False,False,100,[10],0.1,100,5
598,98,0.25626020005438477,1.5336681558290397,888.0,100,15,"[0.9340596780273533, 0.09446449835144466, 0.9453687199297687, 0.4296319873487293, 0.3954576491945416, -0.5678210088392472, 0.9525489095524835, -0.9875394895908203, -0.4940352752331121, -0.13041693519110842, 0.5587658435875049, -0.6046298507994938, 0.7259864711984445, 0.9668013543506255, -0.6723155171906026, 0.19466788786571843, -0.98202780466489, -0.22685743471274122, -0.9116798841370009, 0.9133059354284718, -0.1277067062404047, 0.8979546135631256, 0.5726119718701219, 0.7325785971633969, -0.6536691570081037, -0.850102825973786, 0.2014854427555386, -0.6640556325631923, 0.4667603350211398, -0.18311227969597055, 0.05581764683584067, 0.875143167901884, 0.043392244889916, -0.7836132342255386, -0.6835531856304011, 0.09040530340642561, 0.04880816013694678, 0.2752204882519873, -0.1970091128194542, 0.2996102180386846, -0.20619999419653467, 0.24783222709644614, 0.5348099341802477, -0.6420521799177383, -0.24884846282491524, 0.005066118653868745, 0.3733341598326916, -0.4926407026772337, 0.10948172588511706, 0.24986168812819542, 0.7910023321122921, -0.27429282313374714, 0.2751141460374733, -0.6171071957620733, -0.004411770765388567, -0.6351091908575863, 0.8367660782795254, -0.13635585731754474, 0.6603762041966925, -0.16644739064327485, 0.8093351774867339, -0.19034956537818792, -0.33765099381775454, 0.14427754054549724, 0.6908872981882266, 0.7220286235061439, 0.19137623413666893, -0.8306767779591795, 0.19453321463834983, -0.5090925828337958, 0.46518689717993555, 0.7893025846334776, 0.0294679418262902, 0.20712702072041278, -0.8698643752343853, 0.08014945928561268, -0.7416264326591246, 0.22912569270066396, -0.2726993059103242, 0.5355160686614915, -0.902931727160895, -0.7803637637643119, 0.36804643024725525, 0.029307394167312983, 0.1432827432294983, 0.6874139879813108, -0.024524721700651453, 0.6202888442522898, 0.020487258589880097, 0.8534413864805024, 0.333855543079252, -0.7025463211318861, -0.27089364934848836, 0.7315498318881986, -0.29942957828896866, -0.6219484810876903, -0.0547573816684539, -0.21443765035574014, 0.23785985328818726, -0.12646741612097356, -0.47815568541100895, -0.17505557667448635, -0.16193193089539926, 0.8048437117522818, 0.9592325240809707, 0.24713767881382775, -0.8336317548582777, 0.46599743519199, 0.357370804957968, 0.6520457340504391, -0.3050973265778887, -0.8822398116837538, 0.2236436329105842, -0.751970763373456, 0.5190590583266628, 0.5888466351532844, -0.18274642650020412, 0.8875950117660911, -0.6524404124894483, 0.8851716994539605]",rhc,relu,False,False,100,[10],0.1,100,5
599,99,0.2595394999952987,1.5260480199238193,890.0,100,15,"[0.9340596780273533, 0.09446449835144466, 0.9453687199297687, 0.4296319873487293, 0.3954576491945416, -0.5678210088392472, 0.9525489095524835, -0.9875394895908203, -0.4940352752331121, -0.13041693519110842, 0.5587658435875049, -0.6046298507994938, 0.7259864711984445, 0.9668013543506255, -0.6723155171906026, 0.19466788786571843, -0.98202780466489, -0.22685743471274122, -0.9116798841370009, 0.9133059354284718, -0.1277067062404047, 0.8979546135631256, 0.5726119718701219, 0.7325785971633969, -0.6536691570081037, -0.850102825973786, 0.2014854427555386, -0.6640556325631923, 0.4667603350211398, -0.18311227969597055, 0.05581764683584067, 0.875143167901884, 0.043392244889916, -0.7836132342255386, -0.6835531856304011, 0.09040530340642561, 0.04880816013694678, 0.2752204882519873, -0.1970091128194542, 0.2996102180386846, -0.20619999419653467, 0.24783222709644614, 0.5348099341802477, -0.6420521799177383, -0.24884846282491524, 0.005066118653868745, 0.3733341598326916, -0.4926407026772337, 0.10948172588511706, 0.24986168812819542, 0.7910023321122921, -0.27429282313374714, 0.2751141460374733, -0.6171071957620733, -0.004411770765388567, -0.6351091908575863, 0.8367660782795254, -0.13635585731754474, 0.6603762041966925, -0.16644739064327485, 0.8093351774867339, -0.19034956537818792, -0.33765099381775454, 0.14427754054549724, 0.6908872981882266, 0.7220286235061439, 0.19137623413666893, -0.8306767779591795, 0.19453321463834983, -0.5090925828337958, 0.46518689717993555, 0.7893025846334776, 0.0294679418262902, 0.20712702072041278, -0.8698643752343853, 0.08014945928561268, -0.7416264326591246, 0.22912569270066396, -0.2726993059103242, 0.5355160686614915, -0.902931727160895, -0.7803637637643119, 0.36804643024725525, 0.029307394167312983, 0.1432827432294983, 0.6874139879813108, -0.024524721700651453, 0.6202888442522898, 0.020487258589880097, 0.8534413864805024, 0.333855543079252, -0.7025463211318861, -0.27089364934848836, 0.7315498318881986, -0.29942957828896866, -0.6219484810876903, -0.0547573816684539, -0.21443765035574014, 0.23785985328818726, -0.12646741612097356, -0.47815568541100895, -0.17505557667448635, -0.16193193089539926, 0.8048437117522818, 0.9592325240809707, 0.24713767881382775, -0.8336317548582777, 0.46599743519199, 0.357370804957968, 0.6520457340504391, -0.3050973265778887, -0.8822398116837538, 0.2236436329105842, -0.751970763373456, 0.5190590583266628, 0.5888466351532844, -0.18274642650020412, 0.8875950117660911, -0.6524404124894483, 0.8851716994539605]",rhc,relu,False,False,100,[10],0.1,100,5
600,100,0.26120120007544756,1.5190083357481545,892.0,100,15,"[0.9340596780273533, 0.09446449835144466, 0.9453687199297687, 0.4296319873487293, 0.3954576491945416, -0.5678210088392472, 0.9525489095524835, -0.9875394895908203, -0.4940352752331121, -0.13041693519110842, 0.5587658435875049, -0.6046298507994938, 0.7259864711984445, 0.9668013543506255, -0.6723155171906026, 0.19466788786571843, -0.98202780466489, -0.22685743471274122, -0.9116798841370009, 0.9133059354284718, -0.1277067062404047, 0.8979546135631256, 0.5726119718701219, 0.7325785971633969, -0.6536691570081037, -0.850102825973786, 0.2014854427555386, -0.6640556325631923, 0.4667603350211398, -0.18311227969597055, 0.05581764683584067, 0.875143167901884, 0.043392244889916, -0.7836132342255386, -0.6835531856304011, 0.09040530340642561, 0.04880816013694678, 0.2752204882519873, -0.1970091128194542, 0.2996102180386846, -0.20619999419653467, 0.24783222709644614, 0.5348099341802477, -0.6420521799177383, -0.24884846282491524, 0.005066118653868745, 0.3733341598326916, -0.4926407026772337, 0.10948172588511706, 0.24986168812819542, 0.7910023321122921, -0.27429282313374714, 0.2751141460374733, -0.6171071957620733, -0.004411770765388567, -0.6351091908575863, 0.8367660782795254, -0.13635585731754474, 0.6603762041966925, -0.16644739064327485, 0.8093351774867339, -0.19034956537818792, -0.33765099381775454, 0.14427754054549724, 0.6908872981882266, 0.7220286235061439, 0.19137623413666893, -0.8306767779591795, 0.19453321463834983, -0.5090925828337958, 0.46518689717993555, 0.7893025846334776, 0.0294679418262902, 0.20712702072041278, -0.8698643752343853, 0.08014945928561268, -0.7416264326591246, 0.22912569270066396, -0.2726993059103242, 0.5355160686614915, -0.902931727160895, -0.7803637637643119, 0.36804643024725525, 0.029307394167312983, 0.1432827432294983, 0.6874139879813108, -0.024524721700651453, 0.6202888442522898, 0.020487258589880097, 0.8534413864805024, 0.333855543079252, -0.7025463211318861, -0.27089364934848836, 0.7315498318881986, -0.29942957828896866, -0.6219484810876903, -0.0547573816684539, -0.21443765035574014, 0.23785985328818726, -0.12646741612097356, -0.47815568541100895, -0.17505557667448635, -0.16193193089539926, 0.8048437117522818, 0.9592325240809707, 0.24713767881382775, -0.8336317548582777, 0.46599743519199, 0.357370804957968, 0.6520457340504391, -0.3050973265778887, -0.8822398116837538, 0.2236436329105842, -0.751970763373456, 0.5190590583266628, 0.5888466351532844, -0.18274642650020412, 0.8875950117660911, -0.6524404124894483, 0.8851716994539605]",rhc,relu,False,False,100,[10],0.1,100,5
601,1,0.03315600007772446,1.9099841090186194,893.0,100,15,"[0.9340596780273533, 0.09446449835144466, 0.9453687199297687, 0.4296319873487293, 0.3954576491945416, -0.5678210088392472, 0.9525489095524835, -0.9875394895908203, -0.4940352752331121, -0.13041693519110842, 0.5587658435875049, -0.6046298507994938, 0.7259864711984445, 0.9668013543506255, -0.6723155171906026, 0.19466788786571843, -0.98202780466489, -0.22685743471274122, -0.9116798841370009, 0.9133059354284718, -0.1277067062404047, 0.8979546135631256, 0.5726119718701219, 0.7325785971633969, -0.6536691570081037, -0.850102825973786, 0.2014854427555386, -0.6640556325631923, 0.4667603350211398, -0.18311227969597055, 0.05581764683584067, 0.875143167901884, 0.043392244889916, -0.7836132342255386, -0.6835531856304011, 0.09040530340642561, 0.04880816013694678, 0.2752204882519873, -0.1970091128194542, 0.2996102180386846, -0.20619999419653467, 0.24783222709644614, 0.5348099341802477, -0.6420521799177383, -0.24884846282491524, 0.005066118653868745, 0.3733341598326916, -0.4926407026772337, 0.10948172588511706, 0.24986168812819542, 0.7910023321122921, -0.27429282313374714, 0.2751141460374733, -0.6171071957620733, -0.004411770765388567, -0.6351091908575863, 0.8367660782795254, -0.13635585731754474, 0.6603762041966925, -0.16644739064327485, 0.8093351774867339, -0.19034956537818792, -0.33765099381775454, 0.14427754054549724, 0.6908872981882266, 0.7220286235061439, 0.19137623413666893, -0.8306767779591795, 0.19453321463834983, -0.5090925828337958, 0.46518689717993555, 0.7893025846334776, 0.0294679418262902, 0.20712702072041278, -0.8698643752343853, 0.08014945928561268, -0.7416264326591246, 0.22912569270066396, -0.2726993059103242, 0.5355160686614915, -0.902931727160895, -0.7803637637643119, 0.36804643024725525, 0.029307394167312983, 0.1432827432294983, 0.6874139879813108, -0.024524721700651453, 0.6202888442522898, 0.020487258589880097, 0.8534413864805024, 0.333855543079252, -0.7025463211318861, -0.27089364934848836, 0.7315498318881986, -0.29942957828896866, -0.6219484810876903, -0.0547573816684539, -0.21443765035574014, 0.23785985328818726, -0.12646741612097356, -0.47815568541100895, -0.17505557667448635, -0.16193193089539926, 0.8048437117522818, 0.9592325240809707, 0.24713767881382775, -0.8336317548582777, 0.46599743519199, 0.357370804957968, 0.6520457340504391, -0.3050973265778887, -0.8822398116837538, 0.2236436329105842, -0.751970763373456, 0.5190590583266628, 0.5888466351532844, -0.18274642650020412, 0.8875950117660911, -0.6524404124894483, 0.8851716994539605]",rhc,relu,False,False,100,[10],0.1,100,6
602,2,0.03611099999397993,1.9099841090186194,894.0,100,15,"[0.9340596780273533, 0.09446449835144466, 0.9453687199297687, 0.4296319873487293, 0.3954576491945416, -0.5678210088392472, 0.9525489095524835, -0.9875394895908203, -0.4940352752331121, -0.13041693519110842, 0.5587658435875049, -0.6046298507994938, 0.7259864711984445, 0.9668013543506255, -0.6723155171906026, 0.19466788786571843, -0.98202780466489, -0.22685743471274122, -0.9116798841370009, 0.9133059354284718, -0.1277067062404047, 0.8979546135631256, 0.5726119718701219, 0.7325785971633969, -0.6536691570081037, -0.850102825973786, 0.2014854427555386, -0.6640556325631923, 0.4667603350211398, -0.18311227969597055, 0.05581764683584067, 0.875143167901884, 0.043392244889916, -0.7836132342255386, -0.6835531856304011, 0.09040530340642561, 0.04880816013694678, 0.2752204882519873, -0.1970091128194542, 0.2996102180386846, -0.20619999419653467, 0.24783222709644614, 0.5348099341802477, -0.6420521799177383, -0.24884846282491524, 0.005066118653868745, 0.3733341598326916, -0.4926407026772337, 0.10948172588511706, 0.24986168812819542, 0.7910023321122921, -0.27429282313374714, 0.2751141460374733, -0.6171071957620733, -0.004411770765388567, -0.6351091908575863, 0.8367660782795254, -0.13635585731754474, 0.6603762041966925, -0.16644739064327485, 0.8093351774867339, -0.19034956537818792, -0.33765099381775454, 0.14427754054549724, 0.6908872981882266, 0.7220286235061439, 0.19137623413666893, -0.8306767779591795, 0.19453321463834983, -0.5090925828337958, 0.46518689717993555, 0.7893025846334776, 0.0294679418262902, 0.20712702072041278, -0.8698643752343853, 0.08014945928561268, -0.7416264326591246, 0.22912569270066396, -0.2726993059103242, 0.5355160686614915, -0.902931727160895, -0.7803637637643119, 0.36804643024725525, 0.029307394167312983, 0.1432827432294983, 0.6874139879813108, -0.024524721700651453, 0.6202888442522898, 0.020487258589880097, 0.8534413864805024, 0.333855543079252, -0.7025463211318861, -0.27089364934848836, 0.7315498318881986, -0.29942957828896866, -0.6219484810876903, -0.0547573816684539, -0.21443765035574014, 0.23785985328818726, -0.12646741612097356, -0.47815568541100895, -0.17505557667448635, -0.16193193089539926, 0.8048437117522818, 0.9592325240809707, 0.24713767881382775, -0.8336317548582777, 0.46599743519199, 0.357370804957968, 0.6520457340504391, -0.3050973265778887, -0.8822398116837538, 0.2236436329105842, -0.751970763373456, 0.5190590583266628, 0.5888466351532844, -0.18274642650020412, 0.8875950117660911, -0.6524404124894483, 0.8851716994539605]",rhc,relu,False,False,100,[10],0.1,100,6
603,3,0.03751040005590767,1.9099841090186194,895.0,100,15,"[0.9340596780273533, 0.09446449835144466, 0.9453687199297687, 0.4296319873487293, 0.3954576491945416, -0.5678210088392472, 0.9525489095524835, -0.9875394895908203, -0.4940352752331121, -0.13041693519110842, 0.5587658435875049, -0.6046298507994938, 0.7259864711984445, 0.9668013543506255, -0.6723155171906026, 0.19466788786571843, -0.98202780466489, -0.22685743471274122, -0.9116798841370009, 0.9133059354284718, -0.1277067062404047, 0.8979546135631256, 0.5726119718701219, 0.7325785971633969, -0.6536691570081037, -0.850102825973786, 0.2014854427555386, -0.6640556325631923, 0.4667603350211398, -0.18311227969597055, 0.05581764683584067, 0.875143167901884, 0.043392244889916, -0.7836132342255386, -0.6835531856304011, 0.09040530340642561, 0.04880816013694678, 0.2752204882519873, -0.1970091128194542, 0.2996102180386846, -0.20619999419653467, 0.24783222709644614, 0.5348099341802477, -0.6420521799177383, -0.24884846282491524, 0.005066118653868745, 0.3733341598326916, -0.4926407026772337, 0.10948172588511706, 0.24986168812819542, 0.7910023321122921, -0.27429282313374714, 0.2751141460374733, -0.6171071957620733, -0.004411770765388567, -0.6351091908575863, 0.8367660782795254, -0.13635585731754474, 0.6603762041966925, -0.16644739064327485, 0.8093351774867339, -0.19034956537818792, -0.33765099381775454, 0.14427754054549724, 0.6908872981882266, 0.7220286235061439, 0.19137623413666893, -0.8306767779591795, 0.19453321463834983, -0.5090925828337958, 0.46518689717993555, 0.7893025846334776, 0.0294679418262902, 0.20712702072041278, -0.8698643752343853, 0.08014945928561268, -0.7416264326591246, 0.22912569270066396, -0.2726993059103242, 0.5355160686614915, -0.902931727160895, -0.7803637637643119, 0.36804643024725525, 0.029307394167312983, 0.1432827432294983, 0.6874139879813108, -0.024524721700651453, 0.6202888442522898, 0.020487258589880097, 0.8534413864805024, 0.333855543079252, -0.7025463211318861, -0.27089364934848836, 0.7315498318881986, -0.29942957828896866, -0.6219484810876903, -0.0547573816684539, -0.21443765035574014, 0.23785985328818726, -0.12646741612097356, -0.47815568541100895, -0.17505557667448635, -0.16193193089539926, 0.8048437117522818, 0.9592325240809707, 0.24713767881382775, -0.8336317548582777, 0.46599743519199, 0.357370804957968, 0.6520457340504391, -0.3050973265778887, -0.8822398116837538, 0.2236436329105842, -0.751970763373456, 0.5190590583266628, 0.5888466351532844, -0.18274642650020412, 0.8875950117660911, -0.6524404124894483, 0.8851716994539605]",rhc,relu,False,False,100,[10],0.1,100,6
604,4,0.0403158999979496,1.902933394618585,897.0,100,15,"[0.9340596780273533, 0.09446449835144466, 0.9453687199297687, 0.4296319873487293, 0.3954576491945416, -0.5678210088392472, 0.9525489095524835, -0.9875394895908203, -0.4940352752331121, -0.13041693519110842, 0.5587658435875049, -0.6046298507994938, 0.7259864711984445, 0.9668013543506255, -0.6723155171906026, 0.19466788786571843, -0.98202780466489, -0.22685743471274122, -0.9116798841370009, 0.9133059354284718, -0.1277067062404047, 0.8979546135631256, 0.5726119718701219, 0.7325785971633969, -0.6536691570081037, -0.850102825973786, 0.2014854427555386, -0.6640556325631923, 0.4667603350211398, -0.18311227969597055, 0.05581764683584067, 0.875143167901884, 0.043392244889916, -0.7836132342255386, -0.6835531856304011, 0.09040530340642561, 0.04880816013694678, 0.2752204882519873, -0.1970091128194542, 0.2996102180386846, -0.20619999419653467, 0.24783222709644614, 0.5348099341802477, -0.6420521799177383, -0.24884846282491524, 0.005066118653868745, 0.3733341598326916, -0.4926407026772337, 0.10948172588511706, 0.24986168812819542, 0.7910023321122921, -0.27429282313374714, 0.2751141460374733, -0.6171071957620733, -0.004411770765388567, -0.6351091908575863, 0.8367660782795254, -0.13635585731754474, 0.6603762041966925, -0.16644739064327485, 0.8093351774867339, -0.19034956537818792, -0.33765099381775454, 0.14427754054549724, 0.6908872981882266, 0.7220286235061439, 0.19137623413666893, -0.8306767779591795, 0.19453321463834983, -0.5090925828337958, 0.46518689717993555, 0.7893025846334776, 0.0294679418262902, 0.20712702072041278, -0.8698643752343853, 0.08014945928561268, -0.7416264326591246, 0.22912569270066396, -0.2726993059103242, 0.5355160686614915, -0.902931727160895, -0.7803637637643119, 0.36804643024725525, 0.029307394167312983, 0.1432827432294983, 0.6874139879813108, -0.024524721700651453, 0.6202888442522898, 0.020487258589880097, 0.8534413864805024, 0.333855543079252, -0.7025463211318861, -0.27089364934848836, 0.7315498318881986, -0.29942957828896866, -0.6219484810876903, -0.0547573816684539, -0.21443765035574014, 0.23785985328818726, -0.12646741612097356, -0.47815568541100895, -0.17505557667448635, -0.16193193089539926, 0.8048437117522818, 0.9592325240809707, 0.24713767881382775, -0.8336317548582777, 0.46599743519199, 0.357370804957968, 0.6520457340504391, -0.3050973265778887, -0.8822398116837538, 0.2236436329105842, -0.751970763373456, 0.5190590583266628, 0.5888466351532844, -0.18274642650020412, 0.8875950117660911, -0.6524404124894483, 0.8851716994539605]",rhc,relu,False,False,100,[10],0.1,100,6
605,5,0.041674000094644725,1.9000190705915303,899.0,100,15,"[0.9340596780273533, 0.09446449835144466, 0.9453687199297687, 0.4296319873487293, 0.3954576491945416, -0.5678210088392472, 0.9525489095524835, -0.9875394895908203, -0.4940352752331121, -0.13041693519110842, 0.5587658435875049, -0.6046298507994938, 0.7259864711984445, 0.9668013543506255, -0.6723155171906026, 0.19466788786571843, -0.98202780466489, -0.22685743471274122, -0.9116798841370009, 0.9133059354284718, -0.1277067062404047, 0.8979546135631256, 0.5726119718701219, 0.7325785971633969, -0.6536691570081037, -0.850102825973786, 0.2014854427555386, -0.6640556325631923, 0.4667603350211398, -0.18311227969597055, 0.05581764683584067, 0.875143167901884, 0.043392244889916, -0.7836132342255386, -0.6835531856304011, 0.09040530340642561, 0.04880816013694678, 0.2752204882519873, -0.1970091128194542, 0.2996102180386846, -0.20619999419653467, 0.24783222709644614, 0.5348099341802477, -0.6420521799177383, -0.24884846282491524, 0.005066118653868745, 0.3733341598326916, -0.4926407026772337, 0.10948172588511706, 0.24986168812819542, 0.7910023321122921, -0.27429282313374714, 0.2751141460374733, -0.6171071957620733, -0.004411770765388567, -0.6351091908575863, 0.8367660782795254, -0.13635585731754474, 0.6603762041966925, -0.16644739064327485, 0.8093351774867339, -0.19034956537818792, -0.33765099381775454, 0.14427754054549724, 0.6908872981882266, 0.7220286235061439, 0.19137623413666893, -0.8306767779591795, 0.19453321463834983, -0.5090925828337958, 0.46518689717993555, 0.7893025846334776, 0.0294679418262902, 0.20712702072041278, -0.8698643752343853, 0.08014945928561268, -0.7416264326591246, 0.22912569270066396, -0.2726993059103242, 0.5355160686614915, -0.902931727160895, -0.7803637637643119, 0.36804643024725525, 0.029307394167312983, 0.1432827432294983, 0.6874139879813108, -0.024524721700651453, 0.6202888442522898, 0.020487258589880097, 0.8534413864805024, 0.333855543079252, -0.7025463211318861, -0.27089364934848836, 0.7315498318881986, -0.29942957828896866, -0.6219484810876903, -0.0547573816684539, -0.21443765035574014, 0.23785985328818726, -0.12646741612097356, -0.47815568541100895, -0.17505557667448635, -0.16193193089539926, 0.8048437117522818, 0.9592325240809707, 0.24713767881382775, -0.8336317548582777, 0.46599743519199, 0.357370804957968, 0.6520457340504391, -0.3050973265778887, -0.8822398116837538, 0.2236436329105842, -0.751970763373456, 0.5190590583266628, 0.5888466351532844, -0.18274642650020412, 0.8875950117660911, -0.6524404124894483, 0.8851716994539605]",rhc,relu,False,False,100,[10],0.1,100,6
606,6,0.04435340000782162,1.9000190705915303,900.0,100,15,"[0.9340596780273533, 0.09446449835144466, 0.9453687199297687, 0.4296319873487293, 0.3954576491945416, -0.5678210088392472, 0.9525489095524835, -0.9875394895908203, -0.4940352752331121, -0.13041693519110842, 0.5587658435875049, -0.6046298507994938, 0.7259864711984445, 0.9668013543506255, -0.6723155171906026, 0.19466788786571843, -0.98202780466489, -0.22685743471274122, -0.9116798841370009, 0.9133059354284718, -0.1277067062404047, 0.8979546135631256, 0.5726119718701219, 0.7325785971633969, -0.6536691570081037, -0.850102825973786, 0.2014854427555386, -0.6640556325631923, 0.4667603350211398, -0.18311227969597055, 0.05581764683584067, 0.875143167901884, 0.043392244889916, -0.7836132342255386, -0.6835531856304011, 0.09040530340642561, 0.04880816013694678, 0.2752204882519873, -0.1970091128194542, 0.2996102180386846, -0.20619999419653467, 0.24783222709644614, 0.5348099341802477, -0.6420521799177383, -0.24884846282491524, 0.005066118653868745, 0.3733341598326916, -0.4926407026772337, 0.10948172588511706, 0.24986168812819542, 0.7910023321122921, -0.27429282313374714, 0.2751141460374733, -0.6171071957620733, -0.004411770765388567, -0.6351091908575863, 0.8367660782795254, -0.13635585731754474, 0.6603762041966925, -0.16644739064327485, 0.8093351774867339, -0.19034956537818792, -0.33765099381775454, 0.14427754054549724, 0.6908872981882266, 0.7220286235061439, 0.19137623413666893, -0.8306767779591795, 0.19453321463834983, -0.5090925828337958, 0.46518689717993555, 0.7893025846334776, 0.0294679418262902, 0.20712702072041278, -0.8698643752343853, 0.08014945928561268, -0.7416264326591246, 0.22912569270066396, -0.2726993059103242, 0.5355160686614915, -0.902931727160895, -0.7803637637643119, 0.36804643024725525, 0.029307394167312983, 0.1432827432294983, 0.6874139879813108, -0.024524721700651453, 0.6202888442522898, 0.020487258589880097, 0.8534413864805024, 0.333855543079252, -0.7025463211318861, -0.27089364934848836, 0.7315498318881986, -0.29942957828896866, -0.6219484810876903, -0.0547573816684539, -0.21443765035574014, 0.23785985328818726, -0.12646741612097356, -0.47815568541100895, -0.17505557667448635, -0.16193193089539926, 0.8048437117522818, 0.9592325240809707, 0.24713767881382775, -0.8336317548582777, 0.46599743519199, 0.357370804957968, 0.6520457340504391, -0.3050973265778887, -0.8822398116837538, 0.2236436329105842, -0.751970763373456, 0.5190590583266628, 0.5888466351532844, -0.18274642650020412, 0.8875950117660911, -0.6524404124894483, 0.8851716994539605]",rhc,relu,False,False,100,[10],0.1,100,6
607,7,0.04734460008330643,1.9000190705915303,901.0,100,15,"[0.9340596780273533, 0.09446449835144466, 0.9453687199297687, 0.4296319873487293, 0.3954576491945416, -0.5678210088392472, 0.9525489095524835, -0.9875394895908203, -0.4940352752331121, -0.13041693519110842, 0.5587658435875049, -0.6046298507994938, 0.7259864711984445, 0.9668013543506255, -0.6723155171906026, 0.19466788786571843, -0.98202780466489, -0.22685743471274122, -0.9116798841370009, 0.9133059354284718, -0.1277067062404047, 0.8979546135631256, 0.5726119718701219, 0.7325785971633969, -0.6536691570081037, -0.850102825973786, 0.2014854427555386, -0.6640556325631923, 0.4667603350211398, -0.18311227969597055, 0.05581764683584067, 0.875143167901884, 0.043392244889916, -0.7836132342255386, -0.6835531856304011, 0.09040530340642561, 0.04880816013694678, 0.2752204882519873, -0.1970091128194542, 0.2996102180386846, -0.20619999419653467, 0.24783222709644614, 0.5348099341802477, -0.6420521799177383, -0.24884846282491524, 0.005066118653868745, 0.3733341598326916, -0.4926407026772337, 0.10948172588511706, 0.24986168812819542, 0.7910023321122921, -0.27429282313374714, 0.2751141460374733, -0.6171071957620733, -0.004411770765388567, -0.6351091908575863, 0.8367660782795254, -0.13635585731754474, 0.6603762041966925, -0.16644739064327485, 0.8093351774867339, -0.19034956537818792, -0.33765099381775454, 0.14427754054549724, 0.6908872981882266, 0.7220286235061439, 0.19137623413666893, -0.8306767779591795, 0.19453321463834983, -0.5090925828337958, 0.46518689717993555, 0.7893025846334776, 0.0294679418262902, 0.20712702072041278, -0.8698643752343853, 0.08014945928561268, -0.7416264326591246, 0.22912569270066396, -0.2726993059103242, 0.5355160686614915, -0.902931727160895, -0.7803637637643119, 0.36804643024725525, 0.029307394167312983, 0.1432827432294983, 0.6874139879813108, -0.024524721700651453, 0.6202888442522898, 0.020487258589880097, 0.8534413864805024, 0.333855543079252, -0.7025463211318861, -0.27089364934848836, 0.7315498318881986, -0.29942957828896866, -0.6219484810876903, -0.0547573816684539, -0.21443765035574014, 0.23785985328818726, -0.12646741612097356, -0.47815568541100895, -0.17505557667448635, -0.16193193089539926, 0.8048437117522818, 0.9592325240809707, 0.24713767881382775, -0.8336317548582777, 0.46599743519199, 0.357370804957968, 0.6520457340504391, -0.3050973265778887, -0.8822398116837538, 0.2236436329105842, -0.751970763373456, 0.5190590583266628, 0.5888466351532844, -0.18274642650020412, 0.8875950117660911, -0.6524404124894483, 0.8851716994539605]",rhc,relu,False,False,100,[10],0.1,100,6
608,8,0.049982900032773614,1.9000190705915303,902.0,100,15,"[0.9340596780273533, 0.09446449835144466, 0.9453687199297687, 0.4296319873487293, 0.3954576491945416, -0.5678210088392472, 0.9525489095524835, -0.9875394895908203, -0.4940352752331121, -0.13041693519110842, 0.5587658435875049, -0.6046298507994938, 0.7259864711984445, 0.9668013543506255, -0.6723155171906026, 0.19466788786571843, -0.98202780466489, -0.22685743471274122, -0.9116798841370009, 0.9133059354284718, -0.1277067062404047, 0.8979546135631256, 0.5726119718701219, 0.7325785971633969, -0.6536691570081037, -0.850102825973786, 0.2014854427555386, -0.6640556325631923, 0.4667603350211398, -0.18311227969597055, 0.05581764683584067, 0.875143167901884, 0.043392244889916, -0.7836132342255386, -0.6835531856304011, 0.09040530340642561, 0.04880816013694678, 0.2752204882519873, -0.1970091128194542, 0.2996102180386846, -0.20619999419653467, 0.24783222709644614, 0.5348099341802477, -0.6420521799177383, -0.24884846282491524, 0.005066118653868745, 0.3733341598326916, -0.4926407026772337, 0.10948172588511706, 0.24986168812819542, 0.7910023321122921, -0.27429282313374714, 0.2751141460374733, -0.6171071957620733, -0.004411770765388567, -0.6351091908575863, 0.8367660782795254, -0.13635585731754474, 0.6603762041966925, -0.16644739064327485, 0.8093351774867339, -0.19034956537818792, -0.33765099381775454, 0.14427754054549724, 0.6908872981882266, 0.7220286235061439, 0.19137623413666893, -0.8306767779591795, 0.19453321463834983, -0.5090925828337958, 0.46518689717993555, 0.7893025846334776, 0.0294679418262902, 0.20712702072041278, -0.8698643752343853, 0.08014945928561268, -0.7416264326591246, 0.22912569270066396, -0.2726993059103242, 0.5355160686614915, -0.902931727160895, -0.7803637637643119, 0.36804643024725525, 0.029307394167312983, 0.1432827432294983, 0.6874139879813108, -0.024524721700651453, 0.6202888442522898, 0.020487258589880097, 0.8534413864805024, 0.333855543079252, -0.7025463211318861, -0.27089364934848836, 0.7315498318881986, -0.29942957828896866, -0.6219484810876903, -0.0547573816684539, -0.21443765035574014, 0.23785985328818726, -0.12646741612097356, -0.47815568541100895, -0.17505557667448635, -0.16193193089539926, 0.8048437117522818, 0.9592325240809707, 0.24713767881382775, -0.8336317548582777, 0.46599743519199, 0.357370804957968, 0.6520457340504391, -0.3050973265778887, -0.8822398116837538, 0.2236436329105842, -0.751970763373456, 0.5190590583266628, 0.5888466351532844, -0.18274642650020412, 0.8875950117660911, -0.6524404124894483, 0.8851716994539605]",rhc,relu,False,False,100,[10],0.1,100,6
609,9,0.05281060002744198,1.8933903818861821,904.0,100,15,"[0.9340596780273533, 0.09446449835144466, 0.9453687199297687, 0.4296319873487293, 0.3954576491945416, -0.5678210088392472, 0.9525489095524835, -0.9875394895908203, -0.4940352752331121, -0.13041693519110842, 0.5587658435875049, -0.6046298507994938, 0.7259864711984445, 0.9668013543506255, -0.6723155171906026, 0.19466788786571843, -0.98202780466489, -0.22685743471274122, -0.9116798841370009, 0.9133059354284718, -0.1277067062404047, 0.8979546135631256, 0.5726119718701219, 0.7325785971633969, -0.6536691570081037, -0.850102825973786, 0.2014854427555386, -0.6640556325631923, 0.4667603350211398, -0.18311227969597055, 0.05581764683584067, 0.875143167901884, 0.043392244889916, -0.7836132342255386, -0.6835531856304011, 0.09040530340642561, 0.04880816013694678, 0.2752204882519873, -0.1970091128194542, 0.2996102180386846, -0.20619999419653467, 0.24783222709644614, 0.5348099341802477, -0.6420521799177383, -0.24884846282491524, 0.005066118653868745, 0.3733341598326916, -0.4926407026772337, 0.10948172588511706, 0.24986168812819542, 0.7910023321122921, -0.27429282313374714, 0.2751141460374733, -0.6171071957620733, -0.004411770765388567, -0.6351091908575863, 0.8367660782795254, -0.13635585731754474, 0.6603762041966925, -0.16644739064327485, 0.8093351774867339, -0.19034956537818792, -0.33765099381775454, 0.14427754054549724, 0.6908872981882266, 0.7220286235061439, 0.19137623413666893, -0.8306767779591795, 0.19453321463834983, -0.5090925828337958, 0.46518689717993555, 0.7893025846334776, 0.0294679418262902, 0.20712702072041278, -0.8698643752343853, 0.08014945928561268, -0.7416264326591246, 0.22912569270066396, -0.2726993059103242, 0.5355160686614915, -0.902931727160895, -0.7803637637643119, 0.36804643024725525, 0.029307394167312983, 0.1432827432294983, 0.6874139879813108, -0.024524721700651453, 0.6202888442522898, 0.020487258589880097, 0.8534413864805024, 0.333855543079252, -0.7025463211318861, -0.27089364934848836, 0.7315498318881986, -0.29942957828896866, -0.6219484810876903, -0.0547573816684539, -0.21443765035574014, 0.23785985328818726, -0.12646741612097356, -0.47815568541100895, -0.17505557667448635, -0.16193193089539926, 0.8048437117522818, 0.9592325240809707, 0.24713767881382775, -0.8336317548582777, 0.46599743519199, 0.357370804957968, 0.6520457340504391, -0.3050973265778887, -0.8822398116837538, 0.2236436329105842, -0.751970763373456, 0.5190590583266628, 0.5888466351532844, -0.18274642650020412, 0.8875950117660911, -0.6524404124894483, 0.8851716994539605]",rhc,relu,False,False,100,[10],0.1,100,6
610,10,0.054268900072202086,1.8933903818861821,905.0,100,15,"[0.9340596780273533, 0.09446449835144466, 0.9453687199297687, 0.4296319873487293, 0.3954576491945416, -0.5678210088392472, 0.9525489095524835, -0.9875394895908203, -0.4940352752331121, -0.13041693519110842, 0.5587658435875049, -0.6046298507994938, 0.7259864711984445, 0.9668013543506255, -0.6723155171906026, 0.19466788786571843, -0.98202780466489, -0.22685743471274122, -0.9116798841370009, 0.9133059354284718, -0.1277067062404047, 0.8979546135631256, 0.5726119718701219, 0.7325785971633969, -0.6536691570081037, -0.850102825973786, 0.2014854427555386, -0.6640556325631923, 0.4667603350211398, -0.18311227969597055, 0.05581764683584067, 0.875143167901884, 0.043392244889916, -0.7836132342255386, -0.6835531856304011, 0.09040530340642561, 0.04880816013694678, 0.2752204882519873, -0.1970091128194542, 0.2996102180386846, -0.20619999419653467, 0.24783222709644614, 0.5348099341802477, -0.6420521799177383, -0.24884846282491524, 0.005066118653868745, 0.3733341598326916, -0.4926407026772337, 0.10948172588511706, 0.24986168812819542, 0.7910023321122921, -0.27429282313374714, 0.2751141460374733, -0.6171071957620733, -0.004411770765388567, -0.6351091908575863, 0.8367660782795254, -0.13635585731754474, 0.6603762041966925, -0.16644739064327485, 0.8093351774867339, -0.19034956537818792, -0.33765099381775454, 0.14427754054549724, 0.6908872981882266, 0.7220286235061439, 0.19137623413666893, -0.8306767779591795, 0.19453321463834983, -0.5090925828337958, 0.46518689717993555, 0.7893025846334776, 0.0294679418262902, 0.20712702072041278, -0.8698643752343853, 0.08014945928561268, -0.7416264326591246, 0.22912569270066396, -0.2726993059103242, 0.5355160686614915, -0.902931727160895, -0.7803637637643119, 0.36804643024725525, 0.029307394167312983, 0.1432827432294983, 0.6874139879813108, -0.024524721700651453, 0.6202888442522898, 0.020487258589880097, 0.8534413864805024, 0.333855543079252, -0.7025463211318861, -0.27089364934848836, 0.7315498318881986, -0.29942957828896866, -0.6219484810876903, -0.0547573816684539, -0.21443765035574014, 0.23785985328818726, -0.12646741612097356, -0.47815568541100895, -0.17505557667448635, -0.16193193089539926, 0.8048437117522818, 0.9592325240809707, 0.24713767881382775, -0.8336317548582777, 0.46599743519199, 0.357370804957968, 0.6520457340504391, -0.3050973265778887, -0.8822398116837538, 0.2236436329105842, -0.751970763373456, 0.5190590583266628, 0.5888466351532844, -0.18274642650020412, 0.8875950117660911, -0.6524404124894483, 0.8851716994539605]",rhc,relu,False,False,100,[10],0.1,100,6
611,11,0.05699730000924319,1.8751459304330333,907.0,100,15,"[0.9340596780273533, 0.09446449835144466, 0.9453687199297687, 0.4296319873487293, 0.3954576491945416, -0.5678210088392472, 0.9525489095524835, -0.9875394895908203, -0.4940352752331121, -0.13041693519110842, 0.5587658435875049, -0.6046298507994938, 0.7259864711984445, 0.9668013543506255, -0.6723155171906026, 0.19466788786571843, -0.98202780466489, -0.22685743471274122, -0.9116798841370009, 0.9133059354284718, -0.1277067062404047, 0.8979546135631256, 0.5726119718701219, 0.7325785971633969, -0.6536691570081037, -0.850102825973786, 0.2014854427555386, -0.6640556325631923, 0.4667603350211398, -0.18311227969597055, 0.05581764683584067, 0.875143167901884, 0.043392244889916, -0.7836132342255386, -0.6835531856304011, 0.09040530340642561, 0.04880816013694678, 0.2752204882519873, -0.1970091128194542, 0.2996102180386846, -0.20619999419653467, 0.24783222709644614, 0.5348099341802477, -0.6420521799177383, -0.24884846282491524, 0.005066118653868745, 0.3733341598326916, -0.4926407026772337, 0.10948172588511706, 0.24986168812819542, 0.7910023321122921, -0.27429282313374714, 0.2751141460374733, -0.6171071957620733, -0.004411770765388567, -0.6351091908575863, 0.8367660782795254, -0.13635585731754474, 0.6603762041966925, -0.16644739064327485, 0.8093351774867339, -0.19034956537818792, -0.33765099381775454, 0.14427754054549724, 0.6908872981882266, 0.7220286235061439, 0.19137623413666893, -0.8306767779591795, 0.19453321463834983, -0.5090925828337958, 0.46518689717993555, 0.7893025846334776, 0.0294679418262902, 0.20712702072041278, -0.8698643752343853, 0.08014945928561268, -0.7416264326591246, 0.22912569270066396, -0.2726993059103242, 0.5355160686614915, -0.902931727160895, -0.7803637637643119, 0.36804643024725525, 0.029307394167312983, 0.1432827432294983, 0.6874139879813108, -0.024524721700651453, 0.6202888442522898, 0.020487258589880097, 0.8534413864805024, 0.333855543079252, -0.7025463211318861, -0.27089364934848836, 0.7315498318881986, -0.29942957828896866, -0.6219484810876903, -0.0547573816684539, -0.21443765035574014, 0.23785985328818726, -0.12646741612097356, -0.47815568541100895, -0.17505557667448635, -0.16193193089539926, 0.8048437117522818, 0.9592325240809707, 0.24713767881382775, -0.8336317548582777, 0.46599743519199, 0.357370804957968, 0.6520457340504391, -0.3050973265778887, -0.8822398116837538, 0.2236436329105842, -0.751970763373456, 0.5190590583266628, 0.5888466351532844, -0.18274642650020412, 0.8875950117660911, -0.6524404124894483, 0.8851716994539605]",rhc,relu,False,False,100,[10],0.1,100,6
612,12,0.05975670006591827,1.8652480958957651,909.0,100,15,"[0.9340596780273533, 0.09446449835144466, 0.9453687199297687, 0.4296319873487293, 0.3954576491945416, -0.5678210088392472, 0.9525489095524835, -0.9875394895908203, -0.4940352752331121, -0.13041693519110842, 0.5587658435875049, -0.6046298507994938, 0.7259864711984445, 0.9668013543506255, -0.6723155171906026, 0.19466788786571843, -0.98202780466489, -0.22685743471274122, -0.9116798841370009, 0.9133059354284718, -0.1277067062404047, 0.8979546135631256, 0.5726119718701219, 0.7325785971633969, -0.6536691570081037, -0.850102825973786, 0.2014854427555386, -0.6640556325631923, 0.4667603350211398, -0.18311227969597055, 0.05581764683584067, 0.875143167901884, 0.043392244889916, -0.7836132342255386, -0.6835531856304011, 0.09040530340642561, 0.04880816013694678, 0.2752204882519873, -0.1970091128194542, 0.2996102180386846, -0.20619999419653467, 0.24783222709644614, 0.5348099341802477, -0.6420521799177383, -0.24884846282491524, 0.005066118653868745, 0.3733341598326916, -0.4926407026772337, 0.10948172588511706, 0.24986168812819542, 0.7910023321122921, -0.27429282313374714, 0.2751141460374733, -0.6171071957620733, -0.004411770765388567, -0.6351091908575863, 0.8367660782795254, -0.13635585731754474, 0.6603762041966925, -0.16644739064327485, 0.8093351774867339, -0.19034956537818792, -0.33765099381775454, 0.14427754054549724, 0.6908872981882266, 0.7220286235061439, 0.19137623413666893, -0.8306767779591795, 0.19453321463834983, -0.5090925828337958, 0.46518689717993555, 0.7893025846334776, 0.0294679418262902, 0.20712702072041278, -0.8698643752343853, 0.08014945928561268, -0.7416264326591246, 0.22912569270066396, -0.2726993059103242, 0.5355160686614915, -0.902931727160895, -0.7803637637643119, 0.36804643024725525, 0.029307394167312983, 0.1432827432294983, 0.6874139879813108, -0.024524721700651453, 0.6202888442522898, 0.020487258589880097, 0.8534413864805024, 0.333855543079252, -0.7025463211318861, -0.27089364934848836, 0.7315498318881986, -0.29942957828896866, -0.6219484810876903, -0.0547573816684539, -0.21443765035574014, 0.23785985328818726, -0.12646741612097356, -0.47815568541100895, -0.17505557667448635, -0.16193193089539926, 0.8048437117522818, 0.9592325240809707, 0.24713767881382775, -0.8336317548582777, 0.46599743519199, 0.357370804957968, 0.6520457340504391, -0.3050973265778887, -0.8822398116837538, 0.2236436329105842, -0.751970763373456, 0.5190590583266628, 0.5888466351532844, -0.18274642650020412, 0.8875950117660911, -0.6524404124894483, 0.8851716994539605]",rhc,relu,False,False,100,[10],0.1,100,6
613,13,0.06276760005857795,1.860111191474008,911.0,100,15,"[0.9340596780273533, 0.09446449835144466, 0.9453687199297687, 0.4296319873487293, 0.3954576491945416, -0.5678210088392472, 0.9525489095524835, -0.9875394895908203, -0.4940352752331121, -0.13041693519110842, 0.5587658435875049, -0.6046298507994938, 0.7259864711984445, 0.9668013543506255, -0.6723155171906026, 0.19466788786571843, -0.98202780466489, -0.22685743471274122, -0.9116798841370009, 0.9133059354284718, -0.1277067062404047, 0.8979546135631256, 0.5726119718701219, 0.7325785971633969, -0.6536691570081037, -0.850102825973786, 0.2014854427555386, -0.6640556325631923, 0.4667603350211398, -0.18311227969597055, 0.05581764683584067, 0.875143167901884, 0.043392244889916, -0.7836132342255386, -0.6835531856304011, 0.09040530340642561, 0.04880816013694678, 0.2752204882519873, -0.1970091128194542, 0.2996102180386846, -0.20619999419653467, 0.24783222709644614, 0.5348099341802477, -0.6420521799177383, -0.24884846282491524, 0.005066118653868745, 0.3733341598326916, -0.4926407026772337, 0.10948172588511706, 0.24986168812819542, 0.7910023321122921, -0.27429282313374714, 0.2751141460374733, -0.6171071957620733, -0.004411770765388567, -0.6351091908575863, 0.8367660782795254, -0.13635585731754474, 0.6603762041966925, -0.16644739064327485, 0.8093351774867339, -0.19034956537818792, -0.33765099381775454, 0.14427754054549724, 0.6908872981882266, 0.7220286235061439, 0.19137623413666893, -0.8306767779591795, 0.19453321463834983, -0.5090925828337958, 0.46518689717993555, 0.7893025846334776, 0.0294679418262902, 0.20712702072041278, -0.8698643752343853, 0.08014945928561268, -0.7416264326591246, 0.22912569270066396, -0.2726993059103242, 0.5355160686614915, -0.902931727160895, -0.7803637637643119, 0.36804643024725525, 0.029307394167312983, 0.1432827432294983, 0.6874139879813108, -0.024524721700651453, 0.6202888442522898, 0.020487258589880097, 0.8534413864805024, 0.333855543079252, -0.7025463211318861, -0.27089364934848836, 0.7315498318881986, -0.29942957828896866, -0.6219484810876903, -0.0547573816684539, -0.21443765035574014, 0.23785985328818726, -0.12646741612097356, -0.47815568541100895, -0.17505557667448635, -0.16193193089539926, 0.8048437117522818, 0.9592325240809707, 0.24713767881382775, -0.8336317548582777, 0.46599743519199, 0.357370804957968, 0.6520457340504391, -0.3050973265778887, -0.8822398116837538, 0.2236436329105842, -0.751970763373456, 0.5190590583266628, 0.5888466351532844, -0.18274642650020412, 0.8875950117660911, -0.6524404124894483, 0.8851716994539605]",rhc,relu,False,False,100,[10],0.1,100,6
614,14,0.06632550002541393,1.860111191474008,912.0,100,15,"[0.9340596780273533, 0.09446449835144466, 0.9453687199297687, 0.4296319873487293, 0.3954576491945416, -0.5678210088392472, 0.9525489095524835, -0.9875394895908203, -0.4940352752331121, -0.13041693519110842, 0.5587658435875049, -0.6046298507994938, 0.7259864711984445, 0.9668013543506255, -0.6723155171906026, 0.19466788786571843, -0.98202780466489, -0.22685743471274122, -0.9116798841370009, 0.9133059354284718, -0.1277067062404047, 0.8979546135631256, 0.5726119718701219, 0.7325785971633969, -0.6536691570081037, -0.850102825973786, 0.2014854427555386, -0.6640556325631923, 0.4667603350211398, -0.18311227969597055, 0.05581764683584067, 0.875143167901884, 0.043392244889916, -0.7836132342255386, -0.6835531856304011, 0.09040530340642561, 0.04880816013694678, 0.2752204882519873, -0.1970091128194542, 0.2996102180386846, -0.20619999419653467, 0.24783222709644614, 0.5348099341802477, -0.6420521799177383, -0.24884846282491524, 0.005066118653868745, 0.3733341598326916, -0.4926407026772337, 0.10948172588511706, 0.24986168812819542, 0.7910023321122921, -0.27429282313374714, 0.2751141460374733, -0.6171071957620733, -0.004411770765388567, -0.6351091908575863, 0.8367660782795254, -0.13635585731754474, 0.6603762041966925, -0.16644739064327485, 0.8093351774867339, -0.19034956537818792, -0.33765099381775454, 0.14427754054549724, 0.6908872981882266, 0.7220286235061439, 0.19137623413666893, -0.8306767779591795, 0.19453321463834983, -0.5090925828337958, 0.46518689717993555, 0.7893025846334776, 0.0294679418262902, 0.20712702072041278, -0.8698643752343853, 0.08014945928561268, -0.7416264326591246, 0.22912569270066396, -0.2726993059103242, 0.5355160686614915, -0.902931727160895, -0.7803637637643119, 0.36804643024725525, 0.029307394167312983, 0.1432827432294983, 0.6874139879813108, -0.024524721700651453, 0.6202888442522898, 0.020487258589880097, 0.8534413864805024, 0.333855543079252, -0.7025463211318861, -0.27089364934848836, 0.7315498318881986, -0.29942957828896866, -0.6219484810876903, -0.0547573816684539, -0.21443765035574014, 0.23785985328818726, -0.12646741612097356, -0.47815568541100895, -0.17505557667448635, -0.16193193089539926, 0.8048437117522818, 0.9592325240809707, 0.24713767881382775, -0.8336317548582777, 0.46599743519199, 0.357370804957968, 0.6520457340504391, -0.3050973265778887, -0.8822398116837538, 0.2236436329105842, -0.751970763373456, 0.5190590583266628, 0.5888466351532844, -0.18274642650020412, 0.8875950117660911, -0.6524404124894483, 0.8851716994539605]",rhc,relu,False,False,100,[10],0.1,100,6
615,15,0.06922320008743554,1.8594199475470208,914.0,100,15,"[0.9340596780273533, 0.09446449835144466, 0.9453687199297687, 0.4296319873487293, 0.3954576491945416, -0.5678210088392472, 0.9525489095524835, -0.9875394895908203, -0.4940352752331121, -0.13041693519110842, 0.5587658435875049, -0.6046298507994938, 0.7259864711984445, 0.9668013543506255, -0.6723155171906026, 0.19466788786571843, -0.98202780466489, -0.22685743471274122, -0.9116798841370009, 0.9133059354284718, -0.1277067062404047, 0.8979546135631256, 0.5726119718701219, 0.7325785971633969, -0.6536691570081037, -0.850102825973786, 0.2014854427555386, -0.6640556325631923, 0.4667603350211398, -0.18311227969597055, 0.05581764683584067, 0.875143167901884, 0.043392244889916, -0.7836132342255386, -0.6835531856304011, 0.09040530340642561, 0.04880816013694678, 0.2752204882519873, -0.1970091128194542, 0.2996102180386846, -0.20619999419653467, 0.24783222709644614, 0.5348099341802477, -0.6420521799177383, -0.24884846282491524, 0.005066118653868745, 0.3733341598326916, -0.4926407026772337, 0.10948172588511706, 0.24986168812819542, 0.7910023321122921, -0.27429282313374714, 0.2751141460374733, -0.6171071957620733, -0.004411770765388567, -0.6351091908575863, 0.8367660782795254, -0.13635585731754474, 0.6603762041966925, -0.16644739064327485, 0.8093351774867339, -0.19034956537818792, -0.33765099381775454, 0.14427754054549724, 0.6908872981882266, 0.7220286235061439, 0.19137623413666893, -0.8306767779591795, 0.19453321463834983, -0.5090925828337958, 0.46518689717993555, 0.7893025846334776, 0.0294679418262902, 0.20712702072041278, -0.8698643752343853, 0.08014945928561268, -0.7416264326591246, 0.22912569270066396, -0.2726993059103242, 0.5355160686614915, -0.902931727160895, -0.7803637637643119, 0.36804643024725525, 0.029307394167312983, 0.1432827432294983, 0.6874139879813108, -0.024524721700651453, 0.6202888442522898, 0.020487258589880097, 0.8534413864805024, 0.333855543079252, -0.7025463211318861, -0.27089364934848836, 0.7315498318881986, -0.29942957828896866, -0.6219484810876903, -0.0547573816684539, -0.21443765035574014, 0.23785985328818726, -0.12646741612097356, -0.47815568541100895, -0.17505557667448635, -0.16193193089539926, 0.8048437117522818, 0.9592325240809707, 0.24713767881382775, -0.8336317548582777, 0.46599743519199, 0.357370804957968, 0.6520457340504391, -0.3050973265778887, -0.8822398116837538, 0.2236436329105842, -0.751970763373456, 0.5190590583266628, 0.5888466351532844, -0.18274642650020412, 0.8875950117660911, -0.6524404124894483, 0.8851716994539605]",rhc,relu,False,False,100,[10],0.1,100,6
616,16,0.07063110009767115,1.8577311169803652,916.0,100,15,"[0.9340596780273533, 0.09446449835144466, 0.9453687199297687, 0.4296319873487293, 0.3954576491945416, -0.5678210088392472, 0.9525489095524835, -0.9875394895908203, -0.4940352752331121, -0.13041693519110842, 0.5587658435875049, -0.6046298507994938, 0.7259864711984445, 0.9668013543506255, -0.6723155171906026, 0.19466788786571843, -0.98202780466489, -0.22685743471274122, -0.9116798841370009, 0.9133059354284718, -0.1277067062404047, 0.8979546135631256, 0.5726119718701219, 0.7325785971633969, -0.6536691570081037, -0.850102825973786, 0.2014854427555386, -0.6640556325631923, 0.4667603350211398, -0.18311227969597055, 0.05581764683584067, 0.875143167901884, 0.043392244889916, -0.7836132342255386, -0.6835531856304011, 0.09040530340642561, 0.04880816013694678, 0.2752204882519873, -0.1970091128194542, 0.2996102180386846, -0.20619999419653467, 0.24783222709644614, 0.5348099341802477, -0.6420521799177383, -0.24884846282491524, 0.005066118653868745, 0.3733341598326916, -0.4926407026772337, 0.10948172588511706, 0.24986168812819542, 0.7910023321122921, -0.27429282313374714, 0.2751141460374733, -0.6171071957620733, -0.004411770765388567, -0.6351091908575863, 0.8367660782795254, -0.13635585731754474, 0.6603762041966925, -0.16644739064327485, 0.8093351774867339, -0.19034956537818792, -0.33765099381775454, 0.14427754054549724, 0.6908872981882266, 0.7220286235061439, 0.19137623413666893, -0.8306767779591795, 0.19453321463834983, -0.5090925828337958, 0.46518689717993555, 0.7893025846334776, 0.0294679418262902, 0.20712702072041278, -0.8698643752343853, 0.08014945928561268, -0.7416264326591246, 0.22912569270066396, -0.2726993059103242, 0.5355160686614915, -0.902931727160895, -0.7803637637643119, 0.36804643024725525, 0.029307394167312983, 0.1432827432294983, 0.6874139879813108, -0.024524721700651453, 0.6202888442522898, 0.020487258589880097, 0.8534413864805024, 0.333855543079252, -0.7025463211318861, -0.27089364934848836, 0.7315498318881986, -0.29942957828896866, -0.6219484810876903, -0.0547573816684539, -0.21443765035574014, 0.23785985328818726, -0.12646741612097356, -0.47815568541100895, -0.17505557667448635, -0.16193193089539926, 0.8048437117522818, 0.9592325240809707, 0.24713767881382775, -0.8336317548582777, 0.46599743519199, 0.357370804957968, 0.6520457340504391, -0.3050973265778887, -0.8822398116837538, 0.2236436329105842, -0.751970763373456, 0.5190590583266628, 0.5888466351532844, -0.18274642650020412, 0.8875950117660911, -0.6524404124894483, 0.8851716994539605]",rhc,relu,False,False,100,[10],0.1,100,6
617,17,0.07200020004529506,1.8552573092230025,918.0,100,15,"[0.9340596780273533, 0.09446449835144466, 0.9453687199297687, 0.4296319873487293, 0.3954576491945416, -0.5678210088392472, 0.9525489095524835, -0.9875394895908203, -0.4940352752331121, -0.13041693519110842, 0.5587658435875049, -0.6046298507994938, 0.7259864711984445, 0.9668013543506255, -0.6723155171906026, 0.19466788786571843, -0.98202780466489, -0.22685743471274122, -0.9116798841370009, 0.9133059354284718, -0.1277067062404047, 0.8979546135631256, 0.5726119718701219, 0.7325785971633969, -0.6536691570081037, -0.850102825973786, 0.2014854427555386, -0.6640556325631923, 0.4667603350211398, -0.18311227969597055, 0.05581764683584067, 0.875143167901884, 0.043392244889916, -0.7836132342255386, -0.6835531856304011, 0.09040530340642561, 0.04880816013694678, 0.2752204882519873, -0.1970091128194542, 0.2996102180386846, -0.20619999419653467, 0.24783222709644614, 0.5348099341802477, -0.6420521799177383, -0.24884846282491524, 0.005066118653868745, 0.3733341598326916, -0.4926407026772337, 0.10948172588511706, 0.24986168812819542, 0.7910023321122921, -0.27429282313374714, 0.2751141460374733, -0.6171071957620733, -0.004411770765388567, -0.6351091908575863, 0.8367660782795254, -0.13635585731754474, 0.6603762041966925, -0.16644739064327485, 0.8093351774867339, -0.19034956537818792, -0.33765099381775454, 0.14427754054549724, 0.6908872981882266, 0.7220286235061439, 0.19137623413666893, -0.8306767779591795, 0.19453321463834983, -0.5090925828337958, 0.46518689717993555, 0.7893025846334776, 0.0294679418262902, 0.20712702072041278, -0.8698643752343853, 0.08014945928561268, -0.7416264326591246, 0.22912569270066396, -0.2726993059103242, 0.5355160686614915, -0.902931727160895, -0.7803637637643119, 0.36804643024725525, 0.029307394167312983, 0.1432827432294983, 0.6874139879813108, -0.024524721700651453, 0.6202888442522898, 0.020487258589880097, 0.8534413864805024, 0.333855543079252, -0.7025463211318861, -0.27089364934848836, 0.7315498318881986, -0.29942957828896866, -0.6219484810876903, -0.0547573816684539, -0.21443765035574014, 0.23785985328818726, -0.12646741612097356, -0.47815568541100895, -0.17505557667448635, -0.16193193089539926, 0.8048437117522818, 0.9592325240809707, 0.24713767881382775, -0.8336317548582777, 0.46599743519199, 0.357370804957968, 0.6520457340504391, -0.3050973265778887, -0.8822398116837538, 0.2236436329105842, -0.751970763373456, 0.5190590583266628, 0.5888466351532844, -0.18274642650020412, 0.8875950117660911, -0.6524404124894483, 0.8851716994539605]",rhc,relu,False,False,100,[10],0.1,100,6
618,18,0.07342060003429651,1.8552573092230025,919.0,100,15,"[0.9340596780273533, 0.09446449835144466, 0.9453687199297687, 0.4296319873487293, 0.3954576491945416, -0.5678210088392472, 0.9525489095524835, -0.9875394895908203, -0.4940352752331121, -0.13041693519110842, 0.5587658435875049, -0.6046298507994938, 0.7259864711984445, 0.9668013543506255, -0.6723155171906026, 0.19466788786571843, -0.98202780466489, -0.22685743471274122, -0.9116798841370009, 0.9133059354284718, -0.1277067062404047, 0.8979546135631256, 0.5726119718701219, 0.7325785971633969, -0.6536691570081037, -0.850102825973786, 0.2014854427555386, -0.6640556325631923, 0.4667603350211398, -0.18311227969597055, 0.05581764683584067, 0.875143167901884, 0.043392244889916, -0.7836132342255386, -0.6835531856304011, 0.09040530340642561, 0.04880816013694678, 0.2752204882519873, -0.1970091128194542, 0.2996102180386846, -0.20619999419653467, 0.24783222709644614, 0.5348099341802477, -0.6420521799177383, -0.24884846282491524, 0.005066118653868745, 0.3733341598326916, -0.4926407026772337, 0.10948172588511706, 0.24986168812819542, 0.7910023321122921, -0.27429282313374714, 0.2751141460374733, -0.6171071957620733, -0.004411770765388567, -0.6351091908575863, 0.8367660782795254, -0.13635585731754474, 0.6603762041966925, -0.16644739064327485, 0.8093351774867339, -0.19034956537818792, -0.33765099381775454, 0.14427754054549724, 0.6908872981882266, 0.7220286235061439, 0.19137623413666893, -0.8306767779591795, 0.19453321463834983, -0.5090925828337958, 0.46518689717993555, 0.7893025846334776, 0.0294679418262902, 0.20712702072041278, -0.8698643752343853, 0.08014945928561268, -0.7416264326591246, 0.22912569270066396, -0.2726993059103242, 0.5355160686614915, -0.902931727160895, -0.7803637637643119, 0.36804643024725525, 0.029307394167312983, 0.1432827432294983, 0.6874139879813108, -0.024524721700651453, 0.6202888442522898, 0.020487258589880097, 0.8534413864805024, 0.333855543079252, -0.7025463211318861, -0.27089364934848836, 0.7315498318881986, -0.29942957828896866, -0.6219484810876903, -0.0547573816684539, -0.21443765035574014, 0.23785985328818726, -0.12646741612097356, -0.47815568541100895, -0.17505557667448635, -0.16193193089539926, 0.8048437117522818, 0.9592325240809707, 0.24713767881382775, -0.8336317548582777, 0.46599743519199, 0.357370804957968, 0.6520457340504391, -0.3050973265778887, -0.8822398116837538, 0.2236436329105842, -0.751970763373456, 0.5190590583266628, 0.5888466351532844, -0.18274642650020412, 0.8875950117660911, -0.6524404124894483, 0.8851716994539605]",rhc,relu,False,False,100,[10],0.1,100,6
619,19,0.07618380000349134,1.8372015397170167,921.0,100,15,"[0.9340596780273533, 0.09446449835144466, 0.9453687199297687, 0.4296319873487293, 0.3954576491945416, -0.5678210088392472, 0.9525489095524835, -0.9875394895908203, -0.4940352752331121, -0.13041693519110842, 0.5587658435875049, -0.6046298507994938, 0.7259864711984445, 0.9668013543506255, -0.6723155171906026, 0.19466788786571843, -0.98202780466489, -0.22685743471274122, -0.9116798841370009, 0.9133059354284718, -0.1277067062404047, 0.8979546135631256, 0.5726119718701219, 0.7325785971633969, -0.6536691570081037, -0.850102825973786, 0.2014854427555386, -0.6640556325631923, 0.4667603350211398, -0.18311227969597055, 0.05581764683584067, 0.875143167901884, 0.043392244889916, -0.7836132342255386, -0.6835531856304011, 0.09040530340642561, 0.04880816013694678, 0.2752204882519873, -0.1970091128194542, 0.2996102180386846, -0.20619999419653467, 0.24783222709644614, 0.5348099341802477, -0.6420521799177383, -0.24884846282491524, 0.005066118653868745, 0.3733341598326916, -0.4926407026772337, 0.10948172588511706, 0.24986168812819542, 0.7910023321122921, -0.27429282313374714, 0.2751141460374733, -0.6171071957620733, -0.004411770765388567, -0.6351091908575863, 0.8367660782795254, -0.13635585731754474, 0.6603762041966925, -0.16644739064327485, 0.8093351774867339, -0.19034956537818792, -0.33765099381775454, 0.14427754054549724, 0.6908872981882266, 0.7220286235061439, 0.19137623413666893, -0.8306767779591795, 0.19453321463834983, -0.5090925828337958, 0.46518689717993555, 0.7893025846334776, 0.0294679418262902, 0.20712702072041278, -0.8698643752343853, 0.08014945928561268, -0.7416264326591246, 0.22912569270066396, -0.2726993059103242, 0.5355160686614915, -0.902931727160895, -0.7803637637643119, 0.36804643024725525, 0.029307394167312983, 0.1432827432294983, 0.6874139879813108, -0.024524721700651453, 0.6202888442522898, 0.020487258589880097, 0.8534413864805024, 0.333855543079252, -0.7025463211318861, -0.27089364934848836, 0.7315498318881986, -0.29942957828896866, -0.6219484810876903, -0.0547573816684539, -0.21443765035574014, 0.23785985328818726, -0.12646741612097356, -0.47815568541100895, -0.17505557667448635, -0.16193193089539926, 0.8048437117522818, 0.9592325240809707, 0.24713767881382775, -0.8336317548582777, 0.46599743519199, 0.357370804957968, 0.6520457340504391, -0.3050973265778887, -0.8822398116837538, 0.2236436329105842, -0.751970763373456, 0.5190590583266628, 0.5888466351532844, -0.18274642650020412, 0.8875950117660911, -0.6524404124894483, 0.8851716994539605]",rhc,relu,False,False,100,[10],0.1,100,6
620,20,0.07762070000171661,1.8372015397170167,922.0,100,15,"[0.9340596780273533, 0.09446449835144466, 0.9453687199297687, 0.4296319873487293, 0.3954576491945416, -0.5678210088392472, 0.9525489095524835, -0.9875394895908203, -0.4940352752331121, -0.13041693519110842, 0.5587658435875049, -0.6046298507994938, 0.7259864711984445, 0.9668013543506255, -0.6723155171906026, 0.19466788786571843, -0.98202780466489, -0.22685743471274122, -0.9116798841370009, 0.9133059354284718, -0.1277067062404047, 0.8979546135631256, 0.5726119718701219, 0.7325785971633969, -0.6536691570081037, -0.850102825973786, 0.2014854427555386, -0.6640556325631923, 0.4667603350211398, -0.18311227969597055, 0.05581764683584067, 0.875143167901884, 0.043392244889916, -0.7836132342255386, -0.6835531856304011, 0.09040530340642561, 0.04880816013694678, 0.2752204882519873, -0.1970091128194542, 0.2996102180386846, -0.20619999419653467, 0.24783222709644614, 0.5348099341802477, -0.6420521799177383, -0.24884846282491524, 0.005066118653868745, 0.3733341598326916, -0.4926407026772337, 0.10948172588511706, 0.24986168812819542, 0.7910023321122921, -0.27429282313374714, 0.2751141460374733, -0.6171071957620733, -0.004411770765388567, -0.6351091908575863, 0.8367660782795254, -0.13635585731754474, 0.6603762041966925, -0.16644739064327485, 0.8093351774867339, -0.19034956537818792, -0.33765099381775454, 0.14427754054549724, 0.6908872981882266, 0.7220286235061439, 0.19137623413666893, -0.8306767779591795, 0.19453321463834983, -0.5090925828337958, 0.46518689717993555, 0.7893025846334776, 0.0294679418262902, 0.20712702072041278, -0.8698643752343853, 0.08014945928561268, -0.7416264326591246, 0.22912569270066396, -0.2726993059103242, 0.5355160686614915, -0.902931727160895, -0.7803637637643119, 0.36804643024725525, 0.029307394167312983, 0.1432827432294983, 0.6874139879813108, -0.024524721700651453, 0.6202888442522898, 0.020487258589880097, 0.8534413864805024, 0.333855543079252, -0.7025463211318861, -0.27089364934848836, 0.7315498318881986, -0.29942957828896866, -0.6219484810876903, -0.0547573816684539, -0.21443765035574014, 0.23785985328818726, -0.12646741612097356, -0.47815568541100895, -0.17505557667448635, -0.16193193089539926, 0.8048437117522818, 0.9592325240809707, 0.24713767881382775, -0.8336317548582777, 0.46599743519199, 0.357370804957968, 0.6520457340504391, -0.3050973265778887, -0.8822398116837538, 0.2236436329105842, -0.751970763373456, 0.5190590583266628, 0.5888466351532844, -0.18274642650020412, 0.8875950117660911, -0.6524404124894483, 0.8851716994539605]",rhc,relu,False,False,100,[10],0.1,100,6
621,21,0.07905250007752329,1.8343202031514074,924.0,100,15,"[0.9340596780273533, 0.09446449835144466, 0.9453687199297687, 0.4296319873487293, 0.3954576491945416, -0.5678210088392472, 0.9525489095524835, -0.9875394895908203, -0.4940352752331121, -0.13041693519110842, 0.5587658435875049, -0.6046298507994938, 0.7259864711984445, 0.9668013543506255, -0.6723155171906026, 0.19466788786571843, -0.98202780466489, -0.22685743471274122, -0.9116798841370009, 0.9133059354284718, -0.1277067062404047, 0.8979546135631256, 0.5726119718701219, 0.7325785971633969, -0.6536691570081037, -0.850102825973786, 0.2014854427555386, -0.6640556325631923, 0.4667603350211398, -0.18311227969597055, 0.05581764683584067, 0.875143167901884, 0.043392244889916, -0.7836132342255386, -0.6835531856304011, 0.09040530340642561, 0.04880816013694678, 0.2752204882519873, -0.1970091128194542, 0.2996102180386846, -0.20619999419653467, 0.24783222709644614, 0.5348099341802477, -0.6420521799177383, -0.24884846282491524, 0.005066118653868745, 0.3733341598326916, -0.4926407026772337, 0.10948172588511706, 0.24986168812819542, 0.7910023321122921, -0.27429282313374714, 0.2751141460374733, -0.6171071957620733, -0.004411770765388567, -0.6351091908575863, 0.8367660782795254, -0.13635585731754474, 0.6603762041966925, -0.16644739064327485, 0.8093351774867339, -0.19034956537818792, -0.33765099381775454, 0.14427754054549724, 0.6908872981882266, 0.7220286235061439, 0.19137623413666893, -0.8306767779591795, 0.19453321463834983, -0.5090925828337958, 0.46518689717993555, 0.7893025846334776, 0.0294679418262902, 0.20712702072041278, -0.8698643752343853, 0.08014945928561268, -0.7416264326591246, 0.22912569270066396, -0.2726993059103242, 0.5355160686614915, -0.902931727160895, -0.7803637637643119, 0.36804643024725525, 0.029307394167312983, 0.1432827432294983, 0.6874139879813108, -0.024524721700651453, 0.6202888442522898, 0.020487258589880097, 0.8534413864805024, 0.333855543079252, -0.7025463211318861, -0.27089364934848836, 0.7315498318881986, -0.29942957828896866, -0.6219484810876903, -0.0547573816684539, -0.21443765035574014, 0.23785985328818726, -0.12646741612097356, -0.47815568541100895, -0.17505557667448635, -0.16193193089539926, 0.8048437117522818, 0.9592325240809707, 0.24713767881382775, -0.8336317548582777, 0.46599743519199, 0.357370804957968, 0.6520457340504391, -0.3050973265778887, -0.8822398116837538, 0.2236436329105842, -0.751970763373456, 0.5190590583266628, 0.5888466351532844, -0.18274642650020412, 0.8875950117660911, -0.6524404124894483, 0.8851716994539605]",rhc,relu,False,False,100,[10],0.1,100,6
622,22,0.08195150003302842,1.8343202031514074,925.0,100,15,"[0.9340596780273533, 0.09446449835144466, 0.9453687199297687, 0.4296319873487293, 0.3954576491945416, -0.5678210088392472, 0.9525489095524835, -0.9875394895908203, -0.4940352752331121, -0.13041693519110842, 0.5587658435875049, -0.6046298507994938, 0.7259864711984445, 0.9668013543506255, -0.6723155171906026, 0.19466788786571843, -0.98202780466489, -0.22685743471274122, -0.9116798841370009, 0.9133059354284718, -0.1277067062404047, 0.8979546135631256, 0.5726119718701219, 0.7325785971633969, -0.6536691570081037, -0.850102825973786, 0.2014854427555386, -0.6640556325631923, 0.4667603350211398, -0.18311227969597055, 0.05581764683584067, 0.875143167901884, 0.043392244889916, -0.7836132342255386, -0.6835531856304011, 0.09040530340642561, 0.04880816013694678, 0.2752204882519873, -0.1970091128194542, 0.2996102180386846, -0.20619999419653467, 0.24783222709644614, 0.5348099341802477, -0.6420521799177383, -0.24884846282491524, 0.005066118653868745, 0.3733341598326916, -0.4926407026772337, 0.10948172588511706, 0.24986168812819542, 0.7910023321122921, -0.27429282313374714, 0.2751141460374733, -0.6171071957620733, -0.004411770765388567, -0.6351091908575863, 0.8367660782795254, -0.13635585731754474, 0.6603762041966925, -0.16644739064327485, 0.8093351774867339, -0.19034956537818792, -0.33765099381775454, 0.14427754054549724, 0.6908872981882266, 0.7220286235061439, 0.19137623413666893, -0.8306767779591795, 0.19453321463834983, -0.5090925828337958, 0.46518689717993555, 0.7893025846334776, 0.0294679418262902, 0.20712702072041278, -0.8698643752343853, 0.08014945928561268, -0.7416264326591246, 0.22912569270066396, -0.2726993059103242, 0.5355160686614915, -0.902931727160895, -0.7803637637643119, 0.36804643024725525, 0.029307394167312983, 0.1432827432294983, 0.6874139879813108, -0.024524721700651453, 0.6202888442522898, 0.020487258589880097, 0.8534413864805024, 0.333855543079252, -0.7025463211318861, -0.27089364934848836, 0.7315498318881986, -0.29942957828896866, -0.6219484810876903, -0.0547573816684539, -0.21443765035574014, 0.23785985328818726, -0.12646741612097356, -0.47815568541100895, -0.17505557667448635, -0.16193193089539926, 0.8048437117522818, 0.9592325240809707, 0.24713767881382775, -0.8336317548582777, 0.46599743519199, 0.357370804957968, 0.6520457340504391, -0.3050973265778887, -0.8822398116837538, 0.2236436329105842, -0.751970763373456, 0.5190590583266628, 0.5888466351532844, -0.18274642650020412, 0.8875950117660911, -0.6524404124894483, 0.8851716994539605]",rhc,relu,False,False,100,[10],0.1,100,6
623,23,0.08453910006210208,1.8108445785432394,927.0,100,15,"[0.9340596780273533, 0.09446449835144466, 0.9453687199297687, 0.4296319873487293, 0.3954576491945416, -0.5678210088392472, 0.9525489095524835, -0.9875394895908203, -0.4940352752331121, -0.13041693519110842, 0.5587658435875049, -0.6046298507994938, 0.7259864711984445, 0.9668013543506255, -0.6723155171906026, 0.19466788786571843, -0.98202780466489, -0.22685743471274122, -0.9116798841370009, 0.9133059354284718, -0.1277067062404047, 0.8979546135631256, 0.5726119718701219, 0.7325785971633969, -0.6536691570081037, -0.850102825973786, 0.2014854427555386, -0.6640556325631923, 0.4667603350211398, -0.18311227969597055, 0.05581764683584067, 0.875143167901884, 0.043392244889916, -0.7836132342255386, -0.6835531856304011, 0.09040530340642561, 0.04880816013694678, 0.2752204882519873, -0.1970091128194542, 0.2996102180386846, -0.20619999419653467, 0.24783222709644614, 0.5348099341802477, -0.6420521799177383, -0.24884846282491524, 0.005066118653868745, 0.3733341598326916, -0.4926407026772337, 0.10948172588511706, 0.24986168812819542, 0.7910023321122921, -0.27429282313374714, 0.2751141460374733, -0.6171071957620733, -0.004411770765388567, -0.6351091908575863, 0.8367660782795254, -0.13635585731754474, 0.6603762041966925, -0.16644739064327485, 0.8093351774867339, -0.19034956537818792, -0.33765099381775454, 0.14427754054549724, 0.6908872981882266, 0.7220286235061439, 0.19137623413666893, -0.8306767779591795, 0.19453321463834983, -0.5090925828337958, 0.46518689717993555, 0.7893025846334776, 0.0294679418262902, 0.20712702072041278, -0.8698643752343853, 0.08014945928561268, -0.7416264326591246, 0.22912569270066396, -0.2726993059103242, 0.5355160686614915, -0.902931727160895, -0.7803637637643119, 0.36804643024725525, 0.029307394167312983, 0.1432827432294983, 0.6874139879813108, -0.024524721700651453, 0.6202888442522898, 0.020487258589880097, 0.8534413864805024, 0.333855543079252, -0.7025463211318861, -0.27089364934848836, 0.7315498318881986, -0.29942957828896866, -0.6219484810876903, -0.0547573816684539, -0.21443765035574014, 0.23785985328818726, -0.12646741612097356, -0.47815568541100895, -0.17505557667448635, -0.16193193089539926, 0.8048437117522818, 0.9592325240809707, 0.24713767881382775, -0.8336317548582777, 0.46599743519199, 0.357370804957968, 0.6520457340504391, -0.3050973265778887, -0.8822398116837538, 0.2236436329105842, -0.751970763373456, 0.5190590583266628, 0.5888466351532844, -0.18274642650020412, 0.8875950117660911, -0.6524404124894483, 0.8851716994539605]",rhc,relu,False,False,100,[10],0.1,100,6
624,24,0.08600310003384948,1.8108445785432394,928.0,100,15,"[0.9340596780273533, 0.09446449835144466, 0.9453687199297687, 0.4296319873487293, 0.3954576491945416, -0.5678210088392472, 0.9525489095524835, -0.9875394895908203, -0.4940352752331121, -0.13041693519110842, 0.5587658435875049, -0.6046298507994938, 0.7259864711984445, 0.9668013543506255, -0.6723155171906026, 0.19466788786571843, -0.98202780466489, -0.22685743471274122, -0.9116798841370009, 0.9133059354284718, -0.1277067062404047, 0.8979546135631256, 0.5726119718701219, 0.7325785971633969, -0.6536691570081037, -0.850102825973786, 0.2014854427555386, -0.6640556325631923, 0.4667603350211398, -0.18311227969597055, 0.05581764683584067, 0.875143167901884, 0.043392244889916, -0.7836132342255386, -0.6835531856304011, 0.09040530340642561, 0.04880816013694678, 0.2752204882519873, -0.1970091128194542, 0.2996102180386846, -0.20619999419653467, 0.24783222709644614, 0.5348099341802477, -0.6420521799177383, -0.24884846282491524, 0.005066118653868745, 0.3733341598326916, -0.4926407026772337, 0.10948172588511706, 0.24986168812819542, 0.7910023321122921, -0.27429282313374714, 0.2751141460374733, -0.6171071957620733, -0.004411770765388567, -0.6351091908575863, 0.8367660782795254, -0.13635585731754474, 0.6603762041966925, -0.16644739064327485, 0.8093351774867339, -0.19034956537818792, -0.33765099381775454, 0.14427754054549724, 0.6908872981882266, 0.7220286235061439, 0.19137623413666893, -0.8306767779591795, 0.19453321463834983, -0.5090925828337958, 0.46518689717993555, 0.7893025846334776, 0.0294679418262902, 0.20712702072041278, -0.8698643752343853, 0.08014945928561268, -0.7416264326591246, 0.22912569270066396, -0.2726993059103242, 0.5355160686614915, -0.902931727160895, -0.7803637637643119, 0.36804643024725525, 0.029307394167312983, 0.1432827432294983, 0.6874139879813108, -0.024524721700651453, 0.6202888442522898, 0.020487258589880097, 0.8534413864805024, 0.333855543079252, -0.7025463211318861, -0.27089364934848836, 0.7315498318881986, -0.29942957828896866, -0.6219484810876903, -0.0547573816684539, -0.21443765035574014, 0.23785985328818726, -0.12646741612097356, -0.47815568541100895, -0.17505557667448635, -0.16193193089539926, 0.8048437117522818, 0.9592325240809707, 0.24713767881382775, -0.8336317548582777, 0.46599743519199, 0.357370804957968, 0.6520457340504391, -0.3050973265778887, -0.8822398116837538, 0.2236436329105842, -0.751970763373456, 0.5190590583266628, 0.5888466351532844, -0.18274642650020412, 0.8875950117660911, -0.6524404124894483, 0.8851716994539605]",rhc,relu,False,False,100,[10],0.1,100,6
625,25,0.08905609999783337,1.80878848030377,930.0,100,15,"[0.9340596780273533, 0.09446449835144466, 0.9453687199297687, 0.4296319873487293, 0.3954576491945416, -0.5678210088392472, 0.9525489095524835, -0.9875394895908203, -0.4940352752331121, -0.13041693519110842, 0.5587658435875049, -0.6046298507994938, 0.7259864711984445, 0.9668013543506255, -0.6723155171906026, 0.19466788786571843, -0.98202780466489, -0.22685743471274122, -0.9116798841370009, 0.9133059354284718, -0.1277067062404047, 0.8979546135631256, 0.5726119718701219, 0.7325785971633969, -0.6536691570081037, -0.850102825973786, 0.2014854427555386, -0.6640556325631923, 0.4667603350211398, -0.18311227969597055, 0.05581764683584067, 0.875143167901884, 0.043392244889916, -0.7836132342255386, -0.6835531856304011, 0.09040530340642561, 0.04880816013694678, 0.2752204882519873, -0.1970091128194542, 0.2996102180386846, -0.20619999419653467, 0.24783222709644614, 0.5348099341802477, -0.6420521799177383, -0.24884846282491524, 0.005066118653868745, 0.3733341598326916, -0.4926407026772337, 0.10948172588511706, 0.24986168812819542, 0.7910023321122921, -0.27429282313374714, 0.2751141460374733, -0.6171071957620733, -0.004411770765388567, -0.6351091908575863, 0.8367660782795254, -0.13635585731754474, 0.6603762041966925, -0.16644739064327485, 0.8093351774867339, -0.19034956537818792, -0.33765099381775454, 0.14427754054549724, 0.6908872981882266, 0.7220286235061439, 0.19137623413666893, -0.8306767779591795, 0.19453321463834983, -0.5090925828337958, 0.46518689717993555, 0.7893025846334776, 0.0294679418262902, 0.20712702072041278, -0.8698643752343853, 0.08014945928561268, -0.7416264326591246, 0.22912569270066396, -0.2726993059103242, 0.5355160686614915, -0.902931727160895, -0.7803637637643119, 0.36804643024725525, 0.029307394167312983, 0.1432827432294983, 0.6874139879813108, -0.024524721700651453, 0.6202888442522898, 0.020487258589880097, 0.8534413864805024, 0.333855543079252, -0.7025463211318861, -0.27089364934848836, 0.7315498318881986, -0.29942957828896866, -0.6219484810876903, -0.0547573816684539, -0.21443765035574014, 0.23785985328818726, -0.12646741612097356, -0.47815568541100895, -0.17505557667448635, -0.16193193089539926, 0.8048437117522818, 0.9592325240809707, 0.24713767881382775, -0.8336317548582777, 0.46599743519199, 0.357370804957968, 0.6520457340504391, -0.3050973265778887, -0.8822398116837538, 0.2236436329105842, -0.751970763373456, 0.5190590583266628, 0.5888466351532844, -0.18274642650020412, 0.8875950117660911, -0.6524404124894483, 0.8851716994539605]",rhc,relu,False,False,100,[10],0.1,100,6
626,26,0.09043240000028163,1.8057672855188178,932.0,100,15,"[0.9340596780273533, 0.09446449835144466, 0.9453687199297687, 0.4296319873487293, 0.3954576491945416, -0.5678210088392472, 0.9525489095524835, -0.9875394895908203, -0.4940352752331121, -0.13041693519110842, 0.5587658435875049, -0.6046298507994938, 0.7259864711984445, 0.9668013543506255, -0.6723155171906026, 0.19466788786571843, -0.98202780466489, -0.22685743471274122, -0.9116798841370009, 0.9133059354284718, -0.1277067062404047, 0.8979546135631256, 0.5726119718701219, 0.7325785971633969, -0.6536691570081037, -0.850102825973786, 0.2014854427555386, -0.6640556325631923, 0.4667603350211398, -0.18311227969597055, 0.05581764683584067, 0.875143167901884, 0.043392244889916, -0.7836132342255386, -0.6835531856304011, 0.09040530340642561, 0.04880816013694678, 0.2752204882519873, -0.1970091128194542, 0.2996102180386846, -0.20619999419653467, 0.24783222709644614, 0.5348099341802477, -0.6420521799177383, -0.24884846282491524, 0.005066118653868745, 0.3733341598326916, -0.4926407026772337, 0.10948172588511706, 0.24986168812819542, 0.7910023321122921, -0.27429282313374714, 0.2751141460374733, -0.6171071957620733, -0.004411770765388567, -0.6351091908575863, 0.8367660782795254, -0.13635585731754474, 0.6603762041966925, -0.16644739064327485, 0.8093351774867339, -0.19034956537818792, -0.33765099381775454, 0.14427754054549724, 0.6908872981882266, 0.7220286235061439, 0.19137623413666893, -0.8306767779591795, 0.19453321463834983, -0.5090925828337958, 0.46518689717993555, 0.7893025846334776, 0.0294679418262902, 0.20712702072041278, -0.8698643752343853, 0.08014945928561268, -0.7416264326591246, 0.22912569270066396, -0.2726993059103242, 0.5355160686614915, -0.902931727160895, -0.7803637637643119, 0.36804643024725525, 0.029307394167312983, 0.1432827432294983, 0.6874139879813108, -0.024524721700651453, 0.6202888442522898, 0.020487258589880097, 0.8534413864805024, 0.333855543079252, -0.7025463211318861, -0.27089364934848836, 0.7315498318881986, -0.29942957828896866, -0.6219484810876903, -0.0547573816684539, -0.21443765035574014, 0.23785985328818726, -0.12646741612097356, -0.47815568541100895, -0.17505557667448635, -0.16193193089539926, 0.8048437117522818, 0.9592325240809707, 0.24713767881382775, -0.8336317548582777, 0.46599743519199, 0.357370804957968, 0.6520457340504391, -0.3050973265778887, -0.8822398116837538, 0.2236436329105842, -0.751970763373456, 0.5190590583266628, 0.5888466351532844, -0.18274642650020412, 0.8875950117660911, -0.6524404124894483, 0.8851716994539605]",rhc,relu,False,False,100,[10],0.1,100,6
627,27,0.09306690003722906,1.798074012926915,934.0,100,15,"[0.9340596780273533, 0.09446449835144466, 0.9453687199297687, 0.4296319873487293, 0.3954576491945416, -0.5678210088392472, 0.9525489095524835, -0.9875394895908203, -0.4940352752331121, -0.13041693519110842, 0.5587658435875049, -0.6046298507994938, 0.7259864711984445, 0.9668013543506255, -0.6723155171906026, 0.19466788786571843, -0.98202780466489, -0.22685743471274122, -0.9116798841370009, 0.9133059354284718, -0.1277067062404047, 0.8979546135631256, 0.5726119718701219, 0.7325785971633969, -0.6536691570081037, -0.850102825973786, 0.2014854427555386, -0.6640556325631923, 0.4667603350211398, -0.18311227969597055, 0.05581764683584067, 0.875143167901884, 0.043392244889916, -0.7836132342255386, -0.6835531856304011, 0.09040530340642561, 0.04880816013694678, 0.2752204882519873, -0.1970091128194542, 0.2996102180386846, -0.20619999419653467, 0.24783222709644614, 0.5348099341802477, -0.6420521799177383, -0.24884846282491524, 0.005066118653868745, 0.3733341598326916, -0.4926407026772337, 0.10948172588511706, 0.24986168812819542, 0.7910023321122921, -0.27429282313374714, 0.2751141460374733, -0.6171071957620733, -0.004411770765388567, -0.6351091908575863, 0.8367660782795254, -0.13635585731754474, 0.6603762041966925, -0.16644739064327485, 0.8093351774867339, -0.19034956537818792, -0.33765099381775454, 0.14427754054549724, 0.6908872981882266, 0.7220286235061439, 0.19137623413666893, -0.8306767779591795, 0.19453321463834983, -0.5090925828337958, 0.46518689717993555, 0.7893025846334776, 0.0294679418262902, 0.20712702072041278, -0.8698643752343853, 0.08014945928561268, -0.7416264326591246, 0.22912569270066396, -0.2726993059103242, 0.5355160686614915, -0.902931727160895, -0.7803637637643119, 0.36804643024725525, 0.029307394167312983, 0.1432827432294983, 0.6874139879813108, -0.024524721700651453, 0.6202888442522898, 0.020487258589880097, 0.8534413864805024, 0.333855543079252, -0.7025463211318861, -0.27089364934848836, 0.7315498318881986, -0.29942957828896866, -0.6219484810876903, -0.0547573816684539, -0.21443765035574014, 0.23785985328818726, -0.12646741612097356, -0.47815568541100895, -0.17505557667448635, -0.16193193089539926, 0.8048437117522818, 0.9592325240809707, 0.24713767881382775, -0.8336317548582777, 0.46599743519199, 0.357370804957968, 0.6520457340504391, -0.3050973265778887, -0.8822398116837538, 0.2236436329105842, -0.751970763373456, 0.5190590583266628, 0.5888466351532844, -0.18274642650020412, 0.8875950117660911, -0.6524404124894483, 0.8851716994539605]",rhc,relu,False,False,100,[10],0.1,100,6
628,28,0.0945393000729382,1.798074012926915,935.0,100,15,"[0.9340596780273533, 0.09446449835144466, 0.9453687199297687, 0.4296319873487293, 0.3954576491945416, -0.5678210088392472, 0.9525489095524835, -0.9875394895908203, -0.4940352752331121, -0.13041693519110842, 0.5587658435875049, -0.6046298507994938, 0.7259864711984445, 0.9668013543506255, -0.6723155171906026, 0.19466788786571843, -0.98202780466489, -0.22685743471274122, -0.9116798841370009, 0.9133059354284718, -0.1277067062404047, 0.8979546135631256, 0.5726119718701219, 0.7325785971633969, -0.6536691570081037, -0.850102825973786, 0.2014854427555386, -0.6640556325631923, 0.4667603350211398, -0.18311227969597055, 0.05581764683584067, 0.875143167901884, 0.043392244889916, -0.7836132342255386, -0.6835531856304011, 0.09040530340642561, 0.04880816013694678, 0.2752204882519873, -0.1970091128194542, 0.2996102180386846, -0.20619999419653467, 0.24783222709644614, 0.5348099341802477, -0.6420521799177383, -0.24884846282491524, 0.005066118653868745, 0.3733341598326916, -0.4926407026772337, 0.10948172588511706, 0.24986168812819542, 0.7910023321122921, -0.27429282313374714, 0.2751141460374733, -0.6171071957620733, -0.004411770765388567, -0.6351091908575863, 0.8367660782795254, -0.13635585731754474, 0.6603762041966925, -0.16644739064327485, 0.8093351774867339, -0.19034956537818792, -0.33765099381775454, 0.14427754054549724, 0.6908872981882266, 0.7220286235061439, 0.19137623413666893, -0.8306767779591795, 0.19453321463834983, -0.5090925828337958, 0.46518689717993555, 0.7893025846334776, 0.0294679418262902, 0.20712702072041278, -0.8698643752343853, 0.08014945928561268, -0.7416264326591246, 0.22912569270066396, -0.2726993059103242, 0.5355160686614915, -0.902931727160895, -0.7803637637643119, 0.36804643024725525, 0.029307394167312983, 0.1432827432294983, 0.6874139879813108, -0.024524721700651453, 0.6202888442522898, 0.020487258589880097, 0.8534413864805024, 0.333855543079252, -0.7025463211318861, -0.27089364934848836, 0.7315498318881986, -0.29942957828896866, -0.6219484810876903, -0.0547573816684539, -0.21443765035574014, 0.23785985328818726, -0.12646741612097356, -0.47815568541100895, -0.17505557667448635, -0.16193193089539926, 0.8048437117522818, 0.9592325240809707, 0.24713767881382775, -0.8336317548582777, 0.46599743519199, 0.357370804957968, 0.6520457340504391, -0.3050973265778887, -0.8822398116837538, 0.2236436329105842, -0.751970763373456, 0.5190590583266628, 0.5888466351532844, -0.18274642650020412, 0.8875950117660911, -0.6524404124894483, 0.8851716994539605]",rhc,relu,False,False,100,[10],0.1,100,6
629,29,0.09622690000105649,1.7801705773464982,937.0,100,15,"[0.9340596780273533, 0.09446449835144466, 0.9453687199297687, 0.4296319873487293, 0.3954576491945416, -0.5678210088392472, 0.9525489095524835, -0.9875394895908203, -0.4940352752331121, -0.13041693519110842, 0.5587658435875049, -0.6046298507994938, 0.7259864711984445, 0.9668013543506255, -0.6723155171906026, 0.19466788786571843, -0.98202780466489, -0.22685743471274122, -0.9116798841370009, 0.9133059354284718, -0.1277067062404047, 0.8979546135631256, 0.5726119718701219, 0.7325785971633969, -0.6536691570081037, -0.850102825973786, 0.2014854427555386, -0.6640556325631923, 0.4667603350211398, -0.18311227969597055, 0.05581764683584067, 0.875143167901884, 0.043392244889916, -0.7836132342255386, -0.6835531856304011, 0.09040530340642561, 0.04880816013694678, 0.2752204882519873, -0.1970091128194542, 0.2996102180386846, -0.20619999419653467, 0.24783222709644614, 0.5348099341802477, -0.6420521799177383, -0.24884846282491524, 0.005066118653868745, 0.3733341598326916, -0.4926407026772337, 0.10948172588511706, 0.24986168812819542, 0.7910023321122921, -0.27429282313374714, 0.2751141460374733, -0.6171071957620733, -0.004411770765388567, -0.6351091908575863, 0.8367660782795254, -0.13635585731754474, 0.6603762041966925, -0.16644739064327485, 0.8093351774867339, -0.19034956537818792, -0.33765099381775454, 0.14427754054549724, 0.6908872981882266, 0.7220286235061439, 0.19137623413666893, -0.8306767779591795, 0.19453321463834983, -0.5090925828337958, 0.46518689717993555, 0.7893025846334776, 0.0294679418262902, 0.20712702072041278, -0.8698643752343853, 0.08014945928561268, -0.7416264326591246, 0.22912569270066396, -0.2726993059103242, 0.5355160686614915, -0.902931727160895, -0.7803637637643119, 0.36804643024725525, 0.029307394167312983, 0.1432827432294983, 0.6874139879813108, -0.024524721700651453, 0.6202888442522898, 0.020487258589880097, 0.8534413864805024, 0.333855543079252, -0.7025463211318861, -0.27089364934848836, 0.7315498318881986, -0.29942957828896866, -0.6219484810876903, -0.0547573816684539, -0.21443765035574014, 0.23785985328818726, -0.12646741612097356, -0.47815568541100895, -0.17505557667448635, -0.16193193089539926, 0.8048437117522818, 0.9592325240809707, 0.24713767881382775, -0.8336317548582777, 0.46599743519199, 0.357370804957968, 0.6520457340504391, -0.3050973265778887, -0.8822398116837538, 0.2236436329105842, -0.751970763373456, 0.5190590583266628, 0.5888466351532844, -0.18274642650020412, 0.8875950117660911, -0.6524404124894483, 0.8851716994539605]",rhc,relu,False,False,100,[10],0.1,100,6
630,30,0.09977780003100634,1.7801705773464982,938.0,100,15,"[0.9340596780273533, 0.09446449835144466, 0.9453687199297687, 0.4296319873487293, 0.3954576491945416, -0.5678210088392472, 0.9525489095524835, -0.9875394895908203, -0.4940352752331121, -0.13041693519110842, 0.5587658435875049, -0.6046298507994938, 0.7259864711984445, 0.9668013543506255, -0.6723155171906026, 0.19466788786571843, -0.98202780466489, -0.22685743471274122, -0.9116798841370009, 0.9133059354284718, -0.1277067062404047, 0.8979546135631256, 0.5726119718701219, 0.7325785971633969, -0.6536691570081037, -0.850102825973786, 0.2014854427555386, -0.6640556325631923, 0.4667603350211398, -0.18311227969597055, 0.05581764683584067, 0.875143167901884, 0.043392244889916, -0.7836132342255386, -0.6835531856304011, 0.09040530340642561, 0.04880816013694678, 0.2752204882519873, -0.1970091128194542, 0.2996102180386846, -0.20619999419653467, 0.24783222709644614, 0.5348099341802477, -0.6420521799177383, -0.24884846282491524, 0.005066118653868745, 0.3733341598326916, -0.4926407026772337, 0.10948172588511706, 0.24986168812819542, 0.7910023321122921, -0.27429282313374714, 0.2751141460374733, -0.6171071957620733, -0.004411770765388567, -0.6351091908575863, 0.8367660782795254, -0.13635585731754474, 0.6603762041966925, -0.16644739064327485, 0.8093351774867339, -0.19034956537818792, -0.33765099381775454, 0.14427754054549724, 0.6908872981882266, 0.7220286235061439, 0.19137623413666893, -0.8306767779591795, 0.19453321463834983, -0.5090925828337958, 0.46518689717993555, 0.7893025846334776, 0.0294679418262902, 0.20712702072041278, -0.8698643752343853, 0.08014945928561268, -0.7416264326591246, 0.22912569270066396, -0.2726993059103242, 0.5355160686614915, -0.902931727160895, -0.7803637637643119, 0.36804643024725525, 0.029307394167312983, 0.1432827432294983, 0.6874139879813108, -0.024524721700651453, 0.6202888442522898, 0.020487258589880097, 0.8534413864805024, 0.333855543079252, -0.7025463211318861, -0.27089364934848836, 0.7315498318881986, -0.29942957828896866, -0.6219484810876903, -0.0547573816684539, -0.21443765035574014, 0.23785985328818726, -0.12646741612097356, -0.47815568541100895, -0.17505557667448635, -0.16193193089539926, 0.8048437117522818, 0.9592325240809707, 0.24713767881382775, -0.8336317548582777, 0.46599743519199, 0.357370804957968, 0.6520457340504391, -0.3050973265778887, -0.8822398116837538, 0.2236436329105842, -0.751970763373456, 0.5190590583266628, 0.5888466351532844, -0.18274642650020412, 0.8875950117660911, -0.6524404124894483, 0.8851716994539605]",rhc,relu,False,False,100,[10],0.1,100,6
631,31,0.10406230005901307,1.7801705773464982,939.0,100,15,"[0.9340596780273533, 0.09446449835144466, 0.9453687199297687, 0.4296319873487293, 0.3954576491945416, -0.5678210088392472, 0.9525489095524835, -0.9875394895908203, -0.4940352752331121, -0.13041693519110842, 0.5587658435875049, -0.6046298507994938, 0.7259864711984445, 0.9668013543506255, -0.6723155171906026, 0.19466788786571843, -0.98202780466489, -0.22685743471274122, -0.9116798841370009, 0.9133059354284718, -0.1277067062404047, 0.8979546135631256, 0.5726119718701219, 0.7325785971633969, -0.6536691570081037, -0.850102825973786, 0.2014854427555386, -0.6640556325631923, 0.4667603350211398, -0.18311227969597055, 0.05581764683584067, 0.875143167901884, 0.043392244889916, -0.7836132342255386, -0.6835531856304011, 0.09040530340642561, 0.04880816013694678, 0.2752204882519873, -0.1970091128194542, 0.2996102180386846, -0.20619999419653467, 0.24783222709644614, 0.5348099341802477, -0.6420521799177383, -0.24884846282491524, 0.005066118653868745, 0.3733341598326916, -0.4926407026772337, 0.10948172588511706, 0.24986168812819542, 0.7910023321122921, -0.27429282313374714, 0.2751141460374733, -0.6171071957620733, -0.004411770765388567, -0.6351091908575863, 0.8367660782795254, -0.13635585731754474, 0.6603762041966925, -0.16644739064327485, 0.8093351774867339, -0.19034956537818792, -0.33765099381775454, 0.14427754054549724, 0.6908872981882266, 0.7220286235061439, 0.19137623413666893, -0.8306767779591795, 0.19453321463834983, -0.5090925828337958, 0.46518689717993555, 0.7893025846334776, 0.0294679418262902, 0.20712702072041278, -0.8698643752343853, 0.08014945928561268, -0.7416264326591246, 0.22912569270066396, -0.2726993059103242, 0.5355160686614915, -0.902931727160895, -0.7803637637643119, 0.36804643024725525, 0.029307394167312983, 0.1432827432294983, 0.6874139879813108, -0.024524721700651453, 0.6202888442522898, 0.020487258589880097, 0.8534413864805024, 0.333855543079252, -0.7025463211318861, -0.27089364934848836, 0.7315498318881986, -0.29942957828896866, -0.6219484810876903, -0.0547573816684539, -0.21443765035574014, 0.23785985328818726, -0.12646741612097356, -0.47815568541100895, -0.17505557667448635, -0.16193193089539926, 0.8048437117522818, 0.9592325240809707, 0.24713767881382775, -0.8336317548582777, 0.46599743519199, 0.357370804957968, 0.6520457340504391, -0.3050973265778887, -0.8822398116837538, 0.2236436329105842, -0.751970763373456, 0.5190590583266628, 0.5888466351532844, -0.18274642650020412, 0.8875950117660911, -0.6524404124894483, 0.8851716994539605]",rhc,relu,False,False,100,[10],0.1,100,6
632,32,0.1062065000878647,1.7801705773464982,940.0,100,15,"[0.9340596780273533, 0.09446449835144466, 0.9453687199297687, 0.4296319873487293, 0.3954576491945416, -0.5678210088392472, 0.9525489095524835, -0.9875394895908203, -0.4940352752331121, -0.13041693519110842, 0.5587658435875049, -0.6046298507994938, 0.7259864711984445, 0.9668013543506255, -0.6723155171906026, 0.19466788786571843, -0.98202780466489, -0.22685743471274122, -0.9116798841370009, 0.9133059354284718, -0.1277067062404047, 0.8979546135631256, 0.5726119718701219, 0.7325785971633969, -0.6536691570081037, -0.850102825973786, 0.2014854427555386, -0.6640556325631923, 0.4667603350211398, -0.18311227969597055, 0.05581764683584067, 0.875143167901884, 0.043392244889916, -0.7836132342255386, -0.6835531856304011, 0.09040530340642561, 0.04880816013694678, 0.2752204882519873, -0.1970091128194542, 0.2996102180386846, -0.20619999419653467, 0.24783222709644614, 0.5348099341802477, -0.6420521799177383, -0.24884846282491524, 0.005066118653868745, 0.3733341598326916, -0.4926407026772337, 0.10948172588511706, 0.24986168812819542, 0.7910023321122921, -0.27429282313374714, 0.2751141460374733, -0.6171071957620733, -0.004411770765388567, -0.6351091908575863, 0.8367660782795254, -0.13635585731754474, 0.6603762041966925, -0.16644739064327485, 0.8093351774867339, -0.19034956537818792, -0.33765099381775454, 0.14427754054549724, 0.6908872981882266, 0.7220286235061439, 0.19137623413666893, -0.8306767779591795, 0.19453321463834983, -0.5090925828337958, 0.46518689717993555, 0.7893025846334776, 0.0294679418262902, 0.20712702072041278, -0.8698643752343853, 0.08014945928561268, -0.7416264326591246, 0.22912569270066396, -0.2726993059103242, 0.5355160686614915, -0.902931727160895, -0.7803637637643119, 0.36804643024725525, 0.029307394167312983, 0.1432827432294983, 0.6874139879813108, -0.024524721700651453, 0.6202888442522898, 0.020487258589880097, 0.8534413864805024, 0.333855543079252, -0.7025463211318861, -0.27089364934848836, 0.7315498318881986, -0.29942957828896866, -0.6219484810876903, -0.0547573816684539, -0.21443765035574014, 0.23785985328818726, -0.12646741612097356, -0.47815568541100895, -0.17505557667448635, -0.16193193089539926, 0.8048437117522818, 0.9592325240809707, 0.24713767881382775, -0.8336317548582777, 0.46599743519199, 0.357370804957968, 0.6520457340504391, -0.3050973265778887, -0.8822398116837538, 0.2236436329105842, -0.751970763373456, 0.5190590583266628, 0.5888466351532844, -0.18274642650020412, 0.8875950117660911, -0.6524404124894483, 0.8851716994539605]",rhc,relu,False,False,100,[10],0.1,100,6
633,33,0.10762970009818673,1.776924065468171,942.0,100,15,"[0.9340596780273533, 0.09446449835144466, 0.9453687199297687, 0.4296319873487293, 0.3954576491945416, -0.5678210088392472, 0.9525489095524835, -0.9875394895908203, -0.4940352752331121, -0.13041693519110842, 0.5587658435875049, -0.6046298507994938, 0.7259864711984445, 0.9668013543506255, -0.6723155171906026, 0.19466788786571843, -0.98202780466489, -0.22685743471274122, -0.9116798841370009, 0.9133059354284718, -0.1277067062404047, 0.8979546135631256, 0.5726119718701219, 0.7325785971633969, -0.6536691570081037, -0.850102825973786, 0.2014854427555386, -0.6640556325631923, 0.4667603350211398, -0.18311227969597055, 0.05581764683584067, 0.875143167901884, 0.043392244889916, -0.7836132342255386, -0.6835531856304011, 0.09040530340642561, 0.04880816013694678, 0.2752204882519873, -0.1970091128194542, 0.2996102180386846, -0.20619999419653467, 0.24783222709644614, 0.5348099341802477, -0.6420521799177383, -0.24884846282491524, 0.005066118653868745, 0.3733341598326916, -0.4926407026772337, 0.10948172588511706, 0.24986168812819542, 0.7910023321122921, -0.27429282313374714, 0.2751141460374733, -0.6171071957620733, -0.004411770765388567, -0.6351091908575863, 0.8367660782795254, -0.13635585731754474, 0.6603762041966925, -0.16644739064327485, 0.8093351774867339, -0.19034956537818792, -0.33765099381775454, 0.14427754054549724, 0.6908872981882266, 0.7220286235061439, 0.19137623413666893, -0.8306767779591795, 0.19453321463834983, -0.5090925828337958, 0.46518689717993555, 0.7893025846334776, 0.0294679418262902, 0.20712702072041278, -0.8698643752343853, 0.08014945928561268, -0.7416264326591246, 0.22912569270066396, -0.2726993059103242, 0.5355160686614915, -0.902931727160895, -0.7803637637643119, 0.36804643024725525, 0.029307394167312983, 0.1432827432294983, 0.6874139879813108, -0.024524721700651453, 0.6202888442522898, 0.020487258589880097, 0.8534413864805024, 0.333855543079252, -0.7025463211318861, -0.27089364934848836, 0.7315498318881986, -0.29942957828896866, -0.6219484810876903, -0.0547573816684539, -0.21443765035574014, 0.23785985328818726, -0.12646741612097356, -0.47815568541100895, -0.17505557667448635, -0.16193193089539926, 0.8048437117522818, 0.9592325240809707, 0.24713767881382775, -0.8336317548582777, 0.46599743519199, 0.357370804957968, 0.6520457340504391, -0.3050973265778887, -0.8822398116837538, 0.2236436329105842, -0.751970763373456, 0.5190590583266628, 0.5888466351532844, -0.18274642650020412, 0.8875950117660911, -0.6524404124894483, 0.8851716994539605]",rhc,relu,False,False,100,[10],0.1,100,6
634,34,0.10928710002917796,1.776924065468171,943.0,100,15,"[0.9340596780273533, 0.09446449835144466, 0.9453687199297687, 0.4296319873487293, 0.3954576491945416, -0.5678210088392472, 0.9525489095524835, -0.9875394895908203, -0.4940352752331121, -0.13041693519110842, 0.5587658435875049, -0.6046298507994938, 0.7259864711984445, 0.9668013543506255, -0.6723155171906026, 0.19466788786571843, -0.98202780466489, -0.22685743471274122, -0.9116798841370009, 0.9133059354284718, -0.1277067062404047, 0.8979546135631256, 0.5726119718701219, 0.7325785971633969, -0.6536691570081037, -0.850102825973786, 0.2014854427555386, -0.6640556325631923, 0.4667603350211398, -0.18311227969597055, 0.05581764683584067, 0.875143167901884, 0.043392244889916, -0.7836132342255386, -0.6835531856304011, 0.09040530340642561, 0.04880816013694678, 0.2752204882519873, -0.1970091128194542, 0.2996102180386846, -0.20619999419653467, 0.24783222709644614, 0.5348099341802477, -0.6420521799177383, -0.24884846282491524, 0.005066118653868745, 0.3733341598326916, -0.4926407026772337, 0.10948172588511706, 0.24986168812819542, 0.7910023321122921, -0.27429282313374714, 0.2751141460374733, -0.6171071957620733, -0.004411770765388567, -0.6351091908575863, 0.8367660782795254, -0.13635585731754474, 0.6603762041966925, -0.16644739064327485, 0.8093351774867339, -0.19034956537818792, -0.33765099381775454, 0.14427754054549724, 0.6908872981882266, 0.7220286235061439, 0.19137623413666893, -0.8306767779591795, 0.19453321463834983, -0.5090925828337958, 0.46518689717993555, 0.7893025846334776, 0.0294679418262902, 0.20712702072041278, -0.8698643752343853, 0.08014945928561268, -0.7416264326591246, 0.22912569270066396, -0.2726993059103242, 0.5355160686614915, -0.902931727160895, -0.7803637637643119, 0.36804643024725525, 0.029307394167312983, 0.1432827432294983, 0.6874139879813108, -0.024524721700651453, 0.6202888442522898, 0.020487258589880097, 0.8534413864805024, 0.333855543079252, -0.7025463211318861, -0.27089364934848836, 0.7315498318881986, -0.29942957828896866, -0.6219484810876903, -0.0547573816684539, -0.21443765035574014, 0.23785985328818726, -0.12646741612097356, -0.47815568541100895, -0.17505557667448635, -0.16193193089539926, 0.8048437117522818, 0.9592325240809707, 0.24713767881382775, -0.8336317548582777, 0.46599743519199, 0.357370804957968, 0.6520457340504391, -0.3050973265778887, -0.8822398116837538, 0.2236436329105842, -0.751970763373456, 0.5190590583266628, 0.5888466351532844, -0.18274642650020412, 0.8875950117660911, -0.6524404124894483, 0.8851716994539605]",rhc,relu,False,False,100,[10],0.1,100,6
635,35,0.11070370010565966,1.7470019026049237,945.0,100,15,"[0.9340596780273533, 0.09446449835144466, 0.9453687199297687, 0.4296319873487293, 0.3954576491945416, -0.5678210088392472, 0.9525489095524835, -0.9875394895908203, -0.4940352752331121, -0.13041693519110842, 0.5587658435875049, -0.6046298507994938, 0.7259864711984445, 0.9668013543506255, -0.6723155171906026, 0.19466788786571843, -0.98202780466489, -0.22685743471274122, -0.9116798841370009, 0.9133059354284718, -0.1277067062404047, 0.8979546135631256, 0.5726119718701219, 0.7325785971633969, -0.6536691570081037, -0.850102825973786, 0.2014854427555386, -0.6640556325631923, 0.4667603350211398, -0.18311227969597055, 0.05581764683584067, 0.875143167901884, 0.043392244889916, -0.7836132342255386, -0.6835531856304011, 0.09040530340642561, 0.04880816013694678, 0.2752204882519873, -0.1970091128194542, 0.2996102180386846, -0.20619999419653467, 0.24783222709644614, 0.5348099341802477, -0.6420521799177383, -0.24884846282491524, 0.005066118653868745, 0.3733341598326916, -0.4926407026772337, 0.10948172588511706, 0.24986168812819542, 0.7910023321122921, -0.27429282313374714, 0.2751141460374733, -0.6171071957620733, -0.004411770765388567, -0.6351091908575863, 0.8367660782795254, -0.13635585731754474, 0.6603762041966925, -0.16644739064327485, 0.8093351774867339, -0.19034956537818792, -0.33765099381775454, 0.14427754054549724, 0.6908872981882266, 0.7220286235061439, 0.19137623413666893, -0.8306767779591795, 0.19453321463834983, -0.5090925828337958, 0.46518689717993555, 0.7893025846334776, 0.0294679418262902, 0.20712702072041278, -0.8698643752343853, 0.08014945928561268, -0.7416264326591246, 0.22912569270066396, -0.2726993059103242, 0.5355160686614915, -0.902931727160895, -0.7803637637643119, 0.36804643024725525, 0.029307394167312983, 0.1432827432294983, 0.6874139879813108, -0.024524721700651453, 0.6202888442522898, 0.020487258589880097, 0.8534413864805024, 0.333855543079252, -0.7025463211318861, -0.27089364934848836, 0.7315498318881986, -0.29942957828896866, -0.6219484810876903, -0.0547573816684539, -0.21443765035574014, 0.23785985328818726, -0.12646741612097356, -0.47815568541100895, -0.17505557667448635, -0.16193193089539926, 0.8048437117522818, 0.9592325240809707, 0.24713767881382775, -0.8336317548582777, 0.46599743519199, 0.357370804957968, 0.6520457340504391, -0.3050973265778887, -0.8822398116837538, 0.2236436329105842, -0.751970763373456, 0.5190590583266628, 0.5888466351532844, -0.18274642650020412, 0.8875950117660911, -0.6524404124894483, 0.8851716994539605]",rhc,relu,False,False,100,[10],0.1,100,6
636,36,0.1138131000334397,1.7414663865501296,947.0,100,15,"[0.9340596780273533, 0.09446449835144466, 0.9453687199297687, 0.4296319873487293, 0.3954576491945416, -0.5678210088392472, 0.9525489095524835, -0.9875394895908203, -0.4940352752331121, -0.13041693519110842, 0.5587658435875049, -0.6046298507994938, 0.7259864711984445, 0.9668013543506255, -0.6723155171906026, 0.19466788786571843, -0.98202780466489, -0.22685743471274122, -0.9116798841370009, 0.9133059354284718, -0.1277067062404047, 0.8979546135631256, 0.5726119718701219, 0.7325785971633969, -0.6536691570081037, -0.850102825973786, 0.2014854427555386, -0.6640556325631923, 0.4667603350211398, -0.18311227969597055, 0.05581764683584067, 0.875143167901884, 0.043392244889916, -0.7836132342255386, -0.6835531856304011, 0.09040530340642561, 0.04880816013694678, 0.2752204882519873, -0.1970091128194542, 0.2996102180386846, -0.20619999419653467, 0.24783222709644614, 0.5348099341802477, -0.6420521799177383, -0.24884846282491524, 0.005066118653868745, 0.3733341598326916, -0.4926407026772337, 0.10948172588511706, 0.24986168812819542, 0.7910023321122921, -0.27429282313374714, 0.2751141460374733, -0.6171071957620733, -0.004411770765388567, -0.6351091908575863, 0.8367660782795254, -0.13635585731754474, 0.6603762041966925, -0.16644739064327485, 0.8093351774867339, -0.19034956537818792, -0.33765099381775454, 0.14427754054549724, 0.6908872981882266, 0.7220286235061439, 0.19137623413666893, -0.8306767779591795, 0.19453321463834983, -0.5090925828337958, 0.46518689717993555, 0.7893025846334776, 0.0294679418262902, 0.20712702072041278, -0.8698643752343853, 0.08014945928561268, -0.7416264326591246, 0.22912569270066396, -0.2726993059103242, 0.5355160686614915, -0.902931727160895, -0.7803637637643119, 0.36804643024725525, 0.029307394167312983, 0.1432827432294983, 0.6874139879813108, -0.024524721700651453, 0.6202888442522898, 0.020487258589880097, 0.8534413864805024, 0.333855543079252, -0.7025463211318861, -0.27089364934848836, 0.7315498318881986, -0.29942957828896866, -0.6219484810876903, -0.0547573816684539, -0.21443765035574014, 0.23785985328818726, -0.12646741612097356, -0.47815568541100895, -0.17505557667448635, -0.16193193089539926, 0.8048437117522818, 0.9592325240809707, 0.24713767881382775, -0.8336317548582777, 0.46599743519199, 0.357370804957968, 0.6520457340504391, -0.3050973265778887, -0.8822398116837538, 0.2236436329105842, -0.751970763373456, 0.5190590583266628, 0.5888466351532844, -0.18274642650020412, 0.8875950117660911, -0.6524404124894483, 0.8851716994539605]",rhc,relu,False,False,100,[10],0.1,100,6
637,37,0.1166854000184685,1.7404798919427382,949.0,100,15,"[0.9340596780273533, 0.09446449835144466, 0.9453687199297687, 0.4296319873487293, 0.3954576491945416, -0.5678210088392472, 0.9525489095524835, -0.9875394895908203, -0.4940352752331121, -0.13041693519110842, 0.5587658435875049, -0.6046298507994938, 0.7259864711984445, 0.9668013543506255, -0.6723155171906026, 0.19466788786571843, -0.98202780466489, -0.22685743471274122, -0.9116798841370009, 0.9133059354284718, -0.1277067062404047, 0.8979546135631256, 0.5726119718701219, 0.7325785971633969, -0.6536691570081037, -0.850102825973786, 0.2014854427555386, -0.6640556325631923, 0.4667603350211398, -0.18311227969597055, 0.05581764683584067, 0.875143167901884, 0.043392244889916, -0.7836132342255386, -0.6835531856304011, 0.09040530340642561, 0.04880816013694678, 0.2752204882519873, -0.1970091128194542, 0.2996102180386846, -0.20619999419653467, 0.24783222709644614, 0.5348099341802477, -0.6420521799177383, -0.24884846282491524, 0.005066118653868745, 0.3733341598326916, -0.4926407026772337, 0.10948172588511706, 0.24986168812819542, 0.7910023321122921, -0.27429282313374714, 0.2751141460374733, -0.6171071957620733, -0.004411770765388567, -0.6351091908575863, 0.8367660782795254, -0.13635585731754474, 0.6603762041966925, -0.16644739064327485, 0.8093351774867339, -0.19034956537818792, -0.33765099381775454, 0.14427754054549724, 0.6908872981882266, 0.7220286235061439, 0.19137623413666893, -0.8306767779591795, 0.19453321463834983, -0.5090925828337958, 0.46518689717993555, 0.7893025846334776, 0.0294679418262902, 0.20712702072041278, -0.8698643752343853, 0.08014945928561268, -0.7416264326591246, 0.22912569270066396, -0.2726993059103242, 0.5355160686614915, -0.902931727160895, -0.7803637637643119, 0.36804643024725525, 0.029307394167312983, 0.1432827432294983, 0.6874139879813108, -0.024524721700651453, 0.6202888442522898, 0.020487258589880097, 0.8534413864805024, 0.333855543079252, -0.7025463211318861, -0.27089364934848836, 0.7315498318881986, -0.29942957828896866, -0.6219484810876903, -0.0547573816684539, -0.21443765035574014, 0.23785985328818726, -0.12646741612097356, -0.47815568541100895, -0.17505557667448635, -0.16193193089539926, 0.8048437117522818, 0.9592325240809707, 0.24713767881382775, -0.8336317548582777, 0.46599743519199, 0.357370804957968, 0.6520457340504391, -0.3050973265778887, -0.8822398116837538, 0.2236436329105842, -0.751970763373456, 0.5190590583266628, 0.5888466351532844, -0.18274642650020412, 0.8875950117660911, -0.6524404124894483, 0.8851716994539605]",rhc,relu,False,False,100,[10],0.1,100,6
638,38,0.11806140001863241,1.73442853142564,951.0,100,15,"[0.9340596780273533, 0.09446449835144466, 0.9453687199297687, 0.4296319873487293, 0.3954576491945416, -0.5678210088392472, 0.9525489095524835, -0.9875394895908203, -0.4940352752331121, -0.13041693519110842, 0.5587658435875049, -0.6046298507994938, 0.7259864711984445, 0.9668013543506255, -0.6723155171906026, 0.19466788786571843, -0.98202780466489, -0.22685743471274122, -0.9116798841370009, 0.9133059354284718, -0.1277067062404047, 0.8979546135631256, 0.5726119718701219, 0.7325785971633969, -0.6536691570081037, -0.850102825973786, 0.2014854427555386, -0.6640556325631923, 0.4667603350211398, -0.18311227969597055, 0.05581764683584067, 0.875143167901884, 0.043392244889916, -0.7836132342255386, -0.6835531856304011, 0.09040530340642561, 0.04880816013694678, 0.2752204882519873, -0.1970091128194542, 0.2996102180386846, -0.20619999419653467, 0.24783222709644614, 0.5348099341802477, -0.6420521799177383, -0.24884846282491524, 0.005066118653868745, 0.3733341598326916, -0.4926407026772337, 0.10948172588511706, 0.24986168812819542, 0.7910023321122921, -0.27429282313374714, 0.2751141460374733, -0.6171071957620733, -0.004411770765388567, -0.6351091908575863, 0.8367660782795254, -0.13635585731754474, 0.6603762041966925, -0.16644739064327485, 0.8093351774867339, -0.19034956537818792, -0.33765099381775454, 0.14427754054549724, 0.6908872981882266, 0.7220286235061439, 0.19137623413666893, -0.8306767779591795, 0.19453321463834983, -0.5090925828337958, 0.46518689717993555, 0.7893025846334776, 0.0294679418262902, 0.20712702072041278, -0.8698643752343853, 0.08014945928561268, -0.7416264326591246, 0.22912569270066396, -0.2726993059103242, 0.5355160686614915, -0.902931727160895, -0.7803637637643119, 0.36804643024725525, 0.029307394167312983, 0.1432827432294983, 0.6874139879813108, -0.024524721700651453, 0.6202888442522898, 0.020487258589880097, 0.8534413864805024, 0.333855543079252, -0.7025463211318861, -0.27089364934848836, 0.7315498318881986, -0.29942957828896866, -0.6219484810876903, -0.0547573816684539, -0.21443765035574014, 0.23785985328818726, -0.12646741612097356, -0.47815568541100895, -0.17505557667448635, -0.16193193089539926, 0.8048437117522818, 0.9592325240809707, 0.24713767881382775, -0.8336317548582777, 0.46599743519199, 0.357370804957968, 0.6520457340504391, -0.3050973265778887, -0.8822398116837538, 0.2236436329105842, -0.751970763373456, 0.5190590583266628, 0.5888466351532844, -0.18274642650020412, 0.8875950117660911, -0.6524404124894483, 0.8851716994539605]",rhc,relu,False,False,100,[10],0.1,100,6
639,39,0.12082070007454604,1.73442853142564,952.0,100,15,"[0.9340596780273533, 0.09446449835144466, 0.9453687199297687, 0.4296319873487293, 0.3954576491945416, -0.5678210088392472, 0.9525489095524835, -0.9875394895908203, -0.4940352752331121, -0.13041693519110842, 0.5587658435875049, -0.6046298507994938, 0.7259864711984445, 0.9668013543506255, -0.6723155171906026, 0.19466788786571843, -0.98202780466489, -0.22685743471274122, -0.9116798841370009, 0.9133059354284718, -0.1277067062404047, 0.8979546135631256, 0.5726119718701219, 0.7325785971633969, -0.6536691570081037, -0.850102825973786, 0.2014854427555386, -0.6640556325631923, 0.4667603350211398, -0.18311227969597055, 0.05581764683584067, 0.875143167901884, 0.043392244889916, -0.7836132342255386, -0.6835531856304011, 0.09040530340642561, 0.04880816013694678, 0.2752204882519873, -0.1970091128194542, 0.2996102180386846, -0.20619999419653467, 0.24783222709644614, 0.5348099341802477, -0.6420521799177383, -0.24884846282491524, 0.005066118653868745, 0.3733341598326916, -0.4926407026772337, 0.10948172588511706, 0.24986168812819542, 0.7910023321122921, -0.27429282313374714, 0.2751141460374733, -0.6171071957620733, -0.004411770765388567, -0.6351091908575863, 0.8367660782795254, -0.13635585731754474, 0.6603762041966925, -0.16644739064327485, 0.8093351774867339, -0.19034956537818792, -0.33765099381775454, 0.14427754054549724, 0.6908872981882266, 0.7220286235061439, 0.19137623413666893, -0.8306767779591795, 0.19453321463834983, -0.5090925828337958, 0.46518689717993555, 0.7893025846334776, 0.0294679418262902, 0.20712702072041278, -0.8698643752343853, 0.08014945928561268, -0.7416264326591246, 0.22912569270066396, -0.2726993059103242, 0.5355160686614915, -0.902931727160895, -0.7803637637643119, 0.36804643024725525, 0.029307394167312983, 0.1432827432294983, 0.6874139879813108, -0.024524721700651453, 0.6202888442522898, 0.020487258589880097, 0.8534413864805024, 0.333855543079252, -0.7025463211318861, -0.27089364934848836, 0.7315498318881986, -0.29942957828896866, -0.6219484810876903, -0.0547573816684539, -0.21443765035574014, 0.23785985328818726, -0.12646741612097356, -0.47815568541100895, -0.17505557667448635, -0.16193193089539926, 0.8048437117522818, 0.9592325240809707, 0.24713767881382775, -0.8336317548582777, 0.46599743519199, 0.357370804957968, 0.6520457340504391, -0.3050973265778887, -0.8822398116837538, 0.2236436329105842, -0.751970763373456, 0.5190590583266628, 0.5888466351532844, -0.18274642650020412, 0.8875950117660911, -0.6524404124894483, 0.8851716994539605]",rhc,relu,False,False,100,[10],0.1,100,6
640,40,0.12267690000589937,1.73442853142564,953.0,100,15,"[0.9340596780273533, 0.09446449835144466, 0.9453687199297687, 0.4296319873487293, 0.3954576491945416, -0.5678210088392472, 0.9525489095524835, -0.9875394895908203, -0.4940352752331121, -0.13041693519110842, 0.5587658435875049, -0.6046298507994938, 0.7259864711984445, 0.9668013543506255, -0.6723155171906026, 0.19466788786571843, -0.98202780466489, -0.22685743471274122, -0.9116798841370009, 0.9133059354284718, -0.1277067062404047, 0.8979546135631256, 0.5726119718701219, 0.7325785971633969, -0.6536691570081037, -0.850102825973786, 0.2014854427555386, -0.6640556325631923, 0.4667603350211398, -0.18311227969597055, 0.05581764683584067, 0.875143167901884, 0.043392244889916, -0.7836132342255386, -0.6835531856304011, 0.09040530340642561, 0.04880816013694678, 0.2752204882519873, -0.1970091128194542, 0.2996102180386846, -0.20619999419653467, 0.24783222709644614, 0.5348099341802477, -0.6420521799177383, -0.24884846282491524, 0.005066118653868745, 0.3733341598326916, -0.4926407026772337, 0.10948172588511706, 0.24986168812819542, 0.7910023321122921, -0.27429282313374714, 0.2751141460374733, -0.6171071957620733, -0.004411770765388567, -0.6351091908575863, 0.8367660782795254, -0.13635585731754474, 0.6603762041966925, -0.16644739064327485, 0.8093351774867339, -0.19034956537818792, -0.33765099381775454, 0.14427754054549724, 0.6908872981882266, 0.7220286235061439, 0.19137623413666893, -0.8306767779591795, 0.19453321463834983, -0.5090925828337958, 0.46518689717993555, 0.7893025846334776, 0.0294679418262902, 0.20712702072041278, -0.8698643752343853, 0.08014945928561268, -0.7416264326591246, 0.22912569270066396, -0.2726993059103242, 0.5355160686614915, -0.902931727160895, -0.7803637637643119, 0.36804643024725525, 0.029307394167312983, 0.1432827432294983, 0.6874139879813108, -0.024524721700651453, 0.6202888442522898, 0.020487258589880097, 0.8534413864805024, 0.333855543079252, -0.7025463211318861, -0.27089364934848836, 0.7315498318881986, -0.29942957828896866, -0.6219484810876903, -0.0547573816684539, -0.21443765035574014, 0.23785985328818726, -0.12646741612097356, -0.47815568541100895, -0.17505557667448635, -0.16193193089539926, 0.8048437117522818, 0.9592325240809707, 0.24713767881382775, -0.8336317548582777, 0.46599743519199, 0.357370804957968, 0.6520457340504391, -0.3050973265778887, -0.8822398116837538, 0.2236436329105842, -0.751970763373456, 0.5190590583266628, 0.5888466351532844, -0.18274642650020412, 0.8875950117660911, -0.6524404124894483, 0.8851716994539605]",rhc,relu,False,False,100,[10],0.1,100,6
641,41,0.1255848000291735,1.73442853142564,954.0,100,15,"[0.9340596780273533, 0.09446449835144466, 0.9453687199297687, 0.4296319873487293, 0.3954576491945416, -0.5678210088392472, 0.9525489095524835, -0.9875394895908203, -0.4940352752331121, -0.13041693519110842, 0.5587658435875049, -0.6046298507994938, 0.7259864711984445, 0.9668013543506255, -0.6723155171906026, 0.19466788786571843, -0.98202780466489, -0.22685743471274122, -0.9116798841370009, 0.9133059354284718, -0.1277067062404047, 0.8979546135631256, 0.5726119718701219, 0.7325785971633969, -0.6536691570081037, -0.850102825973786, 0.2014854427555386, -0.6640556325631923, 0.4667603350211398, -0.18311227969597055, 0.05581764683584067, 0.875143167901884, 0.043392244889916, -0.7836132342255386, -0.6835531856304011, 0.09040530340642561, 0.04880816013694678, 0.2752204882519873, -0.1970091128194542, 0.2996102180386846, -0.20619999419653467, 0.24783222709644614, 0.5348099341802477, -0.6420521799177383, -0.24884846282491524, 0.005066118653868745, 0.3733341598326916, -0.4926407026772337, 0.10948172588511706, 0.24986168812819542, 0.7910023321122921, -0.27429282313374714, 0.2751141460374733, -0.6171071957620733, -0.004411770765388567, -0.6351091908575863, 0.8367660782795254, -0.13635585731754474, 0.6603762041966925, -0.16644739064327485, 0.8093351774867339, -0.19034956537818792, -0.33765099381775454, 0.14427754054549724, 0.6908872981882266, 0.7220286235061439, 0.19137623413666893, -0.8306767779591795, 0.19453321463834983, -0.5090925828337958, 0.46518689717993555, 0.7893025846334776, 0.0294679418262902, 0.20712702072041278, -0.8698643752343853, 0.08014945928561268, -0.7416264326591246, 0.22912569270066396, -0.2726993059103242, 0.5355160686614915, -0.902931727160895, -0.7803637637643119, 0.36804643024725525, 0.029307394167312983, 0.1432827432294983, 0.6874139879813108, -0.024524721700651453, 0.6202888442522898, 0.020487258589880097, 0.8534413864805024, 0.333855543079252, -0.7025463211318861, -0.27089364934848836, 0.7315498318881986, -0.29942957828896866, -0.6219484810876903, -0.0547573816684539, -0.21443765035574014, 0.23785985328818726, -0.12646741612097356, -0.47815568541100895, -0.17505557667448635, -0.16193193089539926, 0.8048437117522818, 0.9592325240809707, 0.24713767881382775, -0.8336317548582777, 0.46599743519199, 0.357370804957968, 0.6520457340504391, -0.3050973265778887, -0.8822398116837538, 0.2236436329105842, -0.751970763373456, 0.5190590583266628, 0.5888466351532844, -0.18274642650020412, 0.8875950117660911, -0.6524404124894483, 0.8851716994539605]",rhc,relu,False,False,100,[10],0.1,100,6
642,42,0.12696350004989654,1.7296453780104513,956.0,100,15,"[0.9340596780273533, 0.09446449835144466, 0.9453687199297687, 0.4296319873487293, 0.3954576491945416, -0.5678210088392472, 0.9525489095524835, -0.9875394895908203, -0.4940352752331121, -0.13041693519110842, 0.5587658435875049, -0.6046298507994938, 0.7259864711984445, 0.9668013543506255, -0.6723155171906026, 0.19466788786571843, -0.98202780466489, -0.22685743471274122, -0.9116798841370009, 0.9133059354284718, -0.1277067062404047, 0.8979546135631256, 0.5726119718701219, 0.7325785971633969, -0.6536691570081037, -0.850102825973786, 0.2014854427555386, -0.6640556325631923, 0.4667603350211398, -0.18311227969597055, 0.05581764683584067, 0.875143167901884, 0.043392244889916, -0.7836132342255386, -0.6835531856304011, 0.09040530340642561, 0.04880816013694678, 0.2752204882519873, -0.1970091128194542, 0.2996102180386846, -0.20619999419653467, 0.24783222709644614, 0.5348099341802477, -0.6420521799177383, -0.24884846282491524, 0.005066118653868745, 0.3733341598326916, -0.4926407026772337, 0.10948172588511706, 0.24986168812819542, 0.7910023321122921, -0.27429282313374714, 0.2751141460374733, -0.6171071957620733, -0.004411770765388567, -0.6351091908575863, 0.8367660782795254, -0.13635585731754474, 0.6603762041966925, -0.16644739064327485, 0.8093351774867339, -0.19034956537818792, -0.33765099381775454, 0.14427754054549724, 0.6908872981882266, 0.7220286235061439, 0.19137623413666893, -0.8306767779591795, 0.19453321463834983, -0.5090925828337958, 0.46518689717993555, 0.7893025846334776, 0.0294679418262902, 0.20712702072041278, -0.8698643752343853, 0.08014945928561268, -0.7416264326591246, 0.22912569270066396, -0.2726993059103242, 0.5355160686614915, -0.902931727160895, -0.7803637637643119, 0.36804643024725525, 0.029307394167312983, 0.1432827432294983, 0.6874139879813108, -0.024524721700651453, 0.6202888442522898, 0.020487258589880097, 0.8534413864805024, 0.333855543079252, -0.7025463211318861, -0.27089364934848836, 0.7315498318881986, -0.29942957828896866, -0.6219484810876903, -0.0547573816684539, -0.21443765035574014, 0.23785985328818726, -0.12646741612097356, -0.47815568541100895, -0.17505557667448635, -0.16193193089539926, 0.8048437117522818, 0.9592325240809707, 0.24713767881382775, -0.8336317548582777, 0.46599743519199, 0.357370804957968, 0.6520457340504391, -0.3050973265778887, -0.8822398116837538, 0.2236436329105842, -0.751970763373456, 0.5190590583266628, 0.5888466351532844, -0.18274642650020412, 0.8875950117660911, -0.6524404124894483, 0.8851716994539605]",rhc,relu,False,False,100,[10],0.1,100,6
643,43,0.13002750009763986,1.7296453780104513,957.0,100,15,"[0.9340596780273533, 0.09446449835144466, 0.9453687199297687, 0.4296319873487293, 0.3954576491945416, -0.5678210088392472, 0.9525489095524835, -0.9875394895908203, -0.4940352752331121, -0.13041693519110842, 0.5587658435875049, -0.6046298507994938, 0.7259864711984445, 0.9668013543506255, -0.6723155171906026, 0.19466788786571843, -0.98202780466489, -0.22685743471274122, -0.9116798841370009, 0.9133059354284718, -0.1277067062404047, 0.8979546135631256, 0.5726119718701219, 0.7325785971633969, -0.6536691570081037, -0.850102825973786, 0.2014854427555386, -0.6640556325631923, 0.4667603350211398, -0.18311227969597055, 0.05581764683584067, 0.875143167901884, 0.043392244889916, -0.7836132342255386, -0.6835531856304011, 0.09040530340642561, 0.04880816013694678, 0.2752204882519873, -0.1970091128194542, 0.2996102180386846, -0.20619999419653467, 0.24783222709644614, 0.5348099341802477, -0.6420521799177383, -0.24884846282491524, 0.005066118653868745, 0.3733341598326916, -0.4926407026772337, 0.10948172588511706, 0.24986168812819542, 0.7910023321122921, -0.27429282313374714, 0.2751141460374733, -0.6171071957620733, -0.004411770765388567, -0.6351091908575863, 0.8367660782795254, -0.13635585731754474, 0.6603762041966925, -0.16644739064327485, 0.8093351774867339, -0.19034956537818792, -0.33765099381775454, 0.14427754054549724, 0.6908872981882266, 0.7220286235061439, 0.19137623413666893, -0.8306767779591795, 0.19453321463834983, -0.5090925828337958, 0.46518689717993555, 0.7893025846334776, 0.0294679418262902, 0.20712702072041278, -0.8698643752343853, 0.08014945928561268, -0.7416264326591246, 0.22912569270066396, -0.2726993059103242, 0.5355160686614915, -0.902931727160895, -0.7803637637643119, 0.36804643024725525, 0.029307394167312983, 0.1432827432294983, 0.6874139879813108, -0.024524721700651453, 0.6202888442522898, 0.020487258589880097, 0.8534413864805024, 0.333855543079252, -0.7025463211318861, -0.27089364934848836, 0.7315498318881986, -0.29942957828896866, -0.6219484810876903, -0.0547573816684539, -0.21443765035574014, 0.23785985328818726, -0.12646741612097356, -0.47815568541100895, -0.17505557667448635, -0.16193193089539926, 0.8048437117522818, 0.9592325240809707, 0.24713767881382775, -0.8336317548582777, 0.46599743519199, 0.357370804957968, 0.6520457340504391, -0.3050973265778887, -0.8822398116837538, 0.2236436329105842, -0.751970763373456, 0.5190590583266628, 0.5888466351532844, -0.18274642650020412, 0.8875950117660911, -0.6524404124894483, 0.8851716994539605]",rhc,relu,False,False,100,[10],0.1,100,6
644,44,0.1314245000248775,1.7216595508989179,959.0,100,15,"[0.9340596780273533, 0.09446449835144466, 0.9453687199297687, 0.4296319873487293, 0.3954576491945416, -0.5678210088392472, 0.9525489095524835, -0.9875394895908203, -0.4940352752331121, -0.13041693519110842, 0.5587658435875049, -0.6046298507994938, 0.7259864711984445, 0.9668013543506255, -0.6723155171906026, 0.19466788786571843, -0.98202780466489, -0.22685743471274122, -0.9116798841370009, 0.9133059354284718, -0.1277067062404047, 0.8979546135631256, 0.5726119718701219, 0.7325785971633969, -0.6536691570081037, -0.850102825973786, 0.2014854427555386, -0.6640556325631923, 0.4667603350211398, -0.18311227969597055, 0.05581764683584067, 0.875143167901884, 0.043392244889916, -0.7836132342255386, -0.6835531856304011, 0.09040530340642561, 0.04880816013694678, 0.2752204882519873, -0.1970091128194542, 0.2996102180386846, -0.20619999419653467, 0.24783222709644614, 0.5348099341802477, -0.6420521799177383, -0.24884846282491524, 0.005066118653868745, 0.3733341598326916, -0.4926407026772337, 0.10948172588511706, 0.24986168812819542, 0.7910023321122921, -0.27429282313374714, 0.2751141460374733, -0.6171071957620733, -0.004411770765388567, -0.6351091908575863, 0.8367660782795254, -0.13635585731754474, 0.6603762041966925, -0.16644739064327485, 0.8093351774867339, -0.19034956537818792, -0.33765099381775454, 0.14427754054549724, 0.6908872981882266, 0.7220286235061439, 0.19137623413666893, -0.8306767779591795, 0.19453321463834983, -0.5090925828337958, 0.46518689717993555, 0.7893025846334776, 0.0294679418262902, 0.20712702072041278, -0.8698643752343853, 0.08014945928561268, -0.7416264326591246, 0.22912569270066396, -0.2726993059103242, 0.5355160686614915, -0.902931727160895, -0.7803637637643119, 0.36804643024725525, 0.029307394167312983, 0.1432827432294983, 0.6874139879813108, -0.024524721700651453, 0.6202888442522898, 0.020487258589880097, 0.8534413864805024, 0.333855543079252, -0.7025463211318861, -0.27089364934848836, 0.7315498318881986, -0.29942957828896866, -0.6219484810876903, -0.0547573816684539, -0.21443765035574014, 0.23785985328818726, -0.12646741612097356, -0.47815568541100895, -0.17505557667448635, -0.16193193089539926, 0.8048437117522818, 0.9592325240809707, 0.24713767881382775, -0.8336317548582777, 0.46599743519199, 0.357370804957968, 0.6520457340504391, -0.3050973265778887, -0.8822398116837538, 0.2236436329105842, -0.751970763373456, 0.5190590583266628, 0.5888466351532844, -0.18274642650020412, 0.8875950117660911, -0.6524404124894483, 0.8851716994539605]",rhc,relu,False,False,100,[10],0.1,100,6
645,45,0.13282990001607686,1.72065090341229,961.0,100,15,"[0.9340596780273533, 0.09446449835144466, 0.9453687199297687, 0.4296319873487293, 0.3954576491945416, -0.5678210088392472, 0.9525489095524835, -0.9875394895908203, -0.4940352752331121, -0.13041693519110842, 0.5587658435875049, -0.6046298507994938, 0.7259864711984445, 0.9668013543506255, -0.6723155171906026, 0.19466788786571843, -0.98202780466489, -0.22685743471274122, -0.9116798841370009, 0.9133059354284718, -0.1277067062404047, 0.8979546135631256, 0.5726119718701219, 0.7325785971633969, -0.6536691570081037, -0.850102825973786, 0.2014854427555386, -0.6640556325631923, 0.4667603350211398, -0.18311227969597055, 0.05581764683584067, 0.875143167901884, 0.043392244889916, -0.7836132342255386, -0.6835531856304011, 0.09040530340642561, 0.04880816013694678, 0.2752204882519873, -0.1970091128194542, 0.2996102180386846, -0.20619999419653467, 0.24783222709644614, 0.5348099341802477, -0.6420521799177383, -0.24884846282491524, 0.005066118653868745, 0.3733341598326916, -0.4926407026772337, 0.10948172588511706, 0.24986168812819542, 0.7910023321122921, -0.27429282313374714, 0.2751141460374733, -0.6171071957620733, -0.004411770765388567, -0.6351091908575863, 0.8367660782795254, -0.13635585731754474, 0.6603762041966925, -0.16644739064327485, 0.8093351774867339, -0.19034956537818792, -0.33765099381775454, 0.14427754054549724, 0.6908872981882266, 0.7220286235061439, 0.19137623413666893, -0.8306767779591795, 0.19453321463834983, -0.5090925828337958, 0.46518689717993555, 0.7893025846334776, 0.0294679418262902, 0.20712702072041278, -0.8698643752343853, 0.08014945928561268, -0.7416264326591246, 0.22912569270066396, -0.2726993059103242, 0.5355160686614915, -0.902931727160895, -0.7803637637643119, 0.36804643024725525, 0.029307394167312983, 0.1432827432294983, 0.6874139879813108, -0.024524721700651453, 0.6202888442522898, 0.020487258589880097, 0.8534413864805024, 0.333855543079252, -0.7025463211318861, -0.27089364934848836, 0.7315498318881986, -0.29942957828896866, -0.6219484810876903, -0.0547573816684539, -0.21443765035574014, 0.23785985328818726, -0.12646741612097356, -0.47815568541100895, -0.17505557667448635, -0.16193193089539926, 0.8048437117522818, 0.9592325240809707, 0.24713767881382775, -0.8336317548582777, 0.46599743519199, 0.357370804957968, 0.6520457340504391, -0.3050973265778887, -0.8822398116837538, 0.2236436329105842, -0.751970763373456, 0.5190590583266628, 0.5888466351532844, -0.18274642650020412, 0.8875950117660911, -0.6524404124894483, 0.8851716994539605]",rhc,relu,False,False,100,[10],0.1,100,6
646,46,0.13423810002859682,1.72065090341229,962.0,100,15,"[0.9340596780273533, 0.09446449835144466, 0.9453687199297687, 0.4296319873487293, 0.3954576491945416, -0.5678210088392472, 0.9525489095524835, -0.9875394895908203, -0.4940352752331121, -0.13041693519110842, 0.5587658435875049, -0.6046298507994938, 0.7259864711984445, 0.9668013543506255, -0.6723155171906026, 0.19466788786571843, -0.98202780466489, -0.22685743471274122, -0.9116798841370009, 0.9133059354284718, -0.1277067062404047, 0.8979546135631256, 0.5726119718701219, 0.7325785971633969, -0.6536691570081037, -0.850102825973786, 0.2014854427555386, -0.6640556325631923, 0.4667603350211398, -0.18311227969597055, 0.05581764683584067, 0.875143167901884, 0.043392244889916, -0.7836132342255386, -0.6835531856304011, 0.09040530340642561, 0.04880816013694678, 0.2752204882519873, -0.1970091128194542, 0.2996102180386846, -0.20619999419653467, 0.24783222709644614, 0.5348099341802477, -0.6420521799177383, -0.24884846282491524, 0.005066118653868745, 0.3733341598326916, -0.4926407026772337, 0.10948172588511706, 0.24986168812819542, 0.7910023321122921, -0.27429282313374714, 0.2751141460374733, -0.6171071957620733, -0.004411770765388567, -0.6351091908575863, 0.8367660782795254, -0.13635585731754474, 0.6603762041966925, -0.16644739064327485, 0.8093351774867339, -0.19034956537818792, -0.33765099381775454, 0.14427754054549724, 0.6908872981882266, 0.7220286235061439, 0.19137623413666893, -0.8306767779591795, 0.19453321463834983, -0.5090925828337958, 0.46518689717993555, 0.7893025846334776, 0.0294679418262902, 0.20712702072041278, -0.8698643752343853, 0.08014945928561268, -0.7416264326591246, 0.22912569270066396, -0.2726993059103242, 0.5355160686614915, -0.902931727160895, -0.7803637637643119, 0.36804643024725525, 0.029307394167312983, 0.1432827432294983, 0.6874139879813108, -0.024524721700651453, 0.6202888442522898, 0.020487258589880097, 0.8534413864805024, 0.333855543079252, -0.7025463211318861, -0.27089364934848836, 0.7315498318881986, -0.29942957828896866, -0.6219484810876903, -0.0547573816684539, -0.21443765035574014, 0.23785985328818726, -0.12646741612097356, -0.47815568541100895, -0.17505557667448635, -0.16193193089539926, 0.8048437117522818, 0.9592325240809707, 0.24713767881382775, -0.8336317548582777, 0.46599743519199, 0.357370804957968, 0.6520457340504391, -0.3050973265778887, -0.8822398116837538, 0.2236436329105842, -0.751970763373456, 0.5190590583266628, 0.5888466351532844, -0.18274642650020412, 0.8875950117660911, -0.6524404124894483, 0.8851716994539605]",rhc,relu,False,False,100,[10],0.1,100,6
647,47,0.13724380009807646,1.7142984104889085,964.0,100,15,"[0.9340596780273533, 0.09446449835144466, 0.9453687199297687, 0.4296319873487293, 0.3954576491945416, -0.5678210088392472, 0.9525489095524835, -0.9875394895908203, -0.4940352752331121, -0.13041693519110842, 0.5587658435875049, -0.6046298507994938, 0.7259864711984445, 0.9668013543506255, -0.6723155171906026, 0.19466788786571843, -0.98202780466489, -0.22685743471274122, -0.9116798841370009, 0.9133059354284718, -0.1277067062404047, 0.8979546135631256, 0.5726119718701219, 0.7325785971633969, -0.6536691570081037, -0.850102825973786, 0.2014854427555386, -0.6640556325631923, 0.4667603350211398, -0.18311227969597055, 0.05581764683584067, 0.875143167901884, 0.043392244889916, -0.7836132342255386, -0.6835531856304011, 0.09040530340642561, 0.04880816013694678, 0.2752204882519873, -0.1970091128194542, 0.2996102180386846, -0.20619999419653467, 0.24783222709644614, 0.5348099341802477, -0.6420521799177383, -0.24884846282491524, 0.005066118653868745, 0.3733341598326916, -0.4926407026772337, 0.10948172588511706, 0.24986168812819542, 0.7910023321122921, -0.27429282313374714, 0.2751141460374733, -0.6171071957620733, -0.004411770765388567, -0.6351091908575863, 0.8367660782795254, -0.13635585731754474, 0.6603762041966925, -0.16644739064327485, 0.8093351774867339, -0.19034956537818792, -0.33765099381775454, 0.14427754054549724, 0.6908872981882266, 0.7220286235061439, 0.19137623413666893, -0.8306767779591795, 0.19453321463834983, -0.5090925828337958, 0.46518689717993555, 0.7893025846334776, 0.0294679418262902, 0.20712702072041278, -0.8698643752343853, 0.08014945928561268, -0.7416264326591246, 0.22912569270066396, -0.2726993059103242, 0.5355160686614915, -0.902931727160895, -0.7803637637643119, 0.36804643024725525, 0.029307394167312983, 0.1432827432294983, 0.6874139879813108, -0.024524721700651453, 0.6202888442522898, 0.020487258589880097, 0.8534413864805024, 0.333855543079252, -0.7025463211318861, -0.27089364934848836, 0.7315498318881986, -0.29942957828896866, -0.6219484810876903, -0.0547573816684539, -0.21443765035574014, 0.23785985328818726, -0.12646741612097356, -0.47815568541100895, -0.17505557667448635, -0.16193193089539926, 0.8048437117522818, 0.9592325240809707, 0.24713767881382775, -0.8336317548582777, 0.46599743519199, 0.357370804957968, 0.6520457340504391, -0.3050973265778887, -0.8822398116837538, 0.2236436329105842, -0.751970763373456, 0.5190590583266628, 0.5888466351532844, -0.18274642650020412, 0.8875950117660911, -0.6524404124894483, 0.8851716994539605]",rhc,relu,False,False,100,[10],0.1,100,6
648,48,0.13920730003155768,1.7142984104889085,965.0,100,15,"[0.9340596780273533, 0.09446449835144466, 0.9453687199297687, 0.4296319873487293, 0.3954576491945416, -0.5678210088392472, 0.9525489095524835, -0.9875394895908203, -0.4940352752331121, -0.13041693519110842, 0.5587658435875049, -0.6046298507994938, 0.7259864711984445, 0.9668013543506255, -0.6723155171906026, 0.19466788786571843, -0.98202780466489, -0.22685743471274122, -0.9116798841370009, 0.9133059354284718, -0.1277067062404047, 0.8979546135631256, 0.5726119718701219, 0.7325785971633969, -0.6536691570081037, -0.850102825973786, 0.2014854427555386, -0.6640556325631923, 0.4667603350211398, -0.18311227969597055, 0.05581764683584067, 0.875143167901884, 0.043392244889916, -0.7836132342255386, -0.6835531856304011, 0.09040530340642561, 0.04880816013694678, 0.2752204882519873, -0.1970091128194542, 0.2996102180386846, -0.20619999419653467, 0.24783222709644614, 0.5348099341802477, -0.6420521799177383, -0.24884846282491524, 0.005066118653868745, 0.3733341598326916, -0.4926407026772337, 0.10948172588511706, 0.24986168812819542, 0.7910023321122921, -0.27429282313374714, 0.2751141460374733, -0.6171071957620733, -0.004411770765388567, -0.6351091908575863, 0.8367660782795254, -0.13635585731754474, 0.6603762041966925, -0.16644739064327485, 0.8093351774867339, -0.19034956537818792, -0.33765099381775454, 0.14427754054549724, 0.6908872981882266, 0.7220286235061439, 0.19137623413666893, -0.8306767779591795, 0.19453321463834983, -0.5090925828337958, 0.46518689717993555, 0.7893025846334776, 0.0294679418262902, 0.20712702072041278, -0.8698643752343853, 0.08014945928561268, -0.7416264326591246, 0.22912569270066396, -0.2726993059103242, 0.5355160686614915, -0.902931727160895, -0.7803637637643119, 0.36804643024725525, 0.029307394167312983, 0.1432827432294983, 0.6874139879813108, -0.024524721700651453, 0.6202888442522898, 0.020487258589880097, 0.8534413864805024, 0.333855543079252, -0.7025463211318861, -0.27089364934848836, 0.7315498318881986, -0.29942957828896866, -0.6219484810876903, -0.0547573816684539, -0.21443765035574014, 0.23785985328818726, -0.12646741612097356, -0.47815568541100895, -0.17505557667448635, -0.16193193089539926, 0.8048437117522818, 0.9592325240809707, 0.24713767881382775, -0.8336317548582777, 0.46599743519199, 0.357370804957968, 0.6520457340504391, -0.3050973265778887, -0.8822398116837538, 0.2236436329105842, -0.751970763373456, 0.5190590583266628, 0.5888466351532844, -0.18274642650020412, 0.8875950117660911, -0.6524404124894483, 0.8851716994539605]",rhc,relu,False,False,100,[10],0.1,100,6
649,49,0.14330590004101396,1.696752619190147,967.0,100,15,"[0.9340596780273533, 0.09446449835144466, 0.9453687199297687, 0.4296319873487293, 0.3954576491945416, -0.5678210088392472, 0.9525489095524835, -0.9875394895908203, -0.4940352752331121, -0.13041693519110842, 0.5587658435875049, -0.6046298507994938, 0.7259864711984445, 0.9668013543506255, -0.6723155171906026, 0.19466788786571843, -0.98202780466489, -0.22685743471274122, -0.9116798841370009, 0.9133059354284718, -0.1277067062404047, 0.8979546135631256, 0.5726119718701219, 0.7325785971633969, -0.6536691570081037, -0.850102825973786, 0.2014854427555386, -0.6640556325631923, 0.4667603350211398, -0.18311227969597055, 0.05581764683584067, 0.875143167901884, 0.043392244889916, -0.7836132342255386, -0.6835531856304011, 0.09040530340642561, 0.04880816013694678, 0.2752204882519873, -0.1970091128194542, 0.2996102180386846, -0.20619999419653467, 0.24783222709644614, 0.5348099341802477, -0.6420521799177383, -0.24884846282491524, 0.005066118653868745, 0.3733341598326916, -0.4926407026772337, 0.10948172588511706, 0.24986168812819542, 0.7910023321122921, -0.27429282313374714, 0.2751141460374733, -0.6171071957620733, -0.004411770765388567, -0.6351091908575863, 0.8367660782795254, -0.13635585731754474, 0.6603762041966925, -0.16644739064327485, 0.8093351774867339, -0.19034956537818792, -0.33765099381775454, 0.14427754054549724, 0.6908872981882266, 0.7220286235061439, 0.19137623413666893, -0.8306767779591795, 0.19453321463834983, -0.5090925828337958, 0.46518689717993555, 0.7893025846334776, 0.0294679418262902, 0.20712702072041278, -0.8698643752343853, 0.08014945928561268, -0.7416264326591246, 0.22912569270066396, -0.2726993059103242, 0.5355160686614915, -0.902931727160895, -0.7803637637643119, 0.36804643024725525, 0.029307394167312983, 0.1432827432294983, 0.6874139879813108, -0.024524721700651453, 0.6202888442522898, 0.020487258589880097, 0.8534413864805024, 0.333855543079252, -0.7025463211318861, -0.27089364934848836, 0.7315498318881986, -0.29942957828896866, -0.6219484810876903, -0.0547573816684539, -0.21443765035574014, 0.23785985328818726, -0.12646741612097356, -0.47815568541100895, -0.17505557667448635, -0.16193193089539926, 0.8048437117522818, 0.9592325240809707, 0.24713767881382775, -0.8336317548582777, 0.46599743519199, 0.357370804957968, 0.6520457340504391, -0.3050973265778887, -0.8822398116837538, 0.2236436329105842, -0.751970763373456, 0.5190590583266628, 0.5888466351532844, -0.18274642650020412, 0.8875950117660911, -0.6524404124894483, 0.8851716994539605]",rhc,relu,False,False,100,[10],0.1,100,6
650,50,0.14690749999135733,1.696752619190147,968.0,100,15,"[0.9340596780273533, 0.09446449835144466, 0.9453687199297687, 0.4296319873487293, 0.3954576491945416, -0.5678210088392472, 0.9525489095524835, -0.9875394895908203, -0.4940352752331121, -0.13041693519110842, 0.5587658435875049, -0.6046298507994938, 0.7259864711984445, 0.9668013543506255, -0.6723155171906026, 0.19466788786571843, -0.98202780466489, -0.22685743471274122, -0.9116798841370009, 0.9133059354284718, -0.1277067062404047, 0.8979546135631256, 0.5726119718701219, 0.7325785971633969, -0.6536691570081037, -0.850102825973786, 0.2014854427555386, -0.6640556325631923, 0.4667603350211398, -0.18311227969597055, 0.05581764683584067, 0.875143167901884, 0.043392244889916, -0.7836132342255386, -0.6835531856304011, 0.09040530340642561, 0.04880816013694678, 0.2752204882519873, -0.1970091128194542, 0.2996102180386846, -0.20619999419653467, 0.24783222709644614, 0.5348099341802477, -0.6420521799177383, -0.24884846282491524, 0.005066118653868745, 0.3733341598326916, -0.4926407026772337, 0.10948172588511706, 0.24986168812819542, 0.7910023321122921, -0.27429282313374714, 0.2751141460374733, -0.6171071957620733, -0.004411770765388567, -0.6351091908575863, 0.8367660782795254, -0.13635585731754474, 0.6603762041966925, -0.16644739064327485, 0.8093351774867339, -0.19034956537818792, -0.33765099381775454, 0.14427754054549724, 0.6908872981882266, 0.7220286235061439, 0.19137623413666893, -0.8306767779591795, 0.19453321463834983, -0.5090925828337958, 0.46518689717993555, 0.7893025846334776, 0.0294679418262902, 0.20712702072041278, -0.8698643752343853, 0.08014945928561268, -0.7416264326591246, 0.22912569270066396, -0.2726993059103242, 0.5355160686614915, -0.902931727160895, -0.7803637637643119, 0.36804643024725525, 0.029307394167312983, 0.1432827432294983, 0.6874139879813108, -0.024524721700651453, 0.6202888442522898, 0.020487258589880097, 0.8534413864805024, 0.333855543079252, -0.7025463211318861, -0.27089364934848836, 0.7315498318881986, -0.29942957828896866, -0.6219484810876903, -0.0547573816684539, -0.21443765035574014, 0.23785985328818726, -0.12646741612097356, -0.47815568541100895, -0.17505557667448635, -0.16193193089539926, 0.8048437117522818, 0.9592325240809707, 0.24713767881382775, -0.8336317548582777, 0.46599743519199, 0.357370804957968, 0.6520457340504391, -0.3050973265778887, -0.8822398116837538, 0.2236436329105842, -0.751970763373456, 0.5190590583266628, 0.5888466351532844, -0.18274642650020412, 0.8875950117660911, -0.6524404124894483, 0.8851716994539605]",rhc,relu,False,False,100,[10],0.1,100,6
651,51,0.14868640003260225,1.696752619190147,969.0,100,15,"[0.9340596780273533, 0.09446449835144466, 0.9453687199297687, 0.4296319873487293, 0.3954576491945416, -0.5678210088392472, 0.9525489095524835, -0.9875394895908203, -0.4940352752331121, -0.13041693519110842, 0.5587658435875049, -0.6046298507994938, 0.7259864711984445, 0.9668013543506255, -0.6723155171906026, 0.19466788786571843, -0.98202780466489, -0.22685743471274122, -0.9116798841370009, 0.9133059354284718, -0.1277067062404047, 0.8979546135631256, 0.5726119718701219, 0.7325785971633969, -0.6536691570081037, -0.850102825973786, 0.2014854427555386, -0.6640556325631923, 0.4667603350211398, -0.18311227969597055, 0.05581764683584067, 0.875143167901884, 0.043392244889916, -0.7836132342255386, -0.6835531856304011, 0.09040530340642561, 0.04880816013694678, 0.2752204882519873, -0.1970091128194542, 0.2996102180386846, -0.20619999419653467, 0.24783222709644614, 0.5348099341802477, -0.6420521799177383, -0.24884846282491524, 0.005066118653868745, 0.3733341598326916, -0.4926407026772337, 0.10948172588511706, 0.24986168812819542, 0.7910023321122921, -0.27429282313374714, 0.2751141460374733, -0.6171071957620733, -0.004411770765388567, -0.6351091908575863, 0.8367660782795254, -0.13635585731754474, 0.6603762041966925, -0.16644739064327485, 0.8093351774867339, -0.19034956537818792, -0.33765099381775454, 0.14427754054549724, 0.6908872981882266, 0.7220286235061439, 0.19137623413666893, -0.8306767779591795, 0.19453321463834983, -0.5090925828337958, 0.46518689717993555, 0.7893025846334776, 0.0294679418262902, 0.20712702072041278, -0.8698643752343853, 0.08014945928561268, -0.7416264326591246, 0.22912569270066396, -0.2726993059103242, 0.5355160686614915, -0.902931727160895, -0.7803637637643119, 0.36804643024725525, 0.029307394167312983, 0.1432827432294983, 0.6874139879813108, -0.024524721700651453, 0.6202888442522898, 0.020487258589880097, 0.8534413864805024, 0.333855543079252, -0.7025463211318861, -0.27089364934848836, 0.7315498318881986, -0.29942957828896866, -0.6219484810876903, -0.0547573816684539, -0.21443765035574014, 0.23785985328818726, -0.12646741612097356, -0.47815568541100895, -0.17505557667448635, -0.16193193089539926, 0.8048437117522818, 0.9592325240809707, 0.24713767881382775, -0.8336317548582777, 0.46599743519199, 0.357370804957968, 0.6520457340504391, -0.3050973265778887, -0.8822398116837538, 0.2236436329105842, -0.751970763373456, 0.5190590583266628, 0.5888466351532844, -0.18274642650020412, 0.8875950117660911, -0.6524404124894483, 0.8851716994539605]",rhc,relu,False,False,100,[10],0.1,100,6
652,52,0.15030470001511276,1.6943744793369473,971.0,100,15,"[0.9340596780273533, 0.09446449835144466, 0.9453687199297687, 0.4296319873487293, 0.3954576491945416, -0.5678210088392472, 0.9525489095524835, -0.9875394895908203, -0.4940352752331121, -0.13041693519110842, 0.5587658435875049, -0.6046298507994938, 0.7259864711984445, 0.9668013543506255, -0.6723155171906026, 0.19466788786571843, -0.98202780466489, -0.22685743471274122, -0.9116798841370009, 0.9133059354284718, -0.1277067062404047, 0.8979546135631256, 0.5726119718701219, 0.7325785971633969, -0.6536691570081037, -0.850102825973786, 0.2014854427555386, -0.6640556325631923, 0.4667603350211398, -0.18311227969597055, 0.05581764683584067, 0.875143167901884, 0.043392244889916, -0.7836132342255386, -0.6835531856304011, 0.09040530340642561, 0.04880816013694678, 0.2752204882519873, -0.1970091128194542, 0.2996102180386846, -0.20619999419653467, 0.24783222709644614, 0.5348099341802477, -0.6420521799177383, -0.24884846282491524, 0.005066118653868745, 0.3733341598326916, -0.4926407026772337, 0.10948172588511706, 0.24986168812819542, 0.7910023321122921, -0.27429282313374714, 0.2751141460374733, -0.6171071957620733, -0.004411770765388567, -0.6351091908575863, 0.8367660782795254, -0.13635585731754474, 0.6603762041966925, -0.16644739064327485, 0.8093351774867339, -0.19034956537818792, -0.33765099381775454, 0.14427754054549724, 0.6908872981882266, 0.7220286235061439, 0.19137623413666893, -0.8306767779591795, 0.19453321463834983, -0.5090925828337958, 0.46518689717993555, 0.7893025846334776, 0.0294679418262902, 0.20712702072041278, -0.8698643752343853, 0.08014945928561268, -0.7416264326591246, 0.22912569270066396, -0.2726993059103242, 0.5355160686614915, -0.902931727160895, -0.7803637637643119, 0.36804643024725525, 0.029307394167312983, 0.1432827432294983, 0.6874139879813108, -0.024524721700651453, 0.6202888442522898, 0.020487258589880097, 0.8534413864805024, 0.333855543079252, -0.7025463211318861, -0.27089364934848836, 0.7315498318881986, -0.29942957828896866, -0.6219484810876903, -0.0547573816684539, -0.21443765035574014, 0.23785985328818726, -0.12646741612097356, -0.47815568541100895, -0.17505557667448635, -0.16193193089539926, 0.8048437117522818, 0.9592325240809707, 0.24713767881382775, -0.8336317548582777, 0.46599743519199, 0.357370804957968, 0.6520457340504391, -0.3050973265778887, -0.8822398116837538, 0.2236436329105842, -0.751970763373456, 0.5190590583266628, 0.5888466351532844, -0.18274642650020412, 0.8875950117660911, -0.6524404124894483, 0.8851716994539605]",rhc,relu,False,False,100,[10],0.1,100,6
653,53,0.15169550001155585,1.6836340440307849,973.0,100,15,"[0.9340596780273533, 0.09446449835144466, 0.9453687199297687, 0.4296319873487293, 0.3954576491945416, -0.5678210088392472, 0.9525489095524835, -0.9875394895908203, -0.4940352752331121, -0.13041693519110842, 0.5587658435875049, -0.6046298507994938, 0.7259864711984445, 0.9668013543506255, -0.6723155171906026, 0.19466788786571843, -0.98202780466489, -0.22685743471274122, -0.9116798841370009, 0.9133059354284718, -0.1277067062404047, 0.8979546135631256, 0.5726119718701219, 0.7325785971633969, -0.6536691570081037, -0.850102825973786, 0.2014854427555386, -0.6640556325631923, 0.4667603350211398, -0.18311227969597055, 0.05581764683584067, 0.875143167901884, 0.043392244889916, -0.7836132342255386, -0.6835531856304011, 0.09040530340642561, 0.04880816013694678, 0.2752204882519873, -0.1970091128194542, 0.2996102180386846, -0.20619999419653467, 0.24783222709644614, 0.5348099341802477, -0.6420521799177383, -0.24884846282491524, 0.005066118653868745, 0.3733341598326916, -0.4926407026772337, 0.10948172588511706, 0.24986168812819542, 0.7910023321122921, -0.27429282313374714, 0.2751141460374733, -0.6171071957620733, -0.004411770765388567, -0.6351091908575863, 0.8367660782795254, -0.13635585731754474, 0.6603762041966925, -0.16644739064327485, 0.8093351774867339, -0.19034956537818792, -0.33765099381775454, 0.14427754054549724, 0.6908872981882266, 0.7220286235061439, 0.19137623413666893, -0.8306767779591795, 0.19453321463834983, -0.5090925828337958, 0.46518689717993555, 0.7893025846334776, 0.0294679418262902, 0.20712702072041278, -0.8698643752343853, 0.08014945928561268, -0.7416264326591246, 0.22912569270066396, -0.2726993059103242, 0.5355160686614915, -0.902931727160895, -0.7803637637643119, 0.36804643024725525, 0.029307394167312983, 0.1432827432294983, 0.6874139879813108, -0.024524721700651453, 0.6202888442522898, 0.020487258589880097, 0.8534413864805024, 0.333855543079252, -0.7025463211318861, -0.27089364934848836, 0.7315498318881986, -0.29942957828896866, -0.6219484810876903, -0.0547573816684539, -0.21443765035574014, 0.23785985328818726, -0.12646741612097356, -0.47815568541100895, -0.17505557667448635, -0.16193193089539926, 0.8048437117522818, 0.9592325240809707, 0.24713767881382775, -0.8336317548582777, 0.46599743519199, 0.357370804957968, 0.6520457340504391, -0.3050973265778887, -0.8822398116837538, 0.2236436329105842, -0.751970763373456, 0.5190590583266628, 0.5888466351532844, -0.18274642650020412, 0.8875950117660911, -0.6524404124894483, 0.8851716994539605]",rhc,relu,False,False,100,[10],0.1,100,6
654,54,0.15469950006809086,1.6836340440307849,974.0,100,15,"[0.9340596780273533, 0.09446449835144466, 0.9453687199297687, 0.4296319873487293, 0.3954576491945416, -0.5678210088392472, 0.9525489095524835, -0.9875394895908203, -0.4940352752331121, -0.13041693519110842, 0.5587658435875049, -0.6046298507994938, 0.7259864711984445, 0.9668013543506255, -0.6723155171906026, 0.19466788786571843, -0.98202780466489, -0.22685743471274122, -0.9116798841370009, 0.9133059354284718, -0.1277067062404047, 0.8979546135631256, 0.5726119718701219, 0.7325785971633969, -0.6536691570081037, -0.850102825973786, 0.2014854427555386, -0.6640556325631923, 0.4667603350211398, -0.18311227969597055, 0.05581764683584067, 0.875143167901884, 0.043392244889916, -0.7836132342255386, -0.6835531856304011, 0.09040530340642561, 0.04880816013694678, 0.2752204882519873, -0.1970091128194542, 0.2996102180386846, -0.20619999419653467, 0.24783222709644614, 0.5348099341802477, -0.6420521799177383, -0.24884846282491524, 0.005066118653868745, 0.3733341598326916, -0.4926407026772337, 0.10948172588511706, 0.24986168812819542, 0.7910023321122921, -0.27429282313374714, 0.2751141460374733, -0.6171071957620733, -0.004411770765388567, -0.6351091908575863, 0.8367660782795254, -0.13635585731754474, 0.6603762041966925, -0.16644739064327485, 0.8093351774867339, -0.19034956537818792, -0.33765099381775454, 0.14427754054549724, 0.6908872981882266, 0.7220286235061439, 0.19137623413666893, -0.8306767779591795, 0.19453321463834983, -0.5090925828337958, 0.46518689717993555, 0.7893025846334776, 0.0294679418262902, 0.20712702072041278, -0.8698643752343853, 0.08014945928561268, -0.7416264326591246, 0.22912569270066396, -0.2726993059103242, 0.5355160686614915, -0.902931727160895, -0.7803637637643119, 0.36804643024725525, 0.029307394167312983, 0.1432827432294983, 0.6874139879813108, -0.024524721700651453, 0.6202888442522898, 0.020487258589880097, 0.8534413864805024, 0.333855543079252, -0.7025463211318861, -0.27089364934848836, 0.7315498318881986, -0.29942957828896866, -0.6219484810876903, -0.0547573816684539, -0.21443765035574014, 0.23785985328818726, -0.12646741612097356, -0.47815568541100895, -0.17505557667448635, -0.16193193089539926, 0.8048437117522818, 0.9592325240809707, 0.24713767881382775, -0.8336317548582777, 0.46599743519199, 0.357370804957968, 0.6520457340504391, -0.3050973265778887, -0.8822398116837538, 0.2236436329105842, -0.751970763373456, 0.5190590583266628, 0.5888466351532844, -0.18274642650020412, 0.8875950117660911, -0.6524404124894483, 0.8851716994539605]",rhc,relu,False,False,100,[10],0.1,100,6
655,55,0.15623610001057386,1.6833303723543878,976.0,100,15,"[0.9340596780273533, 0.09446449835144466, 0.9453687199297687, 0.4296319873487293, 0.3954576491945416, -0.5678210088392472, 0.9525489095524835, -0.9875394895908203, -0.4940352752331121, -0.13041693519110842, 0.5587658435875049, -0.6046298507994938, 0.7259864711984445, 0.9668013543506255, -0.6723155171906026, 0.19466788786571843, -0.98202780466489, -0.22685743471274122, -0.9116798841370009, 0.9133059354284718, -0.1277067062404047, 0.8979546135631256, 0.5726119718701219, 0.7325785971633969, -0.6536691570081037, -0.850102825973786, 0.2014854427555386, -0.6640556325631923, 0.4667603350211398, -0.18311227969597055, 0.05581764683584067, 0.875143167901884, 0.043392244889916, -0.7836132342255386, -0.6835531856304011, 0.09040530340642561, 0.04880816013694678, 0.2752204882519873, -0.1970091128194542, 0.2996102180386846, -0.20619999419653467, 0.24783222709644614, 0.5348099341802477, -0.6420521799177383, -0.24884846282491524, 0.005066118653868745, 0.3733341598326916, -0.4926407026772337, 0.10948172588511706, 0.24986168812819542, 0.7910023321122921, -0.27429282313374714, 0.2751141460374733, -0.6171071957620733, -0.004411770765388567, -0.6351091908575863, 0.8367660782795254, -0.13635585731754474, 0.6603762041966925, -0.16644739064327485, 0.8093351774867339, -0.19034956537818792, -0.33765099381775454, 0.14427754054549724, 0.6908872981882266, 0.7220286235061439, 0.19137623413666893, -0.8306767779591795, 0.19453321463834983, -0.5090925828337958, 0.46518689717993555, 0.7893025846334776, 0.0294679418262902, 0.20712702072041278, -0.8698643752343853, 0.08014945928561268, -0.7416264326591246, 0.22912569270066396, -0.2726993059103242, 0.5355160686614915, -0.902931727160895, -0.7803637637643119, 0.36804643024725525, 0.029307394167312983, 0.1432827432294983, 0.6874139879813108, -0.024524721700651453, 0.6202888442522898, 0.020487258589880097, 0.8534413864805024, 0.333855543079252, -0.7025463211318861, -0.27089364934848836, 0.7315498318881986, -0.29942957828896866, -0.6219484810876903, -0.0547573816684539, -0.21443765035574014, 0.23785985328818726, -0.12646741612097356, -0.47815568541100895, -0.17505557667448635, -0.16193193089539926, 0.8048437117522818, 0.9592325240809707, 0.24713767881382775, -0.8336317548582777, 0.46599743519199, 0.357370804957968, 0.6520457340504391, -0.3050973265778887, -0.8822398116837538, 0.2236436329105842, -0.751970763373456, 0.5190590583266628, 0.5888466351532844, -0.18274642650020412, 0.8875950117660911, -0.6524404124894483, 0.8851716994539605]",rhc,relu,False,False,100,[10],0.1,100,6
656,56,0.15794740000274032,1.6833303723543878,977.0,100,15,"[0.9340596780273533, 0.09446449835144466, 0.9453687199297687, 0.4296319873487293, 0.3954576491945416, -0.5678210088392472, 0.9525489095524835, -0.9875394895908203, -0.4940352752331121, -0.13041693519110842, 0.5587658435875049, -0.6046298507994938, 0.7259864711984445, 0.9668013543506255, -0.6723155171906026, 0.19466788786571843, -0.98202780466489, -0.22685743471274122, -0.9116798841370009, 0.9133059354284718, -0.1277067062404047, 0.8979546135631256, 0.5726119718701219, 0.7325785971633969, -0.6536691570081037, -0.850102825973786, 0.2014854427555386, -0.6640556325631923, 0.4667603350211398, -0.18311227969597055, 0.05581764683584067, 0.875143167901884, 0.043392244889916, -0.7836132342255386, -0.6835531856304011, 0.09040530340642561, 0.04880816013694678, 0.2752204882519873, -0.1970091128194542, 0.2996102180386846, -0.20619999419653467, 0.24783222709644614, 0.5348099341802477, -0.6420521799177383, -0.24884846282491524, 0.005066118653868745, 0.3733341598326916, -0.4926407026772337, 0.10948172588511706, 0.24986168812819542, 0.7910023321122921, -0.27429282313374714, 0.2751141460374733, -0.6171071957620733, -0.004411770765388567, -0.6351091908575863, 0.8367660782795254, -0.13635585731754474, 0.6603762041966925, -0.16644739064327485, 0.8093351774867339, -0.19034956537818792, -0.33765099381775454, 0.14427754054549724, 0.6908872981882266, 0.7220286235061439, 0.19137623413666893, -0.8306767779591795, 0.19453321463834983, -0.5090925828337958, 0.46518689717993555, 0.7893025846334776, 0.0294679418262902, 0.20712702072041278, -0.8698643752343853, 0.08014945928561268, -0.7416264326591246, 0.22912569270066396, -0.2726993059103242, 0.5355160686614915, -0.902931727160895, -0.7803637637643119, 0.36804643024725525, 0.029307394167312983, 0.1432827432294983, 0.6874139879813108, -0.024524721700651453, 0.6202888442522898, 0.020487258589880097, 0.8534413864805024, 0.333855543079252, -0.7025463211318861, -0.27089364934848836, 0.7315498318881986, -0.29942957828896866, -0.6219484810876903, -0.0547573816684539, -0.21443765035574014, 0.23785985328818726, -0.12646741612097356, -0.47815568541100895, -0.17505557667448635, -0.16193193089539926, 0.8048437117522818, 0.9592325240809707, 0.24713767881382775, -0.8336317548582777, 0.46599743519199, 0.357370804957968, 0.6520457340504391, -0.3050973265778887, -0.8822398116837538, 0.2236436329105842, -0.751970763373456, 0.5190590583266628, 0.5888466351532844, -0.18274642650020412, 0.8875950117660911, -0.6524404124894483, 0.8851716994539605]",rhc,relu,False,False,100,[10],0.1,100,6
657,57,0.15946009999606758,1.6657087370389545,979.0,100,15,"[0.9340596780273533, 0.09446449835144466, 0.9453687199297687, 0.4296319873487293, 0.3954576491945416, -0.5678210088392472, 0.9525489095524835, -0.9875394895908203, -0.4940352752331121, -0.13041693519110842, 0.5587658435875049, -0.6046298507994938, 0.7259864711984445, 0.9668013543506255, -0.6723155171906026, 0.19466788786571843, -0.98202780466489, -0.22685743471274122, -0.9116798841370009, 0.9133059354284718, -0.1277067062404047, 0.8979546135631256, 0.5726119718701219, 0.7325785971633969, -0.6536691570081037, -0.850102825973786, 0.2014854427555386, -0.6640556325631923, 0.4667603350211398, -0.18311227969597055, 0.05581764683584067, 0.875143167901884, 0.043392244889916, -0.7836132342255386, -0.6835531856304011, 0.09040530340642561, 0.04880816013694678, 0.2752204882519873, -0.1970091128194542, 0.2996102180386846, -0.20619999419653467, 0.24783222709644614, 0.5348099341802477, -0.6420521799177383, -0.24884846282491524, 0.005066118653868745, 0.3733341598326916, -0.4926407026772337, 0.10948172588511706, 0.24986168812819542, 0.7910023321122921, -0.27429282313374714, 0.2751141460374733, -0.6171071957620733, -0.004411770765388567, -0.6351091908575863, 0.8367660782795254, -0.13635585731754474, 0.6603762041966925, -0.16644739064327485, 0.8093351774867339, -0.19034956537818792, -0.33765099381775454, 0.14427754054549724, 0.6908872981882266, 0.7220286235061439, 0.19137623413666893, -0.8306767779591795, 0.19453321463834983, -0.5090925828337958, 0.46518689717993555, 0.7893025846334776, 0.0294679418262902, 0.20712702072041278, -0.8698643752343853, 0.08014945928561268, -0.7416264326591246, 0.22912569270066396, -0.2726993059103242, 0.5355160686614915, -0.902931727160895, -0.7803637637643119, 0.36804643024725525, 0.029307394167312983, 0.1432827432294983, 0.6874139879813108, -0.024524721700651453, 0.6202888442522898, 0.020487258589880097, 0.8534413864805024, 0.333855543079252, -0.7025463211318861, -0.27089364934848836, 0.7315498318881986, -0.29942957828896866, -0.6219484810876903, -0.0547573816684539, -0.21443765035574014, 0.23785985328818726, -0.12646741612097356, -0.47815568541100895, -0.17505557667448635, -0.16193193089539926, 0.8048437117522818, 0.9592325240809707, 0.24713767881382775, -0.8336317548582777, 0.46599743519199, 0.357370804957968, 0.6520457340504391, -0.3050973265778887, -0.8822398116837538, 0.2236436329105842, -0.751970763373456, 0.5190590583266628, 0.5888466351532844, -0.18274642650020412, 0.8875950117660911, -0.6524404124894483, 0.8851716994539605]",rhc,relu,False,False,100,[10],0.1,100,6
658,58,0.16259170009288937,1.6657087370389545,980.0,100,15,"[0.9340596780273533, 0.09446449835144466, 0.9453687199297687, 0.4296319873487293, 0.3954576491945416, -0.5678210088392472, 0.9525489095524835, -0.9875394895908203, -0.4940352752331121, -0.13041693519110842, 0.5587658435875049, -0.6046298507994938, 0.7259864711984445, 0.9668013543506255, -0.6723155171906026, 0.19466788786571843, -0.98202780466489, -0.22685743471274122, -0.9116798841370009, 0.9133059354284718, -0.1277067062404047, 0.8979546135631256, 0.5726119718701219, 0.7325785971633969, -0.6536691570081037, -0.850102825973786, 0.2014854427555386, -0.6640556325631923, 0.4667603350211398, -0.18311227969597055, 0.05581764683584067, 0.875143167901884, 0.043392244889916, -0.7836132342255386, -0.6835531856304011, 0.09040530340642561, 0.04880816013694678, 0.2752204882519873, -0.1970091128194542, 0.2996102180386846, -0.20619999419653467, 0.24783222709644614, 0.5348099341802477, -0.6420521799177383, -0.24884846282491524, 0.005066118653868745, 0.3733341598326916, -0.4926407026772337, 0.10948172588511706, 0.24986168812819542, 0.7910023321122921, -0.27429282313374714, 0.2751141460374733, -0.6171071957620733, -0.004411770765388567, -0.6351091908575863, 0.8367660782795254, -0.13635585731754474, 0.6603762041966925, -0.16644739064327485, 0.8093351774867339, -0.19034956537818792, -0.33765099381775454, 0.14427754054549724, 0.6908872981882266, 0.7220286235061439, 0.19137623413666893, -0.8306767779591795, 0.19453321463834983, -0.5090925828337958, 0.46518689717993555, 0.7893025846334776, 0.0294679418262902, 0.20712702072041278, -0.8698643752343853, 0.08014945928561268, -0.7416264326591246, 0.22912569270066396, -0.2726993059103242, 0.5355160686614915, -0.902931727160895, -0.7803637637643119, 0.36804643024725525, 0.029307394167312983, 0.1432827432294983, 0.6874139879813108, -0.024524721700651453, 0.6202888442522898, 0.020487258589880097, 0.8534413864805024, 0.333855543079252, -0.7025463211318861, -0.27089364934848836, 0.7315498318881986, -0.29942957828896866, -0.6219484810876903, -0.0547573816684539, -0.21443765035574014, 0.23785985328818726, -0.12646741612097356, -0.47815568541100895, -0.17505557667448635, -0.16193193089539926, 0.8048437117522818, 0.9592325240809707, 0.24713767881382775, -0.8336317548582777, 0.46599743519199, 0.357370804957968, 0.6520457340504391, -0.3050973265778887, -0.8822398116837538, 0.2236436329105842, -0.751970763373456, 0.5190590583266628, 0.5888466351532844, -0.18274642650020412, 0.8875950117660911, -0.6524404124894483, 0.8851716994539605]",rhc,relu,False,False,100,[10],0.1,100,6
659,59,0.16467890003696084,1.6033024641149591,982.0,100,15,"[0.9340596780273533, 0.09446449835144466, 0.9453687199297687, 0.4296319873487293, 0.3954576491945416, -0.5678210088392472, 0.9525489095524835, -0.9875394895908203, -0.4940352752331121, -0.13041693519110842, 0.5587658435875049, -0.6046298507994938, 0.7259864711984445, 0.9668013543506255, -0.6723155171906026, 0.19466788786571843, -0.98202780466489, -0.22685743471274122, -0.9116798841370009, 0.9133059354284718, -0.1277067062404047, 0.8979546135631256, 0.5726119718701219, 0.7325785971633969, -0.6536691570081037, -0.850102825973786, 0.2014854427555386, -0.6640556325631923, 0.4667603350211398, -0.18311227969597055, 0.05581764683584067, 0.875143167901884, 0.043392244889916, -0.7836132342255386, -0.6835531856304011, 0.09040530340642561, 0.04880816013694678, 0.2752204882519873, -0.1970091128194542, 0.2996102180386846, -0.20619999419653467, 0.24783222709644614, 0.5348099341802477, -0.6420521799177383, -0.24884846282491524, 0.005066118653868745, 0.3733341598326916, -0.4926407026772337, 0.10948172588511706, 0.24986168812819542, 0.7910023321122921, -0.27429282313374714, 0.2751141460374733, -0.6171071957620733, -0.004411770765388567, -0.6351091908575863, 0.8367660782795254, -0.13635585731754474, 0.6603762041966925, -0.16644739064327485, 0.8093351774867339, -0.19034956537818792, -0.33765099381775454, 0.14427754054549724, 0.6908872981882266, 0.7220286235061439, 0.19137623413666893, -0.8306767779591795, 0.19453321463834983, -0.5090925828337958, 0.46518689717993555, 0.7893025846334776, 0.0294679418262902, 0.20712702072041278, -0.8698643752343853, 0.08014945928561268, -0.7416264326591246, 0.22912569270066396, -0.2726993059103242, 0.5355160686614915, -0.902931727160895, -0.7803637637643119, 0.36804643024725525, 0.029307394167312983, 0.1432827432294983, 0.6874139879813108, -0.024524721700651453, 0.6202888442522898, 0.020487258589880097, 0.8534413864805024, 0.333855543079252, -0.7025463211318861, -0.27089364934848836, 0.7315498318881986, -0.29942957828896866, -0.6219484810876903, -0.0547573816684539, -0.21443765035574014, 0.23785985328818726, -0.12646741612097356, -0.47815568541100895, -0.17505557667448635, -0.16193193089539926, 0.8048437117522818, 0.9592325240809707, 0.24713767881382775, -0.8336317548582777, 0.46599743519199, 0.357370804957968, 0.6520457340504391, -0.3050973265778887, -0.8822398116837538, 0.2236436329105842, -0.751970763373456, 0.5190590583266628, 0.5888466351532844, -0.18274642650020412, 0.8875950117660911, -0.6524404124894483, 0.8851716994539605]",rhc,relu,False,False,100,[10],0.1,100,6
660,60,0.16787820006720722,1.6033024641149591,983.0,100,15,"[0.9340596780273533, 0.09446449835144466, 0.9453687199297687, 0.4296319873487293, 0.3954576491945416, -0.5678210088392472, 0.9525489095524835, -0.9875394895908203, -0.4940352752331121, -0.13041693519110842, 0.5587658435875049, -0.6046298507994938, 0.7259864711984445, 0.9668013543506255, -0.6723155171906026, 0.19466788786571843, -0.98202780466489, -0.22685743471274122, -0.9116798841370009, 0.9133059354284718, -0.1277067062404047, 0.8979546135631256, 0.5726119718701219, 0.7325785971633969, -0.6536691570081037, -0.850102825973786, 0.2014854427555386, -0.6640556325631923, 0.4667603350211398, -0.18311227969597055, 0.05581764683584067, 0.875143167901884, 0.043392244889916, -0.7836132342255386, -0.6835531856304011, 0.09040530340642561, 0.04880816013694678, 0.2752204882519873, -0.1970091128194542, 0.2996102180386846, -0.20619999419653467, 0.24783222709644614, 0.5348099341802477, -0.6420521799177383, -0.24884846282491524, 0.005066118653868745, 0.3733341598326916, -0.4926407026772337, 0.10948172588511706, 0.24986168812819542, 0.7910023321122921, -0.27429282313374714, 0.2751141460374733, -0.6171071957620733, -0.004411770765388567, -0.6351091908575863, 0.8367660782795254, -0.13635585731754474, 0.6603762041966925, -0.16644739064327485, 0.8093351774867339, -0.19034956537818792, -0.33765099381775454, 0.14427754054549724, 0.6908872981882266, 0.7220286235061439, 0.19137623413666893, -0.8306767779591795, 0.19453321463834983, -0.5090925828337958, 0.46518689717993555, 0.7893025846334776, 0.0294679418262902, 0.20712702072041278, -0.8698643752343853, 0.08014945928561268, -0.7416264326591246, 0.22912569270066396, -0.2726993059103242, 0.5355160686614915, -0.902931727160895, -0.7803637637643119, 0.36804643024725525, 0.029307394167312983, 0.1432827432294983, 0.6874139879813108, -0.024524721700651453, 0.6202888442522898, 0.020487258589880097, 0.8534413864805024, 0.333855543079252, -0.7025463211318861, -0.27089364934848836, 0.7315498318881986, -0.29942957828896866, -0.6219484810876903, -0.0547573816684539, -0.21443765035574014, 0.23785985328818726, -0.12646741612097356, -0.47815568541100895, -0.17505557667448635, -0.16193193089539926, 0.8048437117522818, 0.9592325240809707, 0.24713767881382775, -0.8336317548582777, 0.46599743519199, 0.357370804957968, 0.6520457340504391, -0.3050973265778887, -0.8822398116837538, 0.2236436329105842, -0.751970763373456, 0.5190590583266628, 0.5888466351532844, -0.18274642650020412, 0.8875950117660911, -0.6524404124894483, 0.8851716994539605]",rhc,relu,False,False,100,[10],0.1,100,6
661,61,0.16964800003916025,1.6033024641149591,984.0,100,15,"[0.9340596780273533, 0.09446449835144466, 0.9453687199297687, 0.4296319873487293, 0.3954576491945416, -0.5678210088392472, 0.9525489095524835, -0.9875394895908203, -0.4940352752331121, -0.13041693519110842, 0.5587658435875049, -0.6046298507994938, 0.7259864711984445, 0.9668013543506255, -0.6723155171906026, 0.19466788786571843, -0.98202780466489, -0.22685743471274122, -0.9116798841370009, 0.9133059354284718, -0.1277067062404047, 0.8979546135631256, 0.5726119718701219, 0.7325785971633969, -0.6536691570081037, -0.850102825973786, 0.2014854427555386, -0.6640556325631923, 0.4667603350211398, -0.18311227969597055, 0.05581764683584067, 0.875143167901884, 0.043392244889916, -0.7836132342255386, -0.6835531856304011, 0.09040530340642561, 0.04880816013694678, 0.2752204882519873, -0.1970091128194542, 0.2996102180386846, -0.20619999419653467, 0.24783222709644614, 0.5348099341802477, -0.6420521799177383, -0.24884846282491524, 0.005066118653868745, 0.3733341598326916, -0.4926407026772337, 0.10948172588511706, 0.24986168812819542, 0.7910023321122921, -0.27429282313374714, 0.2751141460374733, -0.6171071957620733, -0.004411770765388567, -0.6351091908575863, 0.8367660782795254, -0.13635585731754474, 0.6603762041966925, -0.16644739064327485, 0.8093351774867339, -0.19034956537818792, -0.33765099381775454, 0.14427754054549724, 0.6908872981882266, 0.7220286235061439, 0.19137623413666893, -0.8306767779591795, 0.19453321463834983, -0.5090925828337958, 0.46518689717993555, 0.7893025846334776, 0.0294679418262902, 0.20712702072041278, -0.8698643752343853, 0.08014945928561268, -0.7416264326591246, 0.22912569270066396, -0.2726993059103242, 0.5355160686614915, -0.902931727160895, -0.7803637637643119, 0.36804643024725525, 0.029307394167312983, 0.1432827432294983, 0.6874139879813108, -0.024524721700651453, 0.6202888442522898, 0.020487258589880097, 0.8534413864805024, 0.333855543079252, -0.7025463211318861, -0.27089364934848836, 0.7315498318881986, -0.29942957828896866, -0.6219484810876903, -0.0547573816684539, -0.21443765035574014, 0.23785985328818726, -0.12646741612097356, -0.47815568541100895, -0.17505557667448635, -0.16193193089539926, 0.8048437117522818, 0.9592325240809707, 0.24713767881382775, -0.8336317548582777, 0.46599743519199, 0.357370804957968, 0.6520457340504391, -0.3050973265778887, -0.8822398116837538, 0.2236436329105842, -0.751970763373456, 0.5190590583266628, 0.5888466351532844, -0.18274642650020412, 0.8875950117660911, -0.6524404124894483, 0.8851716994539605]",rhc,relu,False,False,100,[10],0.1,100,6
662,62,0.172666700091213,1.6033024641149591,985.0,100,15,"[0.9340596780273533, 0.09446449835144466, 0.9453687199297687, 0.4296319873487293, 0.3954576491945416, -0.5678210088392472, 0.9525489095524835, -0.9875394895908203, -0.4940352752331121, -0.13041693519110842, 0.5587658435875049, -0.6046298507994938, 0.7259864711984445, 0.9668013543506255, -0.6723155171906026, 0.19466788786571843, -0.98202780466489, -0.22685743471274122, -0.9116798841370009, 0.9133059354284718, -0.1277067062404047, 0.8979546135631256, 0.5726119718701219, 0.7325785971633969, -0.6536691570081037, -0.850102825973786, 0.2014854427555386, -0.6640556325631923, 0.4667603350211398, -0.18311227969597055, 0.05581764683584067, 0.875143167901884, 0.043392244889916, -0.7836132342255386, -0.6835531856304011, 0.09040530340642561, 0.04880816013694678, 0.2752204882519873, -0.1970091128194542, 0.2996102180386846, -0.20619999419653467, 0.24783222709644614, 0.5348099341802477, -0.6420521799177383, -0.24884846282491524, 0.005066118653868745, 0.3733341598326916, -0.4926407026772337, 0.10948172588511706, 0.24986168812819542, 0.7910023321122921, -0.27429282313374714, 0.2751141460374733, -0.6171071957620733, -0.004411770765388567, -0.6351091908575863, 0.8367660782795254, -0.13635585731754474, 0.6603762041966925, -0.16644739064327485, 0.8093351774867339, -0.19034956537818792, -0.33765099381775454, 0.14427754054549724, 0.6908872981882266, 0.7220286235061439, 0.19137623413666893, -0.8306767779591795, 0.19453321463834983, -0.5090925828337958, 0.46518689717993555, 0.7893025846334776, 0.0294679418262902, 0.20712702072041278, -0.8698643752343853, 0.08014945928561268, -0.7416264326591246, 0.22912569270066396, -0.2726993059103242, 0.5355160686614915, -0.902931727160895, -0.7803637637643119, 0.36804643024725525, 0.029307394167312983, 0.1432827432294983, 0.6874139879813108, -0.024524721700651453, 0.6202888442522898, 0.020487258589880097, 0.8534413864805024, 0.333855543079252, -0.7025463211318861, -0.27089364934848836, 0.7315498318881986, -0.29942957828896866, -0.6219484810876903, -0.0547573816684539, -0.21443765035574014, 0.23785985328818726, -0.12646741612097356, -0.47815568541100895, -0.17505557667448635, -0.16193193089539926, 0.8048437117522818, 0.9592325240809707, 0.24713767881382775, -0.8336317548582777, 0.46599743519199, 0.357370804957968, 0.6520457340504391, -0.3050973265778887, -0.8822398116837538, 0.2236436329105842, -0.751970763373456, 0.5190590583266628, 0.5888466351532844, -0.18274642650020412, 0.8875950117660911, -0.6524404124894483, 0.8851716994539605]",rhc,relu,False,False,100,[10],0.1,100,6
663,63,0.1759350000647828,1.6033024641149591,986.0,100,15,"[0.9340596780273533, 0.09446449835144466, 0.9453687199297687, 0.4296319873487293, 0.3954576491945416, -0.5678210088392472, 0.9525489095524835, -0.9875394895908203, -0.4940352752331121, -0.13041693519110842, 0.5587658435875049, -0.6046298507994938, 0.7259864711984445, 0.9668013543506255, -0.6723155171906026, 0.19466788786571843, -0.98202780466489, -0.22685743471274122, -0.9116798841370009, 0.9133059354284718, -0.1277067062404047, 0.8979546135631256, 0.5726119718701219, 0.7325785971633969, -0.6536691570081037, -0.850102825973786, 0.2014854427555386, -0.6640556325631923, 0.4667603350211398, -0.18311227969597055, 0.05581764683584067, 0.875143167901884, 0.043392244889916, -0.7836132342255386, -0.6835531856304011, 0.09040530340642561, 0.04880816013694678, 0.2752204882519873, -0.1970091128194542, 0.2996102180386846, -0.20619999419653467, 0.24783222709644614, 0.5348099341802477, -0.6420521799177383, -0.24884846282491524, 0.005066118653868745, 0.3733341598326916, -0.4926407026772337, 0.10948172588511706, 0.24986168812819542, 0.7910023321122921, -0.27429282313374714, 0.2751141460374733, -0.6171071957620733, -0.004411770765388567, -0.6351091908575863, 0.8367660782795254, -0.13635585731754474, 0.6603762041966925, -0.16644739064327485, 0.8093351774867339, -0.19034956537818792, -0.33765099381775454, 0.14427754054549724, 0.6908872981882266, 0.7220286235061439, 0.19137623413666893, -0.8306767779591795, 0.19453321463834983, -0.5090925828337958, 0.46518689717993555, 0.7893025846334776, 0.0294679418262902, 0.20712702072041278, -0.8698643752343853, 0.08014945928561268, -0.7416264326591246, 0.22912569270066396, -0.2726993059103242, 0.5355160686614915, -0.902931727160895, -0.7803637637643119, 0.36804643024725525, 0.029307394167312983, 0.1432827432294983, 0.6874139879813108, -0.024524721700651453, 0.6202888442522898, 0.020487258589880097, 0.8534413864805024, 0.333855543079252, -0.7025463211318861, -0.27089364934848836, 0.7315498318881986, -0.29942957828896866, -0.6219484810876903, -0.0547573816684539, -0.21443765035574014, 0.23785985328818726, -0.12646741612097356, -0.47815568541100895, -0.17505557667448635, -0.16193193089539926, 0.8048437117522818, 0.9592325240809707, 0.24713767881382775, -0.8336317548582777, 0.46599743519199, 0.357370804957968, 0.6520457340504391, -0.3050973265778887, -0.8822398116837538, 0.2236436329105842, -0.751970763373456, 0.5190590583266628, 0.5888466351532844, -0.18274642650020412, 0.8875950117660911, -0.6524404124894483, 0.8851716994539605]",rhc,relu,False,False,100,[10],0.1,100,6
664,64,0.17886750004254282,1.6033024641149591,987.0,100,15,"[0.9340596780273533, 0.09446449835144466, 0.9453687199297687, 0.4296319873487293, 0.3954576491945416, -0.5678210088392472, 0.9525489095524835, -0.9875394895908203, -0.4940352752331121, -0.13041693519110842, 0.5587658435875049, -0.6046298507994938, 0.7259864711984445, 0.9668013543506255, -0.6723155171906026, 0.19466788786571843, -0.98202780466489, -0.22685743471274122, -0.9116798841370009, 0.9133059354284718, -0.1277067062404047, 0.8979546135631256, 0.5726119718701219, 0.7325785971633969, -0.6536691570081037, -0.850102825973786, 0.2014854427555386, -0.6640556325631923, 0.4667603350211398, -0.18311227969597055, 0.05581764683584067, 0.875143167901884, 0.043392244889916, -0.7836132342255386, -0.6835531856304011, 0.09040530340642561, 0.04880816013694678, 0.2752204882519873, -0.1970091128194542, 0.2996102180386846, -0.20619999419653467, 0.24783222709644614, 0.5348099341802477, -0.6420521799177383, -0.24884846282491524, 0.005066118653868745, 0.3733341598326916, -0.4926407026772337, 0.10948172588511706, 0.24986168812819542, 0.7910023321122921, -0.27429282313374714, 0.2751141460374733, -0.6171071957620733, -0.004411770765388567, -0.6351091908575863, 0.8367660782795254, -0.13635585731754474, 0.6603762041966925, -0.16644739064327485, 0.8093351774867339, -0.19034956537818792, -0.33765099381775454, 0.14427754054549724, 0.6908872981882266, 0.7220286235061439, 0.19137623413666893, -0.8306767779591795, 0.19453321463834983, -0.5090925828337958, 0.46518689717993555, 0.7893025846334776, 0.0294679418262902, 0.20712702072041278, -0.8698643752343853, 0.08014945928561268, -0.7416264326591246, 0.22912569270066396, -0.2726993059103242, 0.5355160686614915, -0.902931727160895, -0.7803637637643119, 0.36804643024725525, 0.029307394167312983, 0.1432827432294983, 0.6874139879813108, -0.024524721700651453, 0.6202888442522898, 0.020487258589880097, 0.8534413864805024, 0.333855543079252, -0.7025463211318861, -0.27089364934848836, 0.7315498318881986, -0.29942957828896866, -0.6219484810876903, -0.0547573816684539, -0.21443765035574014, 0.23785985328818726, -0.12646741612097356, -0.47815568541100895, -0.17505557667448635, -0.16193193089539926, 0.8048437117522818, 0.9592325240809707, 0.24713767881382775, -0.8336317548582777, 0.46599743519199, 0.357370804957968, 0.6520457340504391, -0.3050973265778887, -0.8822398116837538, 0.2236436329105842, -0.751970763373456, 0.5190590583266628, 0.5888466351532844, -0.18274642650020412, 0.8875950117660911, -0.6524404124894483, 0.8851716994539605]",rhc,relu,False,False,100,[10],0.1,100,6
665,65,0.1803774000145495,1.6004516442551326,989.0,100,15,"[0.9340596780273533, 0.09446449835144466, 0.9453687199297687, 0.4296319873487293, 0.3954576491945416, -0.5678210088392472, 0.9525489095524835, -0.9875394895908203, -0.4940352752331121, -0.13041693519110842, 0.5587658435875049, -0.6046298507994938, 0.7259864711984445, 0.9668013543506255, -0.6723155171906026, 0.19466788786571843, -0.98202780466489, -0.22685743471274122, -0.9116798841370009, 0.9133059354284718, -0.1277067062404047, 0.8979546135631256, 0.5726119718701219, 0.7325785971633969, -0.6536691570081037, -0.850102825973786, 0.2014854427555386, -0.6640556325631923, 0.4667603350211398, -0.18311227969597055, 0.05581764683584067, 0.875143167901884, 0.043392244889916, -0.7836132342255386, -0.6835531856304011, 0.09040530340642561, 0.04880816013694678, 0.2752204882519873, -0.1970091128194542, 0.2996102180386846, -0.20619999419653467, 0.24783222709644614, 0.5348099341802477, -0.6420521799177383, -0.24884846282491524, 0.005066118653868745, 0.3733341598326916, -0.4926407026772337, 0.10948172588511706, 0.24986168812819542, 0.7910023321122921, -0.27429282313374714, 0.2751141460374733, -0.6171071957620733, -0.004411770765388567, -0.6351091908575863, 0.8367660782795254, -0.13635585731754474, 0.6603762041966925, -0.16644739064327485, 0.8093351774867339, -0.19034956537818792, -0.33765099381775454, 0.14427754054549724, 0.6908872981882266, 0.7220286235061439, 0.19137623413666893, -0.8306767779591795, 0.19453321463834983, -0.5090925828337958, 0.46518689717993555, 0.7893025846334776, 0.0294679418262902, 0.20712702072041278, -0.8698643752343853, 0.08014945928561268, -0.7416264326591246, 0.22912569270066396, -0.2726993059103242, 0.5355160686614915, -0.902931727160895, -0.7803637637643119, 0.36804643024725525, 0.029307394167312983, 0.1432827432294983, 0.6874139879813108, -0.024524721700651453, 0.6202888442522898, 0.020487258589880097, 0.8534413864805024, 0.333855543079252, -0.7025463211318861, -0.27089364934848836, 0.7315498318881986, -0.29942957828896866, -0.6219484810876903, -0.0547573816684539, -0.21443765035574014, 0.23785985328818726, -0.12646741612097356, -0.47815568541100895, -0.17505557667448635, -0.16193193089539926, 0.8048437117522818, 0.9592325240809707, 0.24713767881382775, -0.8336317548582777, 0.46599743519199, 0.357370804957968, 0.6520457340504391, -0.3050973265778887, -0.8822398116837538, 0.2236436329105842, -0.751970763373456, 0.5190590583266628, 0.5888466351532844, -0.18274642650020412, 0.8875950117660911, -0.6524404124894483, 0.8851716994539605]",rhc,relu,False,False,100,[10],0.1,100,6
666,66,0.18194050004240125,1.6004516442551326,990.0,100,15,"[0.9340596780273533, 0.09446449835144466, 0.9453687199297687, 0.4296319873487293, 0.3954576491945416, -0.5678210088392472, 0.9525489095524835, -0.9875394895908203, -0.4940352752331121, -0.13041693519110842, 0.5587658435875049, -0.6046298507994938, 0.7259864711984445, 0.9668013543506255, -0.6723155171906026, 0.19466788786571843, -0.98202780466489, -0.22685743471274122, -0.9116798841370009, 0.9133059354284718, -0.1277067062404047, 0.8979546135631256, 0.5726119718701219, 0.7325785971633969, -0.6536691570081037, -0.850102825973786, 0.2014854427555386, -0.6640556325631923, 0.4667603350211398, -0.18311227969597055, 0.05581764683584067, 0.875143167901884, 0.043392244889916, -0.7836132342255386, -0.6835531856304011, 0.09040530340642561, 0.04880816013694678, 0.2752204882519873, -0.1970091128194542, 0.2996102180386846, -0.20619999419653467, 0.24783222709644614, 0.5348099341802477, -0.6420521799177383, -0.24884846282491524, 0.005066118653868745, 0.3733341598326916, -0.4926407026772337, 0.10948172588511706, 0.24986168812819542, 0.7910023321122921, -0.27429282313374714, 0.2751141460374733, -0.6171071957620733, -0.004411770765388567, -0.6351091908575863, 0.8367660782795254, -0.13635585731754474, 0.6603762041966925, -0.16644739064327485, 0.8093351774867339, -0.19034956537818792, -0.33765099381775454, 0.14427754054549724, 0.6908872981882266, 0.7220286235061439, 0.19137623413666893, -0.8306767779591795, 0.19453321463834983, -0.5090925828337958, 0.46518689717993555, 0.7893025846334776, 0.0294679418262902, 0.20712702072041278, -0.8698643752343853, 0.08014945928561268, -0.7416264326591246, 0.22912569270066396, -0.2726993059103242, 0.5355160686614915, -0.902931727160895, -0.7803637637643119, 0.36804643024725525, 0.029307394167312983, 0.1432827432294983, 0.6874139879813108, -0.024524721700651453, 0.6202888442522898, 0.020487258589880097, 0.8534413864805024, 0.333855543079252, -0.7025463211318861, -0.27089364934848836, 0.7315498318881986, -0.29942957828896866, -0.6219484810876903, -0.0547573816684539, -0.21443765035574014, 0.23785985328818726, -0.12646741612097356, -0.47815568541100895, -0.17505557667448635, -0.16193193089539926, 0.8048437117522818, 0.9592325240809707, 0.24713767881382775, -0.8336317548582777, 0.46599743519199, 0.357370804957968, 0.6520457340504391, -0.3050973265778887, -0.8822398116837538, 0.2236436329105842, -0.751970763373456, 0.5190590583266628, 0.5888466351532844, -0.18274642650020412, 0.8875950117660911, -0.6524404124894483, 0.8851716994539605]",rhc,relu,False,False,100,[10],0.1,100,6
667,67,0.1847929999930784,1.5980763068030188,992.0,100,15,"[0.9340596780273533, 0.09446449835144466, 0.9453687199297687, 0.4296319873487293, 0.3954576491945416, -0.5678210088392472, 0.9525489095524835, -0.9875394895908203, -0.4940352752331121, -0.13041693519110842, 0.5587658435875049, -0.6046298507994938, 0.7259864711984445, 0.9668013543506255, -0.6723155171906026, 0.19466788786571843, -0.98202780466489, -0.22685743471274122, -0.9116798841370009, 0.9133059354284718, -0.1277067062404047, 0.8979546135631256, 0.5726119718701219, 0.7325785971633969, -0.6536691570081037, -0.850102825973786, 0.2014854427555386, -0.6640556325631923, 0.4667603350211398, -0.18311227969597055, 0.05581764683584067, 0.875143167901884, 0.043392244889916, -0.7836132342255386, -0.6835531856304011, 0.09040530340642561, 0.04880816013694678, 0.2752204882519873, -0.1970091128194542, 0.2996102180386846, -0.20619999419653467, 0.24783222709644614, 0.5348099341802477, -0.6420521799177383, -0.24884846282491524, 0.005066118653868745, 0.3733341598326916, -0.4926407026772337, 0.10948172588511706, 0.24986168812819542, 0.7910023321122921, -0.27429282313374714, 0.2751141460374733, -0.6171071957620733, -0.004411770765388567, -0.6351091908575863, 0.8367660782795254, -0.13635585731754474, 0.6603762041966925, -0.16644739064327485, 0.8093351774867339, -0.19034956537818792, -0.33765099381775454, 0.14427754054549724, 0.6908872981882266, 0.7220286235061439, 0.19137623413666893, -0.8306767779591795, 0.19453321463834983, -0.5090925828337958, 0.46518689717993555, 0.7893025846334776, 0.0294679418262902, 0.20712702072041278, -0.8698643752343853, 0.08014945928561268, -0.7416264326591246, 0.22912569270066396, -0.2726993059103242, 0.5355160686614915, -0.902931727160895, -0.7803637637643119, 0.36804643024725525, 0.029307394167312983, 0.1432827432294983, 0.6874139879813108, -0.024524721700651453, 0.6202888442522898, 0.020487258589880097, 0.8534413864805024, 0.333855543079252, -0.7025463211318861, -0.27089364934848836, 0.7315498318881986, -0.29942957828896866, -0.6219484810876903, -0.0547573816684539, -0.21443765035574014, 0.23785985328818726, -0.12646741612097356, -0.47815568541100895, -0.17505557667448635, -0.16193193089539926, 0.8048437117522818, 0.9592325240809707, 0.24713767881382775, -0.8336317548582777, 0.46599743519199, 0.357370804957968, 0.6520457340504391, -0.3050973265778887, -0.8822398116837538, 0.2236436329105842, -0.751970763373456, 0.5190590583266628, 0.5888466351532844, -0.18274642650020412, 0.8875950117660911, -0.6524404124894483, 0.8851716994539605]",rhc,relu,False,False,100,[10],0.1,100,6
668,68,0.18640930007677525,1.5980763068030188,993.0,100,15,"[0.9340596780273533, 0.09446449835144466, 0.9453687199297687, 0.4296319873487293, 0.3954576491945416, -0.5678210088392472, 0.9525489095524835, -0.9875394895908203, -0.4940352752331121, -0.13041693519110842, 0.5587658435875049, -0.6046298507994938, 0.7259864711984445, 0.9668013543506255, -0.6723155171906026, 0.19466788786571843, -0.98202780466489, -0.22685743471274122, -0.9116798841370009, 0.9133059354284718, -0.1277067062404047, 0.8979546135631256, 0.5726119718701219, 0.7325785971633969, -0.6536691570081037, -0.850102825973786, 0.2014854427555386, -0.6640556325631923, 0.4667603350211398, -0.18311227969597055, 0.05581764683584067, 0.875143167901884, 0.043392244889916, -0.7836132342255386, -0.6835531856304011, 0.09040530340642561, 0.04880816013694678, 0.2752204882519873, -0.1970091128194542, 0.2996102180386846, -0.20619999419653467, 0.24783222709644614, 0.5348099341802477, -0.6420521799177383, -0.24884846282491524, 0.005066118653868745, 0.3733341598326916, -0.4926407026772337, 0.10948172588511706, 0.24986168812819542, 0.7910023321122921, -0.27429282313374714, 0.2751141460374733, -0.6171071957620733, -0.004411770765388567, -0.6351091908575863, 0.8367660782795254, -0.13635585731754474, 0.6603762041966925, -0.16644739064327485, 0.8093351774867339, -0.19034956537818792, -0.33765099381775454, 0.14427754054549724, 0.6908872981882266, 0.7220286235061439, 0.19137623413666893, -0.8306767779591795, 0.19453321463834983, -0.5090925828337958, 0.46518689717993555, 0.7893025846334776, 0.0294679418262902, 0.20712702072041278, -0.8698643752343853, 0.08014945928561268, -0.7416264326591246, 0.22912569270066396, -0.2726993059103242, 0.5355160686614915, -0.902931727160895, -0.7803637637643119, 0.36804643024725525, 0.029307394167312983, 0.1432827432294983, 0.6874139879813108, -0.024524721700651453, 0.6202888442522898, 0.020487258589880097, 0.8534413864805024, 0.333855543079252, -0.7025463211318861, -0.27089364934848836, 0.7315498318881986, -0.29942957828896866, -0.6219484810876903, -0.0547573816684539, -0.21443765035574014, 0.23785985328818726, -0.12646741612097356, -0.47815568541100895, -0.17505557667448635, -0.16193193089539926, 0.8048437117522818, 0.9592325240809707, 0.24713767881382775, -0.8336317548582777, 0.46599743519199, 0.357370804957968, 0.6520457340504391, -0.3050973265778887, -0.8822398116837538, 0.2236436329105842, -0.751970763373456, 0.5190590583266628, 0.5888466351532844, -0.18274642650020412, 0.8875950117660911, -0.6524404124894483, 0.8851716994539605]",rhc,relu,False,False,100,[10],0.1,100,6
669,69,0.18797269999049604,1.5914191918341052,995.0,100,15,"[0.9340596780273533, 0.09446449835144466, 0.9453687199297687, 0.4296319873487293, 0.3954576491945416, -0.5678210088392472, 0.9525489095524835, -0.9875394895908203, -0.4940352752331121, -0.13041693519110842, 0.5587658435875049, -0.6046298507994938, 0.7259864711984445, 0.9668013543506255, -0.6723155171906026, 0.19466788786571843, -0.98202780466489, -0.22685743471274122, -0.9116798841370009, 0.9133059354284718, -0.1277067062404047, 0.8979546135631256, 0.5726119718701219, 0.7325785971633969, -0.6536691570081037, -0.850102825973786, 0.2014854427555386, -0.6640556325631923, 0.4667603350211398, -0.18311227969597055, 0.05581764683584067, 0.875143167901884, 0.043392244889916, -0.7836132342255386, -0.6835531856304011, 0.09040530340642561, 0.04880816013694678, 0.2752204882519873, -0.1970091128194542, 0.2996102180386846, -0.20619999419653467, 0.24783222709644614, 0.5348099341802477, -0.6420521799177383, -0.24884846282491524, 0.005066118653868745, 0.3733341598326916, -0.4926407026772337, 0.10948172588511706, 0.24986168812819542, 0.7910023321122921, -0.27429282313374714, 0.2751141460374733, -0.6171071957620733, -0.004411770765388567, -0.6351091908575863, 0.8367660782795254, -0.13635585731754474, 0.6603762041966925, -0.16644739064327485, 0.8093351774867339, -0.19034956537818792, -0.33765099381775454, 0.14427754054549724, 0.6908872981882266, 0.7220286235061439, 0.19137623413666893, -0.8306767779591795, 0.19453321463834983, -0.5090925828337958, 0.46518689717993555, 0.7893025846334776, 0.0294679418262902, 0.20712702072041278, -0.8698643752343853, 0.08014945928561268, -0.7416264326591246, 0.22912569270066396, -0.2726993059103242, 0.5355160686614915, -0.902931727160895, -0.7803637637643119, 0.36804643024725525, 0.029307394167312983, 0.1432827432294983, 0.6874139879813108, -0.024524721700651453, 0.6202888442522898, 0.020487258589880097, 0.8534413864805024, 0.333855543079252, -0.7025463211318861, -0.27089364934848836, 0.7315498318881986, -0.29942957828896866, -0.6219484810876903, -0.0547573816684539, -0.21443765035574014, 0.23785985328818726, -0.12646741612097356, -0.47815568541100895, -0.17505557667448635, -0.16193193089539926, 0.8048437117522818, 0.9592325240809707, 0.24713767881382775, -0.8336317548582777, 0.46599743519199, 0.357370804957968, 0.6520457340504391, -0.3050973265778887, -0.8822398116837538, 0.2236436329105842, -0.751970763373456, 0.5190590583266628, 0.5888466351532844, -0.18274642650020412, 0.8875950117660911, -0.6524404124894483, 0.8851716994539605]",rhc,relu,False,False,100,[10],0.1,100,6
670,70,0.1908457000972703,1.5902920943279852,997.0,100,15,"[0.9340596780273533, 0.09446449835144466, 0.9453687199297687, 0.4296319873487293, 0.3954576491945416, -0.5678210088392472, 0.9525489095524835, -0.9875394895908203, -0.4940352752331121, -0.13041693519110842, 0.5587658435875049, -0.6046298507994938, 0.7259864711984445, 0.9668013543506255, -0.6723155171906026, 0.19466788786571843, -0.98202780466489, -0.22685743471274122, -0.9116798841370009, 0.9133059354284718, -0.1277067062404047, 0.8979546135631256, 0.5726119718701219, 0.7325785971633969, -0.6536691570081037, -0.850102825973786, 0.2014854427555386, -0.6640556325631923, 0.4667603350211398, -0.18311227969597055, 0.05581764683584067, 0.875143167901884, 0.043392244889916, -0.7836132342255386, -0.6835531856304011, 0.09040530340642561, 0.04880816013694678, 0.2752204882519873, -0.1970091128194542, 0.2996102180386846, -0.20619999419653467, 0.24783222709644614, 0.5348099341802477, -0.6420521799177383, -0.24884846282491524, 0.005066118653868745, 0.3733341598326916, -0.4926407026772337, 0.10948172588511706, 0.24986168812819542, 0.7910023321122921, -0.27429282313374714, 0.2751141460374733, -0.6171071957620733, -0.004411770765388567, -0.6351091908575863, 0.8367660782795254, -0.13635585731754474, 0.6603762041966925, -0.16644739064327485, 0.8093351774867339, -0.19034956537818792, -0.33765099381775454, 0.14427754054549724, 0.6908872981882266, 0.7220286235061439, 0.19137623413666893, -0.8306767779591795, 0.19453321463834983, -0.5090925828337958, 0.46518689717993555, 0.7893025846334776, 0.0294679418262902, 0.20712702072041278, -0.8698643752343853, 0.08014945928561268, -0.7416264326591246, 0.22912569270066396, -0.2726993059103242, 0.5355160686614915, -0.902931727160895, -0.7803637637643119, 0.36804643024725525, 0.029307394167312983, 0.1432827432294983, 0.6874139879813108, -0.024524721700651453, 0.6202888442522898, 0.020487258589880097, 0.8534413864805024, 0.333855543079252, -0.7025463211318861, -0.27089364934848836, 0.7315498318881986, -0.29942957828896866, -0.6219484810876903, -0.0547573816684539, -0.21443765035574014, 0.23785985328818726, -0.12646741612097356, -0.47815568541100895, -0.17505557667448635, -0.16193193089539926, 0.8048437117522818, 0.9592325240809707, 0.24713767881382775, -0.8336317548582777, 0.46599743519199, 0.357370804957968, 0.6520457340504391, -0.3050973265778887, -0.8822398116837538, 0.2236436329105842, -0.751970763373456, 0.5190590583266628, 0.5888466351532844, -0.18274642650020412, 0.8875950117660911, -0.6524404124894483, 0.8851716994539605]",rhc,relu,False,False,100,[10],0.1,100,6
671,71,0.1941902000689879,1.58359697649718,999.0,100,15,"[0.9340596780273533, 0.09446449835144466, 0.9453687199297687, 0.4296319873487293, 0.3954576491945416, -0.5678210088392472, 0.9525489095524835, -0.9875394895908203, -0.4940352752331121, -0.13041693519110842, 0.5587658435875049, -0.6046298507994938, 0.7259864711984445, 0.9668013543506255, -0.6723155171906026, 0.19466788786571843, -0.98202780466489, -0.22685743471274122, -0.9116798841370009, 0.9133059354284718, -0.1277067062404047, 0.8979546135631256, 0.5726119718701219, 0.7325785971633969, -0.6536691570081037, -0.850102825973786, 0.2014854427555386, -0.6640556325631923, 0.4667603350211398, -0.18311227969597055, 0.05581764683584067, 0.875143167901884, 0.043392244889916, -0.7836132342255386, -0.6835531856304011, 0.09040530340642561, 0.04880816013694678, 0.2752204882519873, -0.1970091128194542, 0.2996102180386846, -0.20619999419653467, 0.24783222709644614, 0.5348099341802477, -0.6420521799177383, -0.24884846282491524, 0.005066118653868745, 0.3733341598326916, -0.4926407026772337, 0.10948172588511706, 0.24986168812819542, 0.7910023321122921, -0.27429282313374714, 0.2751141460374733, -0.6171071957620733, -0.004411770765388567, -0.6351091908575863, 0.8367660782795254, -0.13635585731754474, 0.6603762041966925, -0.16644739064327485, 0.8093351774867339, -0.19034956537818792, -0.33765099381775454, 0.14427754054549724, 0.6908872981882266, 0.7220286235061439, 0.19137623413666893, -0.8306767779591795, 0.19453321463834983, -0.5090925828337958, 0.46518689717993555, 0.7893025846334776, 0.0294679418262902, 0.20712702072041278, -0.8698643752343853, 0.08014945928561268, -0.7416264326591246, 0.22912569270066396, -0.2726993059103242, 0.5355160686614915, -0.902931727160895, -0.7803637637643119, 0.36804643024725525, 0.029307394167312983, 0.1432827432294983, 0.6874139879813108, -0.024524721700651453, 0.6202888442522898, 0.020487258589880097, 0.8534413864805024, 0.333855543079252, -0.7025463211318861, -0.27089364934848836, 0.7315498318881986, -0.29942957828896866, -0.6219484810876903, -0.0547573816684539, -0.21443765035574014, 0.23785985328818726, -0.12646741612097356, -0.47815568541100895, -0.17505557667448635, -0.16193193089539926, 0.8048437117522818, 0.9592325240809707, 0.24713767881382775, -0.8336317548582777, 0.46599743519199, 0.357370804957968, 0.6520457340504391, -0.3050973265778887, -0.8822398116837538, 0.2236436329105842, -0.751970763373456, 0.5190590583266628, 0.5888466351532844, -0.18274642650020412, 0.8875950117660911, -0.6524404124894483, 0.8851716994539605]",rhc,relu,False,False,100,[10],0.1,100,6
672,72,0.19706690008752048,1.58359697649718,1000.0,100,15,"[0.9340596780273533, 0.09446449835144466, 0.9453687199297687, 0.4296319873487293, 0.3954576491945416, -0.5678210088392472, 0.9525489095524835, -0.9875394895908203, -0.4940352752331121, -0.13041693519110842, 0.5587658435875049, -0.6046298507994938, 0.7259864711984445, 0.9668013543506255, -0.6723155171906026, 0.19466788786571843, -0.98202780466489, -0.22685743471274122, -0.9116798841370009, 0.9133059354284718, -0.1277067062404047, 0.8979546135631256, 0.5726119718701219, 0.7325785971633969, -0.6536691570081037, -0.850102825973786, 0.2014854427555386, -0.6640556325631923, 0.4667603350211398, -0.18311227969597055, 0.05581764683584067, 0.875143167901884, 0.043392244889916, -0.7836132342255386, -0.6835531856304011, 0.09040530340642561, 0.04880816013694678, 0.2752204882519873, -0.1970091128194542, 0.2996102180386846, -0.20619999419653467, 0.24783222709644614, 0.5348099341802477, -0.6420521799177383, -0.24884846282491524, 0.005066118653868745, 0.3733341598326916, -0.4926407026772337, 0.10948172588511706, 0.24986168812819542, 0.7910023321122921, -0.27429282313374714, 0.2751141460374733, -0.6171071957620733, -0.004411770765388567, -0.6351091908575863, 0.8367660782795254, -0.13635585731754474, 0.6603762041966925, -0.16644739064327485, 0.8093351774867339, -0.19034956537818792, -0.33765099381775454, 0.14427754054549724, 0.6908872981882266, 0.7220286235061439, 0.19137623413666893, -0.8306767779591795, 0.19453321463834983, -0.5090925828337958, 0.46518689717993555, 0.7893025846334776, 0.0294679418262902, 0.20712702072041278, -0.8698643752343853, 0.08014945928561268, -0.7416264326591246, 0.22912569270066396, -0.2726993059103242, 0.5355160686614915, -0.902931727160895, -0.7803637637643119, 0.36804643024725525, 0.029307394167312983, 0.1432827432294983, 0.6874139879813108, -0.024524721700651453, 0.6202888442522898, 0.020487258589880097, 0.8534413864805024, 0.333855543079252, -0.7025463211318861, -0.27089364934848836, 0.7315498318881986, -0.29942957828896866, -0.6219484810876903, -0.0547573816684539, -0.21443765035574014, 0.23785985328818726, -0.12646741612097356, -0.47815568541100895, -0.17505557667448635, -0.16193193089539926, 0.8048437117522818, 0.9592325240809707, 0.24713767881382775, -0.8336317548582777, 0.46599743519199, 0.357370804957968, 0.6520457340504391, -0.3050973265778887, -0.8822398116837538, 0.2236436329105842, -0.751970763373456, 0.5190590583266628, 0.5888466351532844, -0.18274642650020412, 0.8875950117660911, -0.6524404124894483, 0.8851716994539605]",rhc,relu,False,False,100,[10],0.1,100,6
673,73,0.19875830004457384,1.5823508117452003,1002.0,100,15,"[0.9340596780273533, 0.09446449835144466, 0.9453687199297687, 0.4296319873487293, 0.3954576491945416, -0.5678210088392472, 0.9525489095524835, -0.9875394895908203, -0.4940352752331121, -0.13041693519110842, 0.5587658435875049, -0.6046298507994938, 0.7259864711984445, 0.9668013543506255, -0.6723155171906026, 0.19466788786571843, -0.98202780466489, -0.22685743471274122, -0.9116798841370009, 0.9133059354284718, -0.1277067062404047, 0.8979546135631256, 0.5726119718701219, 0.7325785971633969, -0.6536691570081037, -0.850102825973786, 0.2014854427555386, -0.6640556325631923, 0.4667603350211398, -0.18311227969597055, 0.05581764683584067, 0.875143167901884, 0.043392244889916, -0.7836132342255386, -0.6835531856304011, 0.09040530340642561, 0.04880816013694678, 0.2752204882519873, -0.1970091128194542, 0.2996102180386846, -0.20619999419653467, 0.24783222709644614, 0.5348099341802477, -0.6420521799177383, -0.24884846282491524, 0.005066118653868745, 0.3733341598326916, -0.4926407026772337, 0.10948172588511706, 0.24986168812819542, 0.7910023321122921, -0.27429282313374714, 0.2751141460374733, -0.6171071957620733, -0.004411770765388567, -0.6351091908575863, 0.8367660782795254, -0.13635585731754474, 0.6603762041966925, -0.16644739064327485, 0.8093351774867339, -0.19034956537818792, -0.33765099381775454, 0.14427754054549724, 0.6908872981882266, 0.7220286235061439, 0.19137623413666893, -0.8306767779591795, 0.19453321463834983, -0.5090925828337958, 0.46518689717993555, 0.7893025846334776, 0.0294679418262902, 0.20712702072041278, -0.8698643752343853, 0.08014945928561268, -0.7416264326591246, 0.22912569270066396, -0.2726993059103242, 0.5355160686614915, -0.902931727160895, -0.7803637637643119, 0.36804643024725525, 0.029307394167312983, 0.1432827432294983, 0.6874139879813108, -0.024524721700651453, 0.6202888442522898, 0.020487258589880097, 0.8534413864805024, 0.333855543079252, -0.7025463211318861, -0.27089364934848836, 0.7315498318881986, -0.29942957828896866, -0.6219484810876903, -0.0547573816684539, -0.21443765035574014, 0.23785985328818726, -0.12646741612097356, -0.47815568541100895, -0.17505557667448635, -0.16193193089539926, 0.8048437117522818, 0.9592325240809707, 0.24713767881382775, -0.8336317548582777, 0.46599743519199, 0.357370804957968, 0.6520457340504391, -0.3050973265778887, -0.8822398116837538, 0.2236436329105842, -0.751970763373456, 0.5190590583266628, 0.5888466351532844, -0.18274642650020412, 0.8875950117660911, -0.6524404124894483, 0.8851716994539605]",rhc,relu,False,False,100,[10],0.1,100,6
674,74,0.20192090002819896,1.5823508117452003,1003.0,100,15,"[0.9340596780273533, 0.09446449835144466, 0.9453687199297687, 0.4296319873487293, 0.3954576491945416, -0.5678210088392472, 0.9525489095524835, -0.9875394895908203, -0.4940352752331121, -0.13041693519110842, 0.5587658435875049, -0.6046298507994938, 0.7259864711984445, 0.9668013543506255, -0.6723155171906026, 0.19466788786571843, -0.98202780466489, -0.22685743471274122, -0.9116798841370009, 0.9133059354284718, -0.1277067062404047, 0.8979546135631256, 0.5726119718701219, 0.7325785971633969, -0.6536691570081037, -0.850102825973786, 0.2014854427555386, -0.6640556325631923, 0.4667603350211398, -0.18311227969597055, 0.05581764683584067, 0.875143167901884, 0.043392244889916, -0.7836132342255386, -0.6835531856304011, 0.09040530340642561, 0.04880816013694678, 0.2752204882519873, -0.1970091128194542, 0.2996102180386846, -0.20619999419653467, 0.24783222709644614, 0.5348099341802477, -0.6420521799177383, -0.24884846282491524, 0.005066118653868745, 0.3733341598326916, -0.4926407026772337, 0.10948172588511706, 0.24986168812819542, 0.7910023321122921, -0.27429282313374714, 0.2751141460374733, -0.6171071957620733, -0.004411770765388567, -0.6351091908575863, 0.8367660782795254, -0.13635585731754474, 0.6603762041966925, -0.16644739064327485, 0.8093351774867339, -0.19034956537818792, -0.33765099381775454, 0.14427754054549724, 0.6908872981882266, 0.7220286235061439, 0.19137623413666893, -0.8306767779591795, 0.19453321463834983, -0.5090925828337958, 0.46518689717993555, 0.7893025846334776, 0.0294679418262902, 0.20712702072041278, -0.8698643752343853, 0.08014945928561268, -0.7416264326591246, 0.22912569270066396, -0.2726993059103242, 0.5355160686614915, -0.902931727160895, -0.7803637637643119, 0.36804643024725525, 0.029307394167312983, 0.1432827432294983, 0.6874139879813108, -0.024524721700651453, 0.6202888442522898, 0.020487258589880097, 0.8534413864805024, 0.333855543079252, -0.7025463211318861, -0.27089364934848836, 0.7315498318881986, -0.29942957828896866, -0.6219484810876903, -0.0547573816684539, -0.21443765035574014, 0.23785985328818726, -0.12646741612097356, -0.47815568541100895, -0.17505557667448635, -0.16193193089539926, 0.8048437117522818, 0.9592325240809707, 0.24713767881382775, -0.8336317548582777, 0.46599743519199, 0.357370804957968, 0.6520457340504391, -0.3050973265778887, -0.8822398116837538, 0.2236436329105842, -0.751970763373456, 0.5190590583266628, 0.5888466351532844, -0.18274642650020412, 0.8875950117660911, -0.6524404124894483, 0.8851716994539605]",rhc,relu,False,False,100,[10],0.1,100,6
675,75,0.2034730000887066,1.5823508117452003,1004.0,100,15,"[0.9340596780273533, 0.09446449835144466, 0.9453687199297687, 0.4296319873487293, 0.3954576491945416, -0.5678210088392472, 0.9525489095524835, -0.9875394895908203, -0.4940352752331121, -0.13041693519110842, 0.5587658435875049, -0.6046298507994938, 0.7259864711984445, 0.9668013543506255, -0.6723155171906026, 0.19466788786571843, -0.98202780466489, -0.22685743471274122, -0.9116798841370009, 0.9133059354284718, -0.1277067062404047, 0.8979546135631256, 0.5726119718701219, 0.7325785971633969, -0.6536691570081037, -0.850102825973786, 0.2014854427555386, -0.6640556325631923, 0.4667603350211398, -0.18311227969597055, 0.05581764683584067, 0.875143167901884, 0.043392244889916, -0.7836132342255386, -0.6835531856304011, 0.09040530340642561, 0.04880816013694678, 0.2752204882519873, -0.1970091128194542, 0.2996102180386846, -0.20619999419653467, 0.24783222709644614, 0.5348099341802477, -0.6420521799177383, -0.24884846282491524, 0.005066118653868745, 0.3733341598326916, -0.4926407026772337, 0.10948172588511706, 0.24986168812819542, 0.7910023321122921, -0.27429282313374714, 0.2751141460374733, -0.6171071957620733, -0.004411770765388567, -0.6351091908575863, 0.8367660782795254, -0.13635585731754474, 0.6603762041966925, -0.16644739064327485, 0.8093351774867339, -0.19034956537818792, -0.33765099381775454, 0.14427754054549724, 0.6908872981882266, 0.7220286235061439, 0.19137623413666893, -0.8306767779591795, 0.19453321463834983, -0.5090925828337958, 0.46518689717993555, 0.7893025846334776, 0.0294679418262902, 0.20712702072041278, -0.8698643752343853, 0.08014945928561268, -0.7416264326591246, 0.22912569270066396, -0.2726993059103242, 0.5355160686614915, -0.902931727160895, -0.7803637637643119, 0.36804643024725525, 0.029307394167312983, 0.1432827432294983, 0.6874139879813108, -0.024524721700651453, 0.6202888442522898, 0.020487258589880097, 0.8534413864805024, 0.333855543079252, -0.7025463211318861, -0.27089364934848836, 0.7315498318881986, -0.29942957828896866, -0.6219484810876903, -0.0547573816684539, -0.21443765035574014, 0.23785985328818726, -0.12646741612097356, -0.47815568541100895, -0.17505557667448635, -0.16193193089539926, 0.8048437117522818, 0.9592325240809707, 0.24713767881382775, -0.8336317548582777, 0.46599743519199, 0.357370804957968, 0.6520457340504391, -0.3050973265778887, -0.8822398116837538, 0.2236436329105842, -0.751970763373456, 0.5190590583266628, 0.5888466351532844, -0.18274642650020412, 0.8875950117660911, -0.6524404124894483, 0.8851716994539605]",rhc,relu,False,False,100,[10],0.1,100,6
676,76,0.2065150000853464,1.5823508117452003,1005.0,100,15,"[0.9340596780273533, 0.09446449835144466, 0.9453687199297687, 0.4296319873487293, 0.3954576491945416, -0.5678210088392472, 0.9525489095524835, -0.9875394895908203, -0.4940352752331121, -0.13041693519110842, 0.5587658435875049, -0.6046298507994938, 0.7259864711984445, 0.9668013543506255, -0.6723155171906026, 0.19466788786571843, -0.98202780466489, -0.22685743471274122, -0.9116798841370009, 0.9133059354284718, -0.1277067062404047, 0.8979546135631256, 0.5726119718701219, 0.7325785971633969, -0.6536691570081037, -0.850102825973786, 0.2014854427555386, -0.6640556325631923, 0.4667603350211398, -0.18311227969597055, 0.05581764683584067, 0.875143167901884, 0.043392244889916, -0.7836132342255386, -0.6835531856304011, 0.09040530340642561, 0.04880816013694678, 0.2752204882519873, -0.1970091128194542, 0.2996102180386846, -0.20619999419653467, 0.24783222709644614, 0.5348099341802477, -0.6420521799177383, -0.24884846282491524, 0.005066118653868745, 0.3733341598326916, -0.4926407026772337, 0.10948172588511706, 0.24986168812819542, 0.7910023321122921, -0.27429282313374714, 0.2751141460374733, -0.6171071957620733, -0.004411770765388567, -0.6351091908575863, 0.8367660782795254, -0.13635585731754474, 0.6603762041966925, -0.16644739064327485, 0.8093351774867339, -0.19034956537818792, -0.33765099381775454, 0.14427754054549724, 0.6908872981882266, 0.7220286235061439, 0.19137623413666893, -0.8306767779591795, 0.19453321463834983, -0.5090925828337958, 0.46518689717993555, 0.7893025846334776, 0.0294679418262902, 0.20712702072041278, -0.8698643752343853, 0.08014945928561268, -0.7416264326591246, 0.22912569270066396, -0.2726993059103242, 0.5355160686614915, -0.902931727160895, -0.7803637637643119, 0.36804643024725525, 0.029307394167312983, 0.1432827432294983, 0.6874139879813108, -0.024524721700651453, 0.6202888442522898, 0.020487258589880097, 0.8534413864805024, 0.333855543079252, -0.7025463211318861, -0.27089364934848836, 0.7315498318881986, -0.29942957828896866, -0.6219484810876903, -0.0547573816684539, -0.21443765035574014, 0.23785985328818726, -0.12646741612097356, -0.47815568541100895, -0.17505557667448635, -0.16193193089539926, 0.8048437117522818, 0.9592325240809707, 0.24713767881382775, -0.8336317548582777, 0.46599743519199, 0.357370804957968, 0.6520457340504391, -0.3050973265778887, -0.8822398116837538, 0.2236436329105842, -0.751970763373456, 0.5190590583266628, 0.5888466351532844, -0.18274642650020412, 0.8875950117660911, -0.6524404124894483, 0.8851716994539605]",rhc,relu,False,False,100,[10],0.1,100,6
677,77,0.20961990009527653,1.5811174385741569,1007.0,100,15,"[0.9340596780273533, 0.09446449835144466, 0.9453687199297687, 0.4296319873487293, 0.3954576491945416, -0.5678210088392472, 0.9525489095524835, -0.9875394895908203, -0.4940352752331121, -0.13041693519110842, 0.5587658435875049, -0.6046298507994938, 0.7259864711984445, 0.9668013543506255, -0.6723155171906026, 0.19466788786571843, -0.98202780466489, -0.22685743471274122, -0.9116798841370009, 0.9133059354284718, -0.1277067062404047, 0.8979546135631256, 0.5726119718701219, 0.7325785971633969, -0.6536691570081037, -0.850102825973786, 0.2014854427555386, -0.6640556325631923, 0.4667603350211398, -0.18311227969597055, 0.05581764683584067, 0.875143167901884, 0.043392244889916, -0.7836132342255386, -0.6835531856304011, 0.09040530340642561, 0.04880816013694678, 0.2752204882519873, -0.1970091128194542, 0.2996102180386846, -0.20619999419653467, 0.24783222709644614, 0.5348099341802477, -0.6420521799177383, -0.24884846282491524, 0.005066118653868745, 0.3733341598326916, -0.4926407026772337, 0.10948172588511706, 0.24986168812819542, 0.7910023321122921, -0.27429282313374714, 0.2751141460374733, -0.6171071957620733, -0.004411770765388567, -0.6351091908575863, 0.8367660782795254, -0.13635585731754474, 0.6603762041966925, -0.16644739064327485, 0.8093351774867339, -0.19034956537818792, -0.33765099381775454, 0.14427754054549724, 0.6908872981882266, 0.7220286235061439, 0.19137623413666893, -0.8306767779591795, 0.19453321463834983, -0.5090925828337958, 0.46518689717993555, 0.7893025846334776, 0.0294679418262902, 0.20712702072041278, -0.8698643752343853, 0.08014945928561268, -0.7416264326591246, 0.22912569270066396, -0.2726993059103242, 0.5355160686614915, -0.902931727160895, -0.7803637637643119, 0.36804643024725525, 0.029307394167312983, 0.1432827432294983, 0.6874139879813108, -0.024524721700651453, 0.6202888442522898, 0.020487258589880097, 0.8534413864805024, 0.333855543079252, -0.7025463211318861, -0.27089364934848836, 0.7315498318881986, -0.29942957828896866, -0.6219484810876903, -0.0547573816684539, -0.21443765035574014, 0.23785985328818726, -0.12646741612097356, -0.47815568541100895, -0.17505557667448635, -0.16193193089539926, 0.8048437117522818, 0.9592325240809707, 0.24713767881382775, -0.8336317548582777, 0.46599743519199, 0.357370804957968, 0.6520457340504391, -0.3050973265778887, -0.8822398116837538, 0.2236436329105842, -0.751970763373456, 0.5190590583266628, 0.5888466351532844, -0.18274642650020412, 0.8875950117660911, -0.6524404124894483, 0.8851716994539605]",rhc,relu,False,False,100,[10],0.1,100,6
678,78,0.2124417000450194,1.5805151644465296,1009.0,100,15,"[0.9340596780273533, 0.09446449835144466, 0.9453687199297687, 0.4296319873487293, 0.3954576491945416, -0.5678210088392472, 0.9525489095524835, -0.9875394895908203, -0.4940352752331121, -0.13041693519110842, 0.5587658435875049, -0.6046298507994938, 0.7259864711984445, 0.9668013543506255, -0.6723155171906026, 0.19466788786571843, -0.98202780466489, -0.22685743471274122, -0.9116798841370009, 0.9133059354284718, -0.1277067062404047, 0.8979546135631256, 0.5726119718701219, 0.7325785971633969, -0.6536691570081037, -0.850102825973786, 0.2014854427555386, -0.6640556325631923, 0.4667603350211398, -0.18311227969597055, 0.05581764683584067, 0.875143167901884, 0.043392244889916, -0.7836132342255386, -0.6835531856304011, 0.09040530340642561, 0.04880816013694678, 0.2752204882519873, -0.1970091128194542, 0.2996102180386846, -0.20619999419653467, 0.24783222709644614, 0.5348099341802477, -0.6420521799177383, -0.24884846282491524, 0.005066118653868745, 0.3733341598326916, -0.4926407026772337, 0.10948172588511706, 0.24986168812819542, 0.7910023321122921, -0.27429282313374714, 0.2751141460374733, -0.6171071957620733, -0.004411770765388567, -0.6351091908575863, 0.8367660782795254, -0.13635585731754474, 0.6603762041966925, -0.16644739064327485, 0.8093351774867339, -0.19034956537818792, -0.33765099381775454, 0.14427754054549724, 0.6908872981882266, 0.7220286235061439, 0.19137623413666893, -0.8306767779591795, 0.19453321463834983, -0.5090925828337958, 0.46518689717993555, 0.7893025846334776, 0.0294679418262902, 0.20712702072041278, -0.8698643752343853, 0.08014945928561268, -0.7416264326591246, 0.22912569270066396, -0.2726993059103242, 0.5355160686614915, -0.902931727160895, -0.7803637637643119, 0.36804643024725525, 0.029307394167312983, 0.1432827432294983, 0.6874139879813108, -0.024524721700651453, 0.6202888442522898, 0.020487258589880097, 0.8534413864805024, 0.333855543079252, -0.7025463211318861, -0.27089364934848836, 0.7315498318881986, -0.29942957828896866, -0.6219484810876903, -0.0547573816684539, -0.21443765035574014, 0.23785985328818726, -0.12646741612097356, -0.47815568541100895, -0.17505557667448635, -0.16193193089539926, 0.8048437117522818, 0.9592325240809707, 0.24713767881382775, -0.8336317548582777, 0.46599743519199, 0.357370804957968, 0.6520457340504391, -0.3050973265778887, -0.8822398116837538, 0.2236436329105842, -0.751970763373456, 0.5190590583266628, 0.5888466351532844, -0.18274642650020412, 0.8875950117660911, -0.6524404124894483, 0.8851716994539605]",rhc,relu,False,False,100,[10],0.1,100,6
679,79,0.21469990001060069,1.5805151644465296,1010.0,100,15,"[0.9340596780273533, 0.09446449835144466, 0.9453687199297687, 0.4296319873487293, 0.3954576491945416, -0.5678210088392472, 0.9525489095524835, -0.9875394895908203, -0.4940352752331121, -0.13041693519110842, 0.5587658435875049, -0.6046298507994938, 0.7259864711984445, 0.9668013543506255, -0.6723155171906026, 0.19466788786571843, -0.98202780466489, -0.22685743471274122, -0.9116798841370009, 0.9133059354284718, -0.1277067062404047, 0.8979546135631256, 0.5726119718701219, 0.7325785971633969, -0.6536691570081037, -0.850102825973786, 0.2014854427555386, -0.6640556325631923, 0.4667603350211398, -0.18311227969597055, 0.05581764683584067, 0.875143167901884, 0.043392244889916, -0.7836132342255386, -0.6835531856304011, 0.09040530340642561, 0.04880816013694678, 0.2752204882519873, -0.1970091128194542, 0.2996102180386846, -0.20619999419653467, 0.24783222709644614, 0.5348099341802477, -0.6420521799177383, -0.24884846282491524, 0.005066118653868745, 0.3733341598326916, -0.4926407026772337, 0.10948172588511706, 0.24986168812819542, 0.7910023321122921, -0.27429282313374714, 0.2751141460374733, -0.6171071957620733, -0.004411770765388567, -0.6351091908575863, 0.8367660782795254, -0.13635585731754474, 0.6603762041966925, -0.16644739064327485, 0.8093351774867339, -0.19034956537818792, -0.33765099381775454, 0.14427754054549724, 0.6908872981882266, 0.7220286235061439, 0.19137623413666893, -0.8306767779591795, 0.19453321463834983, -0.5090925828337958, 0.46518689717993555, 0.7893025846334776, 0.0294679418262902, 0.20712702072041278, -0.8698643752343853, 0.08014945928561268, -0.7416264326591246, 0.22912569270066396, -0.2726993059103242, 0.5355160686614915, -0.902931727160895, -0.7803637637643119, 0.36804643024725525, 0.029307394167312983, 0.1432827432294983, 0.6874139879813108, -0.024524721700651453, 0.6202888442522898, 0.020487258589880097, 0.8534413864805024, 0.333855543079252, -0.7025463211318861, -0.27089364934848836, 0.7315498318881986, -0.29942957828896866, -0.6219484810876903, -0.0547573816684539, -0.21443765035574014, 0.23785985328818726, -0.12646741612097356, -0.47815568541100895, -0.17505557667448635, -0.16193193089539926, 0.8048437117522818, 0.9592325240809707, 0.24713767881382775, -0.8336317548582777, 0.46599743519199, 0.357370804957968, 0.6520457340504391, -0.3050973265778887, -0.8822398116837538, 0.2236436329105842, -0.751970763373456, 0.5190590583266628, 0.5888466351532844, -0.18274642650020412, 0.8875950117660911, -0.6524404124894483, 0.8851716994539605]",rhc,relu,False,False,100,[10],0.1,100,6
680,80,0.21622890001162887,1.5805151644465296,1011.0,100,15,"[0.9340596780273533, 0.09446449835144466, 0.9453687199297687, 0.4296319873487293, 0.3954576491945416, -0.5678210088392472, 0.9525489095524835, -0.9875394895908203, -0.4940352752331121, -0.13041693519110842, 0.5587658435875049, -0.6046298507994938, 0.7259864711984445, 0.9668013543506255, -0.6723155171906026, 0.19466788786571843, -0.98202780466489, -0.22685743471274122, -0.9116798841370009, 0.9133059354284718, -0.1277067062404047, 0.8979546135631256, 0.5726119718701219, 0.7325785971633969, -0.6536691570081037, -0.850102825973786, 0.2014854427555386, -0.6640556325631923, 0.4667603350211398, -0.18311227969597055, 0.05581764683584067, 0.875143167901884, 0.043392244889916, -0.7836132342255386, -0.6835531856304011, 0.09040530340642561, 0.04880816013694678, 0.2752204882519873, -0.1970091128194542, 0.2996102180386846, -0.20619999419653467, 0.24783222709644614, 0.5348099341802477, -0.6420521799177383, -0.24884846282491524, 0.005066118653868745, 0.3733341598326916, -0.4926407026772337, 0.10948172588511706, 0.24986168812819542, 0.7910023321122921, -0.27429282313374714, 0.2751141460374733, -0.6171071957620733, -0.004411770765388567, -0.6351091908575863, 0.8367660782795254, -0.13635585731754474, 0.6603762041966925, -0.16644739064327485, 0.8093351774867339, -0.19034956537818792, -0.33765099381775454, 0.14427754054549724, 0.6908872981882266, 0.7220286235061439, 0.19137623413666893, -0.8306767779591795, 0.19453321463834983, -0.5090925828337958, 0.46518689717993555, 0.7893025846334776, 0.0294679418262902, 0.20712702072041278, -0.8698643752343853, 0.08014945928561268, -0.7416264326591246, 0.22912569270066396, -0.2726993059103242, 0.5355160686614915, -0.902931727160895, -0.7803637637643119, 0.36804643024725525, 0.029307394167312983, 0.1432827432294983, 0.6874139879813108, -0.024524721700651453, 0.6202888442522898, 0.020487258589880097, 0.8534413864805024, 0.333855543079252, -0.7025463211318861, -0.27089364934848836, 0.7315498318881986, -0.29942957828896866, -0.6219484810876903, -0.0547573816684539, -0.21443765035574014, 0.23785985328818726, -0.12646741612097356, -0.47815568541100895, -0.17505557667448635, -0.16193193089539926, 0.8048437117522818, 0.9592325240809707, 0.24713767881382775, -0.8336317548582777, 0.46599743519199, 0.357370804957968, 0.6520457340504391, -0.3050973265778887, -0.8822398116837538, 0.2236436329105842, -0.751970763373456, 0.5190590583266628, 0.5888466351532844, -0.18274642650020412, 0.8875950117660911, -0.6524404124894483, 0.8851716994539605]",rhc,relu,False,False,100,[10],0.1,100,6
681,81,0.21764280006755143,1.5805151644465296,1012.0,100,15,"[0.9340596780273533, 0.09446449835144466, 0.9453687199297687, 0.4296319873487293, 0.3954576491945416, -0.5678210088392472, 0.9525489095524835, -0.9875394895908203, -0.4940352752331121, -0.13041693519110842, 0.5587658435875049, -0.6046298507994938, 0.7259864711984445, 0.9668013543506255, -0.6723155171906026, 0.19466788786571843, -0.98202780466489, -0.22685743471274122, -0.9116798841370009, 0.9133059354284718, -0.1277067062404047, 0.8979546135631256, 0.5726119718701219, 0.7325785971633969, -0.6536691570081037, -0.850102825973786, 0.2014854427555386, -0.6640556325631923, 0.4667603350211398, -0.18311227969597055, 0.05581764683584067, 0.875143167901884, 0.043392244889916, -0.7836132342255386, -0.6835531856304011, 0.09040530340642561, 0.04880816013694678, 0.2752204882519873, -0.1970091128194542, 0.2996102180386846, -0.20619999419653467, 0.24783222709644614, 0.5348099341802477, -0.6420521799177383, -0.24884846282491524, 0.005066118653868745, 0.3733341598326916, -0.4926407026772337, 0.10948172588511706, 0.24986168812819542, 0.7910023321122921, -0.27429282313374714, 0.2751141460374733, -0.6171071957620733, -0.004411770765388567, -0.6351091908575863, 0.8367660782795254, -0.13635585731754474, 0.6603762041966925, -0.16644739064327485, 0.8093351774867339, -0.19034956537818792, -0.33765099381775454, 0.14427754054549724, 0.6908872981882266, 0.7220286235061439, 0.19137623413666893, -0.8306767779591795, 0.19453321463834983, -0.5090925828337958, 0.46518689717993555, 0.7893025846334776, 0.0294679418262902, 0.20712702072041278, -0.8698643752343853, 0.08014945928561268, -0.7416264326591246, 0.22912569270066396, -0.2726993059103242, 0.5355160686614915, -0.902931727160895, -0.7803637637643119, 0.36804643024725525, 0.029307394167312983, 0.1432827432294983, 0.6874139879813108, -0.024524721700651453, 0.6202888442522898, 0.020487258589880097, 0.8534413864805024, 0.333855543079252, -0.7025463211318861, -0.27089364934848836, 0.7315498318881986, -0.29942957828896866, -0.6219484810876903, -0.0547573816684539, -0.21443765035574014, 0.23785985328818726, -0.12646741612097356, -0.47815568541100895, -0.17505557667448635, -0.16193193089539926, 0.8048437117522818, 0.9592325240809707, 0.24713767881382775, -0.8336317548582777, 0.46599743519199, 0.357370804957968, 0.6520457340504391, -0.3050973265778887, -0.8822398116837538, 0.2236436329105842, -0.751970763373456, 0.5190590583266628, 0.5888466351532844, -0.18274642650020412, 0.8875950117660911, -0.6524404124894483, 0.8851716994539605]",rhc,relu,False,False,100,[10],0.1,100,6
682,82,0.2193455999949947,1.5802706813375242,1014.0,100,15,"[0.9340596780273533, 0.09446449835144466, 0.9453687199297687, 0.4296319873487293, 0.3954576491945416, -0.5678210088392472, 0.9525489095524835, -0.9875394895908203, -0.4940352752331121, -0.13041693519110842, 0.5587658435875049, -0.6046298507994938, 0.7259864711984445, 0.9668013543506255, -0.6723155171906026, 0.19466788786571843, -0.98202780466489, -0.22685743471274122, -0.9116798841370009, 0.9133059354284718, -0.1277067062404047, 0.8979546135631256, 0.5726119718701219, 0.7325785971633969, -0.6536691570081037, -0.850102825973786, 0.2014854427555386, -0.6640556325631923, 0.4667603350211398, -0.18311227969597055, 0.05581764683584067, 0.875143167901884, 0.043392244889916, -0.7836132342255386, -0.6835531856304011, 0.09040530340642561, 0.04880816013694678, 0.2752204882519873, -0.1970091128194542, 0.2996102180386846, -0.20619999419653467, 0.24783222709644614, 0.5348099341802477, -0.6420521799177383, -0.24884846282491524, 0.005066118653868745, 0.3733341598326916, -0.4926407026772337, 0.10948172588511706, 0.24986168812819542, 0.7910023321122921, -0.27429282313374714, 0.2751141460374733, -0.6171071957620733, -0.004411770765388567, -0.6351091908575863, 0.8367660782795254, -0.13635585731754474, 0.6603762041966925, -0.16644739064327485, 0.8093351774867339, -0.19034956537818792, -0.33765099381775454, 0.14427754054549724, 0.6908872981882266, 0.7220286235061439, 0.19137623413666893, -0.8306767779591795, 0.19453321463834983, -0.5090925828337958, 0.46518689717993555, 0.7893025846334776, 0.0294679418262902, 0.20712702072041278, -0.8698643752343853, 0.08014945928561268, -0.7416264326591246, 0.22912569270066396, -0.2726993059103242, 0.5355160686614915, -0.902931727160895, -0.7803637637643119, 0.36804643024725525, 0.029307394167312983, 0.1432827432294983, 0.6874139879813108, -0.024524721700651453, 0.6202888442522898, 0.020487258589880097, 0.8534413864805024, 0.333855543079252, -0.7025463211318861, -0.27089364934848836, 0.7315498318881986, -0.29942957828896866, -0.6219484810876903, -0.0547573816684539, -0.21443765035574014, 0.23785985328818726, -0.12646741612097356, -0.47815568541100895, -0.17505557667448635, -0.16193193089539926, 0.8048437117522818, 0.9592325240809707, 0.24713767881382775, -0.8336317548582777, 0.46599743519199, 0.357370804957968, 0.6520457340504391, -0.3050973265778887, -0.8822398116837538, 0.2236436329105842, -0.751970763373456, 0.5190590583266628, 0.5888466351532844, -0.18274642650020412, 0.8875950117660911, -0.6524404124894483, 0.8851716994539605]",rhc,relu,False,False,100,[10],0.1,100,6
683,83,0.22115360002499074,1.5759319450956892,1016.0,100,15,"[0.9340596780273533, 0.09446449835144466, 0.9453687199297687, 0.4296319873487293, 0.3954576491945416, -0.5678210088392472, 0.9525489095524835, -0.9875394895908203, -0.4940352752331121, -0.13041693519110842, 0.5587658435875049, -0.6046298507994938, 0.7259864711984445, 0.9668013543506255, -0.6723155171906026, 0.19466788786571843, -0.98202780466489, -0.22685743471274122, -0.9116798841370009, 0.9133059354284718, -0.1277067062404047, 0.8979546135631256, 0.5726119718701219, 0.7325785971633969, -0.6536691570081037, -0.850102825973786, 0.2014854427555386, -0.6640556325631923, 0.4667603350211398, -0.18311227969597055, 0.05581764683584067, 0.875143167901884, 0.043392244889916, -0.7836132342255386, -0.6835531856304011, 0.09040530340642561, 0.04880816013694678, 0.2752204882519873, -0.1970091128194542, 0.2996102180386846, -0.20619999419653467, 0.24783222709644614, 0.5348099341802477, -0.6420521799177383, -0.24884846282491524, 0.005066118653868745, 0.3733341598326916, -0.4926407026772337, 0.10948172588511706, 0.24986168812819542, 0.7910023321122921, -0.27429282313374714, 0.2751141460374733, -0.6171071957620733, -0.004411770765388567, -0.6351091908575863, 0.8367660782795254, -0.13635585731754474, 0.6603762041966925, -0.16644739064327485, 0.8093351774867339, -0.19034956537818792, -0.33765099381775454, 0.14427754054549724, 0.6908872981882266, 0.7220286235061439, 0.19137623413666893, -0.8306767779591795, 0.19453321463834983, -0.5090925828337958, 0.46518689717993555, 0.7893025846334776, 0.0294679418262902, 0.20712702072041278, -0.8698643752343853, 0.08014945928561268, -0.7416264326591246, 0.22912569270066396, -0.2726993059103242, 0.5355160686614915, -0.902931727160895, -0.7803637637643119, 0.36804643024725525, 0.029307394167312983, 0.1432827432294983, 0.6874139879813108, -0.024524721700651453, 0.6202888442522898, 0.020487258589880097, 0.8534413864805024, 0.333855543079252, -0.7025463211318861, -0.27089364934848836, 0.7315498318881986, -0.29942957828896866, -0.6219484810876903, -0.0547573816684539, -0.21443765035574014, 0.23785985328818726, -0.12646741612097356, -0.47815568541100895, -0.17505557667448635, -0.16193193089539926, 0.8048437117522818, 0.9592325240809707, 0.24713767881382775, -0.8336317548582777, 0.46599743519199, 0.357370804957968, 0.6520457340504391, -0.3050973265778887, -0.8822398116837538, 0.2236436329105842, -0.751970763373456, 0.5190590583266628, 0.5888466351532844, -0.18274642650020412, 0.8875950117660911, -0.6524404124894483, 0.8851716994539605]",rhc,relu,False,False,100,[10],0.1,100,6
684,84,0.22437200008425862,1.5759319450956892,1017.0,100,15,"[0.9340596780273533, 0.09446449835144466, 0.9453687199297687, 0.4296319873487293, 0.3954576491945416, -0.5678210088392472, 0.9525489095524835, -0.9875394895908203, -0.4940352752331121, -0.13041693519110842, 0.5587658435875049, -0.6046298507994938, 0.7259864711984445, 0.9668013543506255, -0.6723155171906026, 0.19466788786571843, -0.98202780466489, -0.22685743471274122, -0.9116798841370009, 0.9133059354284718, -0.1277067062404047, 0.8979546135631256, 0.5726119718701219, 0.7325785971633969, -0.6536691570081037, -0.850102825973786, 0.2014854427555386, -0.6640556325631923, 0.4667603350211398, -0.18311227969597055, 0.05581764683584067, 0.875143167901884, 0.043392244889916, -0.7836132342255386, -0.6835531856304011, 0.09040530340642561, 0.04880816013694678, 0.2752204882519873, -0.1970091128194542, 0.2996102180386846, -0.20619999419653467, 0.24783222709644614, 0.5348099341802477, -0.6420521799177383, -0.24884846282491524, 0.005066118653868745, 0.3733341598326916, -0.4926407026772337, 0.10948172588511706, 0.24986168812819542, 0.7910023321122921, -0.27429282313374714, 0.2751141460374733, -0.6171071957620733, -0.004411770765388567, -0.6351091908575863, 0.8367660782795254, -0.13635585731754474, 0.6603762041966925, -0.16644739064327485, 0.8093351774867339, -0.19034956537818792, -0.33765099381775454, 0.14427754054549724, 0.6908872981882266, 0.7220286235061439, 0.19137623413666893, -0.8306767779591795, 0.19453321463834983, -0.5090925828337958, 0.46518689717993555, 0.7893025846334776, 0.0294679418262902, 0.20712702072041278, -0.8698643752343853, 0.08014945928561268, -0.7416264326591246, 0.22912569270066396, -0.2726993059103242, 0.5355160686614915, -0.902931727160895, -0.7803637637643119, 0.36804643024725525, 0.029307394167312983, 0.1432827432294983, 0.6874139879813108, -0.024524721700651453, 0.6202888442522898, 0.020487258589880097, 0.8534413864805024, 0.333855543079252, -0.7025463211318861, -0.27089364934848836, 0.7315498318881986, -0.29942957828896866, -0.6219484810876903, -0.0547573816684539, -0.21443765035574014, 0.23785985328818726, -0.12646741612097356, -0.47815568541100895, -0.17505557667448635, -0.16193193089539926, 0.8048437117522818, 0.9592325240809707, 0.24713767881382775, -0.8336317548582777, 0.46599743519199, 0.357370804957968, 0.6520457340504391, -0.3050973265778887, -0.8822398116837538, 0.2236436329105842, -0.751970763373456, 0.5190590583266628, 0.5888466351532844, -0.18274642650020412, 0.8875950117660911, -0.6524404124894483, 0.8851716994539605]",rhc,relu,False,False,100,[10],0.1,100,6
685,85,0.2259537000209093,1.5732574472029703,1019.0,100,15,"[0.9340596780273533, 0.09446449835144466, 0.9453687199297687, 0.4296319873487293, 0.3954576491945416, -0.5678210088392472, 0.9525489095524835, -0.9875394895908203, -0.4940352752331121, -0.13041693519110842, 0.5587658435875049, -0.6046298507994938, 0.7259864711984445, 0.9668013543506255, -0.6723155171906026, 0.19466788786571843, -0.98202780466489, -0.22685743471274122, -0.9116798841370009, 0.9133059354284718, -0.1277067062404047, 0.8979546135631256, 0.5726119718701219, 0.7325785971633969, -0.6536691570081037, -0.850102825973786, 0.2014854427555386, -0.6640556325631923, 0.4667603350211398, -0.18311227969597055, 0.05581764683584067, 0.875143167901884, 0.043392244889916, -0.7836132342255386, -0.6835531856304011, 0.09040530340642561, 0.04880816013694678, 0.2752204882519873, -0.1970091128194542, 0.2996102180386846, -0.20619999419653467, 0.24783222709644614, 0.5348099341802477, -0.6420521799177383, -0.24884846282491524, 0.005066118653868745, 0.3733341598326916, -0.4926407026772337, 0.10948172588511706, 0.24986168812819542, 0.7910023321122921, -0.27429282313374714, 0.2751141460374733, -0.6171071957620733, -0.004411770765388567, -0.6351091908575863, 0.8367660782795254, -0.13635585731754474, 0.6603762041966925, -0.16644739064327485, 0.8093351774867339, -0.19034956537818792, -0.33765099381775454, 0.14427754054549724, 0.6908872981882266, 0.7220286235061439, 0.19137623413666893, -0.8306767779591795, 0.19453321463834983, -0.5090925828337958, 0.46518689717993555, 0.7893025846334776, 0.0294679418262902, 0.20712702072041278, -0.8698643752343853, 0.08014945928561268, -0.7416264326591246, 0.22912569270066396, -0.2726993059103242, 0.5355160686614915, -0.902931727160895, -0.7803637637643119, 0.36804643024725525, 0.029307394167312983, 0.1432827432294983, 0.6874139879813108, -0.024524721700651453, 0.6202888442522898, 0.020487258589880097, 0.8534413864805024, 0.333855543079252, -0.7025463211318861, -0.27089364934848836, 0.7315498318881986, -0.29942957828896866, -0.6219484810876903, -0.0547573816684539, -0.21443765035574014, 0.23785985328818726, -0.12646741612097356, -0.47815568541100895, -0.17505557667448635, -0.16193193089539926, 0.8048437117522818, 0.9592325240809707, 0.24713767881382775, -0.8336317548582777, 0.46599743519199, 0.357370804957968, 0.6520457340504391, -0.3050973265778887, -0.8822398116837538, 0.2236436329105842, -0.751970763373456, 0.5190590583266628, 0.5888466351532844, -0.18274642650020412, 0.8875950117660911, -0.6524404124894483, 0.8851716994539605]",rhc,relu,False,False,100,[10],0.1,100,6
686,86,0.22897670010570437,1.5732574472029703,1020.0,100,15,"[0.9340596780273533, 0.09446449835144466, 0.9453687199297687, 0.4296319873487293, 0.3954576491945416, -0.5678210088392472, 0.9525489095524835, -0.9875394895908203, -0.4940352752331121, -0.13041693519110842, 0.5587658435875049, -0.6046298507994938, 0.7259864711984445, 0.9668013543506255, -0.6723155171906026, 0.19466788786571843, -0.98202780466489, -0.22685743471274122, -0.9116798841370009, 0.9133059354284718, -0.1277067062404047, 0.8979546135631256, 0.5726119718701219, 0.7325785971633969, -0.6536691570081037, -0.850102825973786, 0.2014854427555386, -0.6640556325631923, 0.4667603350211398, -0.18311227969597055, 0.05581764683584067, 0.875143167901884, 0.043392244889916, -0.7836132342255386, -0.6835531856304011, 0.09040530340642561, 0.04880816013694678, 0.2752204882519873, -0.1970091128194542, 0.2996102180386846, -0.20619999419653467, 0.24783222709644614, 0.5348099341802477, -0.6420521799177383, -0.24884846282491524, 0.005066118653868745, 0.3733341598326916, -0.4926407026772337, 0.10948172588511706, 0.24986168812819542, 0.7910023321122921, -0.27429282313374714, 0.2751141460374733, -0.6171071957620733, -0.004411770765388567, -0.6351091908575863, 0.8367660782795254, -0.13635585731754474, 0.6603762041966925, -0.16644739064327485, 0.8093351774867339, -0.19034956537818792, -0.33765099381775454, 0.14427754054549724, 0.6908872981882266, 0.7220286235061439, 0.19137623413666893, -0.8306767779591795, 0.19453321463834983, -0.5090925828337958, 0.46518689717993555, 0.7893025846334776, 0.0294679418262902, 0.20712702072041278, -0.8698643752343853, 0.08014945928561268, -0.7416264326591246, 0.22912569270066396, -0.2726993059103242, 0.5355160686614915, -0.902931727160895, -0.7803637637643119, 0.36804643024725525, 0.029307394167312983, 0.1432827432294983, 0.6874139879813108, -0.024524721700651453, 0.6202888442522898, 0.020487258589880097, 0.8534413864805024, 0.333855543079252, -0.7025463211318861, -0.27089364934848836, 0.7315498318881986, -0.29942957828896866, -0.6219484810876903, -0.0547573816684539, -0.21443765035574014, 0.23785985328818726, -0.12646741612097356, -0.47815568541100895, -0.17505557667448635, -0.16193193089539926, 0.8048437117522818, 0.9592325240809707, 0.24713767881382775, -0.8336317548582777, 0.46599743519199, 0.357370804957968, 0.6520457340504391, -0.3050973265778887, -0.8822398116837538, 0.2236436329105842, -0.751970763373456, 0.5190590583266628, 0.5888466351532844, -0.18274642650020412, 0.8875950117660911, -0.6524404124894483, 0.8851716994539605]",rhc,relu,False,False,100,[10],0.1,100,6
687,87,0.23168840003199875,1.5732574472029703,1021.0,100,15,"[0.9340596780273533, 0.09446449835144466, 0.9453687199297687, 0.4296319873487293, 0.3954576491945416, -0.5678210088392472, 0.9525489095524835, -0.9875394895908203, -0.4940352752331121, -0.13041693519110842, 0.5587658435875049, -0.6046298507994938, 0.7259864711984445, 0.9668013543506255, -0.6723155171906026, 0.19466788786571843, -0.98202780466489, -0.22685743471274122, -0.9116798841370009, 0.9133059354284718, -0.1277067062404047, 0.8979546135631256, 0.5726119718701219, 0.7325785971633969, -0.6536691570081037, -0.850102825973786, 0.2014854427555386, -0.6640556325631923, 0.4667603350211398, -0.18311227969597055, 0.05581764683584067, 0.875143167901884, 0.043392244889916, -0.7836132342255386, -0.6835531856304011, 0.09040530340642561, 0.04880816013694678, 0.2752204882519873, -0.1970091128194542, 0.2996102180386846, -0.20619999419653467, 0.24783222709644614, 0.5348099341802477, -0.6420521799177383, -0.24884846282491524, 0.005066118653868745, 0.3733341598326916, -0.4926407026772337, 0.10948172588511706, 0.24986168812819542, 0.7910023321122921, -0.27429282313374714, 0.2751141460374733, -0.6171071957620733, -0.004411770765388567, -0.6351091908575863, 0.8367660782795254, -0.13635585731754474, 0.6603762041966925, -0.16644739064327485, 0.8093351774867339, -0.19034956537818792, -0.33765099381775454, 0.14427754054549724, 0.6908872981882266, 0.7220286235061439, 0.19137623413666893, -0.8306767779591795, 0.19453321463834983, -0.5090925828337958, 0.46518689717993555, 0.7893025846334776, 0.0294679418262902, 0.20712702072041278, -0.8698643752343853, 0.08014945928561268, -0.7416264326591246, 0.22912569270066396, -0.2726993059103242, 0.5355160686614915, -0.902931727160895, -0.7803637637643119, 0.36804643024725525, 0.029307394167312983, 0.1432827432294983, 0.6874139879813108, -0.024524721700651453, 0.6202888442522898, 0.020487258589880097, 0.8534413864805024, 0.333855543079252, -0.7025463211318861, -0.27089364934848836, 0.7315498318881986, -0.29942957828896866, -0.6219484810876903, -0.0547573816684539, -0.21443765035574014, 0.23785985328818726, -0.12646741612097356, -0.47815568541100895, -0.17505557667448635, -0.16193193089539926, 0.8048437117522818, 0.9592325240809707, 0.24713767881382775, -0.8336317548582777, 0.46599743519199, 0.357370804957968, 0.6520457340504391, -0.3050973265778887, -0.8822398116837538, 0.2236436329105842, -0.751970763373456, 0.5190590583266628, 0.5888466351532844, -0.18274642650020412, 0.8875950117660911, -0.6524404124894483, 0.8851716994539605]",rhc,relu,False,False,100,[10],0.1,100,6
688,88,0.23309100000187755,1.5732574472029703,1022.0,100,15,"[0.9340596780273533, 0.09446449835144466, 0.9453687199297687, 0.4296319873487293, 0.3954576491945416, -0.5678210088392472, 0.9525489095524835, -0.9875394895908203, -0.4940352752331121, -0.13041693519110842, 0.5587658435875049, -0.6046298507994938, 0.7259864711984445, 0.9668013543506255, -0.6723155171906026, 0.19466788786571843, -0.98202780466489, -0.22685743471274122, -0.9116798841370009, 0.9133059354284718, -0.1277067062404047, 0.8979546135631256, 0.5726119718701219, 0.7325785971633969, -0.6536691570081037, -0.850102825973786, 0.2014854427555386, -0.6640556325631923, 0.4667603350211398, -0.18311227969597055, 0.05581764683584067, 0.875143167901884, 0.043392244889916, -0.7836132342255386, -0.6835531856304011, 0.09040530340642561, 0.04880816013694678, 0.2752204882519873, -0.1970091128194542, 0.2996102180386846, -0.20619999419653467, 0.24783222709644614, 0.5348099341802477, -0.6420521799177383, -0.24884846282491524, 0.005066118653868745, 0.3733341598326916, -0.4926407026772337, 0.10948172588511706, 0.24986168812819542, 0.7910023321122921, -0.27429282313374714, 0.2751141460374733, -0.6171071957620733, -0.004411770765388567, -0.6351091908575863, 0.8367660782795254, -0.13635585731754474, 0.6603762041966925, -0.16644739064327485, 0.8093351774867339, -0.19034956537818792, -0.33765099381775454, 0.14427754054549724, 0.6908872981882266, 0.7220286235061439, 0.19137623413666893, -0.8306767779591795, 0.19453321463834983, -0.5090925828337958, 0.46518689717993555, 0.7893025846334776, 0.0294679418262902, 0.20712702072041278, -0.8698643752343853, 0.08014945928561268, -0.7416264326591246, 0.22912569270066396, -0.2726993059103242, 0.5355160686614915, -0.902931727160895, -0.7803637637643119, 0.36804643024725525, 0.029307394167312983, 0.1432827432294983, 0.6874139879813108, -0.024524721700651453, 0.6202888442522898, 0.020487258589880097, 0.8534413864805024, 0.333855543079252, -0.7025463211318861, -0.27089364934848836, 0.7315498318881986, -0.29942957828896866, -0.6219484810876903, -0.0547573816684539, -0.21443765035574014, 0.23785985328818726, -0.12646741612097356, -0.47815568541100895, -0.17505557667448635, -0.16193193089539926, 0.8048437117522818, 0.9592325240809707, 0.24713767881382775, -0.8336317548582777, 0.46599743519199, 0.357370804957968, 0.6520457340504391, -0.3050973265778887, -0.8822398116837538, 0.2236436329105842, -0.751970763373456, 0.5190590583266628, 0.5888466351532844, -0.18274642650020412, 0.8875950117660911, -0.6524404124894483, 0.8851716994539605]",rhc,relu,False,False,100,[10],0.1,100,6
689,89,0.23613770003430545,1.5717527217570317,1024.0,100,15,"[0.9340596780273533, 0.09446449835144466, 0.9453687199297687, 0.4296319873487293, 0.3954576491945416, -0.5678210088392472, 0.9525489095524835, -0.9875394895908203, -0.4940352752331121, -0.13041693519110842, 0.5587658435875049, -0.6046298507994938, 0.7259864711984445, 0.9668013543506255, -0.6723155171906026, 0.19466788786571843, -0.98202780466489, -0.22685743471274122, -0.9116798841370009, 0.9133059354284718, -0.1277067062404047, 0.8979546135631256, 0.5726119718701219, 0.7325785971633969, -0.6536691570081037, -0.850102825973786, 0.2014854427555386, -0.6640556325631923, 0.4667603350211398, -0.18311227969597055, 0.05581764683584067, 0.875143167901884, 0.043392244889916, -0.7836132342255386, -0.6835531856304011, 0.09040530340642561, 0.04880816013694678, 0.2752204882519873, -0.1970091128194542, 0.2996102180386846, -0.20619999419653467, 0.24783222709644614, 0.5348099341802477, -0.6420521799177383, -0.24884846282491524, 0.005066118653868745, 0.3733341598326916, -0.4926407026772337, 0.10948172588511706, 0.24986168812819542, 0.7910023321122921, -0.27429282313374714, 0.2751141460374733, -0.6171071957620733, -0.004411770765388567, -0.6351091908575863, 0.8367660782795254, -0.13635585731754474, 0.6603762041966925, -0.16644739064327485, 0.8093351774867339, -0.19034956537818792, -0.33765099381775454, 0.14427754054549724, 0.6908872981882266, 0.7220286235061439, 0.19137623413666893, -0.8306767779591795, 0.19453321463834983, -0.5090925828337958, 0.46518689717993555, 0.7893025846334776, 0.0294679418262902, 0.20712702072041278, -0.8698643752343853, 0.08014945928561268, -0.7416264326591246, 0.22912569270066396, -0.2726993059103242, 0.5355160686614915, -0.902931727160895, -0.7803637637643119, 0.36804643024725525, 0.029307394167312983, 0.1432827432294983, 0.6874139879813108, -0.024524721700651453, 0.6202888442522898, 0.020487258589880097, 0.8534413864805024, 0.333855543079252, -0.7025463211318861, -0.27089364934848836, 0.7315498318881986, -0.29942957828896866, -0.6219484810876903, -0.0547573816684539, -0.21443765035574014, 0.23785985328818726, -0.12646741612097356, -0.47815568541100895, -0.17505557667448635, -0.16193193089539926, 0.8048437117522818, 0.9592325240809707, 0.24713767881382775, -0.8336317548582777, 0.46599743519199, 0.357370804957968, 0.6520457340504391, -0.3050973265778887, -0.8822398116837538, 0.2236436329105842, -0.751970763373456, 0.5190590583266628, 0.5888466351532844, -0.18274642650020412, 0.8875950117660911, -0.6524404124894483, 0.8851716994539605]",rhc,relu,False,False,100,[10],0.1,100,6
690,90,0.23915060004219413,1.5717527217570317,1025.0,100,15,"[0.9340596780273533, 0.09446449835144466, 0.9453687199297687, 0.4296319873487293, 0.3954576491945416, -0.5678210088392472, 0.9525489095524835, -0.9875394895908203, -0.4940352752331121, -0.13041693519110842, 0.5587658435875049, -0.6046298507994938, 0.7259864711984445, 0.9668013543506255, -0.6723155171906026, 0.19466788786571843, -0.98202780466489, -0.22685743471274122, -0.9116798841370009, 0.9133059354284718, -0.1277067062404047, 0.8979546135631256, 0.5726119718701219, 0.7325785971633969, -0.6536691570081037, -0.850102825973786, 0.2014854427555386, -0.6640556325631923, 0.4667603350211398, -0.18311227969597055, 0.05581764683584067, 0.875143167901884, 0.043392244889916, -0.7836132342255386, -0.6835531856304011, 0.09040530340642561, 0.04880816013694678, 0.2752204882519873, -0.1970091128194542, 0.2996102180386846, -0.20619999419653467, 0.24783222709644614, 0.5348099341802477, -0.6420521799177383, -0.24884846282491524, 0.005066118653868745, 0.3733341598326916, -0.4926407026772337, 0.10948172588511706, 0.24986168812819542, 0.7910023321122921, -0.27429282313374714, 0.2751141460374733, -0.6171071957620733, -0.004411770765388567, -0.6351091908575863, 0.8367660782795254, -0.13635585731754474, 0.6603762041966925, -0.16644739064327485, 0.8093351774867339, -0.19034956537818792, -0.33765099381775454, 0.14427754054549724, 0.6908872981882266, 0.7220286235061439, 0.19137623413666893, -0.8306767779591795, 0.19453321463834983, -0.5090925828337958, 0.46518689717993555, 0.7893025846334776, 0.0294679418262902, 0.20712702072041278, -0.8698643752343853, 0.08014945928561268, -0.7416264326591246, 0.22912569270066396, -0.2726993059103242, 0.5355160686614915, -0.902931727160895, -0.7803637637643119, 0.36804643024725525, 0.029307394167312983, 0.1432827432294983, 0.6874139879813108, -0.024524721700651453, 0.6202888442522898, 0.020487258589880097, 0.8534413864805024, 0.333855543079252, -0.7025463211318861, -0.27089364934848836, 0.7315498318881986, -0.29942957828896866, -0.6219484810876903, -0.0547573816684539, -0.21443765035574014, 0.23785985328818726, -0.12646741612097356, -0.47815568541100895, -0.17505557667448635, -0.16193193089539926, 0.8048437117522818, 0.9592325240809707, 0.24713767881382775, -0.8336317548582777, 0.46599743519199, 0.357370804957968, 0.6520457340504391, -0.3050973265778887, -0.8822398116837538, 0.2236436329105842, -0.751970763373456, 0.5190590583266628, 0.5888466351532844, -0.18274642650020412, 0.8875950117660911, -0.6524404124894483, 0.8851716994539605]",rhc,relu,False,False,100,[10],0.1,100,6
691,91,0.24208670004736632,1.5454152871288693,1027.0,100,15,"[0.9340596780273533, 0.09446449835144466, 0.9453687199297687, 0.4296319873487293, 0.3954576491945416, -0.5678210088392472, 0.9525489095524835, -0.9875394895908203, -0.4940352752331121, -0.13041693519110842, 0.5587658435875049, -0.6046298507994938, 0.7259864711984445, 0.9668013543506255, -0.6723155171906026, 0.19466788786571843, -0.98202780466489, -0.22685743471274122, -0.9116798841370009, 0.9133059354284718, -0.1277067062404047, 0.8979546135631256, 0.5726119718701219, 0.7325785971633969, -0.6536691570081037, -0.850102825973786, 0.2014854427555386, -0.6640556325631923, 0.4667603350211398, -0.18311227969597055, 0.05581764683584067, 0.875143167901884, 0.043392244889916, -0.7836132342255386, -0.6835531856304011, 0.09040530340642561, 0.04880816013694678, 0.2752204882519873, -0.1970091128194542, 0.2996102180386846, -0.20619999419653467, 0.24783222709644614, 0.5348099341802477, -0.6420521799177383, -0.24884846282491524, 0.005066118653868745, 0.3733341598326916, -0.4926407026772337, 0.10948172588511706, 0.24986168812819542, 0.7910023321122921, -0.27429282313374714, 0.2751141460374733, -0.6171071957620733, -0.004411770765388567, -0.6351091908575863, 0.8367660782795254, -0.13635585731754474, 0.6603762041966925, -0.16644739064327485, 0.8093351774867339, -0.19034956537818792, -0.33765099381775454, 0.14427754054549724, 0.6908872981882266, 0.7220286235061439, 0.19137623413666893, -0.8306767779591795, 0.19453321463834983, -0.5090925828337958, 0.46518689717993555, 0.7893025846334776, 0.0294679418262902, 0.20712702072041278, -0.8698643752343853, 0.08014945928561268, -0.7416264326591246, 0.22912569270066396, -0.2726993059103242, 0.5355160686614915, -0.902931727160895, -0.7803637637643119, 0.36804643024725525, 0.029307394167312983, 0.1432827432294983, 0.6874139879813108, -0.024524721700651453, 0.6202888442522898, 0.020487258589880097, 0.8534413864805024, 0.333855543079252, -0.7025463211318861, -0.27089364934848836, 0.7315498318881986, -0.29942957828896866, -0.6219484810876903, -0.0547573816684539, -0.21443765035574014, 0.23785985328818726, -0.12646741612097356, -0.47815568541100895, -0.17505557667448635, -0.16193193089539926, 0.8048437117522818, 0.9592325240809707, 0.24713767881382775, -0.8336317548582777, 0.46599743519199, 0.357370804957968, 0.6520457340504391, -0.3050973265778887, -0.8822398116837538, 0.2236436329105842, -0.751970763373456, 0.5190590583266628, 0.5888466351532844, -0.18274642650020412, 0.8875950117660911, -0.6524404124894483, 0.8851716994539605]",rhc,relu,False,False,100,[10],0.1,100,6
692,92,0.24406210007146,1.5454152871288693,1028.0,100,15,"[0.9340596780273533, 0.09446449835144466, 0.9453687199297687, 0.4296319873487293, 0.3954576491945416, -0.5678210088392472, 0.9525489095524835, -0.9875394895908203, -0.4940352752331121, -0.13041693519110842, 0.5587658435875049, -0.6046298507994938, 0.7259864711984445, 0.9668013543506255, -0.6723155171906026, 0.19466788786571843, -0.98202780466489, -0.22685743471274122, -0.9116798841370009, 0.9133059354284718, -0.1277067062404047, 0.8979546135631256, 0.5726119718701219, 0.7325785971633969, -0.6536691570081037, -0.850102825973786, 0.2014854427555386, -0.6640556325631923, 0.4667603350211398, -0.18311227969597055, 0.05581764683584067, 0.875143167901884, 0.043392244889916, -0.7836132342255386, -0.6835531856304011, 0.09040530340642561, 0.04880816013694678, 0.2752204882519873, -0.1970091128194542, 0.2996102180386846, -0.20619999419653467, 0.24783222709644614, 0.5348099341802477, -0.6420521799177383, -0.24884846282491524, 0.005066118653868745, 0.3733341598326916, -0.4926407026772337, 0.10948172588511706, 0.24986168812819542, 0.7910023321122921, -0.27429282313374714, 0.2751141460374733, -0.6171071957620733, -0.004411770765388567, -0.6351091908575863, 0.8367660782795254, -0.13635585731754474, 0.6603762041966925, -0.16644739064327485, 0.8093351774867339, -0.19034956537818792, -0.33765099381775454, 0.14427754054549724, 0.6908872981882266, 0.7220286235061439, 0.19137623413666893, -0.8306767779591795, 0.19453321463834983, -0.5090925828337958, 0.46518689717993555, 0.7893025846334776, 0.0294679418262902, 0.20712702072041278, -0.8698643752343853, 0.08014945928561268, -0.7416264326591246, 0.22912569270066396, -0.2726993059103242, 0.5355160686614915, -0.902931727160895, -0.7803637637643119, 0.36804643024725525, 0.029307394167312983, 0.1432827432294983, 0.6874139879813108, -0.024524721700651453, 0.6202888442522898, 0.020487258589880097, 0.8534413864805024, 0.333855543079252, -0.7025463211318861, -0.27089364934848836, 0.7315498318881986, -0.29942957828896866, -0.6219484810876903, -0.0547573816684539, -0.21443765035574014, 0.23785985328818726, -0.12646741612097356, -0.47815568541100895, -0.17505557667448635, -0.16193193089539926, 0.8048437117522818, 0.9592325240809707, 0.24713767881382775, -0.8336317548582777, 0.46599743519199, 0.357370804957968, 0.6520457340504391, -0.3050973265778887, -0.8822398116837538, 0.2236436329105842, -0.751970763373456, 0.5190590583266628, 0.5888466351532844, -0.18274642650020412, 0.8875950117660911, -0.6524404124894483, 0.8851716994539605]",rhc,relu,False,False,100,[10],0.1,100,6
693,93,0.2456533000804484,1.5454152871288693,1029.0,100,15,"[0.9340596780273533, 0.09446449835144466, 0.9453687199297687, 0.4296319873487293, 0.3954576491945416, -0.5678210088392472, 0.9525489095524835, -0.9875394895908203, -0.4940352752331121, -0.13041693519110842, 0.5587658435875049, -0.6046298507994938, 0.7259864711984445, 0.9668013543506255, -0.6723155171906026, 0.19466788786571843, -0.98202780466489, -0.22685743471274122, -0.9116798841370009, 0.9133059354284718, -0.1277067062404047, 0.8979546135631256, 0.5726119718701219, 0.7325785971633969, -0.6536691570081037, -0.850102825973786, 0.2014854427555386, -0.6640556325631923, 0.4667603350211398, -0.18311227969597055, 0.05581764683584067, 0.875143167901884, 0.043392244889916, -0.7836132342255386, -0.6835531856304011, 0.09040530340642561, 0.04880816013694678, 0.2752204882519873, -0.1970091128194542, 0.2996102180386846, -0.20619999419653467, 0.24783222709644614, 0.5348099341802477, -0.6420521799177383, -0.24884846282491524, 0.005066118653868745, 0.3733341598326916, -0.4926407026772337, 0.10948172588511706, 0.24986168812819542, 0.7910023321122921, -0.27429282313374714, 0.2751141460374733, -0.6171071957620733, -0.004411770765388567, -0.6351091908575863, 0.8367660782795254, -0.13635585731754474, 0.6603762041966925, -0.16644739064327485, 0.8093351774867339, -0.19034956537818792, -0.33765099381775454, 0.14427754054549724, 0.6908872981882266, 0.7220286235061439, 0.19137623413666893, -0.8306767779591795, 0.19453321463834983, -0.5090925828337958, 0.46518689717993555, 0.7893025846334776, 0.0294679418262902, 0.20712702072041278, -0.8698643752343853, 0.08014945928561268, -0.7416264326591246, 0.22912569270066396, -0.2726993059103242, 0.5355160686614915, -0.902931727160895, -0.7803637637643119, 0.36804643024725525, 0.029307394167312983, 0.1432827432294983, 0.6874139879813108, -0.024524721700651453, 0.6202888442522898, 0.020487258589880097, 0.8534413864805024, 0.333855543079252, -0.7025463211318861, -0.27089364934848836, 0.7315498318881986, -0.29942957828896866, -0.6219484810876903, -0.0547573816684539, -0.21443765035574014, 0.23785985328818726, -0.12646741612097356, -0.47815568541100895, -0.17505557667448635, -0.16193193089539926, 0.8048437117522818, 0.9592325240809707, 0.24713767881382775, -0.8336317548582777, 0.46599743519199, 0.357370804957968, 0.6520457340504391, -0.3050973265778887, -0.8822398116837538, 0.2236436329105842, -0.751970763373456, 0.5190590583266628, 0.5888466351532844, -0.18274642650020412, 0.8875950117660911, -0.6524404124894483, 0.8851716994539605]",rhc,relu,False,False,100,[10],0.1,100,6
694,94,0.24860799999441952,1.5454152871288693,1030.0,100,15,"[0.9340596780273533, 0.09446449835144466, 0.9453687199297687, 0.4296319873487293, 0.3954576491945416, -0.5678210088392472, 0.9525489095524835, -0.9875394895908203, -0.4940352752331121, -0.13041693519110842, 0.5587658435875049, -0.6046298507994938, 0.7259864711984445, 0.9668013543506255, -0.6723155171906026, 0.19466788786571843, -0.98202780466489, -0.22685743471274122, -0.9116798841370009, 0.9133059354284718, -0.1277067062404047, 0.8979546135631256, 0.5726119718701219, 0.7325785971633969, -0.6536691570081037, -0.850102825973786, 0.2014854427555386, -0.6640556325631923, 0.4667603350211398, -0.18311227969597055, 0.05581764683584067, 0.875143167901884, 0.043392244889916, -0.7836132342255386, -0.6835531856304011, 0.09040530340642561, 0.04880816013694678, 0.2752204882519873, -0.1970091128194542, 0.2996102180386846, -0.20619999419653467, 0.24783222709644614, 0.5348099341802477, -0.6420521799177383, -0.24884846282491524, 0.005066118653868745, 0.3733341598326916, -0.4926407026772337, 0.10948172588511706, 0.24986168812819542, 0.7910023321122921, -0.27429282313374714, 0.2751141460374733, -0.6171071957620733, -0.004411770765388567, -0.6351091908575863, 0.8367660782795254, -0.13635585731754474, 0.6603762041966925, -0.16644739064327485, 0.8093351774867339, -0.19034956537818792, -0.33765099381775454, 0.14427754054549724, 0.6908872981882266, 0.7220286235061439, 0.19137623413666893, -0.8306767779591795, 0.19453321463834983, -0.5090925828337958, 0.46518689717993555, 0.7893025846334776, 0.0294679418262902, 0.20712702072041278, -0.8698643752343853, 0.08014945928561268, -0.7416264326591246, 0.22912569270066396, -0.2726993059103242, 0.5355160686614915, -0.902931727160895, -0.7803637637643119, 0.36804643024725525, 0.029307394167312983, 0.1432827432294983, 0.6874139879813108, -0.024524721700651453, 0.6202888442522898, 0.020487258589880097, 0.8534413864805024, 0.333855543079252, -0.7025463211318861, -0.27089364934848836, 0.7315498318881986, -0.29942957828896866, -0.6219484810876903, -0.0547573816684539, -0.21443765035574014, 0.23785985328818726, -0.12646741612097356, -0.47815568541100895, -0.17505557667448635, -0.16193193089539926, 0.8048437117522818, 0.9592325240809707, 0.24713767881382775, -0.8336317548582777, 0.46599743519199, 0.357370804957968, 0.6520457340504391, -0.3050973265778887, -0.8822398116837538, 0.2236436329105842, -0.751970763373456, 0.5190590583266628, 0.5888466351532844, -0.18274642650020412, 0.8875950117660911, -0.6524404124894483, 0.8851716994539605]",rhc,relu,False,False,100,[10],0.1,100,6
695,95,0.25007430010009557,1.5454152871288693,1031.0,100,15,"[0.9340596780273533, 0.09446449835144466, 0.9453687199297687, 0.4296319873487293, 0.3954576491945416, -0.5678210088392472, 0.9525489095524835, -0.9875394895908203, -0.4940352752331121, -0.13041693519110842, 0.5587658435875049, -0.6046298507994938, 0.7259864711984445, 0.9668013543506255, -0.6723155171906026, 0.19466788786571843, -0.98202780466489, -0.22685743471274122, -0.9116798841370009, 0.9133059354284718, -0.1277067062404047, 0.8979546135631256, 0.5726119718701219, 0.7325785971633969, -0.6536691570081037, -0.850102825973786, 0.2014854427555386, -0.6640556325631923, 0.4667603350211398, -0.18311227969597055, 0.05581764683584067, 0.875143167901884, 0.043392244889916, -0.7836132342255386, -0.6835531856304011, 0.09040530340642561, 0.04880816013694678, 0.2752204882519873, -0.1970091128194542, 0.2996102180386846, -0.20619999419653467, 0.24783222709644614, 0.5348099341802477, -0.6420521799177383, -0.24884846282491524, 0.005066118653868745, 0.3733341598326916, -0.4926407026772337, 0.10948172588511706, 0.24986168812819542, 0.7910023321122921, -0.27429282313374714, 0.2751141460374733, -0.6171071957620733, -0.004411770765388567, -0.6351091908575863, 0.8367660782795254, -0.13635585731754474, 0.6603762041966925, -0.16644739064327485, 0.8093351774867339, -0.19034956537818792, -0.33765099381775454, 0.14427754054549724, 0.6908872981882266, 0.7220286235061439, 0.19137623413666893, -0.8306767779591795, 0.19453321463834983, -0.5090925828337958, 0.46518689717993555, 0.7893025846334776, 0.0294679418262902, 0.20712702072041278, -0.8698643752343853, 0.08014945928561268, -0.7416264326591246, 0.22912569270066396, -0.2726993059103242, 0.5355160686614915, -0.902931727160895, -0.7803637637643119, 0.36804643024725525, 0.029307394167312983, 0.1432827432294983, 0.6874139879813108, -0.024524721700651453, 0.6202888442522898, 0.020487258589880097, 0.8534413864805024, 0.333855543079252, -0.7025463211318861, -0.27089364934848836, 0.7315498318881986, -0.29942957828896866, -0.6219484810876903, -0.0547573816684539, -0.21443765035574014, 0.23785985328818726, -0.12646741612097356, -0.47815568541100895, -0.17505557667448635, -0.16193193089539926, 0.8048437117522818, 0.9592325240809707, 0.24713767881382775, -0.8336317548582777, 0.46599743519199, 0.357370804957968, 0.6520457340504391, -0.3050973265778887, -0.8822398116837538, 0.2236436329105842, -0.751970763373456, 0.5190590583266628, 0.5888466351532844, -0.18274642650020412, 0.8875950117660911, -0.6524404124894483, 0.8851716994539605]",rhc,relu,False,False,100,[10],0.1,100,6
696,96,0.253057699999772,1.5316489144368994,1033.0,100,15,"[0.9340596780273533, 0.09446449835144466, 0.9453687199297687, 0.4296319873487293, 0.3954576491945416, -0.5678210088392472, 0.9525489095524835, -0.9875394895908203, -0.4940352752331121, -0.13041693519110842, 0.5587658435875049, -0.6046298507994938, 0.7259864711984445, 0.9668013543506255, -0.6723155171906026, 0.19466788786571843, -0.98202780466489, -0.22685743471274122, -0.9116798841370009, 0.9133059354284718, -0.1277067062404047, 0.8979546135631256, 0.5726119718701219, 0.7325785971633969, -0.6536691570081037, -0.850102825973786, 0.2014854427555386, -0.6640556325631923, 0.4667603350211398, -0.18311227969597055, 0.05581764683584067, 0.875143167901884, 0.043392244889916, -0.7836132342255386, -0.6835531856304011, 0.09040530340642561, 0.04880816013694678, 0.2752204882519873, -0.1970091128194542, 0.2996102180386846, -0.20619999419653467, 0.24783222709644614, 0.5348099341802477, -0.6420521799177383, -0.24884846282491524, 0.005066118653868745, 0.3733341598326916, -0.4926407026772337, 0.10948172588511706, 0.24986168812819542, 0.7910023321122921, -0.27429282313374714, 0.2751141460374733, -0.6171071957620733, -0.004411770765388567, -0.6351091908575863, 0.8367660782795254, -0.13635585731754474, 0.6603762041966925, -0.16644739064327485, 0.8093351774867339, -0.19034956537818792, -0.33765099381775454, 0.14427754054549724, 0.6908872981882266, 0.7220286235061439, 0.19137623413666893, -0.8306767779591795, 0.19453321463834983, -0.5090925828337958, 0.46518689717993555, 0.7893025846334776, 0.0294679418262902, 0.20712702072041278, -0.8698643752343853, 0.08014945928561268, -0.7416264326591246, 0.22912569270066396, -0.2726993059103242, 0.5355160686614915, -0.902931727160895, -0.7803637637643119, 0.36804643024725525, 0.029307394167312983, 0.1432827432294983, 0.6874139879813108, -0.024524721700651453, 0.6202888442522898, 0.020487258589880097, 0.8534413864805024, 0.333855543079252, -0.7025463211318861, -0.27089364934848836, 0.7315498318881986, -0.29942957828896866, -0.6219484810876903, -0.0547573816684539, -0.21443765035574014, 0.23785985328818726, -0.12646741612097356, -0.47815568541100895, -0.17505557667448635, -0.16193193089539926, 0.8048437117522818, 0.9592325240809707, 0.24713767881382775, -0.8336317548582777, 0.46599743519199, 0.357370804957968, 0.6520457340504391, -0.3050973265778887, -0.8822398116837538, 0.2236436329105842, -0.751970763373456, 0.5190590583266628, 0.5888466351532844, -0.18274642650020412, 0.8875950117660911, -0.6524404124894483, 0.8851716994539605]",rhc,relu,False,False,100,[10],0.1,100,6
697,97,0.2544917000923306,1.5145553184517226,1035.0,100,15,"[0.9340596780273533, 0.09446449835144466, 0.9453687199297687, 0.4296319873487293, 0.3954576491945416, -0.5678210088392472, 0.9525489095524835, -0.9875394895908203, -0.4940352752331121, -0.13041693519110842, 0.5587658435875049, -0.6046298507994938, 0.7259864711984445, 0.9668013543506255, -0.6723155171906026, 0.19466788786571843, -0.98202780466489, -0.22685743471274122, -0.9116798841370009, 0.9133059354284718, -0.1277067062404047, 0.8979546135631256, 0.5726119718701219, 0.7325785971633969, -0.6536691570081037, -0.850102825973786, 0.2014854427555386, -0.6640556325631923, 0.4667603350211398, -0.18311227969597055, 0.05581764683584067, 0.875143167901884, 0.043392244889916, -0.7836132342255386, -0.6835531856304011, 0.09040530340642561, 0.04880816013694678, 0.2752204882519873, -0.1970091128194542, 0.2996102180386846, -0.20619999419653467, 0.24783222709644614, 0.5348099341802477, -0.6420521799177383, -0.24884846282491524, 0.005066118653868745, 0.3733341598326916, -0.4926407026772337, 0.10948172588511706, 0.24986168812819542, 0.7910023321122921, -0.27429282313374714, 0.2751141460374733, -0.6171071957620733, -0.004411770765388567, -0.6351091908575863, 0.8367660782795254, -0.13635585731754474, 0.6603762041966925, -0.16644739064327485, 0.8093351774867339, -0.19034956537818792, -0.33765099381775454, 0.14427754054549724, 0.6908872981882266, 0.7220286235061439, 0.19137623413666893, -0.8306767779591795, 0.19453321463834983, -0.5090925828337958, 0.46518689717993555, 0.7893025846334776, 0.0294679418262902, 0.20712702072041278, -0.8698643752343853, 0.08014945928561268, -0.7416264326591246, 0.22912569270066396, -0.2726993059103242, 0.5355160686614915, -0.902931727160895, -0.7803637637643119, 0.36804643024725525, 0.029307394167312983, 0.1432827432294983, 0.6874139879813108, -0.024524721700651453, 0.6202888442522898, 0.020487258589880097, 0.8534413864805024, 0.333855543079252, -0.7025463211318861, -0.27089364934848836, 0.7315498318881986, -0.29942957828896866, -0.6219484810876903, -0.0547573816684539, -0.21443765035574014, 0.23785985328818726, -0.12646741612097356, -0.47815568541100895, -0.17505557667448635, -0.16193193089539926, 0.8048437117522818, 0.9592325240809707, 0.24713767881382775, -0.8336317548582777, 0.46599743519199, 0.357370804957968, 0.6520457340504391, -0.3050973265778887, -0.8822398116837538, 0.2236436329105842, -0.751970763373456, 0.5190590583266628, 0.5888466351532844, -0.18274642650020412, 0.8875950117660911, -0.6524404124894483, 0.8851716994539605]",rhc,relu,False,False,100,[10],0.1,100,6
698,98,0.25626020005438477,1.5145553184517226,1036.0,100,15,"[0.9340596780273533, 0.09446449835144466, 0.9453687199297687, 0.4296319873487293, 0.3954576491945416, -0.5678210088392472, 0.9525489095524835, -0.9875394895908203, -0.4940352752331121, -0.13041693519110842, 0.5587658435875049, -0.6046298507994938, 0.7259864711984445, 0.9668013543506255, -0.6723155171906026, 0.19466788786571843, -0.98202780466489, -0.22685743471274122, -0.9116798841370009, 0.9133059354284718, -0.1277067062404047, 0.8979546135631256, 0.5726119718701219, 0.7325785971633969, -0.6536691570081037, -0.850102825973786, 0.2014854427555386, -0.6640556325631923, 0.4667603350211398, -0.18311227969597055, 0.05581764683584067, 0.875143167901884, 0.043392244889916, -0.7836132342255386, -0.6835531856304011, 0.09040530340642561, 0.04880816013694678, 0.2752204882519873, -0.1970091128194542, 0.2996102180386846, -0.20619999419653467, 0.24783222709644614, 0.5348099341802477, -0.6420521799177383, -0.24884846282491524, 0.005066118653868745, 0.3733341598326916, -0.4926407026772337, 0.10948172588511706, 0.24986168812819542, 0.7910023321122921, -0.27429282313374714, 0.2751141460374733, -0.6171071957620733, -0.004411770765388567, -0.6351091908575863, 0.8367660782795254, -0.13635585731754474, 0.6603762041966925, -0.16644739064327485, 0.8093351774867339, -0.19034956537818792, -0.33765099381775454, 0.14427754054549724, 0.6908872981882266, 0.7220286235061439, 0.19137623413666893, -0.8306767779591795, 0.19453321463834983, -0.5090925828337958, 0.46518689717993555, 0.7893025846334776, 0.0294679418262902, 0.20712702072041278, -0.8698643752343853, 0.08014945928561268, -0.7416264326591246, 0.22912569270066396, -0.2726993059103242, 0.5355160686614915, -0.902931727160895, -0.7803637637643119, 0.36804643024725525, 0.029307394167312983, 0.1432827432294983, 0.6874139879813108, -0.024524721700651453, 0.6202888442522898, 0.020487258589880097, 0.8534413864805024, 0.333855543079252, -0.7025463211318861, -0.27089364934848836, 0.7315498318881986, -0.29942957828896866, -0.6219484810876903, -0.0547573816684539, -0.21443765035574014, 0.23785985328818726, -0.12646741612097356, -0.47815568541100895, -0.17505557667448635, -0.16193193089539926, 0.8048437117522818, 0.9592325240809707, 0.24713767881382775, -0.8336317548582777, 0.46599743519199, 0.357370804957968, 0.6520457340504391, -0.3050973265778887, -0.8822398116837538, 0.2236436329105842, -0.751970763373456, 0.5190590583266628, 0.5888466351532844, -0.18274642650020412, 0.8875950117660911, -0.6524404124894483, 0.8851716994539605]",rhc,relu,False,False,100,[10],0.1,100,6
699,99,0.2595394999952987,1.497665224120317,1038.0,100,15,"[0.9340596780273533, 0.09446449835144466, 0.9453687199297687, 0.4296319873487293, 0.3954576491945416, -0.5678210088392472, 0.9525489095524835, -0.9875394895908203, -0.4940352752331121, -0.13041693519110842, 0.5587658435875049, -0.6046298507994938, 0.7259864711984445, 0.9668013543506255, -0.6723155171906026, 0.19466788786571843, -0.98202780466489, -0.22685743471274122, -0.9116798841370009, 0.9133059354284718, -0.1277067062404047, 0.8979546135631256, 0.5726119718701219, 0.7325785971633969, -0.6536691570081037, -0.850102825973786, 0.2014854427555386, -0.6640556325631923, 0.4667603350211398, -0.18311227969597055, 0.05581764683584067, 0.875143167901884, 0.043392244889916, -0.7836132342255386, -0.6835531856304011, 0.09040530340642561, 0.04880816013694678, 0.2752204882519873, -0.1970091128194542, 0.2996102180386846, -0.20619999419653467, 0.24783222709644614, 0.5348099341802477, -0.6420521799177383, -0.24884846282491524, 0.005066118653868745, 0.3733341598326916, -0.4926407026772337, 0.10948172588511706, 0.24986168812819542, 0.7910023321122921, -0.27429282313374714, 0.2751141460374733, -0.6171071957620733, -0.004411770765388567, -0.6351091908575863, 0.8367660782795254, -0.13635585731754474, 0.6603762041966925, -0.16644739064327485, 0.8093351774867339, -0.19034956537818792, -0.33765099381775454, 0.14427754054549724, 0.6908872981882266, 0.7220286235061439, 0.19137623413666893, -0.8306767779591795, 0.19453321463834983, -0.5090925828337958, 0.46518689717993555, 0.7893025846334776, 0.0294679418262902, 0.20712702072041278, -0.8698643752343853, 0.08014945928561268, -0.7416264326591246, 0.22912569270066396, -0.2726993059103242, 0.5355160686614915, -0.902931727160895, -0.7803637637643119, 0.36804643024725525, 0.029307394167312983, 0.1432827432294983, 0.6874139879813108, -0.024524721700651453, 0.6202888442522898, 0.020487258589880097, 0.8534413864805024, 0.333855543079252, -0.7025463211318861, -0.27089364934848836, 0.7315498318881986, -0.29942957828896866, -0.6219484810876903, -0.0547573816684539, -0.21443765035574014, 0.23785985328818726, -0.12646741612097356, -0.47815568541100895, -0.17505557667448635, -0.16193193089539926, 0.8048437117522818, 0.9592325240809707, 0.24713767881382775, -0.8336317548582777, 0.46599743519199, 0.357370804957968, 0.6520457340504391, -0.3050973265778887, -0.8822398116837538, 0.2236436329105842, -0.751970763373456, 0.5190590583266628, 0.5888466351532844, -0.18274642650020412, 0.8875950117660911, -0.6524404124894483, 0.8851716994539605]",rhc,relu,False,False,100,[10],0.1,100,6
700,100,0.26120120007544756,1.497002204663019,1040.0,100,15,"[0.9340596780273533, 0.09446449835144466, 0.9453687199297687, 0.4296319873487293, 0.3954576491945416, -0.5678210088392472, 0.9525489095524835, -0.9875394895908203, -0.4940352752331121, -0.13041693519110842, 0.5587658435875049, -0.6046298507994938, 0.7259864711984445, 0.9668013543506255, -0.6723155171906026, 0.19466788786571843, -0.98202780466489, -0.22685743471274122, -0.9116798841370009, 0.9133059354284718, -0.1277067062404047, 0.8979546135631256, 0.5726119718701219, 0.7325785971633969, -0.6536691570081037, -0.850102825973786, 0.2014854427555386, -0.6640556325631923, 0.4667603350211398, -0.18311227969597055, 0.05581764683584067, 0.875143167901884, 0.043392244889916, -0.7836132342255386, -0.6835531856304011, 0.09040530340642561, 0.04880816013694678, 0.2752204882519873, -0.1970091128194542, 0.2996102180386846, -0.20619999419653467, 0.24783222709644614, 0.5348099341802477, -0.6420521799177383, -0.24884846282491524, 0.005066118653868745, 0.3733341598326916, -0.4926407026772337, 0.10948172588511706, 0.24986168812819542, 0.7910023321122921, -0.27429282313374714, 0.2751141460374733, -0.6171071957620733, -0.004411770765388567, -0.6351091908575863, 0.8367660782795254, -0.13635585731754474, 0.6603762041966925, -0.16644739064327485, 0.8093351774867339, -0.19034956537818792, -0.33765099381775454, 0.14427754054549724, 0.6908872981882266, 0.7220286235061439, 0.19137623413666893, -0.8306767779591795, 0.19453321463834983, -0.5090925828337958, 0.46518689717993555, 0.7893025846334776, 0.0294679418262902, 0.20712702072041278, -0.8698643752343853, 0.08014945928561268, -0.7416264326591246, 0.22912569270066396, -0.2726993059103242, 0.5355160686614915, -0.902931727160895, -0.7803637637643119, 0.36804643024725525, 0.029307394167312983, 0.1432827432294983, 0.6874139879813108, -0.024524721700651453, 0.6202888442522898, 0.020487258589880097, 0.8534413864805024, 0.333855543079252, -0.7025463211318861, -0.27089364934848836, 0.7315498318881986, -0.29942957828896866, -0.6219484810876903, -0.0547573816684539, -0.21443765035574014, 0.23785985328818726, -0.12646741612097356, -0.47815568541100895, -0.17505557667448635, -0.16193193089539926, 0.8048437117522818, 0.9592325240809707, 0.24713767881382775, -0.8336317548582777, 0.46599743519199, 0.357370804957968, 0.6520457340504391, -0.3050973265778887, -0.8822398116837538, 0.2236436329105842, -0.751970763373456, 0.5190590583266628, 0.5888466351532844, -0.18274642650020412, 0.8875950117660911, -0.6524404124894483, 0.8851716994539605]",rhc,relu,False,False,100,[10],0.1,100,6
701,1,0.03315600007772446,1.9099841090186194,1041.0,100,15,"[0.9340596780273533, 0.09446449835144466, 0.9453687199297687, 0.4296319873487293, 0.3954576491945416, -0.5678210088392472, 0.9525489095524835, -0.9875394895908203, -0.4940352752331121, -0.13041693519110842, 0.5587658435875049, -0.6046298507994938, 0.7259864711984445, 0.9668013543506255, -0.6723155171906026, 0.19466788786571843, -0.98202780466489, -0.22685743471274122, -0.9116798841370009, 0.9133059354284718, -0.1277067062404047, 0.8979546135631256, 0.5726119718701219, 0.7325785971633969, -0.6536691570081037, -0.850102825973786, 0.2014854427555386, -0.6640556325631923, 0.4667603350211398, -0.18311227969597055, 0.05581764683584067, 0.875143167901884, 0.043392244889916, -0.7836132342255386, -0.6835531856304011, 0.09040530340642561, 0.04880816013694678, 0.2752204882519873, -0.1970091128194542, 0.2996102180386846, -0.20619999419653467, 0.24783222709644614, 0.5348099341802477, -0.6420521799177383, -0.24884846282491524, 0.005066118653868745, 0.3733341598326916, -0.4926407026772337, 0.10948172588511706, 0.24986168812819542, 0.7910023321122921, -0.27429282313374714, 0.2751141460374733, -0.6171071957620733, -0.004411770765388567, -0.6351091908575863, 0.8367660782795254, -0.13635585731754474, 0.6603762041966925, -0.16644739064327485, 0.8093351774867339, -0.19034956537818792, -0.33765099381775454, 0.14427754054549724, 0.6908872981882266, 0.7220286235061439, 0.19137623413666893, -0.8306767779591795, 0.19453321463834983, -0.5090925828337958, 0.46518689717993555, 0.7893025846334776, 0.0294679418262902, 0.20712702072041278, -0.8698643752343853, 0.08014945928561268, -0.7416264326591246, 0.22912569270066396, -0.2726993059103242, 0.5355160686614915, -0.902931727160895, -0.7803637637643119, 0.36804643024725525, 0.029307394167312983, 0.1432827432294983, 0.6874139879813108, -0.024524721700651453, 0.6202888442522898, 0.020487258589880097, 0.8534413864805024, 0.333855543079252, -0.7025463211318861, -0.27089364934848836, 0.7315498318881986, -0.29942957828896866, -0.6219484810876903, -0.0547573816684539, -0.21443765035574014, 0.23785985328818726, -0.12646741612097356, -0.47815568541100895, -0.17505557667448635, -0.16193193089539926, 0.8048437117522818, 0.9592325240809707, 0.24713767881382775, -0.8336317548582777, 0.46599743519199, 0.357370804957968, 0.6520457340504391, -0.3050973265778887, -0.8822398116837538, 0.2236436329105842, -0.751970763373456, 0.5190590583266628, 0.5888466351532844, -0.18274642650020412, 0.8875950117660911, -0.6524404124894483, 0.8851716994539605]",rhc,relu,False,False,100,[10],0.1,100,7
702,2,0.03611099999397993,1.9099841090186194,1042.0,100,15,"[0.9340596780273533, 0.09446449835144466, 0.9453687199297687, 0.4296319873487293, 0.3954576491945416, -0.5678210088392472, 0.9525489095524835, -0.9875394895908203, -0.4940352752331121, -0.13041693519110842, 0.5587658435875049, -0.6046298507994938, 0.7259864711984445, 0.9668013543506255, -0.6723155171906026, 0.19466788786571843, -0.98202780466489, -0.22685743471274122, -0.9116798841370009, 0.9133059354284718, -0.1277067062404047, 0.8979546135631256, 0.5726119718701219, 0.7325785971633969, -0.6536691570081037, -0.850102825973786, 0.2014854427555386, -0.6640556325631923, 0.4667603350211398, -0.18311227969597055, 0.05581764683584067, 0.875143167901884, 0.043392244889916, -0.7836132342255386, -0.6835531856304011, 0.09040530340642561, 0.04880816013694678, 0.2752204882519873, -0.1970091128194542, 0.2996102180386846, -0.20619999419653467, 0.24783222709644614, 0.5348099341802477, -0.6420521799177383, -0.24884846282491524, 0.005066118653868745, 0.3733341598326916, -0.4926407026772337, 0.10948172588511706, 0.24986168812819542, 0.7910023321122921, -0.27429282313374714, 0.2751141460374733, -0.6171071957620733, -0.004411770765388567, -0.6351091908575863, 0.8367660782795254, -0.13635585731754474, 0.6603762041966925, -0.16644739064327485, 0.8093351774867339, -0.19034956537818792, -0.33765099381775454, 0.14427754054549724, 0.6908872981882266, 0.7220286235061439, 0.19137623413666893, -0.8306767779591795, 0.19453321463834983, -0.5090925828337958, 0.46518689717993555, 0.7893025846334776, 0.0294679418262902, 0.20712702072041278, -0.8698643752343853, 0.08014945928561268, -0.7416264326591246, 0.22912569270066396, -0.2726993059103242, 0.5355160686614915, -0.902931727160895, -0.7803637637643119, 0.36804643024725525, 0.029307394167312983, 0.1432827432294983, 0.6874139879813108, -0.024524721700651453, 0.6202888442522898, 0.020487258589880097, 0.8534413864805024, 0.333855543079252, -0.7025463211318861, -0.27089364934848836, 0.7315498318881986, -0.29942957828896866, -0.6219484810876903, -0.0547573816684539, -0.21443765035574014, 0.23785985328818726, -0.12646741612097356, -0.47815568541100895, -0.17505557667448635, -0.16193193089539926, 0.8048437117522818, 0.9592325240809707, 0.24713767881382775, -0.8336317548582777, 0.46599743519199, 0.357370804957968, 0.6520457340504391, -0.3050973265778887, -0.8822398116837538, 0.2236436329105842, -0.751970763373456, 0.5190590583266628, 0.5888466351532844, -0.18274642650020412, 0.8875950117660911, -0.6524404124894483, 0.8851716994539605]",rhc,relu,False,False,100,[10],0.1,100,7
703,3,0.03751040005590767,1.9093545047899705,1044.0,100,15,"[0.9340596780273533, 0.09446449835144466, 0.9453687199297687, 0.4296319873487293, 0.3954576491945416, -0.5678210088392472, 0.9525489095524835, -0.9875394895908203, -0.4940352752331121, -0.13041693519110842, 0.5587658435875049, -0.6046298507994938, 0.7259864711984445, 0.9668013543506255, -0.6723155171906026, 0.19466788786571843, -0.98202780466489, -0.22685743471274122, -0.9116798841370009, 0.9133059354284718, -0.1277067062404047, 0.8979546135631256, 0.5726119718701219, 0.7325785971633969, -0.6536691570081037, -0.850102825973786, 0.2014854427555386, -0.6640556325631923, 0.4667603350211398, -0.18311227969597055, 0.05581764683584067, 0.875143167901884, 0.043392244889916, -0.7836132342255386, -0.6835531856304011, 0.09040530340642561, 0.04880816013694678, 0.2752204882519873, -0.1970091128194542, 0.2996102180386846, -0.20619999419653467, 0.24783222709644614, 0.5348099341802477, -0.6420521799177383, -0.24884846282491524, 0.005066118653868745, 0.3733341598326916, -0.4926407026772337, 0.10948172588511706, 0.24986168812819542, 0.7910023321122921, -0.27429282313374714, 0.2751141460374733, -0.6171071957620733, -0.004411770765388567, -0.6351091908575863, 0.8367660782795254, -0.13635585731754474, 0.6603762041966925, -0.16644739064327485, 0.8093351774867339, -0.19034956537818792, -0.33765099381775454, 0.14427754054549724, 0.6908872981882266, 0.7220286235061439, 0.19137623413666893, -0.8306767779591795, 0.19453321463834983, -0.5090925828337958, 0.46518689717993555, 0.7893025846334776, 0.0294679418262902, 0.20712702072041278, -0.8698643752343853, 0.08014945928561268, -0.7416264326591246, 0.22912569270066396, -0.2726993059103242, 0.5355160686614915, -0.902931727160895, -0.7803637637643119, 0.36804643024725525, 0.029307394167312983, 0.1432827432294983, 0.6874139879813108, -0.024524721700651453, 0.6202888442522898, 0.020487258589880097, 0.8534413864805024, 0.333855543079252, -0.7025463211318861, -0.27089364934848836, 0.7315498318881986, -0.29942957828896866, -0.6219484810876903, -0.0547573816684539, -0.21443765035574014, 0.23785985328818726, -0.12646741612097356, -0.47815568541100895, -0.17505557667448635, -0.16193193089539926, 0.8048437117522818, 0.9592325240809707, 0.24713767881382775, -0.8336317548582777, 0.46599743519199, 0.357370804957968, 0.6520457340504391, -0.3050973265778887, -0.8822398116837538, 0.2236436329105842, -0.751970763373456, 0.5190590583266628, 0.5888466351532844, -0.18274642650020412, 0.8875950117660911, -0.6524404124894483, 0.8851716994539605]",rhc,relu,False,False,100,[10],0.1,100,7
704,4,0.0403158999979496,1.9023352271701535,1046.0,100,15,"[0.9340596780273533, 0.09446449835144466, 0.9453687199297687, 0.4296319873487293, 0.3954576491945416, -0.5678210088392472, 0.9525489095524835, -0.9875394895908203, -0.4940352752331121, -0.13041693519110842, 0.5587658435875049, -0.6046298507994938, 0.7259864711984445, 0.9668013543506255, -0.6723155171906026, 0.19466788786571843, -0.98202780466489, -0.22685743471274122, -0.9116798841370009, 0.9133059354284718, -0.1277067062404047, 0.8979546135631256, 0.5726119718701219, 0.7325785971633969, -0.6536691570081037, -0.850102825973786, 0.2014854427555386, -0.6640556325631923, 0.4667603350211398, -0.18311227969597055, 0.05581764683584067, 0.875143167901884, 0.043392244889916, -0.7836132342255386, -0.6835531856304011, 0.09040530340642561, 0.04880816013694678, 0.2752204882519873, -0.1970091128194542, 0.2996102180386846, -0.20619999419653467, 0.24783222709644614, 0.5348099341802477, -0.6420521799177383, -0.24884846282491524, 0.005066118653868745, 0.3733341598326916, -0.4926407026772337, 0.10948172588511706, 0.24986168812819542, 0.7910023321122921, -0.27429282313374714, 0.2751141460374733, -0.6171071957620733, -0.004411770765388567, -0.6351091908575863, 0.8367660782795254, -0.13635585731754474, 0.6603762041966925, -0.16644739064327485, 0.8093351774867339, -0.19034956537818792, -0.33765099381775454, 0.14427754054549724, 0.6908872981882266, 0.7220286235061439, 0.19137623413666893, -0.8306767779591795, 0.19453321463834983, -0.5090925828337958, 0.46518689717993555, 0.7893025846334776, 0.0294679418262902, 0.20712702072041278, -0.8698643752343853, 0.08014945928561268, -0.7416264326591246, 0.22912569270066396, -0.2726993059103242, 0.5355160686614915, -0.902931727160895, -0.7803637637643119, 0.36804643024725525, 0.029307394167312983, 0.1432827432294983, 0.6874139879813108, -0.024524721700651453, 0.6202888442522898, 0.020487258589880097, 0.8534413864805024, 0.333855543079252, -0.7025463211318861, -0.27089364934848836, 0.7315498318881986, -0.29942957828896866, -0.6219484810876903, -0.0547573816684539, -0.21443765035574014, 0.23785985328818726, -0.12646741612097356, -0.47815568541100895, -0.17505557667448635, -0.16193193089539926, 0.8048437117522818, 0.9592325240809707, 0.24713767881382775, -0.8336317548582777, 0.46599743519199, 0.357370804957968, 0.6520457340504391, -0.3050973265778887, -0.8822398116837538, 0.2236436329105842, -0.751970763373456, 0.5190590583266628, 0.5888466351532844, -0.18274642650020412, 0.8875950117660911, -0.6524404124894483, 0.8851716994539605]",rhc,relu,False,False,100,[10],0.1,100,7
705,5,0.041674000094644725,1.8942989204023413,1048.0,100,15,"[0.9340596780273533, 0.09446449835144466, 0.9453687199297687, 0.4296319873487293, 0.3954576491945416, -0.5678210088392472, 0.9525489095524835, -0.9875394895908203, -0.4940352752331121, -0.13041693519110842, 0.5587658435875049, -0.6046298507994938, 0.7259864711984445, 0.9668013543506255, -0.6723155171906026, 0.19466788786571843, -0.98202780466489, -0.22685743471274122, -0.9116798841370009, 0.9133059354284718, -0.1277067062404047, 0.8979546135631256, 0.5726119718701219, 0.7325785971633969, -0.6536691570081037, -0.850102825973786, 0.2014854427555386, -0.6640556325631923, 0.4667603350211398, -0.18311227969597055, 0.05581764683584067, 0.875143167901884, 0.043392244889916, -0.7836132342255386, -0.6835531856304011, 0.09040530340642561, 0.04880816013694678, 0.2752204882519873, -0.1970091128194542, 0.2996102180386846, -0.20619999419653467, 0.24783222709644614, 0.5348099341802477, -0.6420521799177383, -0.24884846282491524, 0.005066118653868745, 0.3733341598326916, -0.4926407026772337, 0.10948172588511706, 0.24986168812819542, 0.7910023321122921, -0.27429282313374714, 0.2751141460374733, -0.6171071957620733, -0.004411770765388567, -0.6351091908575863, 0.8367660782795254, -0.13635585731754474, 0.6603762041966925, -0.16644739064327485, 0.8093351774867339, -0.19034956537818792, -0.33765099381775454, 0.14427754054549724, 0.6908872981882266, 0.7220286235061439, 0.19137623413666893, -0.8306767779591795, 0.19453321463834983, -0.5090925828337958, 0.46518689717993555, 0.7893025846334776, 0.0294679418262902, 0.20712702072041278, -0.8698643752343853, 0.08014945928561268, -0.7416264326591246, 0.22912569270066396, -0.2726993059103242, 0.5355160686614915, -0.902931727160895, -0.7803637637643119, 0.36804643024725525, 0.029307394167312983, 0.1432827432294983, 0.6874139879813108, -0.024524721700651453, 0.6202888442522898, 0.020487258589880097, 0.8534413864805024, 0.333855543079252, -0.7025463211318861, -0.27089364934848836, 0.7315498318881986, -0.29942957828896866, -0.6219484810876903, -0.0547573816684539, -0.21443765035574014, 0.23785985328818726, -0.12646741612097356, -0.47815568541100895, -0.17505557667448635, -0.16193193089539926, 0.8048437117522818, 0.9592325240809707, 0.24713767881382775, -0.8336317548582777, 0.46599743519199, 0.357370804957968, 0.6520457340504391, -0.3050973265778887, -0.8822398116837538, 0.2236436329105842, -0.751970763373456, 0.5190590583266628, 0.5888466351532844, -0.18274642650020412, 0.8875950117660911, -0.6524404124894483, 0.8851716994539605]",rhc,relu,False,False,100,[10],0.1,100,7
706,6,0.04435340000782162,1.8942989204023413,1049.0,100,15,"[0.9340596780273533, 0.09446449835144466, 0.9453687199297687, 0.4296319873487293, 0.3954576491945416, -0.5678210088392472, 0.9525489095524835, -0.9875394895908203, -0.4940352752331121, -0.13041693519110842, 0.5587658435875049, -0.6046298507994938, 0.7259864711984445, 0.9668013543506255, -0.6723155171906026, 0.19466788786571843, -0.98202780466489, -0.22685743471274122, -0.9116798841370009, 0.9133059354284718, -0.1277067062404047, 0.8979546135631256, 0.5726119718701219, 0.7325785971633969, -0.6536691570081037, -0.850102825973786, 0.2014854427555386, -0.6640556325631923, 0.4667603350211398, -0.18311227969597055, 0.05581764683584067, 0.875143167901884, 0.043392244889916, -0.7836132342255386, -0.6835531856304011, 0.09040530340642561, 0.04880816013694678, 0.2752204882519873, -0.1970091128194542, 0.2996102180386846, -0.20619999419653467, 0.24783222709644614, 0.5348099341802477, -0.6420521799177383, -0.24884846282491524, 0.005066118653868745, 0.3733341598326916, -0.4926407026772337, 0.10948172588511706, 0.24986168812819542, 0.7910023321122921, -0.27429282313374714, 0.2751141460374733, -0.6171071957620733, -0.004411770765388567, -0.6351091908575863, 0.8367660782795254, -0.13635585731754474, 0.6603762041966925, -0.16644739064327485, 0.8093351774867339, -0.19034956537818792, -0.33765099381775454, 0.14427754054549724, 0.6908872981882266, 0.7220286235061439, 0.19137623413666893, -0.8306767779591795, 0.19453321463834983, -0.5090925828337958, 0.46518689717993555, 0.7893025846334776, 0.0294679418262902, 0.20712702072041278, -0.8698643752343853, 0.08014945928561268, -0.7416264326591246, 0.22912569270066396, -0.2726993059103242, 0.5355160686614915, -0.902931727160895, -0.7803637637643119, 0.36804643024725525, 0.029307394167312983, 0.1432827432294983, 0.6874139879813108, -0.024524721700651453, 0.6202888442522898, 0.020487258589880097, 0.8534413864805024, 0.333855543079252, -0.7025463211318861, -0.27089364934848836, 0.7315498318881986, -0.29942957828896866, -0.6219484810876903, -0.0547573816684539, -0.21443765035574014, 0.23785985328818726, -0.12646741612097356, -0.47815568541100895, -0.17505557667448635, -0.16193193089539926, 0.8048437117522818, 0.9592325240809707, 0.24713767881382775, -0.8336317548582777, 0.46599743519199, 0.357370804957968, 0.6520457340504391, -0.3050973265778887, -0.8822398116837538, 0.2236436329105842, -0.751970763373456, 0.5190590583266628, 0.5888466351532844, -0.18274642650020412, 0.8875950117660911, -0.6524404124894483, 0.8851716994539605]",rhc,relu,False,False,100,[10],0.1,100,7
707,7,0.04734460008330643,1.8942989204023413,1050.0,100,15,"[0.9340596780273533, 0.09446449835144466, 0.9453687199297687, 0.4296319873487293, 0.3954576491945416, -0.5678210088392472, 0.9525489095524835, -0.9875394895908203, -0.4940352752331121, -0.13041693519110842, 0.5587658435875049, -0.6046298507994938, 0.7259864711984445, 0.9668013543506255, -0.6723155171906026, 0.19466788786571843, -0.98202780466489, -0.22685743471274122, -0.9116798841370009, 0.9133059354284718, -0.1277067062404047, 0.8979546135631256, 0.5726119718701219, 0.7325785971633969, -0.6536691570081037, -0.850102825973786, 0.2014854427555386, -0.6640556325631923, 0.4667603350211398, -0.18311227969597055, 0.05581764683584067, 0.875143167901884, 0.043392244889916, -0.7836132342255386, -0.6835531856304011, 0.09040530340642561, 0.04880816013694678, 0.2752204882519873, -0.1970091128194542, 0.2996102180386846, -0.20619999419653467, 0.24783222709644614, 0.5348099341802477, -0.6420521799177383, -0.24884846282491524, 0.005066118653868745, 0.3733341598326916, -0.4926407026772337, 0.10948172588511706, 0.24986168812819542, 0.7910023321122921, -0.27429282313374714, 0.2751141460374733, -0.6171071957620733, -0.004411770765388567, -0.6351091908575863, 0.8367660782795254, -0.13635585731754474, 0.6603762041966925, -0.16644739064327485, 0.8093351774867339, -0.19034956537818792, -0.33765099381775454, 0.14427754054549724, 0.6908872981882266, 0.7220286235061439, 0.19137623413666893, -0.8306767779591795, 0.19453321463834983, -0.5090925828337958, 0.46518689717993555, 0.7893025846334776, 0.0294679418262902, 0.20712702072041278, -0.8698643752343853, 0.08014945928561268, -0.7416264326591246, 0.22912569270066396, -0.2726993059103242, 0.5355160686614915, -0.902931727160895, -0.7803637637643119, 0.36804643024725525, 0.029307394167312983, 0.1432827432294983, 0.6874139879813108, -0.024524721700651453, 0.6202888442522898, 0.020487258589880097, 0.8534413864805024, 0.333855543079252, -0.7025463211318861, -0.27089364934848836, 0.7315498318881986, -0.29942957828896866, -0.6219484810876903, -0.0547573816684539, -0.21443765035574014, 0.23785985328818726, -0.12646741612097356, -0.47815568541100895, -0.17505557667448635, -0.16193193089539926, 0.8048437117522818, 0.9592325240809707, 0.24713767881382775, -0.8336317548582777, 0.46599743519199, 0.357370804957968, 0.6520457340504391, -0.3050973265778887, -0.8822398116837538, 0.2236436329105842, -0.751970763373456, 0.5190590583266628, 0.5888466351532844, -0.18274642650020412, 0.8875950117660911, -0.6524404124894483, 0.8851716994539605]",rhc,relu,False,False,100,[10],0.1,100,7
708,8,0.049982900032773614,1.8942043504656647,1052.0,100,15,"[0.9340596780273533, 0.09446449835144466, 0.9453687199297687, 0.4296319873487293, 0.3954576491945416, -0.5678210088392472, 0.9525489095524835, -0.9875394895908203, -0.4940352752331121, -0.13041693519110842, 0.5587658435875049, -0.6046298507994938, 0.7259864711984445, 0.9668013543506255, -0.6723155171906026, 0.19466788786571843, -0.98202780466489, -0.22685743471274122, -0.9116798841370009, 0.9133059354284718, -0.1277067062404047, 0.8979546135631256, 0.5726119718701219, 0.7325785971633969, -0.6536691570081037, -0.850102825973786, 0.2014854427555386, -0.6640556325631923, 0.4667603350211398, -0.18311227969597055, 0.05581764683584067, 0.875143167901884, 0.043392244889916, -0.7836132342255386, -0.6835531856304011, 0.09040530340642561, 0.04880816013694678, 0.2752204882519873, -0.1970091128194542, 0.2996102180386846, -0.20619999419653467, 0.24783222709644614, 0.5348099341802477, -0.6420521799177383, -0.24884846282491524, 0.005066118653868745, 0.3733341598326916, -0.4926407026772337, 0.10948172588511706, 0.24986168812819542, 0.7910023321122921, -0.27429282313374714, 0.2751141460374733, -0.6171071957620733, -0.004411770765388567, -0.6351091908575863, 0.8367660782795254, -0.13635585731754474, 0.6603762041966925, -0.16644739064327485, 0.8093351774867339, -0.19034956537818792, -0.33765099381775454, 0.14427754054549724, 0.6908872981882266, 0.7220286235061439, 0.19137623413666893, -0.8306767779591795, 0.19453321463834983, -0.5090925828337958, 0.46518689717993555, 0.7893025846334776, 0.0294679418262902, 0.20712702072041278, -0.8698643752343853, 0.08014945928561268, -0.7416264326591246, 0.22912569270066396, -0.2726993059103242, 0.5355160686614915, -0.902931727160895, -0.7803637637643119, 0.36804643024725525, 0.029307394167312983, 0.1432827432294983, 0.6874139879813108, -0.024524721700651453, 0.6202888442522898, 0.020487258589880097, 0.8534413864805024, 0.333855543079252, -0.7025463211318861, -0.27089364934848836, 0.7315498318881986, -0.29942957828896866, -0.6219484810876903, -0.0547573816684539, -0.21443765035574014, 0.23785985328818726, -0.12646741612097356, -0.47815568541100895, -0.17505557667448635, -0.16193193089539926, 0.8048437117522818, 0.9592325240809707, 0.24713767881382775, -0.8336317548582777, 0.46599743519199, 0.357370804957968, 0.6520457340504391, -0.3050973265778887, -0.8822398116837538, 0.2236436329105842, -0.751970763373456, 0.5190590583266628, 0.5888466351532844, -0.18274642650020412, 0.8875950117660911, -0.6524404124894483, 0.8851716994539605]",rhc,relu,False,False,100,[10],0.1,100,7
709,9,0.05281060002744198,1.8942043504656647,1053.0,100,15,"[0.9340596780273533, 0.09446449835144466, 0.9453687199297687, 0.4296319873487293, 0.3954576491945416, -0.5678210088392472, 0.9525489095524835, -0.9875394895908203, -0.4940352752331121, -0.13041693519110842, 0.5587658435875049, -0.6046298507994938, 0.7259864711984445, 0.9668013543506255, -0.6723155171906026, 0.19466788786571843, -0.98202780466489, -0.22685743471274122, -0.9116798841370009, 0.9133059354284718, -0.1277067062404047, 0.8979546135631256, 0.5726119718701219, 0.7325785971633969, -0.6536691570081037, -0.850102825973786, 0.2014854427555386, -0.6640556325631923, 0.4667603350211398, -0.18311227969597055, 0.05581764683584067, 0.875143167901884, 0.043392244889916, -0.7836132342255386, -0.6835531856304011, 0.09040530340642561, 0.04880816013694678, 0.2752204882519873, -0.1970091128194542, 0.2996102180386846, -0.20619999419653467, 0.24783222709644614, 0.5348099341802477, -0.6420521799177383, -0.24884846282491524, 0.005066118653868745, 0.3733341598326916, -0.4926407026772337, 0.10948172588511706, 0.24986168812819542, 0.7910023321122921, -0.27429282313374714, 0.2751141460374733, -0.6171071957620733, -0.004411770765388567, -0.6351091908575863, 0.8367660782795254, -0.13635585731754474, 0.6603762041966925, -0.16644739064327485, 0.8093351774867339, -0.19034956537818792, -0.33765099381775454, 0.14427754054549724, 0.6908872981882266, 0.7220286235061439, 0.19137623413666893, -0.8306767779591795, 0.19453321463834983, -0.5090925828337958, 0.46518689717993555, 0.7893025846334776, 0.0294679418262902, 0.20712702072041278, -0.8698643752343853, 0.08014945928561268, -0.7416264326591246, 0.22912569270066396, -0.2726993059103242, 0.5355160686614915, -0.902931727160895, -0.7803637637643119, 0.36804643024725525, 0.029307394167312983, 0.1432827432294983, 0.6874139879813108, -0.024524721700651453, 0.6202888442522898, 0.020487258589880097, 0.8534413864805024, 0.333855543079252, -0.7025463211318861, -0.27089364934848836, 0.7315498318881986, -0.29942957828896866, -0.6219484810876903, -0.0547573816684539, -0.21443765035574014, 0.23785985328818726, -0.12646741612097356, -0.47815568541100895, -0.17505557667448635, -0.16193193089539926, 0.8048437117522818, 0.9592325240809707, 0.24713767881382775, -0.8336317548582777, 0.46599743519199, 0.357370804957968, 0.6520457340504391, -0.3050973265778887, -0.8822398116837538, 0.2236436329105842, -0.751970763373456, 0.5190590583266628, 0.5888466351532844, -0.18274642650020412, 0.8875950117660911, -0.6524404124894483, 0.8851716994539605]",rhc,relu,False,False,100,[10],0.1,100,7
710,10,0.054268900072202086,1.8841003240370497,1055.0,100,15,"[0.9340596780273533, 0.09446449835144466, 0.9453687199297687, 0.4296319873487293, 0.3954576491945416, -0.5678210088392472, 0.9525489095524835, -0.9875394895908203, -0.4940352752331121, -0.13041693519110842, 0.5587658435875049, -0.6046298507994938, 0.7259864711984445, 0.9668013543506255, -0.6723155171906026, 0.19466788786571843, -0.98202780466489, -0.22685743471274122, -0.9116798841370009, 0.9133059354284718, -0.1277067062404047, 0.8979546135631256, 0.5726119718701219, 0.7325785971633969, -0.6536691570081037, -0.850102825973786, 0.2014854427555386, -0.6640556325631923, 0.4667603350211398, -0.18311227969597055, 0.05581764683584067, 0.875143167901884, 0.043392244889916, -0.7836132342255386, -0.6835531856304011, 0.09040530340642561, 0.04880816013694678, 0.2752204882519873, -0.1970091128194542, 0.2996102180386846, -0.20619999419653467, 0.24783222709644614, 0.5348099341802477, -0.6420521799177383, -0.24884846282491524, 0.005066118653868745, 0.3733341598326916, -0.4926407026772337, 0.10948172588511706, 0.24986168812819542, 0.7910023321122921, -0.27429282313374714, 0.2751141460374733, -0.6171071957620733, -0.004411770765388567, -0.6351091908575863, 0.8367660782795254, -0.13635585731754474, 0.6603762041966925, -0.16644739064327485, 0.8093351774867339, -0.19034956537818792, -0.33765099381775454, 0.14427754054549724, 0.6908872981882266, 0.7220286235061439, 0.19137623413666893, -0.8306767779591795, 0.19453321463834983, -0.5090925828337958, 0.46518689717993555, 0.7893025846334776, 0.0294679418262902, 0.20712702072041278, -0.8698643752343853, 0.08014945928561268, -0.7416264326591246, 0.22912569270066396, -0.2726993059103242, 0.5355160686614915, -0.902931727160895, -0.7803637637643119, 0.36804643024725525, 0.029307394167312983, 0.1432827432294983, 0.6874139879813108, -0.024524721700651453, 0.6202888442522898, 0.020487258589880097, 0.8534413864805024, 0.333855543079252, -0.7025463211318861, -0.27089364934848836, 0.7315498318881986, -0.29942957828896866, -0.6219484810876903, -0.0547573816684539, -0.21443765035574014, 0.23785985328818726, -0.12646741612097356, -0.47815568541100895, -0.17505557667448635, -0.16193193089539926, 0.8048437117522818, 0.9592325240809707, 0.24713767881382775, -0.8336317548582777, 0.46599743519199, 0.357370804957968, 0.6520457340504391, -0.3050973265778887, -0.8822398116837538, 0.2236436329105842, -0.751970763373456, 0.5190590583266628, 0.5888466351532844, -0.18274642650020412, 0.8875950117660911, -0.6524404124894483, 0.8851716994539605]",rhc,relu,False,False,100,[10],0.1,100,7
711,11,0.05699730000924319,1.8808171245558762,1057.0,100,15,"[0.9340596780273533, 0.09446449835144466, 0.9453687199297687, 0.4296319873487293, 0.3954576491945416, -0.5678210088392472, 0.9525489095524835, -0.9875394895908203, -0.4940352752331121, -0.13041693519110842, 0.5587658435875049, -0.6046298507994938, 0.7259864711984445, 0.9668013543506255, -0.6723155171906026, 0.19466788786571843, -0.98202780466489, -0.22685743471274122, -0.9116798841370009, 0.9133059354284718, -0.1277067062404047, 0.8979546135631256, 0.5726119718701219, 0.7325785971633969, -0.6536691570081037, -0.850102825973786, 0.2014854427555386, -0.6640556325631923, 0.4667603350211398, -0.18311227969597055, 0.05581764683584067, 0.875143167901884, 0.043392244889916, -0.7836132342255386, -0.6835531856304011, 0.09040530340642561, 0.04880816013694678, 0.2752204882519873, -0.1970091128194542, 0.2996102180386846, -0.20619999419653467, 0.24783222709644614, 0.5348099341802477, -0.6420521799177383, -0.24884846282491524, 0.005066118653868745, 0.3733341598326916, -0.4926407026772337, 0.10948172588511706, 0.24986168812819542, 0.7910023321122921, -0.27429282313374714, 0.2751141460374733, -0.6171071957620733, -0.004411770765388567, -0.6351091908575863, 0.8367660782795254, -0.13635585731754474, 0.6603762041966925, -0.16644739064327485, 0.8093351774867339, -0.19034956537818792, -0.33765099381775454, 0.14427754054549724, 0.6908872981882266, 0.7220286235061439, 0.19137623413666893, -0.8306767779591795, 0.19453321463834983, -0.5090925828337958, 0.46518689717993555, 0.7893025846334776, 0.0294679418262902, 0.20712702072041278, -0.8698643752343853, 0.08014945928561268, -0.7416264326591246, 0.22912569270066396, -0.2726993059103242, 0.5355160686614915, -0.902931727160895, -0.7803637637643119, 0.36804643024725525, 0.029307394167312983, 0.1432827432294983, 0.6874139879813108, -0.024524721700651453, 0.6202888442522898, 0.020487258589880097, 0.8534413864805024, 0.333855543079252, -0.7025463211318861, -0.27089364934848836, 0.7315498318881986, -0.29942957828896866, -0.6219484810876903, -0.0547573816684539, -0.21443765035574014, 0.23785985328818726, -0.12646741612097356, -0.47815568541100895, -0.17505557667448635, -0.16193193089539926, 0.8048437117522818, 0.9592325240809707, 0.24713767881382775, -0.8336317548582777, 0.46599743519199, 0.357370804957968, 0.6520457340504391, -0.3050973265778887, -0.8822398116837538, 0.2236436329105842, -0.751970763373456, 0.5190590583266628, 0.5888466351532844, -0.18274642650020412, 0.8875950117660911, -0.6524404124894483, 0.8851716994539605]",rhc,relu,False,False,100,[10],0.1,100,7
712,12,0.05975670006591827,1.8808171245558762,1058.0,100,15,"[0.9340596780273533, 0.09446449835144466, 0.9453687199297687, 0.4296319873487293, 0.3954576491945416, -0.5678210088392472, 0.9525489095524835, -0.9875394895908203, -0.4940352752331121, -0.13041693519110842, 0.5587658435875049, -0.6046298507994938, 0.7259864711984445, 0.9668013543506255, -0.6723155171906026, 0.19466788786571843, -0.98202780466489, -0.22685743471274122, -0.9116798841370009, 0.9133059354284718, -0.1277067062404047, 0.8979546135631256, 0.5726119718701219, 0.7325785971633969, -0.6536691570081037, -0.850102825973786, 0.2014854427555386, -0.6640556325631923, 0.4667603350211398, -0.18311227969597055, 0.05581764683584067, 0.875143167901884, 0.043392244889916, -0.7836132342255386, -0.6835531856304011, 0.09040530340642561, 0.04880816013694678, 0.2752204882519873, -0.1970091128194542, 0.2996102180386846, -0.20619999419653467, 0.24783222709644614, 0.5348099341802477, -0.6420521799177383, -0.24884846282491524, 0.005066118653868745, 0.3733341598326916, -0.4926407026772337, 0.10948172588511706, 0.24986168812819542, 0.7910023321122921, -0.27429282313374714, 0.2751141460374733, -0.6171071957620733, -0.004411770765388567, -0.6351091908575863, 0.8367660782795254, -0.13635585731754474, 0.6603762041966925, -0.16644739064327485, 0.8093351774867339, -0.19034956537818792, -0.33765099381775454, 0.14427754054549724, 0.6908872981882266, 0.7220286235061439, 0.19137623413666893, -0.8306767779591795, 0.19453321463834983, -0.5090925828337958, 0.46518689717993555, 0.7893025846334776, 0.0294679418262902, 0.20712702072041278, -0.8698643752343853, 0.08014945928561268, -0.7416264326591246, 0.22912569270066396, -0.2726993059103242, 0.5355160686614915, -0.902931727160895, -0.7803637637643119, 0.36804643024725525, 0.029307394167312983, 0.1432827432294983, 0.6874139879813108, -0.024524721700651453, 0.6202888442522898, 0.020487258589880097, 0.8534413864805024, 0.333855543079252, -0.7025463211318861, -0.27089364934848836, 0.7315498318881986, -0.29942957828896866, -0.6219484810876903, -0.0547573816684539, -0.21443765035574014, 0.23785985328818726, -0.12646741612097356, -0.47815568541100895, -0.17505557667448635, -0.16193193089539926, 0.8048437117522818, 0.9592325240809707, 0.24713767881382775, -0.8336317548582777, 0.46599743519199, 0.357370804957968, 0.6520457340504391, -0.3050973265778887, -0.8822398116837538, 0.2236436329105842, -0.751970763373456, 0.5190590583266628, 0.5888466351532844, -0.18274642650020412, 0.8875950117660911, -0.6524404124894483, 0.8851716994539605]",rhc,relu,False,False,100,[10],0.1,100,7
713,13,0.06276760005857795,1.877112145205115,1060.0,100,15,"[0.9340596780273533, 0.09446449835144466, 0.9453687199297687, 0.4296319873487293, 0.3954576491945416, -0.5678210088392472, 0.9525489095524835, -0.9875394895908203, -0.4940352752331121, -0.13041693519110842, 0.5587658435875049, -0.6046298507994938, 0.7259864711984445, 0.9668013543506255, -0.6723155171906026, 0.19466788786571843, -0.98202780466489, -0.22685743471274122, -0.9116798841370009, 0.9133059354284718, -0.1277067062404047, 0.8979546135631256, 0.5726119718701219, 0.7325785971633969, -0.6536691570081037, -0.850102825973786, 0.2014854427555386, -0.6640556325631923, 0.4667603350211398, -0.18311227969597055, 0.05581764683584067, 0.875143167901884, 0.043392244889916, -0.7836132342255386, -0.6835531856304011, 0.09040530340642561, 0.04880816013694678, 0.2752204882519873, -0.1970091128194542, 0.2996102180386846, -0.20619999419653467, 0.24783222709644614, 0.5348099341802477, -0.6420521799177383, -0.24884846282491524, 0.005066118653868745, 0.3733341598326916, -0.4926407026772337, 0.10948172588511706, 0.24986168812819542, 0.7910023321122921, -0.27429282313374714, 0.2751141460374733, -0.6171071957620733, -0.004411770765388567, -0.6351091908575863, 0.8367660782795254, -0.13635585731754474, 0.6603762041966925, -0.16644739064327485, 0.8093351774867339, -0.19034956537818792, -0.33765099381775454, 0.14427754054549724, 0.6908872981882266, 0.7220286235061439, 0.19137623413666893, -0.8306767779591795, 0.19453321463834983, -0.5090925828337958, 0.46518689717993555, 0.7893025846334776, 0.0294679418262902, 0.20712702072041278, -0.8698643752343853, 0.08014945928561268, -0.7416264326591246, 0.22912569270066396, -0.2726993059103242, 0.5355160686614915, -0.902931727160895, -0.7803637637643119, 0.36804643024725525, 0.029307394167312983, 0.1432827432294983, 0.6874139879813108, -0.024524721700651453, 0.6202888442522898, 0.020487258589880097, 0.8534413864805024, 0.333855543079252, -0.7025463211318861, -0.27089364934848836, 0.7315498318881986, -0.29942957828896866, -0.6219484810876903, -0.0547573816684539, -0.21443765035574014, 0.23785985328818726, -0.12646741612097356, -0.47815568541100895, -0.17505557667448635, -0.16193193089539926, 0.8048437117522818, 0.9592325240809707, 0.24713767881382775, -0.8336317548582777, 0.46599743519199, 0.357370804957968, 0.6520457340504391, -0.3050973265778887, -0.8822398116837538, 0.2236436329105842, -0.751970763373456, 0.5190590583266628, 0.5888466351532844, -0.18274642650020412, 0.8875950117660911, -0.6524404124894483, 0.8851716994539605]",rhc,relu,False,False,100,[10],0.1,100,7
714,14,0.06632550002541393,1.876577700797741,1062.0,100,15,"[0.9340596780273533, 0.09446449835144466, 0.9453687199297687, 0.4296319873487293, 0.3954576491945416, -0.5678210088392472, 0.9525489095524835, -0.9875394895908203, -0.4940352752331121, -0.13041693519110842, 0.5587658435875049, -0.6046298507994938, 0.7259864711984445, 0.9668013543506255, -0.6723155171906026, 0.19466788786571843, -0.98202780466489, -0.22685743471274122, -0.9116798841370009, 0.9133059354284718, -0.1277067062404047, 0.8979546135631256, 0.5726119718701219, 0.7325785971633969, -0.6536691570081037, -0.850102825973786, 0.2014854427555386, -0.6640556325631923, 0.4667603350211398, -0.18311227969597055, 0.05581764683584067, 0.875143167901884, 0.043392244889916, -0.7836132342255386, -0.6835531856304011, 0.09040530340642561, 0.04880816013694678, 0.2752204882519873, -0.1970091128194542, 0.2996102180386846, -0.20619999419653467, 0.24783222709644614, 0.5348099341802477, -0.6420521799177383, -0.24884846282491524, 0.005066118653868745, 0.3733341598326916, -0.4926407026772337, 0.10948172588511706, 0.24986168812819542, 0.7910023321122921, -0.27429282313374714, 0.2751141460374733, -0.6171071957620733, -0.004411770765388567, -0.6351091908575863, 0.8367660782795254, -0.13635585731754474, 0.6603762041966925, -0.16644739064327485, 0.8093351774867339, -0.19034956537818792, -0.33765099381775454, 0.14427754054549724, 0.6908872981882266, 0.7220286235061439, 0.19137623413666893, -0.8306767779591795, 0.19453321463834983, -0.5090925828337958, 0.46518689717993555, 0.7893025846334776, 0.0294679418262902, 0.20712702072041278, -0.8698643752343853, 0.08014945928561268, -0.7416264326591246, 0.22912569270066396, -0.2726993059103242, 0.5355160686614915, -0.902931727160895, -0.7803637637643119, 0.36804643024725525, 0.029307394167312983, 0.1432827432294983, 0.6874139879813108, -0.024524721700651453, 0.6202888442522898, 0.020487258589880097, 0.8534413864805024, 0.333855543079252, -0.7025463211318861, -0.27089364934848836, 0.7315498318881986, -0.29942957828896866, -0.6219484810876903, -0.0547573816684539, -0.21443765035574014, 0.23785985328818726, -0.12646741612097356, -0.47815568541100895, -0.17505557667448635, -0.16193193089539926, 0.8048437117522818, 0.9592325240809707, 0.24713767881382775, -0.8336317548582777, 0.46599743519199, 0.357370804957968, 0.6520457340504391, -0.3050973265778887, -0.8822398116837538, 0.2236436329105842, -0.751970763373456, 0.5190590583266628, 0.5888466351532844, -0.18274642650020412, 0.8875950117660911, -0.6524404124894483, 0.8851716994539605]",rhc,relu,False,False,100,[10],0.1,100,7
715,15,0.06922320008743554,1.876577700797741,1063.0,100,15,"[0.9340596780273533, 0.09446449835144466, 0.9453687199297687, 0.4296319873487293, 0.3954576491945416, -0.5678210088392472, 0.9525489095524835, -0.9875394895908203, -0.4940352752331121, -0.13041693519110842, 0.5587658435875049, -0.6046298507994938, 0.7259864711984445, 0.9668013543506255, -0.6723155171906026, 0.19466788786571843, -0.98202780466489, -0.22685743471274122, -0.9116798841370009, 0.9133059354284718, -0.1277067062404047, 0.8979546135631256, 0.5726119718701219, 0.7325785971633969, -0.6536691570081037, -0.850102825973786, 0.2014854427555386, -0.6640556325631923, 0.4667603350211398, -0.18311227969597055, 0.05581764683584067, 0.875143167901884, 0.043392244889916, -0.7836132342255386, -0.6835531856304011, 0.09040530340642561, 0.04880816013694678, 0.2752204882519873, -0.1970091128194542, 0.2996102180386846, -0.20619999419653467, 0.24783222709644614, 0.5348099341802477, -0.6420521799177383, -0.24884846282491524, 0.005066118653868745, 0.3733341598326916, -0.4926407026772337, 0.10948172588511706, 0.24986168812819542, 0.7910023321122921, -0.27429282313374714, 0.2751141460374733, -0.6171071957620733, -0.004411770765388567, -0.6351091908575863, 0.8367660782795254, -0.13635585731754474, 0.6603762041966925, -0.16644739064327485, 0.8093351774867339, -0.19034956537818792, -0.33765099381775454, 0.14427754054549724, 0.6908872981882266, 0.7220286235061439, 0.19137623413666893, -0.8306767779591795, 0.19453321463834983, -0.5090925828337958, 0.46518689717993555, 0.7893025846334776, 0.0294679418262902, 0.20712702072041278, -0.8698643752343853, 0.08014945928561268, -0.7416264326591246, 0.22912569270066396, -0.2726993059103242, 0.5355160686614915, -0.902931727160895, -0.7803637637643119, 0.36804643024725525, 0.029307394167312983, 0.1432827432294983, 0.6874139879813108, -0.024524721700651453, 0.6202888442522898, 0.020487258589880097, 0.8534413864805024, 0.333855543079252, -0.7025463211318861, -0.27089364934848836, 0.7315498318881986, -0.29942957828896866, -0.6219484810876903, -0.0547573816684539, -0.21443765035574014, 0.23785985328818726, -0.12646741612097356, -0.47815568541100895, -0.17505557667448635, -0.16193193089539926, 0.8048437117522818, 0.9592325240809707, 0.24713767881382775, -0.8336317548582777, 0.46599743519199, 0.357370804957968, 0.6520457340504391, -0.3050973265778887, -0.8822398116837538, 0.2236436329105842, -0.751970763373456, 0.5190590583266628, 0.5888466351532844, -0.18274642650020412, 0.8875950117660911, -0.6524404124894483, 0.8851716994539605]",rhc,relu,False,False,100,[10],0.1,100,7
716,16,0.07063110009767115,1.876577700797741,1064.0,100,15,"[0.9340596780273533, 0.09446449835144466, 0.9453687199297687, 0.4296319873487293, 0.3954576491945416, -0.5678210088392472, 0.9525489095524835, -0.9875394895908203, -0.4940352752331121, -0.13041693519110842, 0.5587658435875049, -0.6046298507994938, 0.7259864711984445, 0.9668013543506255, -0.6723155171906026, 0.19466788786571843, -0.98202780466489, -0.22685743471274122, -0.9116798841370009, 0.9133059354284718, -0.1277067062404047, 0.8979546135631256, 0.5726119718701219, 0.7325785971633969, -0.6536691570081037, -0.850102825973786, 0.2014854427555386, -0.6640556325631923, 0.4667603350211398, -0.18311227969597055, 0.05581764683584067, 0.875143167901884, 0.043392244889916, -0.7836132342255386, -0.6835531856304011, 0.09040530340642561, 0.04880816013694678, 0.2752204882519873, -0.1970091128194542, 0.2996102180386846, -0.20619999419653467, 0.24783222709644614, 0.5348099341802477, -0.6420521799177383, -0.24884846282491524, 0.005066118653868745, 0.3733341598326916, -0.4926407026772337, 0.10948172588511706, 0.24986168812819542, 0.7910023321122921, -0.27429282313374714, 0.2751141460374733, -0.6171071957620733, -0.004411770765388567, -0.6351091908575863, 0.8367660782795254, -0.13635585731754474, 0.6603762041966925, -0.16644739064327485, 0.8093351774867339, -0.19034956537818792, -0.33765099381775454, 0.14427754054549724, 0.6908872981882266, 0.7220286235061439, 0.19137623413666893, -0.8306767779591795, 0.19453321463834983, -0.5090925828337958, 0.46518689717993555, 0.7893025846334776, 0.0294679418262902, 0.20712702072041278, -0.8698643752343853, 0.08014945928561268, -0.7416264326591246, 0.22912569270066396, -0.2726993059103242, 0.5355160686614915, -0.902931727160895, -0.7803637637643119, 0.36804643024725525, 0.029307394167312983, 0.1432827432294983, 0.6874139879813108, -0.024524721700651453, 0.6202888442522898, 0.020487258589880097, 0.8534413864805024, 0.333855543079252, -0.7025463211318861, -0.27089364934848836, 0.7315498318881986, -0.29942957828896866, -0.6219484810876903, -0.0547573816684539, -0.21443765035574014, 0.23785985328818726, -0.12646741612097356, -0.47815568541100895, -0.17505557667448635, -0.16193193089539926, 0.8048437117522818, 0.9592325240809707, 0.24713767881382775, -0.8336317548582777, 0.46599743519199, 0.357370804957968, 0.6520457340504391, -0.3050973265778887, -0.8822398116837538, 0.2236436329105842, -0.751970763373456, 0.5190590583266628, 0.5888466351532844, -0.18274642650020412, 0.8875950117660911, -0.6524404124894483, 0.8851716994539605]",rhc,relu,False,False,100,[10],0.1,100,7
717,17,0.07200020004529506,1.876577700797741,1065.0,100,15,"[0.9340596780273533, 0.09446449835144466, 0.9453687199297687, 0.4296319873487293, 0.3954576491945416, -0.5678210088392472, 0.9525489095524835, -0.9875394895908203, -0.4940352752331121, -0.13041693519110842, 0.5587658435875049, -0.6046298507994938, 0.7259864711984445, 0.9668013543506255, -0.6723155171906026, 0.19466788786571843, -0.98202780466489, -0.22685743471274122, -0.9116798841370009, 0.9133059354284718, -0.1277067062404047, 0.8979546135631256, 0.5726119718701219, 0.7325785971633969, -0.6536691570081037, -0.850102825973786, 0.2014854427555386, -0.6640556325631923, 0.4667603350211398, -0.18311227969597055, 0.05581764683584067, 0.875143167901884, 0.043392244889916, -0.7836132342255386, -0.6835531856304011, 0.09040530340642561, 0.04880816013694678, 0.2752204882519873, -0.1970091128194542, 0.2996102180386846, -0.20619999419653467, 0.24783222709644614, 0.5348099341802477, -0.6420521799177383, -0.24884846282491524, 0.005066118653868745, 0.3733341598326916, -0.4926407026772337, 0.10948172588511706, 0.24986168812819542, 0.7910023321122921, -0.27429282313374714, 0.2751141460374733, -0.6171071957620733, -0.004411770765388567, -0.6351091908575863, 0.8367660782795254, -0.13635585731754474, 0.6603762041966925, -0.16644739064327485, 0.8093351774867339, -0.19034956537818792, -0.33765099381775454, 0.14427754054549724, 0.6908872981882266, 0.7220286235061439, 0.19137623413666893, -0.8306767779591795, 0.19453321463834983, -0.5090925828337958, 0.46518689717993555, 0.7893025846334776, 0.0294679418262902, 0.20712702072041278, -0.8698643752343853, 0.08014945928561268, -0.7416264326591246, 0.22912569270066396, -0.2726993059103242, 0.5355160686614915, -0.902931727160895, -0.7803637637643119, 0.36804643024725525, 0.029307394167312983, 0.1432827432294983, 0.6874139879813108, -0.024524721700651453, 0.6202888442522898, 0.020487258589880097, 0.8534413864805024, 0.333855543079252, -0.7025463211318861, -0.27089364934848836, 0.7315498318881986, -0.29942957828896866, -0.6219484810876903, -0.0547573816684539, -0.21443765035574014, 0.23785985328818726, -0.12646741612097356, -0.47815568541100895, -0.17505557667448635, -0.16193193089539926, 0.8048437117522818, 0.9592325240809707, 0.24713767881382775, -0.8336317548582777, 0.46599743519199, 0.357370804957968, 0.6520457340504391, -0.3050973265778887, -0.8822398116837538, 0.2236436329105842, -0.751970763373456, 0.5190590583266628, 0.5888466351532844, -0.18274642650020412, 0.8875950117660911, -0.6524404124894483, 0.8851716994539605]",rhc,relu,False,False,100,[10],0.1,100,7
718,18,0.07342060003429651,1.8762151422040967,1067.0,100,15,"[0.9340596780273533, 0.09446449835144466, 0.9453687199297687, 0.4296319873487293, 0.3954576491945416, -0.5678210088392472, 0.9525489095524835, -0.9875394895908203, -0.4940352752331121, -0.13041693519110842, 0.5587658435875049, -0.6046298507994938, 0.7259864711984445, 0.9668013543506255, -0.6723155171906026, 0.19466788786571843, -0.98202780466489, -0.22685743471274122, -0.9116798841370009, 0.9133059354284718, -0.1277067062404047, 0.8979546135631256, 0.5726119718701219, 0.7325785971633969, -0.6536691570081037, -0.850102825973786, 0.2014854427555386, -0.6640556325631923, 0.4667603350211398, -0.18311227969597055, 0.05581764683584067, 0.875143167901884, 0.043392244889916, -0.7836132342255386, -0.6835531856304011, 0.09040530340642561, 0.04880816013694678, 0.2752204882519873, -0.1970091128194542, 0.2996102180386846, -0.20619999419653467, 0.24783222709644614, 0.5348099341802477, -0.6420521799177383, -0.24884846282491524, 0.005066118653868745, 0.3733341598326916, -0.4926407026772337, 0.10948172588511706, 0.24986168812819542, 0.7910023321122921, -0.27429282313374714, 0.2751141460374733, -0.6171071957620733, -0.004411770765388567, -0.6351091908575863, 0.8367660782795254, -0.13635585731754474, 0.6603762041966925, -0.16644739064327485, 0.8093351774867339, -0.19034956537818792, -0.33765099381775454, 0.14427754054549724, 0.6908872981882266, 0.7220286235061439, 0.19137623413666893, -0.8306767779591795, 0.19453321463834983, -0.5090925828337958, 0.46518689717993555, 0.7893025846334776, 0.0294679418262902, 0.20712702072041278, -0.8698643752343853, 0.08014945928561268, -0.7416264326591246, 0.22912569270066396, -0.2726993059103242, 0.5355160686614915, -0.902931727160895, -0.7803637637643119, 0.36804643024725525, 0.029307394167312983, 0.1432827432294983, 0.6874139879813108, -0.024524721700651453, 0.6202888442522898, 0.020487258589880097, 0.8534413864805024, 0.333855543079252, -0.7025463211318861, -0.27089364934848836, 0.7315498318881986, -0.29942957828896866, -0.6219484810876903, -0.0547573816684539, -0.21443765035574014, 0.23785985328818726, -0.12646741612097356, -0.47815568541100895, -0.17505557667448635, -0.16193193089539926, 0.8048437117522818, 0.9592325240809707, 0.24713767881382775, -0.8336317548582777, 0.46599743519199, 0.357370804957968, 0.6520457340504391, -0.3050973265778887, -0.8822398116837538, 0.2236436329105842, -0.751970763373456, 0.5190590583266628, 0.5888466351532844, -0.18274642650020412, 0.8875950117660911, -0.6524404124894483, 0.8851716994539605]",rhc,relu,False,False,100,[10],0.1,100,7
719,19,0.07618380000349134,1.8762151422040967,1068.0,100,15,"[0.9340596780273533, 0.09446449835144466, 0.9453687199297687, 0.4296319873487293, 0.3954576491945416, -0.5678210088392472, 0.9525489095524835, -0.9875394895908203, -0.4940352752331121, -0.13041693519110842, 0.5587658435875049, -0.6046298507994938, 0.7259864711984445, 0.9668013543506255, -0.6723155171906026, 0.19466788786571843, -0.98202780466489, -0.22685743471274122, -0.9116798841370009, 0.9133059354284718, -0.1277067062404047, 0.8979546135631256, 0.5726119718701219, 0.7325785971633969, -0.6536691570081037, -0.850102825973786, 0.2014854427555386, -0.6640556325631923, 0.4667603350211398, -0.18311227969597055, 0.05581764683584067, 0.875143167901884, 0.043392244889916, -0.7836132342255386, -0.6835531856304011, 0.09040530340642561, 0.04880816013694678, 0.2752204882519873, -0.1970091128194542, 0.2996102180386846, -0.20619999419653467, 0.24783222709644614, 0.5348099341802477, -0.6420521799177383, -0.24884846282491524, 0.005066118653868745, 0.3733341598326916, -0.4926407026772337, 0.10948172588511706, 0.24986168812819542, 0.7910023321122921, -0.27429282313374714, 0.2751141460374733, -0.6171071957620733, -0.004411770765388567, -0.6351091908575863, 0.8367660782795254, -0.13635585731754474, 0.6603762041966925, -0.16644739064327485, 0.8093351774867339, -0.19034956537818792, -0.33765099381775454, 0.14427754054549724, 0.6908872981882266, 0.7220286235061439, 0.19137623413666893, -0.8306767779591795, 0.19453321463834983, -0.5090925828337958, 0.46518689717993555, 0.7893025846334776, 0.0294679418262902, 0.20712702072041278, -0.8698643752343853, 0.08014945928561268, -0.7416264326591246, 0.22912569270066396, -0.2726993059103242, 0.5355160686614915, -0.902931727160895, -0.7803637637643119, 0.36804643024725525, 0.029307394167312983, 0.1432827432294983, 0.6874139879813108, -0.024524721700651453, 0.6202888442522898, 0.020487258589880097, 0.8534413864805024, 0.333855543079252, -0.7025463211318861, -0.27089364934848836, 0.7315498318881986, -0.29942957828896866, -0.6219484810876903, -0.0547573816684539, -0.21443765035574014, 0.23785985328818726, -0.12646741612097356, -0.47815568541100895, -0.17505557667448635, -0.16193193089539926, 0.8048437117522818, 0.9592325240809707, 0.24713767881382775, -0.8336317548582777, 0.46599743519199, 0.357370804957968, 0.6520457340504391, -0.3050973265778887, -0.8822398116837538, 0.2236436329105842, -0.751970763373456, 0.5190590583266628, 0.5888466351532844, -0.18274642650020412, 0.8875950117660911, -0.6524404124894483, 0.8851716994539605]",rhc,relu,False,False,100,[10],0.1,100,7
720,20,0.07762070000171661,1.8762151422040967,1069.0,100,15,"[0.9340596780273533, 0.09446449835144466, 0.9453687199297687, 0.4296319873487293, 0.3954576491945416, -0.5678210088392472, 0.9525489095524835, -0.9875394895908203, -0.4940352752331121, -0.13041693519110842, 0.5587658435875049, -0.6046298507994938, 0.7259864711984445, 0.9668013543506255, -0.6723155171906026, 0.19466788786571843, -0.98202780466489, -0.22685743471274122, -0.9116798841370009, 0.9133059354284718, -0.1277067062404047, 0.8979546135631256, 0.5726119718701219, 0.7325785971633969, -0.6536691570081037, -0.850102825973786, 0.2014854427555386, -0.6640556325631923, 0.4667603350211398, -0.18311227969597055, 0.05581764683584067, 0.875143167901884, 0.043392244889916, -0.7836132342255386, -0.6835531856304011, 0.09040530340642561, 0.04880816013694678, 0.2752204882519873, -0.1970091128194542, 0.2996102180386846, -0.20619999419653467, 0.24783222709644614, 0.5348099341802477, -0.6420521799177383, -0.24884846282491524, 0.005066118653868745, 0.3733341598326916, -0.4926407026772337, 0.10948172588511706, 0.24986168812819542, 0.7910023321122921, -0.27429282313374714, 0.2751141460374733, -0.6171071957620733, -0.004411770765388567, -0.6351091908575863, 0.8367660782795254, -0.13635585731754474, 0.6603762041966925, -0.16644739064327485, 0.8093351774867339, -0.19034956537818792, -0.33765099381775454, 0.14427754054549724, 0.6908872981882266, 0.7220286235061439, 0.19137623413666893, -0.8306767779591795, 0.19453321463834983, -0.5090925828337958, 0.46518689717993555, 0.7893025846334776, 0.0294679418262902, 0.20712702072041278, -0.8698643752343853, 0.08014945928561268, -0.7416264326591246, 0.22912569270066396, -0.2726993059103242, 0.5355160686614915, -0.902931727160895, -0.7803637637643119, 0.36804643024725525, 0.029307394167312983, 0.1432827432294983, 0.6874139879813108, -0.024524721700651453, 0.6202888442522898, 0.020487258589880097, 0.8534413864805024, 0.333855543079252, -0.7025463211318861, -0.27089364934848836, 0.7315498318881986, -0.29942957828896866, -0.6219484810876903, -0.0547573816684539, -0.21443765035574014, 0.23785985328818726, -0.12646741612097356, -0.47815568541100895, -0.17505557667448635, -0.16193193089539926, 0.8048437117522818, 0.9592325240809707, 0.24713767881382775, -0.8336317548582777, 0.46599743519199, 0.357370804957968, 0.6520457340504391, -0.3050973265778887, -0.8822398116837538, 0.2236436329105842, -0.751970763373456, 0.5190590583266628, 0.5888466351532844, -0.18274642650020412, 0.8875950117660911, -0.6524404124894483, 0.8851716994539605]",rhc,relu,False,False,100,[10],0.1,100,7
721,21,0.07905250007752329,1.8756846998574754,1071.0,100,15,"[0.9340596780273533, 0.09446449835144466, 0.9453687199297687, 0.4296319873487293, 0.3954576491945416, -0.5678210088392472, 0.9525489095524835, -0.9875394895908203, -0.4940352752331121, -0.13041693519110842, 0.5587658435875049, -0.6046298507994938, 0.7259864711984445, 0.9668013543506255, -0.6723155171906026, 0.19466788786571843, -0.98202780466489, -0.22685743471274122, -0.9116798841370009, 0.9133059354284718, -0.1277067062404047, 0.8979546135631256, 0.5726119718701219, 0.7325785971633969, -0.6536691570081037, -0.850102825973786, 0.2014854427555386, -0.6640556325631923, 0.4667603350211398, -0.18311227969597055, 0.05581764683584067, 0.875143167901884, 0.043392244889916, -0.7836132342255386, -0.6835531856304011, 0.09040530340642561, 0.04880816013694678, 0.2752204882519873, -0.1970091128194542, 0.2996102180386846, -0.20619999419653467, 0.24783222709644614, 0.5348099341802477, -0.6420521799177383, -0.24884846282491524, 0.005066118653868745, 0.3733341598326916, -0.4926407026772337, 0.10948172588511706, 0.24986168812819542, 0.7910023321122921, -0.27429282313374714, 0.2751141460374733, -0.6171071957620733, -0.004411770765388567, -0.6351091908575863, 0.8367660782795254, -0.13635585731754474, 0.6603762041966925, -0.16644739064327485, 0.8093351774867339, -0.19034956537818792, -0.33765099381775454, 0.14427754054549724, 0.6908872981882266, 0.7220286235061439, 0.19137623413666893, -0.8306767779591795, 0.19453321463834983, -0.5090925828337958, 0.46518689717993555, 0.7893025846334776, 0.0294679418262902, 0.20712702072041278, -0.8698643752343853, 0.08014945928561268, -0.7416264326591246, 0.22912569270066396, -0.2726993059103242, 0.5355160686614915, -0.902931727160895, -0.7803637637643119, 0.36804643024725525, 0.029307394167312983, 0.1432827432294983, 0.6874139879813108, -0.024524721700651453, 0.6202888442522898, 0.020487258589880097, 0.8534413864805024, 0.333855543079252, -0.7025463211318861, -0.27089364934848836, 0.7315498318881986, -0.29942957828896866, -0.6219484810876903, -0.0547573816684539, -0.21443765035574014, 0.23785985328818726, -0.12646741612097356, -0.47815568541100895, -0.17505557667448635, -0.16193193089539926, 0.8048437117522818, 0.9592325240809707, 0.24713767881382775, -0.8336317548582777, 0.46599743519199, 0.357370804957968, 0.6520457340504391, -0.3050973265778887, -0.8822398116837538, 0.2236436329105842, -0.751970763373456, 0.5190590583266628, 0.5888466351532844, -0.18274642650020412, 0.8875950117660911, -0.6524404124894483, 0.8851716994539605]",rhc,relu,False,False,100,[10],0.1,100,7
722,22,0.08195150003302842,1.8733813071236816,1073.0,100,15,"[0.9340596780273533, 0.09446449835144466, 0.9453687199297687, 0.4296319873487293, 0.3954576491945416, -0.5678210088392472, 0.9525489095524835, -0.9875394895908203, -0.4940352752331121, -0.13041693519110842, 0.5587658435875049, -0.6046298507994938, 0.7259864711984445, 0.9668013543506255, -0.6723155171906026, 0.19466788786571843, -0.98202780466489, -0.22685743471274122, -0.9116798841370009, 0.9133059354284718, -0.1277067062404047, 0.8979546135631256, 0.5726119718701219, 0.7325785971633969, -0.6536691570081037, -0.850102825973786, 0.2014854427555386, -0.6640556325631923, 0.4667603350211398, -0.18311227969597055, 0.05581764683584067, 0.875143167901884, 0.043392244889916, -0.7836132342255386, -0.6835531856304011, 0.09040530340642561, 0.04880816013694678, 0.2752204882519873, -0.1970091128194542, 0.2996102180386846, -0.20619999419653467, 0.24783222709644614, 0.5348099341802477, -0.6420521799177383, -0.24884846282491524, 0.005066118653868745, 0.3733341598326916, -0.4926407026772337, 0.10948172588511706, 0.24986168812819542, 0.7910023321122921, -0.27429282313374714, 0.2751141460374733, -0.6171071957620733, -0.004411770765388567, -0.6351091908575863, 0.8367660782795254, -0.13635585731754474, 0.6603762041966925, -0.16644739064327485, 0.8093351774867339, -0.19034956537818792, -0.33765099381775454, 0.14427754054549724, 0.6908872981882266, 0.7220286235061439, 0.19137623413666893, -0.8306767779591795, 0.19453321463834983, -0.5090925828337958, 0.46518689717993555, 0.7893025846334776, 0.0294679418262902, 0.20712702072041278, -0.8698643752343853, 0.08014945928561268, -0.7416264326591246, 0.22912569270066396, -0.2726993059103242, 0.5355160686614915, -0.902931727160895, -0.7803637637643119, 0.36804643024725525, 0.029307394167312983, 0.1432827432294983, 0.6874139879813108, -0.024524721700651453, 0.6202888442522898, 0.020487258589880097, 0.8534413864805024, 0.333855543079252, -0.7025463211318861, -0.27089364934848836, 0.7315498318881986, -0.29942957828896866, -0.6219484810876903, -0.0547573816684539, -0.21443765035574014, 0.23785985328818726, -0.12646741612097356, -0.47815568541100895, -0.17505557667448635, -0.16193193089539926, 0.8048437117522818, 0.9592325240809707, 0.24713767881382775, -0.8336317548582777, 0.46599743519199, 0.357370804957968, 0.6520457340504391, -0.3050973265778887, -0.8822398116837538, 0.2236436329105842, -0.751970763373456, 0.5190590583266628, 0.5888466351532844, -0.18274642650020412, 0.8875950117660911, -0.6524404124894483, 0.8851716994539605]",rhc,relu,False,False,100,[10],0.1,100,7
723,23,0.08453910006210208,1.871735759960109,1075.0,100,15,"[0.9340596780273533, 0.09446449835144466, 0.9453687199297687, 0.4296319873487293, 0.3954576491945416, -0.5678210088392472, 0.9525489095524835, -0.9875394895908203, -0.4940352752331121, -0.13041693519110842, 0.5587658435875049, -0.6046298507994938, 0.7259864711984445, 0.9668013543506255, -0.6723155171906026, 0.19466788786571843, -0.98202780466489, -0.22685743471274122, -0.9116798841370009, 0.9133059354284718, -0.1277067062404047, 0.8979546135631256, 0.5726119718701219, 0.7325785971633969, -0.6536691570081037, -0.850102825973786, 0.2014854427555386, -0.6640556325631923, 0.4667603350211398, -0.18311227969597055, 0.05581764683584067, 0.875143167901884, 0.043392244889916, -0.7836132342255386, -0.6835531856304011, 0.09040530340642561, 0.04880816013694678, 0.2752204882519873, -0.1970091128194542, 0.2996102180386846, -0.20619999419653467, 0.24783222709644614, 0.5348099341802477, -0.6420521799177383, -0.24884846282491524, 0.005066118653868745, 0.3733341598326916, -0.4926407026772337, 0.10948172588511706, 0.24986168812819542, 0.7910023321122921, -0.27429282313374714, 0.2751141460374733, -0.6171071957620733, -0.004411770765388567, -0.6351091908575863, 0.8367660782795254, -0.13635585731754474, 0.6603762041966925, -0.16644739064327485, 0.8093351774867339, -0.19034956537818792, -0.33765099381775454, 0.14427754054549724, 0.6908872981882266, 0.7220286235061439, 0.19137623413666893, -0.8306767779591795, 0.19453321463834983, -0.5090925828337958, 0.46518689717993555, 0.7893025846334776, 0.0294679418262902, 0.20712702072041278, -0.8698643752343853, 0.08014945928561268, -0.7416264326591246, 0.22912569270066396, -0.2726993059103242, 0.5355160686614915, -0.902931727160895, -0.7803637637643119, 0.36804643024725525, 0.029307394167312983, 0.1432827432294983, 0.6874139879813108, -0.024524721700651453, 0.6202888442522898, 0.020487258589880097, 0.8534413864805024, 0.333855543079252, -0.7025463211318861, -0.27089364934848836, 0.7315498318881986, -0.29942957828896866, -0.6219484810876903, -0.0547573816684539, -0.21443765035574014, 0.23785985328818726, -0.12646741612097356, -0.47815568541100895, -0.17505557667448635, -0.16193193089539926, 0.8048437117522818, 0.9592325240809707, 0.24713767881382775, -0.8336317548582777, 0.46599743519199, 0.357370804957968, 0.6520457340504391, -0.3050973265778887, -0.8822398116837538, 0.2236436329105842, -0.751970763373456, 0.5190590583266628, 0.5888466351532844, -0.18274642650020412, 0.8875950117660911, -0.6524404124894483, 0.8851716994539605]",rhc,relu,False,False,100,[10],0.1,100,7
724,24,0.08600310003384948,1.871735759960109,1076.0,100,15,"[0.9340596780273533, 0.09446449835144466, 0.9453687199297687, 0.4296319873487293, 0.3954576491945416, -0.5678210088392472, 0.9525489095524835, -0.9875394895908203, -0.4940352752331121, -0.13041693519110842, 0.5587658435875049, -0.6046298507994938, 0.7259864711984445, 0.9668013543506255, -0.6723155171906026, 0.19466788786571843, -0.98202780466489, -0.22685743471274122, -0.9116798841370009, 0.9133059354284718, -0.1277067062404047, 0.8979546135631256, 0.5726119718701219, 0.7325785971633969, -0.6536691570081037, -0.850102825973786, 0.2014854427555386, -0.6640556325631923, 0.4667603350211398, -0.18311227969597055, 0.05581764683584067, 0.875143167901884, 0.043392244889916, -0.7836132342255386, -0.6835531856304011, 0.09040530340642561, 0.04880816013694678, 0.2752204882519873, -0.1970091128194542, 0.2996102180386846, -0.20619999419653467, 0.24783222709644614, 0.5348099341802477, -0.6420521799177383, -0.24884846282491524, 0.005066118653868745, 0.3733341598326916, -0.4926407026772337, 0.10948172588511706, 0.24986168812819542, 0.7910023321122921, -0.27429282313374714, 0.2751141460374733, -0.6171071957620733, -0.004411770765388567, -0.6351091908575863, 0.8367660782795254, -0.13635585731754474, 0.6603762041966925, -0.16644739064327485, 0.8093351774867339, -0.19034956537818792, -0.33765099381775454, 0.14427754054549724, 0.6908872981882266, 0.7220286235061439, 0.19137623413666893, -0.8306767779591795, 0.19453321463834983, -0.5090925828337958, 0.46518689717993555, 0.7893025846334776, 0.0294679418262902, 0.20712702072041278, -0.8698643752343853, 0.08014945928561268, -0.7416264326591246, 0.22912569270066396, -0.2726993059103242, 0.5355160686614915, -0.902931727160895, -0.7803637637643119, 0.36804643024725525, 0.029307394167312983, 0.1432827432294983, 0.6874139879813108, -0.024524721700651453, 0.6202888442522898, 0.020487258589880097, 0.8534413864805024, 0.333855543079252, -0.7025463211318861, -0.27089364934848836, 0.7315498318881986, -0.29942957828896866, -0.6219484810876903, -0.0547573816684539, -0.21443765035574014, 0.23785985328818726, -0.12646741612097356, -0.47815568541100895, -0.17505557667448635, -0.16193193089539926, 0.8048437117522818, 0.9592325240809707, 0.24713767881382775, -0.8336317548582777, 0.46599743519199, 0.357370804957968, 0.6520457340504391, -0.3050973265778887, -0.8822398116837538, 0.2236436329105842, -0.751970763373456, 0.5190590583266628, 0.5888466351532844, -0.18274642650020412, 0.8875950117660911, -0.6524404124894483, 0.8851716994539605]",rhc,relu,False,False,100,[10],0.1,100,7
725,25,0.08905609999783337,1.871735759960109,1077.0,100,15,"[0.9340596780273533, 0.09446449835144466, 0.9453687199297687, 0.4296319873487293, 0.3954576491945416, -0.5678210088392472, 0.9525489095524835, -0.9875394895908203, -0.4940352752331121, -0.13041693519110842, 0.5587658435875049, -0.6046298507994938, 0.7259864711984445, 0.9668013543506255, -0.6723155171906026, 0.19466788786571843, -0.98202780466489, -0.22685743471274122, -0.9116798841370009, 0.9133059354284718, -0.1277067062404047, 0.8979546135631256, 0.5726119718701219, 0.7325785971633969, -0.6536691570081037, -0.850102825973786, 0.2014854427555386, -0.6640556325631923, 0.4667603350211398, -0.18311227969597055, 0.05581764683584067, 0.875143167901884, 0.043392244889916, -0.7836132342255386, -0.6835531856304011, 0.09040530340642561, 0.04880816013694678, 0.2752204882519873, -0.1970091128194542, 0.2996102180386846, -0.20619999419653467, 0.24783222709644614, 0.5348099341802477, -0.6420521799177383, -0.24884846282491524, 0.005066118653868745, 0.3733341598326916, -0.4926407026772337, 0.10948172588511706, 0.24986168812819542, 0.7910023321122921, -0.27429282313374714, 0.2751141460374733, -0.6171071957620733, -0.004411770765388567, -0.6351091908575863, 0.8367660782795254, -0.13635585731754474, 0.6603762041966925, -0.16644739064327485, 0.8093351774867339, -0.19034956537818792, -0.33765099381775454, 0.14427754054549724, 0.6908872981882266, 0.7220286235061439, 0.19137623413666893, -0.8306767779591795, 0.19453321463834983, -0.5090925828337958, 0.46518689717993555, 0.7893025846334776, 0.0294679418262902, 0.20712702072041278, -0.8698643752343853, 0.08014945928561268, -0.7416264326591246, 0.22912569270066396, -0.2726993059103242, 0.5355160686614915, -0.902931727160895, -0.7803637637643119, 0.36804643024725525, 0.029307394167312983, 0.1432827432294983, 0.6874139879813108, -0.024524721700651453, 0.6202888442522898, 0.020487258589880097, 0.8534413864805024, 0.333855543079252, -0.7025463211318861, -0.27089364934848836, 0.7315498318881986, -0.29942957828896866, -0.6219484810876903, -0.0547573816684539, -0.21443765035574014, 0.23785985328818726, -0.12646741612097356, -0.47815568541100895, -0.17505557667448635, -0.16193193089539926, 0.8048437117522818, 0.9592325240809707, 0.24713767881382775, -0.8336317548582777, 0.46599743519199, 0.357370804957968, 0.6520457340504391, -0.3050973265778887, -0.8822398116837538, 0.2236436329105842, -0.751970763373456, 0.5190590583266628, 0.5888466351532844, -0.18274642650020412, 0.8875950117660911, -0.6524404124894483, 0.8851716994539605]",rhc,relu,False,False,100,[10],0.1,100,7
726,26,0.09043240000028163,1.8667677822532112,1079.0,100,15,"[0.9340596780273533, 0.09446449835144466, 0.9453687199297687, 0.4296319873487293, 0.3954576491945416, -0.5678210088392472, 0.9525489095524835, -0.9875394895908203, -0.4940352752331121, -0.13041693519110842, 0.5587658435875049, -0.6046298507994938, 0.7259864711984445, 0.9668013543506255, -0.6723155171906026, 0.19466788786571843, -0.98202780466489, -0.22685743471274122, -0.9116798841370009, 0.9133059354284718, -0.1277067062404047, 0.8979546135631256, 0.5726119718701219, 0.7325785971633969, -0.6536691570081037, -0.850102825973786, 0.2014854427555386, -0.6640556325631923, 0.4667603350211398, -0.18311227969597055, 0.05581764683584067, 0.875143167901884, 0.043392244889916, -0.7836132342255386, -0.6835531856304011, 0.09040530340642561, 0.04880816013694678, 0.2752204882519873, -0.1970091128194542, 0.2996102180386846, -0.20619999419653467, 0.24783222709644614, 0.5348099341802477, -0.6420521799177383, -0.24884846282491524, 0.005066118653868745, 0.3733341598326916, -0.4926407026772337, 0.10948172588511706, 0.24986168812819542, 0.7910023321122921, -0.27429282313374714, 0.2751141460374733, -0.6171071957620733, -0.004411770765388567, -0.6351091908575863, 0.8367660782795254, -0.13635585731754474, 0.6603762041966925, -0.16644739064327485, 0.8093351774867339, -0.19034956537818792, -0.33765099381775454, 0.14427754054549724, 0.6908872981882266, 0.7220286235061439, 0.19137623413666893, -0.8306767779591795, 0.19453321463834983, -0.5090925828337958, 0.46518689717993555, 0.7893025846334776, 0.0294679418262902, 0.20712702072041278, -0.8698643752343853, 0.08014945928561268, -0.7416264326591246, 0.22912569270066396, -0.2726993059103242, 0.5355160686614915, -0.902931727160895, -0.7803637637643119, 0.36804643024725525, 0.029307394167312983, 0.1432827432294983, 0.6874139879813108, -0.024524721700651453, 0.6202888442522898, 0.020487258589880097, 0.8534413864805024, 0.333855543079252, -0.7025463211318861, -0.27089364934848836, 0.7315498318881986, -0.29942957828896866, -0.6219484810876903, -0.0547573816684539, -0.21443765035574014, 0.23785985328818726, -0.12646741612097356, -0.47815568541100895, -0.17505557667448635, -0.16193193089539926, 0.8048437117522818, 0.9592325240809707, 0.24713767881382775, -0.8336317548582777, 0.46599743519199, 0.357370804957968, 0.6520457340504391, -0.3050973265778887, -0.8822398116837538, 0.2236436329105842, -0.751970763373456, 0.5190590583266628, 0.5888466351532844, -0.18274642650020412, 0.8875950117660911, -0.6524404124894483, 0.8851716994539605]",rhc,relu,False,False,100,[10],0.1,100,7
727,27,0.09306690003722906,1.8656952182926174,1081.0,100,15,"[0.9340596780273533, 0.09446449835144466, 0.9453687199297687, 0.4296319873487293, 0.3954576491945416, -0.5678210088392472, 0.9525489095524835, -0.9875394895908203, -0.4940352752331121, -0.13041693519110842, 0.5587658435875049, -0.6046298507994938, 0.7259864711984445, 0.9668013543506255, -0.6723155171906026, 0.19466788786571843, -0.98202780466489, -0.22685743471274122, -0.9116798841370009, 0.9133059354284718, -0.1277067062404047, 0.8979546135631256, 0.5726119718701219, 0.7325785971633969, -0.6536691570081037, -0.850102825973786, 0.2014854427555386, -0.6640556325631923, 0.4667603350211398, -0.18311227969597055, 0.05581764683584067, 0.875143167901884, 0.043392244889916, -0.7836132342255386, -0.6835531856304011, 0.09040530340642561, 0.04880816013694678, 0.2752204882519873, -0.1970091128194542, 0.2996102180386846, -0.20619999419653467, 0.24783222709644614, 0.5348099341802477, -0.6420521799177383, -0.24884846282491524, 0.005066118653868745, 0.3733341598326916, -0.4926407026772337, 0.10948172588511706, 0.24986168812819542, 0.7910023321122921, -0.27429282313374714, 0.2751141460374733, -0.6171071957620733, -0.004411770765388567, -0.6351091908575863, 0.8367660782795254, -0.13635585731754474, 0.6603762041966925, -0.16644739064327485, 0.8093351774867339, -0.19034956537818792, -0.33765099381775454, 0.14427754054549724, 0.6908872981882266, 0.7220286235061439, 0.19137623413666893, -0.8306767779591795, 0.19453321463834983, -0.5090925828337958, 0.46518689717993555, 0.7893025846334776, 0.0294679418262902, 0.20712702072041278, -0.8698643752343853, 0.08014945928561268, -0.7416264326591246, 0.22912569270066396, -0.2726993059103242, 0.5355160686614915, -0.902931727160895, -0.7803637637643119, 0.36804643024725525, 0.029307394167312983, 0.1432827432294983, 0.6874139879813108, -0.024524721700651453, 0.6202888442522898, 0.020487258589880097, 0.8534413864805024, 0.333855543079252, -0.7025463211318861, -0.27089364934848836, 0.7315498318881986, -0.29942957828896866, -0.6219484810876903, -0.0547573816684539, -0.21443765035574014, 0.23785985328818726, -0.12646741612097356, -0.47815568541100895, -0.17505557667448635, -0.16193193089539926, 0.8048437117522818, 0.9592325240809707, 0.24713767881382775, -0.8336317548582777, 0.46599743519199, 0.357370804957968, 0.6520457340504391, -0.3050973265778887, -0.8822398116837538, 0.2236436329105842, -0.751970763373456, 0.5190590583266628, 0.5888466351532844, -0.18274642650020412, 0.8875950117660911, -0.6524404124894483, 0.8851716994539605]",rhc,relu,False,False,100,[10],0.1,100,7
728,28,0.0945393000729382,1.8555085638446922,1083.0,100,15,"[0.9340596780273533, 0.09446449835144466, 0.9453687199297687, 0.4296319873487293, 0.3954576491945416, -0.5678210088392472, 0.9525489095524835, -0.9875394895908203, -0.4940352752331121, -0.13041693519110842, 0.5587658435875049, -0.6046298507994938, 0.7259864711984445, 0.9668013543506255, -0.6723155171906026, 0.19466788786571843, -0.98202780466489, -0.22685743471274122, -0.9116798841370009, 0.9133059354284718, -0.1277067062404047, 0.8979546135631256, 0.5726119718701219, 0.7325785971633969, -0.6536691570081037, -0.850102825973786, 0.2014854427555386, -0.6640556325631923, 0.4667603350211398, -0.18311227969597055, 0.05581764683584067, 0.875143167901884, 0.043392244889916, -0.7836132342255386, -0.6835531856304011, 0.09040530340642561, 0.04880816013694678, 0.2752204882519873, -0.1970091128194542, 0.2996102180386846, -0.20619999419653467, 0.24783222709644614, 0.5348099341802477, -0.6420521799177383, -0.24884846282491524, 0.005066118653868745, 0.3733341598326916, -0.4926407026772337, 0.10948172588511706, 0.24986168812819542, 0.7910023321122921, -0.27429282313374714, 0.2751141460374733, -0.6171071957620733, -0.004411770765388567, -0.6351091908575863, 0.8367660782795254, -0.13635585731754474, 0.6603762041966925, -0.16644739064327485, 0.8093351774867339, -0.19034956537818792, -0.33765099381775454, 0.14427754054549724, 0.6908872981882266, 0.7220286235061439, 0.19137623413666893, -0.8306767779591795, 0.19453321463834983, -0.5090925828337958, 0.46518689717993555, 0.7893025846334776, 0.0294679418262902, 0.20712702072041278, -0.8698643752343853, 0.08014945928561268, -0.7416264326591246, 0.22912569270066396, -0.2726993059103242, 0.5355160686614915, -0.902931727160895, -0.7803637637643119, 0.36804643024725525, 0.029307394167312983, 0.1432827432294983, 0.6874139879813108, -0.024524721700651453, 0.6202888442522898, 0.020487258589880097, 0.8534413864805024, 0.333855543079252, -0.7025463211318861, -0.27089364934848836, 0.7315498318881986, -0.29942957828896866, -0.6219484810876903, -0.0547573816684539, -0.21443765035574014, 0.23785985328818726, -0.12646741612097356, -0.47815568541100895, -0.17505557667448635, -0.16193193089539926, 0.8048437117522818, 0.9592325240809707, 0.24713767881382775, -0.8336317548582777, 0.46599743519199, 0.357370804957968, 0.6520457340504391, -0.3050973265778887, -0.8822398116837538, 0.2236436329105842, -0.751970763373456, 0.5190590583266628, 0.5888466351532844, -0.18274642650020412, 0.8875950117660911, -0.6524404124894483, 0.8851716994539605]",rhc,relu,False,False,100,[10],0.1,100,7
729,29,0.09622690000105649,1.851813367749909,1085.0,100,15,"[0.9340596780273533, 0.09446449835144466, 0.9453687199297687, 0.4296319873487293, 0.3954576491945416, -0.5678210088392472, 0.9525489095524835, -0.9875394895908203, -0.4940352752331121, -0.13041693519110842, 0.5587658435875049, -0.6046298507994938, 0.7259864711984445, 0.9668013543506255, -0.6723155171906026, 0.19466788786571843, -0.98202780466489, -0.22685743471274122, -0.9116798841370009, 0.9133059354284718, -0.1277067062404047, 0.8979546135631256, 0.5726119718701219, 0.7325785971633969, -0.6536691570081037, -0.850102825973786, 0.2014854427555386, -0.6640556325631923, 0.4667603350211398, -0.18311227969597055, 0.05581764683584067, 0.875143167901884, 0.043392244889916, -0.7836132342255386, -0.6835531856304011, 0.09040530340642561, 0.04880816013694678, 0.2752204882519873, -0.1970091128194542, 0.2996102180386846, -0.20619999419653467, 0.24783222709644614, 0.5348099341802477, -0.6420521799177383, -0.24884846282491524, 0.005066118653868745, 0.3733341598326916, -0.4926407026772337, 0.10948172588511706, 0.24986168812819542, 0.7910023321122921, -0.27429282313374714, 0.2751141460374733, -0.6171071957620733, -0.004411770765388567, -0.6351091908575863, 0.8367660782795254, -0.13635585731754474, 0.6603762041966925, -0.16644739064327485, 0.8093351774867339, -0.19034956537818792, -0.33765099381775454, 0.14427754054549724, 0.6908872981882266, 0.7220286235061439, 0.19137623413666893, -0.8306767779591795, 0.19453321463834983, -0.5090925828337958, 0.46518689717993555, 0.7893025846334776, 0.0294679418262902, 0.20712702072041278, -0.8698643752343853, 0.08014945928561268, -0.7416264326591246, 0.22912569270066396, -0.2726993059103242, 0.5355160686614915, -0.902931727160895, -0.7803637637643119, 0.36804643024725525, 0.029307394167312983, 0.1432827432294983, 0.6874139879813108, -0.024524721700651453, 0.6202888442522898, 0.020487258589880097, 0.8534413864805024, 0.333855543079252, -0.7025463211318861, -0.27089364934848836, 0.7315498318881986, -0.29942957828896866, -0.6219484810876903, -0.0547573816684539, -0.21443765035574014, 0.23785985328818726, -0.12646741612097356, -0.47815568541100895, -0.17505557667448635, -0.16193193089539926, 0.8048437117522818, 0.9592325240809707, 0.24713767881382775, -0.8336317548582777, 0.46599743519199, 0.357370804957968, 0.6520457340504391, -0.3050973265778887, -0.8822398116837538, 0.2236436329105842, -0.751970763373456, 0.5190590583266628, 0.5888466351532844, -0.18274642650020412, 0.8875950117660911, -0.6524404124894483, 0.8851716994539605]",rhc,relu,False,False,100,[10],0.1,100,7
730,30,0.09977780003100634,1.851813367749909,1086.0,100,15,"[0.9340596780273533, 0.09446449835144466, 0.9453687199297687, 0.4296319873487293, 0.3954576491945416, -0.5678210088392472, 0.9525489095524835, -0.9875394895908203, -0.4940352752331121, -0.13041693519110842, 0.5587658435875049, -0.6046298507994938, 0.7259864711984445, 0.9668013543506255, -0.6723155171906026, 0.19466788786571843, -0.98202780466489, -0.22685743471274122, -0.9116798841370009, 0.9133059354284718, -0.1277067062404047, 0.8979546135631256, 0.5726119718701219, 0.7325785971633969, -0.6536691570081037, -0.850102825973786, 0.2014854427555386, -0.6640556325631923, 0.4667603350211398, -0.18311227969597055, 0.05581764683584067, 0.875143167901884, 0.043392244889916, -0.7836132342255386, -0.6835531856304011, 0.09040530340642561, 0.04880816013694678, 0.2752204882519873, -0.1970091128194542, 0.2996102180386846, -0.20619999419653467, 0.24783222709644614, 0.5348099341802477, -0.6420521799177383, -0.24884846282491524, 0.005066118653868745, 0.3733341598326916, -0.4926407026772337, 0.10948172588511706, 0.24986168812819542, 0.7910023321122921, -0.27429282313374714, 0.2751141460374733, -0.6171071957620733, -0.004411770765388567, -0.6351091908575863, 0.8367660782795254, -0.13635585731754474, 0.6603762041966925, -0.16644739064327485, 0.8093351774867339, -0.19034956537818792, -0.33765099381775454, 0.14427754054549724, 0.6908872981882266, 0.7220286235061439, 0.19137623413666893, -0.8306767779591795, 0.19453321463834983, -0.5090925828337958, 0.46518689717993555, 0.7893025846334776, 0.0294679418262902, 0.20712702072041278, -0.8698643752343853, 0.08014945928561268, -0.7416264326591246, 0.22912569270066396, -0.2726993059103242, 0.5355160686614915, -0.902931727160895, -0.7803637637643119, 0.36804643024725525, 0.029307394167312983, 0.1432827432294983, 0.6874139879813108, -0.024524721700651453, 0.6202888442522898, 0.020487258589880097, 0.8534413864805024, 0.333855543079252, -0.7025463211318861, -0.27089364934848836, 0.7315498318881986, -0.29942957828896866, -0.6219484810876903, -0.0547573816684539, -0.21443765035574014, 0.23785985328818726, -0.12646741612097356, -0.47815568541100895, -0.17505557667448635, -0.16193193089539926, 0.8048437117522818, 0.9592325240809707, 0.24713767881382775, -0.8336317548582777, 0.46599743519199, 0.357370804957968, 0.6520457340504391, -0.3050973265778887, -0.8822398116837538, 0.2236436329105842, -0.751970763373456, 0.5190590583266628, 0.5888466351532844, -0.18274642650020412, 0.8875950117660911, -0.6524404124894483, 0.8851716994539605]",rhc,relu,False,False,100,[10],0.1,100,7
731,31,0.10406230005901307,1.8386988531037303,1088.0,100,15,"[0.9340596780273533, 0.09446449835144466, 0.9453687199297687, 0.4296319873487293, 0.3954576491945416, -0.5678210088392472, 0.9525489095524835, -0.9875394895908203, -0.4940352752331121, -0.13041693519110842, 0.5587658435875049, -0.6046298507994938, 0.7259864711984445, 0.9668013543506255, -0.6723155171906026, 0.19466788786571843, -0.98202780466489, -0.22685743471274122, -0.9116798841370009, 0.9133059354284718, -0.1277067062404047, 0.8979546135631256, 0.5726119718701219, 0.7325785971633969, -0.6536691570081037, -0.850102825973786, 0.2014854427555386, -0.6640556325631923, 0.4667603350211398, -0.18311227969597055, 0.05581764683584067, 0.875143167901884, 0.043392244889916, -0.7836132342255386, -0.6835531856304011, 0.09040530340642561, 0.04880816013694678, 0.2752204882519873, -0.1970091128194542, 0.2996102180386846, -0.20619999419653467, 0.24783222709644614, 0.5348099341802477, -0.6420521799177383, -0.24884846282491524, 0.005066118653868745, 0.3733341598326916, -0.4926407026772337, 0.10948172588511706, 0.24986168812819542, 0.7910023321122921, -0.27429282313374714, 0.2751141460374733, -0.6171071957620733, -0.004411770765388567, -0.6351091908575863, 0.8367660782795254, -0.13635585731754474, 0.6603762041966925, -0.16644739064327485, 0.8093351774867339, -0.19034956537818792, -0.33765099381775454, 0.14427754054549724, 0.6908872981882266, 0.7220286235061439, 0.19137623413666893, -0.8306767779591795, 0.19453321463834983, -0.5090925828337958, 0.46518689717993555, 0.7893025846334776, 0.0294679418262902, 0.20712702072041278, -0.8698643752343853, 0.08014945928561268, -0.7416264326591246, 0.22912569270066396, -0.2726993059103242, 0.5355160686614915, -0.902931727160895, -0.7803637637643119, 0.36804643024725525, 0.029307394167312983, 0.1432827432294983, 0.6874139879813108, -0.024524721700651453, 0.6202888442522898, 0.020487258589880097, 0.8534413864805024, 0.333855543079252, -0.7025463211318861, -0.27089364934848836, 0.7315498318881986, -0.29942957828896866, -0.6219484810876903, -0.0547573816684539, -0.21443765035574014, 0.23785985328818726, -0.12646741612097356, -0.47815568541100895, -0.17505557667448635, -0.16193193089539926, 0.8048437117522818, 0.9592325240809707, 0.24713767881382775, -0.8336317548582777, 0.46599743519199, 0.357370804957968, 0.6520457340504391, -0.3050973265778887, -0.8822398116837538, 0.2236436329105842, -0.751970763373456, 0.5190590583266628, 0.5888466351532844, -0.18274642650020412, 0.8875950117660911, -0.6524404124894483, 0.8851716994539605]",rhc,relu,False,False,100,[10],0.1,100,7
732,32,0.1062065000878647,1.8361610370416792,1090.0,100,15,"[0.9340596780273533, 0.09446449835144466, 0.9453687199297687, 0.4296319873487293, 0.3954576491945416, -0.5678210088392472, 0.9525489095524835, -0.9875394895908203, -0.4940352752331121, -0.13041693519110842, 0.5587658435875049, -0.6046298507994938, 0.7259864711984445, 0.9668013543506255, -0.6723155171906026, 0.19466788786571843, -0.98202780466489, -0.22685743471274122, -0.9116798841370009, 0.9133059354284718, -0.1277067062404047, 0.8979546135631256, 0.5726119718701219, 0.7325785971633969, -0.6536691570081037, -0.850102825973786, 0.2014854427555386, -0.6640556325631923, 0.4667603350211398, -0.18311227969597055, 0.05581764683584067, 0.875143167901884, 0.043392244889916, -0.7836132342255386, -0.6835531856304011, 0.09040530340642561, 0.04880816013694678, 0.2752204882519873, -0.1970091128194542, 0.2996102180386846, -0.20619999419653467, 0.24783222709644614, 0.5348099341802477, -0.6420521799177383, -0.24884846282491524, 0.005066118653868745, 0.3733341598326916, -0.4926407026772337, 0.10948172588511706, 0.24986168812819542, 0.7910023321122921, -0.27429282313374714, 0.2751141460374733, -0.6171071957620733, -0.004411770765388567, -0.6351091908575863, 0.8367660782795254, -0.13635585731754474, 0.6603762041966925, -0.16644739064327485, 0.8093351774867339, -0.19034956537818792, -0.33765099381775454, 0.14427754054549724, 0.6908872981882266, 0.7220286235061439, 0.19137623413666893, -0.8306767779591795, 0.19453321463834983, -0.5090925828337958, 0.46518689717993555, 0.7893025846334776, 0.0294679418262902, 0.20712702072041278, -0.8698643752343853, 0.08014945928561268, -0.7416264326591246, 0.22912569270066396, -0.2726993059103242, 0.5355160686614915, -0.902931727160895, -0.7803637637643119, 0.36804643024725525, 0.029307394167312983, 0.1432827432294983, 0.6874139879813108, -0.024524721700651453, 0.6202888442522898, 0.020487258589880097, 0.8534413864805024, 0.333855543079252, -0.7025463211318861, -0.27089364934848836, 0.7315498318881986, -0.29942957828896866, -0.6219484810876903, -0.0547573816684539, -0.21443765035574014, 0.23785985328818726, -0.12646741612097356, -0.47815568541100895, -0.17505557667448635, -0.16193193089539926, 0.8048437117522818, 0.9592325240809707, 0.24713767881382775, -0.8336317548582777, 0.46599743519199, 0.357370804957968, 0.6520457340504391, -0.3050973265778887, -0.8822398116837538, 0.2236436329105842, -0.751970763373456, 0.5190590583266628, 0.5888466351532844, -0.18274642650020412, 0.8875950117660911, -0.6524404124894483, 0.8851716994539605]",rhc,relu,False,False,100,[10],0.1,100,7
733,33,0.10762970009818673,1.8361610370416792,1091.0,100,15,"[0.9340596780273533, 0.09446449835144466, 0.9453687199297687, 0.4296319873487293, 0.3954576491945416, -0.5678210088392472, 0.9525489095524835, -0.9875394895908203, -0.4940352752331121, -0.13041693519110842, 0.5587658435875049, -0.6046298507994938, 0.7259864711984445, 0.9668013543506255, -0.6723155171906026, 0.19466788786571843, -0.98202780466489, -0.22685743471274122, -0.9116798841370009, 0.9133059354284718, -0.1277067062404047, 0.8979546135631256, 0.5726119718701219, 0.7325785971633969, -0.6536691570081037, -0.850102825973786, 0.2014854427555386, -0.6640556325631923, 0.4667603350211398, -0.18311227969597055, 0.05581764683584067, 0.875143167901884, 0.043392244889916, -0.7836132342255386, -0.6835531856304011, 0.09040530340642561, 0.04880816013694678, 0.2752204882519873, -0.1970091128194542, 0.2996102180386846, -0.20619999419653467, 0.24783222709644614, 0.5348099341802477, -0.6420521799177383, -0.24884846282491524, 0.005066118653868745, 0.3733341598326916, -0.4926407026772337, 0.10948172588511706, 0.24986168812819542, 0.7910023321122921, -0.27429282313374714, 0.2751141460374733, -0.6171071957620733, -0.004411770765388567, -0.6351091908575863, 0.8367660782795254, -0.13635585731754474, 0.6603762041966925, -0.16644739064327485, 0.8093351774867339, -0.19034956537818792, -0.33765099381775454, 0.14427754054549724, 0.6908872981882266, 0.7220286235061439, 0.19137623413666893, -0.8306767779591795, 0.19453321463834983, -0.5090925828337958, 0.46518689717993555, 0.7893025846334776, 0.0294679418262902, 0.20712702072041278, -0.8698643752343853, 0.08014945928561268, -0.7416264326591246, 0.22912569270066396, -0.2726993059103242, 0.5355160686614915, -0.902931727160895, -0.7803637637643119, 0.36804643024725525, 0.029307394167312983, 0.1432827432294983, 0.6874139879813108, -0.024524721700651453, 0.6202888442522898, 0.020487258589880097, 0.8534413864805024, 0.333855543079252, -0.7025463211318861, -0.27089364934848836, 0.7315498318881986, -0.29942957828896866, -0.6219484810876903, -0.0547573816684539, -0.21443765035574014, 0.23785985328818726, -0.12646741612097356, -0.47815568541100895, -0.17505557667448635, -0.16193193089539926, 0.8048437117522818, 0.9592325240809707, 0.24713767881382775, -0.8336317548582777, 0.46599743519199, 0.357370804957968, 0.6520457340504391, -0.3050973265778887, -0.8822398116837538, 0.2236436329105842, -0.751970763373456, 0.5190590583266628, 0.5888466351532844, -0.18274642650020412, 0.8875950117660911, -0.6524404124894483, 0.8851716994539605]",rhc,relu,False,False,100,[10],0.1,100,7
734,34,0.10928710002917796,1.8361610370416792,1092.0,100,15,"[0.9340596780273533, 0.09446449835144466, 0.9453687199297687, 0.4296319873487293, 0.3954576491945416, -0.5678210088392472, 0.9525489095524835, -0.9875394895908203, -0.4940352752331121, -0.13041693519110842, 0.5587658435875049, -0.6046298507994938, 0.7259864711984445, 0.9668013543506255, -0.6723155171906026, 0.19466788786571843, -0.98202780466489, -0.22685743471274122, -0.9116798841370009, 0.9133059354284718, -0.1277067062404047, 0.8979546135631256, 0.5726119718701219, 0.7325785971633969, -0.6536691570081037, -0.850102825973786, 0.2014854427555386, -0.6640556325631923, 0.4667603350211398, -0.18311227969597055, 0.05581764683584067, 0.875143167901884, 0.043392244889916, -0.7836132342255386, -0.6835531856304011, 0.09040530340642561, 0.04880816013694678, 0.2752204882519873, -0.1970091128194542, 0.2996102180386846, -0.20619999419653467, 0.24783222709644614, 0.5348099341802477, -0.6420521799177383, -0.24884846282491524, 0.005066118653868745, 0.3733341598326916, -0.4926407026772337, 0.10948172588511706, 0.24986168812819542, 0.7910023321122921, -0.27429282313374714, 0.2751141460374733, -0.6171071957620733, -0.004411770765388567, -0.6351091908575863, 0.8367660782795254, -0.13635585731754474, 0.6603762041966925, -0.16644739064327485, 0.8093351774867339, -0.19034956537818792, -0.33765099381775454, 0.14427754054549724, 0.6908872981882266, 0.7220286235061439, 0.19137623413666893, -0.8306767779591795, 0.19453321463834983, -0.5090925828337958, 0.46518689717993555, 0.7893025846334776, 0.0294679418262902, 0.20712702072041278, -0.8698643752343853, 0.08014945928561268, -0.7416264326591246, 0.22912569270066396, -0.2726993059103242, 0.5355160686614915, -0.902931727160895, -0.7803637637643119, 0.36804643024725525, 0.029307394167312983, 0.1432827432294983, 0.6874139879813108, -0.024524721700651453, 0.6202888442522898, 0.020487258589880097, 0.8534413864805024, 0.333855543079252, -0.7025463211318861, -0.27089364934848836, 0.7315498318881986, -0.29942957828896866, -0.6219484810876903, -0.0547573816684539, -0.21443765035574014, 0.23785985328818726, -0.12646741612097356, -0.47815568541100895, -0.17505557667448635, -0.16193193089539926, 0.8048437117522818, 0.9592325240809707, 0.24713767881382775, -0.8336317548582777, 0.46599743519199, 0.357370804957968, 0.6520457340504391, -0.3050973265778887, -0.8822398116837538, 0.2236436329105842, -0.751970763373456, 0.5190590583266628, 0.5888466351532844, -0.18274642650020412, 0.8875950117660911, -0.6524404124894483, 0.8851716994539605]",rhc,relu,False,False,100,[10],0.1,100,7
735,35,0.11070370010565966,1.8222263584601261,1094.0,100,15,"[0.9340596780273533, 0.09446449835144466, 0.9453687199297687, 0.4296319873487293, 0.3954576491945416, -0.5678210088392472, 0.9525489095524835, -0.9875394895908203, -0.4940352752331121, -0.13041693519110842, 0.5587658435875049, -0.6046298507994938, 0.7259864711984445, 0.9668013543506255, -0.6723155171906026, 0.19466788786571843, -0.98202780466489, -0.22685743471274122, -0.9116798841370009, 0.9133059354284718, -0.1277067062404047, 0.8979546135631256, 0.5726119718701219, 0.7325785971633969, -0.6536691570081037, -0.850102825973786, 0.2014854427555386, -0.6640556325631923, 0.4667603350211398, -0.18311227969597055, 0.05581764683584067, 0.875143167901884, 0.043392244889916, -0.7836132342255386, -0.6835531856304011, 0.09040530340642561, 0.04880816013694678, 0.2752204882519873, -0.1970091128194542, 0.2996102180386846, -0.20619999419653467, 0.24783222709644614, 0.5348099341802477, -0.6420521799177383, -0.24884846282491524, 0.005066118653868745, 0.3733341598326916, -0.4926407026772337, 0.10948172588511706, 0.24986168812819542, 0.7910023321122921, -0.27429282313374714, 0.2751141460374733, -0.6171071957620733, -0.004411770765388567, -0.6351091908575863, 0.8367660782795254, -0.13635585731754474, 0.6603762041966925, -0.16644739064327485, 0.8093351774867339, -0.19034956537818792, -0.33765099381775454, 0.14427754054549724, 0.6908872981882266, 0.7220286235061439, 0.19137623413666893, -0.8306767779591795, 0.19453321463834983, -0.5090925828337958, 0.46518689717993555, 0.7893025846334776, 0.0294679418262902, 0.20712702072041278, -0.8698643752343853, 0.08014945928561268, -0.7416264326591246, 0.22912569270066396, -0.2726993059103242, 0.5355160686614915, -0.902931727160895, -0.7803637637643119, 0.36804643024725525, 0.029307394167312983, 0.1432827432294983, 0.6874139879813108, -0.024524721700651453, 0.6202888442522898, 0.020487258589880097, 0.8534413864805024, 0.333855543079252, -0.7025463211318861, -0.27089364934848836, 0.7315498318881986, -0.29942957828896866, -0.6219484810876903, -0.0547573816684539, -0.21443765035574014, 0.23785985328818726, -0.12646741612097356, -0.47815568541100895, -0.17505557667448635, -0.16193193089539926, 0.8048437117522818, 0.9592325240809707, 0.24713767881382775, -0.8336317548582777, 0.46599743519199, 0.357370804957968, 0.6520457340504391, -0.3050973265778887, -0.8822398116837538, 0.2236436329105842, -0.751970763373456, 0.5190590583266628, 0.5888466351532844, -0.18274642650020412, 0.8875950117660911, -0.6524404124894483, 0.8851716994539605]",rhc,relu,False,False,100,[10],0.1,100,7
736,36,0.1138131000334397,1.8218878245683743,1096.0,100,15,"[0.9340596780273533, 0.09446449835144466, 0.9453687199297687, 0.4296319873487293, 0.3954576491945416, -0.5678210088392472, 0.9525489095524835, -0.9875394895908203, -0.4940352752331121, -0.13041693519110842, 0.5587658435875049, -0.6046298507994938, 0.7259864711984445, 0.9668013543506255, -0.6723155171906026, 0.19466788786571843, -0.98202780466489, -0.22685743471274122, -0.9116798841370009, 0.9133059354284718, -0.1277067062404047, 0.8979546135631256, 0.5726119718701219, 0.7325785971633969, -0.6536691570081037, -0.850102825973786, 0.2014854427555386, -0.6640556325631923, 0.4667603350211398, -0.18311227969597055, 0.05581764683584067, 0.875143167901884, 0.043392244889916, -0.7836132342255386, -0.6835531856304011, 0.09040530340642561, 0.04880816013694678, 0.2752204882519873, -0.1970091128194542, 0.2996102180386846, -0.20619999419653467, 0.24783222709644614, 0.5348099341802477, -0.6420521799177383, -0.24884846282491524, 0.005066118653868745, 0.3733341598326916, -0.4926407026772337, 0.10948172588511706, 0.24986168812819542, 0.7910023321122921, -0.27429282313374714, 0.2751141460374733, -0.6171071957620733, -0.004411770765388567, -0.6351091908575863, 0.8367660782795254, -0.13635585731754474, 0.6603762041966925, -0.16644739064327485, 0.8093351774867339, -0.19034956537818792, -0.33765099381775454, 0.14427754054549724, 0.6908872981882266, 0.7220286235061439, 0.19137623413666893, -0.8306767779591795, 0.19453321463834983, -0.5090925828337958, 0.46518689717993555, 0.7893025846334776, 0.0294679418262902, 0.20712702072041278, -0.8698643752343853, 0.08014945928561268, -0.7416264326591246, 0.22912569270066396, -0.2726993059103242, 0.5355160686614915, -0.902931727160895, -0.7803637637643119, 0.36804643024725525, 0.029307394167312983, 0.1432827432294983, 0.6874139879813108, -0.024524721700651453, 0.6202888442522898, 0.020487258589880097, 0.8534413864805024, 0.333855543079252, -0.7025463211318861, -0.27089364934848836, 0.7315498318881986, -0.29942957828896866, -0.6219484810876903, -0.0547573816684539, -0.21443765035574014, 0.23785985328818726, -0.12646741612097356, -0.47815568541100895, -0.17505557667448635, -0.16193193089539926, 0.8048437117522818, 0.9592325240809707, 0.24713767881382775, -0.8336317548582777, 0.46599743519199, 0.357370804957968, 0.6520457340504391, -0.3050973265778887, -0.8822398116837538, 0.2236436329105842, -0.751970763373456, 0.5190590583266628, 0.5888466351532844, -0.18274642650020412, 0.8875950117660911, -0.6524404124894483, 0.8851716994539605]",rhc,relu,False,False,100,[10],0.1,100,7
737,37,0.1166854000184685,1.8218878245683743,1097.0,100,15,"[0.9340596780273533, 0.09446449835144466, 0.9453687199297687, 0.4296319873487293, 0.3954576491945416, -0.5678210088392472, 0.9525489095524835, -0.9875394895908203, -0.4940352752331121, -0.13041693519110842, 0.5587658435875049, -0.6046298507994938, 0.7259864711984445, 0.9668013543506255, -0.6723155171906026, 0.19466788786571843, -0.98202780466489, -0.22685743471274122, -0.9116798841370009, 0.9133059354284718, -0.1277067062404047, 0.8979546135631256, 0.5726119718701219, 0.7325785971633969, -0.6536691570081037, -0.850102825973786, 0.2014854427555386, -0.6640556325631923, 0.4667603350211398, -0.18311227969597055, 0.05581764683584067, 0.875143167901884, 0.043392244889916, -0.7836132342255386, -0.6835531856304011, 0.09040530340642561, 0.04880816013694678, 0.2752204882519873, -0.1970091128194542, 0.2996102180386846, -0.20619999419653467, 0.24783222709644614, 0.5348099341802477, -0.6420521799177383, -0.24884846282491524, 0.005066118653868745, 0.3733341598326916, -0.4926407026772337, 0.10948172588511706, 0.24986168812819542, 0.7910023321122921, -0.27429282313374714, 0.2751141460374733, -0.6171071957620733, -0.004411770765388567, -0.6351091908575863, 0.8367660782795254, -0.13635585731754474, 0.6603762041966925, -0.16644739064327485, 0.8093351774867339, -0.19034956537818792, -0.33765099381775454, 0.14427754054549724, 0.6908872981882266, 0.7220286235061439, 0.19137623413666893, -0.8306767779591795, 0.19453321463834983, -0.5090925828337958, 0.46518689717993555, 0.7893025846334776, 0.0294679418262902, 0.20712702072041278, -0.8698643752343853, 0.08014945928561268, -0.7416264326591246, 0.22912569270066396, -0.2726993059103242, 0.5355160686614915, -0.902931727160895, -0.7803637637643119, 0.36804643024725525, 0.029307394167312983, 0.1432827432294983, 0.6874139879813108, -0.024524721700651453, 0.6202888442522898, 0.020487258589880097, 0.8534413864805024, 0.333855543079252, -0.7025463211318861, -0.27089364934848836, 0.7315498318881986, -0.29942957828896866, -0.6219484810876903, -0.0547573816684539, -0.21443765035574014, 0.23785985328818726, -0.12646741612097356, -0.47815568541100895, -0.17505557667448635, -0.16193193089539926, 0.8048437117522818, 0.9592325240809707, 0.24713767881382775, -0.8336317548582777, 0.46599743519199, 0.357370804957968, 0.6520457340504391, -0.3050973265778887, -0.8822398116837538, 0.2236436329105842, -0.751970763373456, 0.5190590583266628, 0.5888466351532844, -0.18274642650020412, 0.8875950117660911, -0.6524404124894483, 0.8851716994539605]",rhc,relu,False,False,100,[10],0.1,100,7
738,38,0.11806140001863241,1.8200136539212226,1099.0,100,15,"[0.9340596780273533, 0.09446449835144466, 0.9453687199297687, 0.4296319873487293, 0.3954576491945416, -0.5678210088392472, 0.9525489095524835, -0.9875394895908203, -0.4940352752331121, -0.13041693519110842, 0.5587658435875049, -0.6046298507994938, 0.7259864711984445, 0.9668013543506255, -0.6723155171906026, 0.19466788786571843, -0.98202780466489, -0.22685743471274122, -0.9116798841370009, 0.9133059354284718, -0.1277067062404047, 0.8979546135631256, 0.5726119718701219, 0.7325785971633969, -0.6536691570081037, -0.850102825973786, 0.2014854427555386, -0.6640556325631923, 0.4667603350211398, -0.18311227969597055, 0.05581764683584067, 0.875143167901884, 0.043392244889916, -0.7836132342255386, -0.6835531856304011, 0.09040530340642561, 0.04880816013694678, 0.2752204882519873, -0.1970091128194542, 0.2996102180386846, -0.20619999419653467, 0.24783222709644614, 0.5348099341802477, -0.6420521799177383, -0.24884846282491524, 0.005066118653868745, 0.3733341598326916, -0.4926407026772337, 0.10948172588511706, 0.24986168812819542, 0.7910023321122921, -0.27429282313374714, 0.2751141460374733, -0.6171071957620733, -0.004411770765388567, -0.6351091908575863, 0.8367660782795254, -0.13635585731754474, 0.6603762041966925, -0.16644739064327485, 0.8093351774867339, -0.19034956537818792, -0.33765099381775454, 0.14427754054549724, 0.6908872981882266, 0.7220286235061439, 0.19137623413666893, -0.8306767779591795, 0.19453321463834983, -0.5090925828337958, 0.46518689717993555, 0.7893025846334776, 0.0294679418262902, 0.20712702072041278, -0.8698643752343853, 0.08014945928561268, -0.7416264326591246, 0.22912569270066396, -0.2726993059103242, 0.5355160686614915, -0.902931727160895, -0.7803637637643119, 0.36804643024725525, 0.029307394167312983, 0.1432827432294983, 0.6874139879813108, -0.024524721700651453, 0.6202888442522898, 0.020487258589880097, 0.8534413864805024, 0.333855543079252, -0.7025463211318861, -0.27089364934848836, 0.7315498318881986, -0.29942957828896866, -0.6219484810876903, -0.0547573816684539, -0.21443765035574014, 0.23785985328818726, -0.12646741612097356, -0.47815568541100895, -0.17505557667448635, -0.16193193089539926, 0.8048437117522818, 0.9592325240809707, 0.24713767881382775, -0.8336317548582777, 0.46599743519199, 0.357370804957968, 0.6520457340504391, -0.3050973265778887, -0.8822398116837538, 0.2236436329105842, -0.751970763373456, 0.5190590583266628, 0.5888466351532844, -0.18274642650020412, 0.8875950117660911, -0.6524404124894483, 0.8851716994539605]",rhc,relu,False,False,100,[10],0.1,100,7
739,39,0.12082070007454604,1.7991204233650224,1101.0,100,15,"[0.9340596780273533, 0.09446449835144466, 0.9453687199297687, 0.4296319873487293, 0.3954576491945416, -0.5678210088392472, 0.9525489095524835, -0.9875394895908203, -0.4940352752331121, -0.13041693519110842, 0.5587658435875049, -0.6046298507994938, 0.7259864711984445, 0.9668013543506255, -0.6723155171906026, 0.19466788786571843, -0.98202780466489, -0.22685743471274122, -0.9116798841370009, 0.9133059354284718, -0.1277067062404047, 0.8979546135631256, 0.5726119718701219, 0.7325785971633969, -0.6536691570081037, -0.850102825973786, 0.2014854427555386, -0.6640556325631923, 0.4667603350211398, -0.18311227969597055, 0.05581764683584067, 0.875143167901884, 0.043392244889916, -0.7836132342255386, -0.6835531856304011, 0.09040530340642561, 0.04880816013694678, 0.2752204882519873, -0.1970091128194542, 0.2996102180386846, -0.20619999419653467, 0.24783222709644614, 0.5348099341802477, -0.6420521799177383, -0.24884846282491524, 0.005066118653868745, 0.3733341598326916, -0.4926407026772337, 0.10948172588511706, 0.24986168812819542, 0.7910023321122921, -0.27429282313374714, 0.2751141460374733, -0.6171071957620733, -0.004411770765388567, -0.6351091908575863, 0.8367660782795254, -0.13635585731754474, 0.6603762041966925, -0.16644739064327485, 0.8093351774867339, -0.19034956537818792, -0.33765099381775454, 0.14427754054549724, 0.6908872981882266, 0.7220286235061439, 0.19137623413666893, -0.8306767779591795, 0.19453321463834983, -0.5090925828337958, 0.46518689717993555, 0.7893025846334776, 0.0294679418262902, 0.20712702072041278, -0.8698643752343853, 0.08014945928561268, -0.7416264326591246, 0.22912569270066396, -0.2726993059103242, 0.5355160686614915, -0.902931727160895, -0.7803637637643119, 0.36804643024725525, 0.029307394167312983, 0.1432827432294983, 0.6874139879813108, -0.024524721700651453, 0.6202888442522898, 0.020487258589880097, 0.8534413864805024, 0.333855543079252, -0.7025463211318861, -0.27089364934848836, 0.7315498318881986, -0.29942957828896866, -0.6219484810876903, -0.0547573816684539, -0.21443765035574014, 0.23785985328818726, -0.12646741612097356, -0.47815568541100895, -0.17505557667448635, -0.16193193089539926, 0.8048437117522818, 0.9592325240809707, 0.24713767881382775, -0.8336317548582777, 0.46599743519199, 0.357370804957968, 0.6520457340504391, -0.3050973265778887, -0.8822398116837538, 0.2236436329105842, -0.751970763373456, 0.5190590583266628, 0.5888466351532844, -0.18274642650020412, 0.8875950117660911, -0.6524404124894483, 0.8851716994539605]",rhc,relu,False,False,100,[10],0.1,100,7
740,40,0.12267690000589937,1.7991204233650224,1102.0,100,15,"[0.9340596780273533, 0.09446449835144466, 0.9453687199297687, 0.4296319873487293, 0.3954576491945416, -0.5678210088392472, 0.9525489095524835, -0.9875394895908203, -0.4940352752331121, -0.13041693519110842, 0.5587658435875049, -0.6046298507994938, 0.7259864711984445, 0.9668013543506255, -0.6723155171906026, 0.19466788786571843, -0.98202780466489, -0.22685743471274122, -0.9116798841370009, 0.9133059354284718, -0.1277067062404047, 0.8979546135631256, 0.5726119718701219, 0.7325785971633969, -0.6536691570081037, -0.850102825973786, 0.2014854427555386, -0.6640556325631923, 0.4667603350211398, -0.18311227969597055, 0.05581764683584067, 0.875143167901884, 0.043392244889916, -0.7836132342255386, -0.6835531856304011, 0.09040530340642561, 0.04880816013694678, 0.2752204882519873, -0.1970091128194542, 0.2996102180386846, -0.20619999419653467, 0.24783222709644614, 0.5348099341802477, -0.6420521799177383, -0.24884846282491524, 0.005066118653868745, 0.3733341598326916, -0.4926407026772337, 0.10948172588511706, 0.24986168812819542, 0.7910023321122921, -0.27429282313374714, 0.2751141460374733, -0.6171071957620733, -0.004411770765388567, -0.6351091908575863, 0.8367660782795254, -0.13635585731754474, 0.6603762041966925, -0.16644739064327485, 0.8093351774867339, -0.19034956537818792, -0.33765099381775454, 0.14427754054549724, 0.6908872981882266, 0.7220286235061439, 0.19137623413666893, -0.8306767779591795, 0.19453321463834983, -0.5090925828337958, 0.46518689717993555, 0.7893025846334776, 0.0294679418262902, 0.20712702072041278, -0.8698643752343853, 0.08014945928561268, -0.7416264326591246, 0.22912569270066396, -0.2726993059103242, 0.5355160686614915, -0.902931727160895, -0.7803637637643119, 0.36804643024725525, 0.029307394167312983, 0.1432827432294983, 0.6874139879813108, -0.024524721700651453, 0.6202888442522898, 0.020487258589880097, 0.8534413864805024, 0.333855543079252, -0.7025463211318861, -0.27089364934848836, 0.7315498318881986, -0.29942957828896866, -0.6219484810876903, -0.0547573816684539, -0.21443765035574014, 0.23785985328818726, -0.12646741612097356, -0.47815568541100895, -0.17505557667448635, -0.16193193089539926, 0.8048437117522818, 0.9592325240809707, 0.24713767881382775, -0.8336317548582777, 0.46599743519199, 0.357370804957968, 0.6520457340504391, -0.3050973265778887, -0.8822398116837538, 0.2236436329105842, -0.751970763373456, 0.5190590583266628, 0.5888466351532844, -0.18274642650020412, 0.8875950117660911, -0.6524404124894483, 0.8851716994539605]",rhc,relu,False,False,100,[10],0.1,100,7
741,41,0.1255848000291735,1.793591354118571,1104.0,100,15,"[0.9340596780273533, 0.09446449835144466, 0.9453687199297687, 0.4296319873487293, 0.3954576491945416, -0.5678210088392472, 0.9525489095524835, -0.9875394895908203, -0.4940352752331121, -0.13041693519110842, 0.5587658435875049, -0.6046298507994938, 0.7259864711984445, 0.9668013543506255, -0.6723155171906026, 0.19466788786571843, -0.98202780466489, -0.22685743471274122, -0.9116798841370009, 0.9133059354284718, -0.1277067062404047, 0.8979546135631256, 0.5726119718701219, 0.7325785971633969, -0.6536691570081037, -0.850102825973786, 0.2014854427555386, -0.6640556325631923, 0.4667603350211398, -0.18311227969597055, 0.05581764683584067, 0.875143167901884, 0.043392244889916, -0.7836132342255386, -0.6835531856304011, 0.09040530340642561, 0.04880816013694678, 0.2752204882519873, -0.1970091128194542, 0.2996102180386846, -0.20619999419653467, 0.24783222709644614, 0.5348099341802477, -0.6420521799177383, -0.24884846282491524, 0.005066118653868745, 0.3733341598326916, -0.4926407026772337, 0.10948172588511706, 0.24986168812819542, 0.7910023321122921, -0.27429282313374714, 0.2751141460374733, -0.6171071957620733, -0.004411770765388567, -0.6351091908575863, 0.8367660782795254, -0.13635585731754474, 0.6603762041966925, -0.16644739064327485, 0.8093351774867339, -0.19034956537818792, -0.33765099381775454, 0.14427754054549724, 0.6908872981882266, 0.7220286235061439, 0.19137623413666893, -0.8306767779591795, 0.19453321463834983, -0.5090925828337958, 0.46518689717993555, 0.7893025846334776, 0.0294679418262902, 0.20712702072041278, -0.8698643752343853, 0.08014945928561268, -0.7416264326591246, 0.22912569270066396, -0.2726993059103242, 0.5355160686614915, -0.902931727160895, -0.7803637637643119, 0.36804643024725525, 0.029307394167312983, 0.1432827432294983, 0.6874139879813108, -0.024524721700651453, 0.6202888442522898, 0.020487258589880097, 0.8534413864805024, 0.333855543079252, -0.7025463211318861, -0.27089364934848836, 0.7315498318881986, -0.29942957828896866, -0.6219484810876903, -0.0547573816684539, -0.21443765035574014, 0.23785985328818726, -0.12646741612097356, -0.47815568541100895, -0.17505557667448635, -0.16193193089539926, 0.8048437117522818, 0.9592325240809707, 0.24713767881382775, -0.8336317548582777, 0.46599743519199, 0.357370804957968, 0.6520457340504391, -0.3050973265778887, -0.8822398116837538, 0.2236436329105842, -0.751970763373456, 0.5190590583266628, 0.5888466351532844, -0.18274642650020412, 0.8875950117660911, -0.6524404124894483, 0.8851716994539605]",rhc,relu,False,False,100,[10],0.1,100,7
742,42,0.12696350004989654,1.793070995124417,1106.0,100,15,"[0.9340596780273533, 0.09446449835144466, 0.9453687199297687, 0.4296319873487293, 0.3954576491945416, -0.5678210088392472, 0.9525489095524835, -0.9875394895908203, -0.4940352752331121, -0.13041693519110842, 0.5587658435875049, -0.6046298507994938, 0.7259864711984445, 0.9668013543506255, -0.6723155171906026, 0.19466788786571843, -0.98202780466489, -0.22685743471274122, -0.9116798841370009, 0.9133059354284718, -0.1277067062404047, 0.8979546135631256, 0.5726119718701219, 0.7325785971633969, -0.6536691570081037, -0.850102825973786, 0.2014854427555386, -0.6640556325631923, 0.4667603350211398, -0.18311227969597055, 0.05581764683584067, 0.875143167901884, 0.043392244889916, -0.7836132342255386, -0.6835531856304011, 0.09040530340642561, 0.04880816013694678, 0.2752204882519873, -0.1970091128194542, 0.2996102180386846, -0.20619999419653467, 0.24783222709644614, 0.5348099341802477, -0.6420521799177383, -0.24884846282491524, 0.005066118653868745, 0.3733341598326916, -0.4926407026772337, 0.10948172588511706, 0.24986168812819542, 0.7910023321122921, -0.27429282313374714, 0.2751141460374733, -0.6171071957620733, -0.004411770765388567, -0.6351091908575863, 0.8367660782795254, -0.13635585731754474, 0.6603762041966925, -0.16644739064327485, 0.8093351774867339, -0.19034956537818792, -0.33765099381775454, 0.14427754054549724, 0.6908872981882266, 0.7220286235061439, 0.19137623413666893, -0.8306767779591795, 0.19453321463834983, -0.5090925828337958, 0.46518689717993555, 0.7893025846334776, 0.0294679418262902, 0.20712702072041278, -0.8698643752343853, 0.08014945928561268, -0.7416264326591246, 0.22912569270066396, -0.2726993059103242, 0.5355160686614915, -0.902931727160895, -0.7803637637643119, 0.36804643024725525, 0.029307394167312983, 0.1432827432294983, 0.6874139879813108, -0.024524721700651453, 0.6202888442522898, 0.020487258589880097, 0.8534413864805024, 0.333855543079252, -0.7025463211318861, -0.27089364934848836, 0.7315498318881986, -0.29942957828896866, -0.6219484810876903, -0.0547573816684539, -0.21443765035574014, 0.23785985328818726, -0.12646741612097356, -0.47815568541100895, -0.17505557667448635, -0.16193193089539926, 0.8048437117522818, 0.9592325240809707, 0.24713767881382775, -0.8336317548582777, 0.46599743519199, 0.357370804957968, 0.6520457340504391, -0.3050973265778887, -0.8822398116837538, 0.2236436329105842, -0.751970763373456, 0.5190590583266628, 0.5888466351532844, -0.18274642650020412, 0.8875950117660911, -0.6524404124894483, 0.8851716994539605]",rhc,relu,False,False,100,[10],0.1,100,7
743,43,0.13002750009763986,1.793070995124417,1107.0,100,15,"[0.9340596780273533, 0.09446449835144466, 0.9453687199297687, 0.4296319873487293, 0.3954576491945416, -0.5678210088392472, 0.9525489095524835, -0.9875394895908203, -0.4940352752331121, -0.13041693519110842, 0.5587658435875049, -0.6046298507994938, 0.7259864711984445, 0.9668013543506255, -0.6723155171906026, 0.19466788786571843, -0.98202780466489, -0.22685743471274122, -0.9116798841370009, 0.9133059354284718, -0.1277067062404047, 0.8979546135631256, 0.5726119718701219, 0.7325785971633969, -0.6536691570081037, -0.850102825973786, 0.2014854427555386, -0.6640556325631923, 0.4667603350211398, -0.18311227969597055, 0.05581764683584067, 0.875143167901884, 0.043392244889916, -0.7836132342255386, -0.6835531856304011, 0.09040530340642561, 0.04880816013694678, 0.2752204882519873, -0.1970091128194542, 0.2996102180386846, -0.20619999419653467, 0.24783222709644614, 0.5348099341802477, -0.6420521799177383, -0.24884846282491524, 0.005066118653868745, 0.3733341598326916, -0.4926407026772337, 0.10948172588511706, 0.24986168812819542, 0.7910023321122921, -0.27429282313374714, 0.2751141460374733, -0.6171071957620733, -0.004411770765388567, -0.6351091908575863, 0.8367660782795254, -0.13635585731754474, 0.6603762041966925, -0.16644739064327485, 0.8093351774867339, -0.19034956537818792, -0.33765099381775454, 0.14427754054549724, 0.6908872981882266, 0.7220286235061439, 0.19137623413666893, -0.8306767779591795, 0.19453321463834983, -0.5090925828337958, 0.46518689717993555, 0.7893025846334776, 0.0294679418262902, 0.20712702072041278, -0.8698643752343853, 0.08014945928561268, -0.7416264326591246, 0.22912569270066396, -0.2726993059103242, 0.5355160686614915, -0.902931727160895, -0.7803637637643119, 0.36804643024725525, 0.029307394167312983, 0.1432827432294983, 0.6874139879813108, -0.024524721700651453, 0.6202888442522898, 0.020487258589880097, 0.8534413864805024, 0.333855543079252, -0.7025463211318861, -0.27089364934848836, 0.7315498318881986, -0.29942957828896866, -0.6219484810876903, -0.0547573816684539, -0.21443765035574014, 0.23785985328818726, -0.12646741612097356, -0.47815568541100895, -0.17505557667448635, -0.16193193089539926, 0.8048437117522818, 0.9592325240809707, 0.24713767881382775, -0.8336317548582777, 0.46599743519199, 0.357370804957968, 0.6520457340504391, -0.3050973265778887, -0.8822398116837538, 0.2236436329105842, -0.751970763373456, 0.5190590583266628, 0.5888466351532844, -0.18274642650020412, 0.8875950117660911, -0.6524404124894483, 0.8851716994539605]",rhc,relu,False,False,100,[10],0.1,100,7
744,44,0.1314245000248775,1.793070995124417,1108.0,100,15,"[0.9340596780273533, 0.09446449835144466, 0.9453687199297687, 0.4296319873487293, 0.3954576491945416, -0.5678210088392472, 0.9525489095524835, -0.9875394895908203, -0.4940352752331121, -0.13041693519110842, 0.5587658435875049, -0.6046298507994938, 0.7259864711984445, 0.9668013543506255, -0.6723155171906026, 0.19466788786571843, -0.98202780466489, -0.22685743471274122, -0.9116798841370009, 0.9133059354284718, -0.1277067062404047, 0.8979546135631256, 0.5726119718701219, 0.7325785971633969, -0.6536691570081037, -0.850102825973786, 0.2014854427555386, -0.6640556325631923, 0.4667603350211398, -0.18311227969597055, 0.05581764683584067, 0.875143167901884, 0.043392244889916, -0.7836132342255386, -0.6835531856304011, 0.09040530340642561, 0.04880816013694678, 0.2752204882519873, -0.1970091128194542, 0.2996102180386846, -0.20619999419653467, 0.24783222709644614, 0.5348099341802477, -0.6420521799177383, -0.24884846282491524, 0.005066118653868745, 0.3733341598326916, -0.4926407026772337, 0.10948172588511706, 0.24986168812819542, 0.7910023321122921, -0.27429282313374714, 0.2751141460374733, -0.6171071957620733, -0.004411770765388567, -0.6351091908575863, 0.8367660782795254, -0.13635585731754474, 0.6603762041966925, -0.16644739064327485, 0.8093351774867339, -0.19034956537818792, -0.33765099381775454, 0.14427754054549724, 0.6908872981882266, 0.7220286235061439, 0.19137623413666893, -0.8306767779591795, 0.19453321463834983, -0.5090925828337958, 0.46518689717993555, 0.7893025846334776, 0.0294679418262902, 0.20712702072041278, -0.8698643752343853, 0.08014945928561268, -0.7416264326591246, 0.22912569270066396, -0.2726993059103242, 0.5355160686614915, -0.902931727160895, -0.7803637637643119, 0.36804643024725525, 0.029307394167312983, 0.1432827432294983, 0.6874139879813108, -0.024524721700651453, 0.6202888442522898, 0.020487258589880097, 0.8534413864805024, 0.333855543079252, -0.7025463211318861, -0.27089364934848836, 0.7315498318881986, -0.29942957828896866, -0.6219484810876903, -0.0547573816684539, -0.21443765035574014, 0.23785985328818726, -0.12646741612097356, -0.47815568541100895, -0.17505557667448635, -0.16193193089539926, 0.8048437117522818, 0.9592325240809707, 0.24713767881382775, -0.8336317548582777, 0.46599743519199, 0.357370804957968, 0.6520457340504391, -0.3050973265778887, -0.8822398116837538, 0.2236436329105842, -0.751970763373456, 0.5190590583266628, 0.5888466351532844, -0.18274642650020412, 0.8875950117660911, -0.6524404124894483, 0.8851716994539605]",rhc,relu,False,False,100,[10],0.1,100,7
745,45,0.13282990001607686,1.726608668283804,1110.0,100,15,"[0.9340596780273533, 0.09446449835144466, 0.9453687199297687, 0.4296319873487293, 0.3954576491945416, -0.5678210088392472, 0.9525489095524835, -0.9875394895908203, -0.4940352752331121, -0.13041693519110842, 0.5587658435875049, -0.6046298507994938, 0.7259864711984445, 0.9668013543506255, -0.6723155171906026, 0.19466788786571843, -0.98202780466489, -0.22685743471274122, -0.9116798841370009, 0.9133059354284718, -0.1277067062404047, 0.8979546135631256, 0.5726119718701219, 0.7325785971633969, -0.6536691570081037, -0.850102825973786, 0.2014854427555386, -0.6640556325631923, 0.4667603350211398, -0.18311227969597055, 0.05581764683584067, 0.875143167901884, 0.043392244889916, -0.7836132342255386, -0.6835531856304011, 0.09040530340642561, 0.04880816013694678, 0.2752204882519873, -0.1970091128194542, 0.2996102180386846, -0.20619999419653467, 0.24783222709644614, 0.5348099341802477, -0.6420521799177383, -0.24884846282491524, 0.005066118653868745, 0.3733341598326916, -0.4926407026772337, 0.10948172588511706, 0.24986168812819542, 0.7910023321122921, -0.27429282313374714, 0.2751141460374733, -0.6171071957620733, -0.004411770765388567, -0.6351091908575863, 0.8367660782795254, -0.13635585731754474, 0.6603762041966925, -0.16644739064327485, 0.8093351774867339, -0.19034956537818792, -0.33765099381775454, 0.14427754054549724, 0.6908872981882266, 0.7220286235061439, 0.19137623413666893, -0.8306767779591795, 0.19453321463834983, -0.5090925828337958, 0.46518689717993555, 0.7893025846334776, 0.0294679418262902, 0.20712702072041278, -0.8698643752343853, 0.08014945928561268, -0.7416264326591246, 0.22912569270066396, -0.2726993059103242, 0.5355160686614915, -0.902931727160895, -0.7803637637643119, 0.36804643024725525, 0.029307394167312983, 0.1432827432294983, 0.6874139879813108, -0.024524721700651453, 0.6202888442522898, 0.020487258589880097, 0.8534413864805024, 0.333855543079252, -0.7025463211318861, -0.27089364934848836, 0.7315498318881986, -0.29942957828896866, -0.6219484810876903, -0.0547573816684539, -0.21443765035574014, 0.23785985328818726, -0.12646741612097356, -0.47815568541100895, -0.17505557667448635, -0.16193193089539926, 0.8048437117522818, 0.9592325240809707, 0.24713767881382775, -0.8336317548582777, 0.46599743519199, 0.357370804957968, 0.6520457340504391, -0.3050973265778887, -0.8822398116837538, 0.2236436329105842, -0.751970763373456, 0.5190590583266628, 0.5888466351532844, -0.18274642650020412, 0.8875950117660911, -0.6524404124894483, 0.8851716994539605]",rhc,relu,False,False,100,[10],0.1,100,7
746,46,0.13423810002859682,1.726608668283804,1111.0,100,15,"[0.9340596780273533, 0.09446449835144466, 0.9453687199297687, 0.4296319873487293, 0.3954576491945416, -0.5678210088392472, 0.9525489095524835, -0.9875394895908203, -0.4940352752331121, -0.13041693519110842, 0.5587658435875049, -0.6046298507994938, 0.7259864711984445, 0.9668013543506255, -0.6723155171906026, 0.19466788786571843, -0.98202780466489, -0.22685743471274122, -0.9116798841370009, 0.9133059354284718, -0.1277067062404047, 0.8979546135631256, 0.5726119718701219, 0.7325785971633969, -0.6536691570081037, -0.850102825973786, 0.2014854427555386, -0.6640556325631923, 0.4667603350211398, -0.18311227969597055, 0.05581764683584067, 0.875143167901884, 0.043392244889916, -0.7836132342255386, -0.6835531856304011, 0.09040530340642561, 0.04880816013694678, 0.2752204882519873, -0.1970091128194542, 0.2996102180386846, -0.20619999419653467, 0.24783222709644614, 0.5348099341802477, -0.6420521799177383, -0.24884846282491524, 0.005066118653868745, 0.3733341598326916, -0.4926407026772337, 0.10948172588511706, 0.24986168812819542, 0.7910023321122921, -0.27429282313374714, 0.2751141460374733, -0.6171071957620733, -0.004411770765388567, -0.6351091908575863, 0.8367660782795254, -0.13635585731754474, 0.6603762041966925, -0.16644739064327485, 0.8093351774867339, -0.19034956537818792, -0.33765099381775454, 0.14427754054549724, 0.6908872981882266, 0.7220286235061439, 0.19137623413666893, -0.8306767779591795, 0.19453321463834983, -0.5090925828337958, 0.46518689717993555, 0.7893025846334776, 0.0294679418262902, 0.20712702072041278, -0.8698643752343853, 0.08014945928561268, -0.7416264326591246, 0.22912569270066396, -0.2726993059103242, 0.5355160686614915, -0.902931727160895, -0.7803637637643119, 0.36804643024725525, 0.029307394167312983, 0.1432827432294983, 0.6874139879813108, -0.024524721700651453, 0.6202888442522898, 0.020487258589880097, 0.8534413864805024, 0.333855543079252, -0.7025463211318861, -0.27089364934848836, 0.7315498318881986, -0.29942957828896866, -0.6219484810876903, -0.0547573816684539, -0.21443765035574014, 0.23785985328818726, -0.12646741612097356, -0.47815568541100895, -0.17505557667448635, -0.16193193089539926, 0.8048437117522818, 0.9592325240809707, 0.24713767881382775, -0.8336317548582777, 0.46599743519199, 0.357370804957968, 0.6520457340504391, -0.3050973265778887, -0.8822398116837538, 0.2236436329105842, -0.751970763373456, 0.5190590583266628, 0.5888466351532844, -0.18274642650020412, 0.8875950117660911, -0.6524404124894483, 0.8851716994539605]",rhc,relu,False,False,100,[10],0.1,100,7
747,47,0.13724380009807646,1.7160898854259166,1113.0,100,15,"[0.9340596780273533, 0.09446449835144466, 0.9453687199297687, 0.4296319873487293, 0.3954576491945416, -0.5678210088392472, 0.9525489095524835, -0.9875394895908203, -0.4940352752331121, -0.13041693519110842, 0.5587658435875049, -0.6046298507994938, 0.7259864711984445, 0.9668013543506255, -0.6723155171906026, 0.19466788786571843, -0.98202780466489, -0.22685743471274122, -0.9116798841370009, 0.9133059354284718, -0.1277067062404047, 0.8979546135631256, 0.5726119718701219, 0.7325785971633969, -0.6536691570081037, -0.850102825973786, 0.2014854427555386, -0.6640556325631923, 0.4667603350211398, -0.18311227969597055, 0.05581764683584067, 0.875143167901884, 0.043392244889916, -0.7836132342255386, -0.6835531856304011, 0.09040530340642561, 0.04880816013694678, 0.2752204882519873, -0.1970091128194542, 0.2996102180386846, -0.20619999419653467, 0.24783222709644614, 0.5348099341802477, -0.6420521799177383, -0.24884846282491524, 0.005066118653868745, 0.3733341598326916, -0.4926407026772337, 0.10948172588511706, 0.24986168812819542, 0.7910023321122921, -0.27429282313374714, 0.2751141460374733, -0.6171071957620733, -0.004411770765388567, -0.6351091908575863, 0.8367660782795254, -0.13635585731754474, 0.6603762041966925, -0.16644739064327485, 0.8093351774867339, -0.19034956537818792, -0.33765099381775454, 0.14427754054549724, 0.6908872981882266, 0.7220286235061439, 0.19137623413666893, -0.8306767779591795, 0.19453321463834983, -0.5090925828337958, 0.46518689717993555, 0.7893025846334776, 0.0294679418262902, 0.20712702072041278, -0.8698643752343853, 0.08014945928561268, -0.7416264326591246, 0.22912569270066396, -0.2726993059103242, 0.5355160686614915, -0.902931727160895, -0.7803637637643119, 0.36804643024725525, 0.029307394167312983, 0.1432827432294983, 0.6874139879813108, -0.024524721700651453, 0.6202888442522898, 0.020487258589880097, 0.8534413864805024, 0.333855543079252, -0.7025463211318861, -0.27089364934848836, 0.7315498318881986, -0.29942957828896866, -0.6219484810876903, -0.0547573816684539, -0.21443765035574014, 0.23785985328818726, -0.12646741612097356, -0.47815568541100895, -0.17505557667448635, -0.16193193089539926, 0.8048437117522818, 0.9592325240809707, 0.24713767881382775, -0.8336317548582777, 0.46599743519199, 0.357370804957968, 0.6520457340504391, -0.3050973265778887, -0.8822398116837538, 0.2236436329105842, -0.751970763373456, 0.5190590583266628, 0.5888466351532844, -0.18274642650020412, 0.8875950117660911, -0.6524404124894483, 0.8851716994539605]",rhc,relu,False,False,100,[10],0.1,100,7
748,48,0.13920730003155768,1.7121548072418993,1115.0,100,15,"[0.9340596780273533, 0.09446449835144466, 0.9453687199297687, 0.4296319873487293, 0.3954576491945416, -0.5678210088392472, 0.9525489095524835, -0.9875394895908203, -0.4940352752331121, -0.13041693519110842, 0.5587658435875049, -0.6046298507994938, 0.7259864711984445, 0.9668013543506255, -0.6723155171906026, 0.19466788786571843, -0.98202780466489, -0.22685743471274122, -0.9116798841370009, 0.9133059354284718, -0.1277067062404047, 0.8979546135631256, 0.5726119718701219, 0.7325785971633969, -0.6536691570081037, -0.850102825973786, 0.2014854427555386, -0.6640556325631923, 0.4667603350211398, -0.18311227969597055, 0.05581764683584067, 0.875143167901884, 0.043392244889916, -0.7836132342255386, -0.6835531856304011, 0.09040530340642561, 0.04880816013694678, 0.2752204882519873, -0.1970091128194542, 0.2996102180386846, -0.20619999419653467, 0.24783222709644614, 0.5348099341802477, -0.6420521799177383, -0.24884846282491524, 0.005066118653868745, 0.3733341598326916, -0.4926407026772337, 0.10948172588511706, 0.24986168812819542, 0.7910023321122921, -0.27429282313374714, 0.2751141460374733, -0.6171071957620733, -0.004411770765388567, -0.6351091908575863, 0.8367660782795254, -0.13635585731754474, 0.6603762041966925, -0.16644739064327485, 0.8093351774867339, -0.19034956537818792, -0.33765099381775454, 0.14427754054549724, 0.6908872981882266, 0.7220286235061439, 0.19137623413666893, -0.8306767779591795, 0.19453321463834983, -0.5090925828337958, 0.46518689717993555, 0.7893025846334776, 0.0294679418262902, 0.20712702072041278, -0.8698643752343853, 0.08014945928561268, -0.7416264326591246, 0.22912569270066396, -0.2726993059103242, 0.5355160686614915, -0.902931727160895, -0.7803637637643119, 0.36804643024725525, 0.029307394167312983, 0.1432827432294983, 0.6874139879813108, -0.024524721700651453, 0.6202888442522898, 0.020487258589880097, 0.8534413864805024, 0.333855543079252, -0.7025463211318861, -0.27089364934848836, 0.7315498318881986, -0.29942957828896866, -0.6219484810876903, -0.0547573816684539, -0.21443765035574014, 0.23785985328818726, -0.12646741612097356, -0.47815568541100895, -0.17505557667448635, -0.16193193089539926, 0.8048437117522818, 0.9592325240809707, 0.24713767881382775, -0.8336317548582777, 0.46599743519199, 0.357370804957968, 0.6520457340504391, -0.3050973265778887, -0.8822398116837538, 0.2236436329105842, -0.751970763373456, 0.5190590583266628, 0.5888466351532844, -0.18274642650020412, 0.8875950117660911, -0.6524404124894483, 0.8851716994539605]",rhc,relu,False,False,100,[10],0.1,100,7
749,49,0.14330590004101396,1.7121548072418993,1116.0,100,15,"[0.9340596780273533, 0.09446449835144466, 0.9453687199297687, 0.4296319873487293, 0.3954576491945416, -0.5678210088392472, 0.9525489095524835, -0.9875394895908203, -0.4940352752331121, -0.13041693519110842, 0.5587658435875049, -0.6046298507994938, 0.7259864711984445, 0.9668013543506255, -0.6723155171906026, 0.19466788786571843, -0.98202780466489, -0.22685743471274122, -0.9116798841370009, 0.9133059354284718, -0.1277067062404047, 0.8979546135631256, 0.5726119718701219, 0.7325785971633969, -0.6536691570081037, -0.850102825973786, 0.2014854427555386, -0.6640556325631923, 0.4667603350211398, -0.18311227969597055, 0.05581764683584067, 0.875143167901884, 0.043392244889916, -0.7836132342255386, -0.6835531856304011, 0.09040530340642561, 0.04880816013694678, 0.2752204882519873, -0.1970091128194542, 0.2996102180386846, -0.20619999419653467, 0.24783222709644614, 0.5348099341802477, -0.6420521799177383, -0.24884846282491524, 0.005066118653868745, 0.3733341598326916, -0.4926407026772337, 0.10948172588511706, 0.24986168812819542, 0.7910023321122921, -0.27429282313374714, 0.2751141460374733, -0.6171071957620733, -0.004411770765388567, -0.6351091908575863, 0.8367660782795254, -0.13635585731754474, 0.6603762041966925, -0.16644739064327485, 0.8093351774867339, -0.19034956537818792, -0.33765099381775454, 0.14427754054549724, 0.6908872981882266, 0.7220286235061439, 0.19137623413666893, -0.8306767779591795, 0.19453321463834983, -0.5090925828337958, 0.46518689717993555, 0.7893025846334776, 0.0294679418262902, 0.20712702072041278, -0.8698643752343853, 0.08014945928561268, -0.7416264326591246, 0.22912569270066396, -0.2726993059103242, 0.5355160686614915, -0.902931727160895, -0.7803637637643119, 0.36804643024725525, 0.029307394167312983, 0.1432827432294983, 0.6874139879813108, -0.024524721700651453, 0.6202888442522898, 0.020487258589880097, 0.8534413864805024, 0.333855543079252, -0.7025463211318861, -0.27089364934848836, 0.7315498318881986, -0.29942957828896866, -0.6219484810876903, -0.0547573816684539, -0.21443765035574014, 0.23785985328818726, -0.12646741612097356, -0.47815568541100895, -0.17505557667448635, -0.16193193089539926, 0.8048437117522818, 0.9592325240809707, 0.24713767881382775, -0.8336317548582777, 0.46599743519199, 0.357370804957968, 0.6520457340504391, -0.3050973265778887, -0.8822398116837538, 0.2236436329105842, -0.751970763373456, 0.5190590583266628, 0.5888466351532844, -0.18274642650020412, 0.8875950117660911, -0.6524404124894483, 0.8851716994539605]",rhc,relu,False,False,100,[10],0.1,100,7
750,50,0.14690749999135733,1.6919654559465147,1118.0,100,15,"[0.9340596780273533, 0.09446449835144466, 0.9453687199297687, 0.4296319873487293, 0.3954576491945416, -0.5678210088392472, 0.9525489095524835, -0.9875394895908203, -0.4940352752331121, -0.13041693519110842, 0.5587658435875049, -0.6046298507994938, 0.7259864711984445, 0.9668013543506255, -0.6723155171906026, 0.19466788786571843, -0.98202780466489, -0.22685743471274122, -0.9116798841370009, 0.9133059354284718, -0.1277067062404047, 0.8979546135631256, 0.5726119718701219, 0.7325785971633969, -0.6536691570081037, -0.850102825973786, 0.2014854427555386, -0.6640556325631923, 0.4667603350211398, -0.18311227969597055, 0.05581764683584067, 0.875143167901884, 0.043392244889916, -0.7836132342255386, -0.6835531856304011, 0.09040530340642561, 0.04880816013694678, 0.2752204882519873, -0.1970091128194542, 0.2996102180386846, -0.20619999419653467, 0.24783222709644614, 0.5348099341802477, -0.6420521799177383, -0.24884846282491524, 0.005066118653868745, 0.3733341598326916, -0.4926407026772337, 0.10948172588511706, 0.24986168812819542, 0.7910023321122921, -0.27429282313374714, 0.2751141460374733, -0.6171071957620733, -0.004411770765388567, -0.6351091908575863, 0.8367660782795254, -0.13635585731754474, 0.6603762041966925, -0.16644739064327485, 0.8093351774867339, -0.19034956537818792, -0.33765099381775454, 0.14427754054549724, 0.6908872981882266, 0.7220286235061439, 0.19137623413666893, -0.8306767779591795, 0.19453321463834983, -0.5090925828337958, 0.46518689717993555, 0.7893025846334776, 0.0294679418262902, 0.20712702072041278, -0.8698643752343853, 0.08014945928561268, -0.7416264326591246, 0.22912569270066396, -0.2726993059103242, 0.5355160686614915, -0.902931727160895, -0.7803637637643119, 0.36804643024725525, 0.029307394167312983, 0.1432827432294983, 0.6874139879813108, -0.024524721700651453, 0.6202888442522898, 0.020487258589880097, 0.8534413864805024, 0.333855543079252, -0.7025463211318861, -0.27089364934848836, 0.7315498318881986, -0.29942957828896866, -0.6219484810876903, -0.0547573816684539, -0.21443765035574014, 0.23785985328818726, -0.12646741612097356, -0.47815568541100895, -0.17505557667448635, -0.16193193089539926, 0.8048437117522818, 0.9592325240809707, 0.24713767881382775, -0.8336317548582777, 0.46599743519199, 0.357370804957968, 0.6520457340504391, -0.3050973265778887, -0.8822398116837538, 0.2236436329105842, -0.751970763373456, 0.5190590583266628, 0.5888466351532844, -0.18274642650020412, 0.8875950117660911, -0.6524404124894483, 0.8851716994539605]",rhc,relu,False,False,100,[10],0.1,100,7
751,51,0.14868640003260225,1.6919654559465147,1119.0,100,15,"[0.9340596780273533, 0.09446449835144466, 0.9453687199297687, 0.4296319873487293, 0.3954576491945416, -0.5678210088392472, 0.9525489095524835, -0.9875394895908203, -0.4940352752331121, -0.13041693519110842, 0.5587658435875049, -0.6046298507994938, 0.7259864711984445, 0.9668013543506255, -0.6723155171906026, 0.19466788786571843, -0.98202780466489, -0.22685743471274122, -0.9116798841370009, 0.9133059354284718, -0.1277067062404047, 0.8979546135631256, 0.5726119718701219, 0.7325785971633969, -0.6536691570081037, -0.850102825973786, 0.2014854427555386, -0.6640556325631923, 0.4667603350211398, -0.18311227969597055, 0.05581764683584067, 0.875143167901884, 0.043392244889916, -0.7836132342255386, -0.6835531856304011, 0.09040530340642561, 0.04880816013694678, 0.2752204882519873, -0.1970091128194542, 0.2996102180386846, -0.20619999419653467, 0.24783222709644614, 0.5348099341802477, -0.6420521799177383, -0.24884846282491524, 0.005066118653868745, 0.3733341598326916, -0.4926407026772337, 0.10948172588511706, 0.24986168812819542, 0.7910023321122921, -0.27429282313374714, 0.2751141460374733, -0.6171071957620733, -0.004411770765388567, -0.6351091908575863, 0.8367660782795254, -0.13635585731754474, 0.6603762041966925, -0.16644739064327485, 0.8093351774867339, -0.19034956537818792, -0.33765099381775454, 0.14427754054549724, 0.6908872981882266, 0.7220286235061439, 0.19137623413666893, -0.8306767779591795, 0.19453321463834983, -0.5090925828337958, 0.46518689717993555, 0.7893025846334776, 0.0294679418262902, 0.20712702072041278, -0.8698643752343853, 0.08014945928561268, -0.7416264326591246, 0.22912569270066396, -0.2726993059103242, 0.5355160686614915, -0.902931727160895, -0.7803637637643119, 0.36804643024725525, 0.029307394167312983, 0.1432827432294983, 0.6874139879813108, -0.024524721700651453, 0.6202888442522898, 0.020487258589880097, 0.8534413864805024, 0.333855543079252, -0.7025463211318861, -0.27089364934848836, 0.7315498318881986, -0.29942957828896866, -0.6219484810876903, -0.0547573816684539, -0.21443765035574014, 0.23785985328818726, -0.12646741612097356, -0.47815568541100895, -0.17505557667448635, -0.16193193089539926, 0.8048437117522818, 0.9592325240809707, 0.24713767881382775, -0.8336317548582777, 0.46599743519199, 0.357370804957968, 0.6520457340504391, -0.3050973265778887, -0.8822398116837538, 0.2236436329105842, -0.751970763373456, 0.5190590583266628, 0.5888466351532844, -0.18274642650020412, 0.8875950117660911, -0.6524404124894483, 0.8851716994539605]",rhc,relu,False,False,100,[10],0.1,100,7
752,52,0.15030470001511276,1.6903812784059467,1121.0,100,15,"[0.9340596780273533, 0.09446449835144466, 0.9453687199297687, 0.4296319873487293, 0.3954576491945416, -0.5678210088392472, 0.9525489095524835, -0.9875394895908203, -0.4940352752331121, -0.13041693519110842, 0.5587658435875049, -0.6046298507994938, 0.7259864711984445, 0.9668013543506255, -0.6723155171906026, 0.19466788786571843, -0.98202780466489, -0.22685743471274122, -0.9116798841370009, 0.9133059354284718, -0.1277067062404047, 0.8979546135631256, 0.5726119718701219, 0.7325785971633969, -0.6536691570081037, -0.850102825973786, 0.2014854427555386, -0.6640556325631923, 0.4667603350211398, -0.18311227969597055, 0.05581764683584067, 0.875143167901884, 0.043392244889916, -0.7836132342255386, -0.6835531856304011, 0.09040530340642561, 0.04880816013694678, 0.2752204882519873, -0.1970091128194542, 0.2996102180386846, -0.20619999419653467, 0.24783222709644614, 0.5348099341802477, -0.6420521799177383, -0.24884846282491524, 0.005066118653868745, 0.3733341598326916, -0.4926407026772337, 0.10948172588511706, 0.24986168812819542, 0.7910023321122921, -0.27429282313374714, 0.2751141460374733, -0.6171071957620733, -0.004411770765388567, -0.6351091908575863, 0.8367660782795254, -0.13635585731754474, 0.6603762041966925, -0.16644739064327485, 0.8093351774867339, -0.19034956537818792, -0.33765099381775454, 0.14427754054549724, 0.6908872981882266, 0.7220286235061439, 0.19137623413666893, -0.8306767779591795, 0.19453321463834983, -0.5090925828337958, 0.46518689717993555, 0.7893025846334776, 0.0294679418262902, 0.20712702072041278, -0.8698643752343853, 0.08014945928561268, -0.7416264326591246, 0.22912569270066396, -0.2726993059103242, 0.5355160686614915, -0.902931727160895, -0.7803637637643119, 0.36804643024725525, 0.029307394167312983, 0.1432827432294983, 0.6874139879813108, -0.024524721700651453, 0.6202888442522898, 0.020487258589880097, 0.8534413864805024, 0.333855543079252, -0.7025463211318861, -0.27089364934848836, 0.7315498318881986, -0.29942957828896866, -0.6219484810876903, -0.0547573816684539, -0.21443765035574014, 0.23785985328818726, -0.12646741612097356, -0.47815568541100895, -0.17505557667448635, -0.16193193089539926, 0.8048437117522818, 0.9592325240809707, 0.24713767881382775, -0.8336317548582777, 0.46599743519199, 0.357370804957968, 0.6520457340504391, -0.3050973265778887, -0.8822398116837538, 0.2236436329105842, -0.751970763373456, 0.5190590583266628, 0.5888466351532844, -0.18274642650020412, 0.8875950117660911, -0.6524404124894483, 0.8851716994539605]",rhc,relu,False,False,100,[10],0.1,100,7
753,53,0.15169550001155585,1.687929144418576,1123.0,100,15,"[0.9340596780273533, 0.09446449835144466, 0.9453687199297687, 0.4296319873487293, 0.3954576491945416, -0.5678210088392472, 0.9525489095524835, -0.9875394895908203, -0.4940352752331121, -0.13041693519110842, 0.5587658435875049, -0.6046298507994938, 0.7259864711984445, 0.9668013543506255, -0.6723155171906026, 0.19466788786571843, -0.98202780466489, -0.22685743471274122, -0.9116798841370009, 0.9133059354284718, -0.1277067062404047, 0.8979546135631256, 0.5726119718701219, 0.7325785971633969, -0.6536691570081037, -0.850102825973786, 0.2014854427555386, -0.6640556325631923, 0.4667603350211398, -0.18311227969597055, 0.05581764683584067, 0.875143167901884, 0.043392244889916, -0.7836132342255386, -0.6835531856304011, 0.09040530340642561, 0.04880816013694678, 0.2752204882519873, -0.1970091128194542, 0.2996102180386846, -0.20619999419653467, 0.24783222709644614, 0.5348099341802477, -0.6420521799177383, -0.24884846282491524, 0.005066118653868745, 0.3733341598326916, -0.4926407026772337, 0.10948172588511706, 0.24986168812819542, 0.7910023321122921, -0.27429282313374714, 0.2751141460374733, -0.6171071957620733, -0.004411770765388567, -0.6351091908575863, 0.8367660782795254, -0.13635585731754474, 0.6603762041966925, -0.16644739064327485, 0.8093351774867339, -0.19034956537818792, -0.33765099381775454, 0.14427754054549724, 0.6908872981882266, 0.7220286235061439, 0.19137623413666893, -0.8306767779591795, 0.19453321463834983, -0.5090925828337958, 0.46518689717993555, 0.7893025846334776, 0.0294679418262902, 0.20712702072041278, -0.8698643752343853, 0.08014945928561268, -0.7416264326591246, 0.22912569270066396, -0.2726993059103242, 0.5355160686614915, -0.902931727160895, -0.7803637637643119, 0.36804643024725525, 0.029307394167312983, 0.1432827432294983, 0.6874139879813108, -0.024524721700651453, 0.6202888442522898, 0.020487258589880097, 0.8534413864805024, 0.333855543079252, -0.7025463211318861, -0.27089364934848836, 0.7315498318881986, -0.29942957828896866, -0.6219484810876903, -0.0547573816684539, -0.21443765035574014, 0.23785985328818726, -0.12646741612097356, -0.47815568541100895, -0.17505557667448635, -0.16193193089539926, 0.8048437117522818, 0.9592325240809707, 0.24713767881382775, -0.8336317548582777, 0.46599743519199, 0.357370804957968, 0.6520457340504391, -0.3050973265778887, -0.8822398116837538, 0.2236436329105842, -0.751970763373456, 0.5190590583266628, 0.5888466351532844, -0.18274642650020412, 0.8875950117660911, -0.6524404124894483, 0.8851716994539605]",rhc,relu,False,False,100,[10],0.1,100,7
754,54,0.15469950006809086,1.6799941207580789,1125.0,100,15,"[0.9340596780273533, 0.09446449835144466, 0.9453687199297687, 0.4296319873487293, 0.3954576491945416, -0.5678210088392472, 0.9525489095524835, -0.9875394895908203, -0.4940352752331121, -0.13041693519110842, 0.5587658435875049, -0.6046298507994938, 0.7259864711984445, 0.9668013543506255, -0.6723155171906026, 0.19466788786571843, -0.98202780466489, -0.22685743471274122, -0.9116798841370009, 0.9133059354284718, -0.1277067062404047, 0.8979546135631256, 0.5726119718701219, 0.7325785971633969, -0.6536691570081037, -0.850102825973786, 0.2014854427555386, -0.6640556325631923, 0.4667603350211398, -0.18311227969597055, 0.05581764683584067, 0.875143167901884, 0.043392244889916, -0.7836132342255386, -0.6835531856304011, 0.09040530340642561, 0.04880816013694678, 0.2752204882519873, -0.1970091128194542, 0.2996102180386846, -0.20619999419653467, 0.24783222709644614, 0.5348099341802477, -0.6420521799177383, -0.24884846282491524, 0.005066118653868745, 0.3733341598326916, -0.4926407026772337, 0.10948172588511706, 0.24986168812819542, 0.7910023321122921, -0.27429282313374714, 0.2751141460374733, -0.6171071957620733, -0.004411770765388567, -0.6351091908575863, 0.8367660782795254, -0.13635585731754474, 0.6603762041966925, -0.16644739064327485, 0.8093351774867339, -0.19034956537818792, -0.33765099381775454, 0.14427754054549724, 0.6908872981882266, 0.7220286235061439, 0.19137623413666893, -0.8306767779591795, 0.19453321463834983, -0.5090925828337958, 0.46518689717993555, 0.7893025846334776, 0.0294679418262902, 0.20712702072041278, -0.8698643752343853, 0.08014945928561268, -0.7416264326591246, 0.22912569270066396, -0.2726993059103242, 0.5355160686614915, -0.902931727160895, -0.7803637637643119, 0.36804643024725525, 0.029307394167312983, 0.1432827432294983, 0.6874139879813108, -0.024524721700651453, 0.6202888442522898, 0.020487258589880097, 0.8534413864805024, 0.333855543079252, -0.7025463211318861, -0.27089364934848836, 0.7315498318881986, -0.29942957828896866, -0.6219484810876903, -0.0547573816684539, -0.21443765035574014, 0.23785985328818726, -0.12646741612097356, -0.47815568541100895, -0.17505557667448635, -0.16193193089539926, 0.8048437117522818, 0.9592325240809707, 0.24713767881382775, -0.8336317548582777, 0.46599743519199, 0.357370804957968, 0.6520457340504391, -0.3050973265778887, -0.8822398116837538, 0.2236436329105842, -0.751970763373456, 0.5190590583266628, 0.5888466351532844, -0.18274642650020412, 0.8875950117660911, -0.6524404124894483, 0.8851716994539605]",rhc,relu,False,False,100,[10],0.1,100,7
755,55,0.15623610001057386,1.6799941207580789,1126.0,100,15,"[0.9340596780273533, 0.09446449835144466, 0.9453687199297687, 0.4296319873487293, 0.3954576491945416, -0.5678210088392472, 0.9525489095524835, -0.9875394895908203, -0.4940352752331121, -0.13041693519110842, 0.5587658435875049, -0.6046298507994938, 0.7259864711984445, 0.9668013543506255, -0.6723155171906026, 0.19466788786571843, -0.98202780466489, -0.22685743471274122, -0.9116798841370009, 0.9133059354284718, -0.1277067062404047, 0.8979546135631256, 0.5726119718701219, 0.7325785971633969, -0.6536691570081037, -0.850102825973786, 0.2014854427555386, -0.6640556325631923, 0.4667603350211398, -0.18311227969597055, 0.05581764683584067, 0.875143167901884, 0.043392244889916, -0.7836132342255386, -0.6835531856304011, 0.09040530340642561, 0.04880816013694678, 0.2752204882519873, -0.1970091128194542, 0.2996102180386846, -0.20619999419653467, 0.24783222709644614, 0.5348099341802477, -0.6420521799177383, -0.24884846282491524, 0.005066118653868745, 0.3733341598326916, -0.4926407026772337, 0.10948172588511706, 0.24986168812819542, 0.7910023321122921, -0.27429282313374714, 0.2751141460374733, -0.6171071957620733, -0.004411770765388567, -0.6351091908575863, 0.8367660782795254, -0.13635585731754474, 0.6603762041966925, -0.16644739064327485, 0.8093351774867339, -0.19034956537818792, -0.33765099381775454, 0.14427754054549724, 0.6908872981882266, 0.7220286235061439, 0.19137623413666893, -0.8306767779591795, 0.19453321463834983, -0.5090925828337958, 0.46518689717993555, 0.7893025846334776, 0.0294679418262902, 0.20712702072041278, -0.8698643752343853, 0.08014945928561268, -0.7416264326591246, 0.22912569270066396, -0.2726993059103242, 0.5355160686614915, -0.902931727160895, -0.7803637637643119, 0.36804643024725525, 0.029307394167312983, 0.1432827432294983, 0.6874139879813108, -0.024524721700651453, 0.6202888442522898, 0.020487258589880097, 0.8534413864805024, 0.333855543079252, -0.7025463211318861, -0.27089364934848836, 0.7315498318881986, -0.29942957828896866, -0.6219484810876903, -0.0547573816684539, -0.21443765035574014, 0.23785985328818726, -0.12646741612097356, -0.47815568541100895, -0.17505557667448635, -0.16193193089539926, 0.8048437117522818, 0.9592325240809707, 0.24713767881382775, -0.8336317548582777, 0.46599743519199, 0.357370804957968, 0.6520457340504391, -0.3050973265778887, -0.8822398116837538, 0.2236436329105842, -0.751970763373456, 0.5190590583266628, 0.5888466351532844, -0.18274642650020412, 0.8875950117660911, -0.6524404124894483, 0.8851716994539605]",rhc,relu,False,False,100,[10],0.1,100,7
756,56,0.15794740000274032,1.6652637977488687,1128.0,100,15,"[0.9340596780273533, 0.09446449835144466, 0.9453687199297687, 0.4296319873487293, 0.3954576491945416, -0.5678210088392472, 0.9525489095524835, -0.9875394895908203, -0.4940352752331121, -0.13041693519110842, 0.5587658435875049, -0.6046298507994938, 0.7259864711984445, 0.9668013543506255, -0.6723155171906026, 0.19466788786571843, -0.98202780466489, -0.22685743471274122, -0.9116798841370009, 0.9133059354284718, -0.1277067062404047, 0.8979546135631256, 0.5726119718701219, 0.7325785971633969, -0.6536691570081037, -0.850102825973786, 0.2014854427555386, -0.6640556325631923, 0.4667603350211398, -0.18311227969597055, 0.05581764683584067, 0.875143167901884, 0.043392244889916, -0.7836132342255386, -0.6835531856304011, 0.09040530340642561, 0.04880816013694678, 0.2752204882519873, -0.1970091128194542, 0.2996102180386846, -0.20619999419653467, 0.24783222709644614, 0.5348099341802477, -0.6420521799177383, -0.24884846282491524, 0.005066118653868745, 0.3733341598326916, -0.4926407026772337, 0.10948172588511706, 0.24986168812819542, 0.7910023321122921, -0.27429282313374714, 0.2751141460374733, -0.6171071957620733, -0.004411770765388567, -0.6351091908575863, 0.8367660782795254, -0.13635585731754474, 0.6603762041966925, -0.16644739064327485, 0.8093351774867339, -0.19034956537818792, -0.33765099381775454, 0.14427754054549724, 0.6908872981882266, 0.7220286235061439, 0.19137623413666893, -0.8306767779591795, 0.19453321463834983, -0.5090925828337958, 0.46518689717993555, 0.7893025846334776, 0.0294679418262902, 0.20712702072041278, -0.8698643752343853, 0.08014945928561268, -0.7416264326591246, 0.22912569270066396, -0.2726993059103242, 0.5355160686614915, -0.902931727160895, -0.7803637637643119, 0.36804643024725525, 0.029307394167312983, 0.1432827432294983, 0.6874139879813108, -0.024524721700651453, 0.6202888442522898, 0.020487258589880097, 0.8534413864805024, 0.333855543079252, -0.7025463211318861, -0.27089364934848836, 0.7315498318881986, -0.29942957828896866, -0.6219484810876903, -0.0547573816684539, -0.21443765035574014, 0.23785985328818726, -0.12646741612097356, -0.47815568541100895, -0.17505557667448635, -0.16193193089539926, 0.8048437117522818, 0.9592325240809707, 0.24713767881382775, -0.8336317548582777, 0.46599743519199, 0.357370804957968, 0.6520457340504391, -0.3050973265778887, -0.8822398116837538, 0.2236436329105842, -0.751970763373456, 0.5190590583266628, 0.5888466351532844, -0.18274642650020412, 0.8875950117660911, -0.6524404124894483, 0.8851716994539605]",rhc,relu,False,False,100,[10],0.1,100,7
757,57,0.15946009999606758,1.6628173788202665,1130.0,100,15,"[0.9340596780273533, 0.09446449835144466, 0.9453687199297687, 0.4296319873487293, 0.3954576491945416, -0.5678210088392472, 0.9525489095524835, -0.9875394895908203, -0.4940352752331121, -0.13041693519110842, 0.5587658435875049, -0.6046298507994938, 0.7259864711984445, 0.9668013543506255, -0.6723155171906026, 0.19466788786571843, -0.98202780466489, -0.22685743471274122, -0.9116798841370009, 0.9133059354284718, -0.1277067062404047, 0.8979546135631256, 0.5726119718701219, 0.7325785971633969, -0.6536691570081037, -0.850102825973786, 0.2014854427555386, -0.6640556325631923, 0.4667603350211398, -0.18311227969597055, 0.05581764683584067, 0.875143167901884, 0.043392244889916, -0.7836132342255386, -0.6835531856304011, 0.09040530340642561, 0.04880816013694678, 0.2752204882519873, -0.1970091128194542, 0.2996102180386846, -0.20619999419653467, 0.24783222709644614, 0.5348099341802477, -0.6420521799177383, -0.24884846282491524, 0.005066118653868745, 0.3733341598326916, -0.4926407026772337, 0.10948172588511706, 0.24986168812819542, 0.7910023321122921, -0.27429282313374714, 0.2751141460374733, -0.6171071957620733, -0.004411770765388567, -0.6351091908575863, 0.8367660782795254, -0.13635585731754474, 0.6603762041966925, -0.16644739064327485, 0.8093351774867339, -0.19034956537818792, -0.33765099381775454, 0.14427754054549724, 0.6908872981882266, 0.7220286235061439, 0.19137623413666893, -0.8306767779591795, 0.19453321463834983, -0.5090925828337958, 0.46518689717993555, 0.7893025846334776, 0.0294679418262902, 0.20712702072041278, -0.8698643752343853, 0.08014945928561268, -0.7416264326591246, 0.22912569270066396, -0.2726993059103242, 0.5355160686614915, -0.902931727160895, -0.7803637637643119, 0.36804643024725525, 0.029307394167312983, 0.1432827432294983, 0.6874139879813108, -0.024524721700651453, 0.6202888442522898, 0.020487258589880097, 0.8534413864805024, 0.333855543079252, -0.7025463211318861, -0.27089364934848836, 0.7315498318881986, -0.29942957828896866, -0.6219484810876903, -0.0547573816684539, -0.21443765035574014, 0.23785985328818726, -0.12646741612097356, -0.47815568541100895, -0.17505557667448635, -0.16193193089539926, 0.8048437117522818, 0.9592325240809707, 0.24713767881382775, -0.8336317548582777, 0.46599743519199, 0.357370804957968, 0.6520457340504391, -0.3050973265778887, -0.8822398116837538, 0.2236436329105842, -0.751970763373456, 0.5190590583266628, 0.5888466351532844, -0.18274642650020412, 0.8875950117660911, -0.6524404124894483, 0.8851716994539605]",rhc,relu,False,False,100,[10],0.1,100,7
758,58,0.16259170009288937,1.6628173788202665,1131.0,100,15,"[0.9340596780273533, 0.09446449835144466, 0.9453687199297687, 0.4296319873487293, 0.3954576491945416, -0.5678210088392472, 0.9525489095524835, -0.9875394895908203, -0.4940352752331121, -0.13041693519110842, 0.5587658435875049, -0.6046298507994938, 0.7259864711984445, 0.9668013543506255, -0.6723155171906026, 0.19466788786571843, -0.98202780466489, -0.22685743471274122, -0.9116798841370009, 0.9133059354284718, -0.1277067062404047, 0.8979546135631256, 0.5726119718701219, 0.7325785971633969, -0.6536691570081037, -0.850102825973786, 0.2014854427555386, -0.6640556325631923, 0.4667603350211398, -0.18311227969597055, 0.05581764683584067, 0.875143167901884, 0.043392244889916, -0.7836132342255386, -0.6835531856304011, 0.09040530340642561, 0.04880816013694678, 0.2752204882519873, -0.1970091128194542, 0.2996102180386846, -0.20619999419653467, 0.24783222709644614, 0.5348099341802477, -0.6420521799177383, -0.24884846282491524, 0.005066118653868745, 0.3733341598326916, -0.4926407026772337, 0.10948172588511706, 0.24986168812819542, 0.7910023321122921, -0.27429282313374714, 0.2751141460374733, -0.6171071957620733, -0.004411770765388567, -0.6351091908575863, 0.8367660782795254, -0.13635585731754474, 0.6603762041966925, -0.16644739064327485, 0.8093351774867339, -0.19034956537818792, -0.33765099381775454, 0.14427754054549724, 0.6908872981882266, 0.7220286235061439, 0.19137623413666893, -0.8306767779591795, 0.19453321463834983, -0.5090925828337958, 0.46518689717993555, 0.7893025846334776, 0.0294679418262902, 0.20712702072041278, -0.8698643752343853, 0.08014945928561268, -0.7416264326591246, 0.22912569270066396, -0.2726993059103242, 0.5355160686614915, -0.902931727160895, -0.7803637637643119, 0.36804643024725525, 0.029307394167312983, 0.1432827432294983, 0.6874139879813108, -0.024524721700651453, 0.6202888442522898, 0.020487258589880097, 0.8534413864805024, 0.333855543079252, -0.7025463211318861, -0.27089364934848836, 0.7315498318881986, -0.29942957828896866, -0.6219484810876903, -0.0547573816684539, -0.21443765035574014, 0.23785985328818726, -0.12646741612097356, -0.47815568541100895, -0.17505557667448635, -0.16193193089539926, 0.8048437117522818, 0.9592325240809707, 0.24713767881382775, -0.8336317548582777, 0.46599743519199, 0.357370804957968, 0.6520457340504391, -0.3050973265778887, -0.8822398116837538, 0.2236436329105842, -0.751970763373456, 0.5190590583266628, 0.5888466351532844, -0.18274642650020412, 0.8875950117660911, -0.6524404124894483, 0.8851716994539605]",rhc,relu,False,False,100,[10],0.1,100,7
759,59,0.16467890003696084,1.6628173788202665,1132.0,100,15,"[0.9340596780273533, 0.09446449835144466, 0.9453687199297687, 0.4296319873487293, 0.3954576491945416, -0.5678210088392472, 0.9525489095524835, -0.9875394895908203, -0.4940352752331121, -0.13041693519110842, 0.5587658435875049, -0.6046298507994938, 0.7259864711984445, 0.9668013543506255, -0.6723155171906026, 0.19466788786571843, -0.98202780466489, -0.22685743471274122, -0.9116798841370009, 0.9133059354284718, -0.1277067062404047, 0.8979546135631256, 0.5726119718701219, 0.7325785971633969, -0.6536691570081037, -0.850102825973786, 0.2014854427555386, -0.6640556325631923, 0.4667603350211398, -0.18311227969597055, 0.05581764683584067, 0.875143167901884, 0.043392244889916, -0.7836132342255386, -0.6835531856304011, 0.09040530340642561, 0.04880816013694678, 0.2752204882519873, -0.1970091128194542, 0.2996102180386846, -0.20619999419653467, 0.24783222709644614, 0.5348099341802477, -0.6420521799177383, -0.24884846282491524, 0.005066118653868745, 0.3733341598326916, -0.4926407026772337, 0.10948172588511706, 0.24986168812819542, 0.7910023321122921, -0.27429282313374714, 0.2751141460374733, -0.6171071957620733, -0.004411770765388567, -0.6351091908575863, 0.8367660782795254, -0.13635585731754474, 0.6603762041966925, -0.16644739064327485, 0.8093351774867339, -0.19034956537818792, -0.33765099381775454, 0.14427754054549724, 0.6908872981882266, 0.7220286235061439, 0.19137623413666893, -0.8306767779591795, 0.19453321463834983, -0.5090925828337958, 0.46518689717993555, 0.7893025846334776, 0.0294679418262902, 0.20712702072041278, -0.8698643752343853, 0.08014945928561268, -0.7416264326591246, 0.22912569270066396, -0.2726993059103242, 0.5355160686614915, -0.902931727160895, -0.7803637637643119, 0.36804643024725525, 0.029307394167312983, 0.1432827432294983, 0.6874139879813108, -0.024524721700651453, 0.6202888442522898, 0.020487258589880097, 0.8534413864805024, 0.333855543079252, -0.7025463211318861, -0.27089364934848836, 0.7315498318881986, -0.29942957828896866, -0.6219484810876903, -0.0547573816684539, -0.21443765035574014, 0.23785985328818726, -0.12646741612097356, -0.47815568541100895, -0.17505557667448635, -0.16193193089539926, 0.8048437117522818, 0.9592325240809707, 0.24713767881382775, -0.8336317548582777, 0.46599743519199, 0.357370804957968, 0.6520457340504391, -0.3050973265778887, -0.8822398116837538, 0.2236436329105842, -0.751970763373456, 0.5190590583266628, 0.5888466351532844, -0.18274642650020412, 0.8875950117660911, -0.6524404124894483, 0.8851716994539605]",rhc,relu,False,False,100,[10],0.1,100,7
760,60,0.16787820006720722,1.6628173788202665,1133.0,100,15,"[0.9340596780273533, 0.09446449835144466, 0.9453687199297687, 0.4296319873487293, 0.3954576491945416, -0.5678210088392472, 0.9525489095524835, -0.9875394895908203, -0.4940352752331121, -0.13041693519110842, 0.5587658435875049, -0.6046298507994938, 0.7259864711984445, 0.9668013543506255, -0.6723155171906026, 0.19466788786571843, -0.98202780466489, -0.22685743471274122, -0.9116798841370009, 0.9133059354284718, -0.1277067062404047, 0.8979546135631256, 0.5726119718701219, 0.7325785971633969, -0.6536691570081037, -0.850102825973786, 0.2014854427555386, -0.6640556325631923, 0.4667603350211398, -0.18311227969597055, 0.05581764683584067, 0.875143167901884, 0.043392244889916, -0.7836132342255386, -0.6835531856304011, 0.09040530340642561, 0.04880816013694678, 0.2752204882519873, -0.1970091128194542, 0.2996102180386846, -0.20619999419653467, 0.24783222709644614, 0.5348099341802477, -0.6420521799177383, -0.24884846282491524, 0.005066118653868745, 0.3733341598326916, -0.4926407026772337, 0.10948172588511706, 0.24986168812819542, 0.7910023321122921, -0.27429282313374714, 0.2751141460374733, -0.6171071957620733, -0.004411770765388567, -0.6351091908575863, 0.8367660782795254, -0.13635585731754474, 0.6603762041966925, -0.16644739064327485, 0.8093351774867339, -0.19034956537818792, -0.33765099381775454, 0.14427754054549724, 0.6908872981882266, 0.7220286235061439, 0.19137623413666893, -0.8306767779591795, 0.19453321463834983, -0.5090925828337958, 0.46518689717993555, 0.7893025846334776, 0.0294679418262902, 0.20712702072041278, -0.8698643752343853, 0.08014945928561268, -0.7416264326591246, 0.22912569270066396, -0.2726993059103242, 0.5355160686614915, -0.902931727160895, -0.7803637637643119, 0.36804643024725525, 0.029307394167312983, 0.1432827432294983, 0.6874139879813108, -0.024524721700651453, 0.6202888442522898, 0.020487258589880097, 0.8534413864805024, 0.333855543079252, -0.7025463211318861, -0.27089364934848836, 0.7315498318881986, -0.29942957828896866, -0.6219484810876903, -0.0547573816684539, -0.21443765035574014, 0.23785985328818726, -0.12646741612097356, -0.47815568541100895, -0.17505557667448635, -0.16193193089539926, 0.8048437117522818, 0.9592325240809707, 0.24713767881382775, -0.8336317548582777, 0.46599743519199, 0.357370804957968, 0.6520457340504391, -0.3050973265778887, -0.8822398116837538, 0.2236436329105842, -0.751970763373456, 0.5190590583266628, 0.5888466351532844, -0.18274642650020412, 0.8875950117660911, -0.6524404124894483, 0.8851716994539605]",rhc,relu,False,False,100,[10],0.1,100,7
761,61,0.16964800003916025,1.6397527757027939,1135.0,100,15,"[0.9340596780273533, 0.09446449835144466, 0.9453687199297687, 0.4296319873487293, 0.3954576491945416, -0.5678210088392472, 0.9525489095524835, -0.9875394895908203, -0.4940352752331121, -0.13041693519110842, 0.5587658435875049, -0.6046298507994938, 0.7259864711984445, 0.9668013543506255, -0.6723155171906026, 0.19466788786571843, -0.98202780466489, -0.22685743471274122, -0.9116798841370009, 0.9133059354284718, -0.1277067062404047, 0.8979546135631256, 0.5726119718701219, 0.7325785971633969, -0.6536691570081037, -0.850102825973786, 0.2014854427555386, -0.6640556325631923, 0.4667603350211398, -0.18311227969597055, 0.05581764683584067, 0.875143167901884, 0.043392244889916, -0.7836132342255386, -0.6835531856304011, 0.09040530340642561, 0.04880816013694678, 0.2752204882519873, -0.1970091128194542, 0.2996102180386846, -0.20619999419653467, 0.24783222709644614, 0.5348099341802477, -0.6420521799177383, -0.24884846282491524, 0.005066118653868745, 0.3733341598326916, -0.4926407026772337, 0.10948172588511706, 0.24986168812819542, 0.7910023321122921, -0.27429282313374714, 0.2751141460374733, -0.6171071957620733, -0.004411770765388567, -0.6351091908575863, 0.8367660782795254, -0.13635585731754474, 0.6603762041966925, -0.16644739064327485, 0.8093351774867339, -0.19034956537818792, -0.33765099381775454, 0.14427754054549724, 0.6908872981882266, 0.7220286235061439, 0.19137623413666893, -0.8306767779591795, 0.19453321463834983, -0.5090925828337958, 0.46518689717993555, 0.7893025846334776, 0.0294679418262902, 0.20712702072041278, -0.8698643752343853, 0.08014945928561268, -0.7416264326591246, 0.22912569270066396, -0.2726993059103242, 0.5355160686614915, -0.902931727160895, -0.7803637637643119, 0.36804643024725525, 0.029307394167312983, 0.1432827432294983, 0.6874139879813108, -0.024524721700651453, 0.6202888442522898, 0.020487258589880097, 0.8534413864805024, 0.333855543079252, -0.7025463211318861, -0.27089364934848836, 0.7315498318881986, -0.29942957828896866, -0.6219484810876903, -0.0547573816684539, -0.21443765035574014, 0.23785985328818726, -0.12646741612097356, -0.47815568541100895, -0.17505557667448635, -0.16193193089539926, 0.8048437117522818, 0.9592325240809707, 0.24713767881382775, -0.8336317548582777, 0.46599743519199, 0.357370804957968, 0.6520457340504391, -0.3050973265778887, -0.8822398116837538, 0.2236436329105842, -0.751970763373456, 0.5190590583266628, 0.5888466351532844, -0.18274642650020412, 0.8875950117660911, -0.6524404124894483, 0.8851716994539605]",rhc,relu,False,False,100,[10],0.1,100,7
762,62,0.172666700091213,1.6397527757027939,1136.0,100,15,"[0.9340596780273533, 0.09446449835144466, 0.9453687199297687, 0.4296319873487293, 0.3954576491945416, -0.5678210088392472, 0.9525489095524835, -0.9875394895908203, -0.4940352752331121, -0.13041693519110842, 0.5587658435875049, -0.6046298507994938, 0.7259864711984445, 0.9668013543506255, -0.6723155171906026, 0.19466788786571843, -0.98202780466489, -0.22685743471274122, -0.9116798841370009, 0.9133059354284718, -0.1277067062404047, 0.8979546135631256, 0.5726119718701219, 0.7325785971633969, -0.6536691570081037, -0.850102825973786, 0.2014854427555386, -0.6640556325631923, 0.4667603350211398, -0.18311227969597055, 0.05581764683584067, 0.875143167901884, 0.043392244889916, -0.7836132342255386, -0.6835531856304011, 0.09040530340642561, 0.04880816013694678, 0.2752204882519873, -0.1970091128194542, 0.2996102180386846, -0.20619999419653467, 0.24783222709644614, 0.5348099341802477, -0.6420521799177383, -0.24884846282491524, 0.005066118653868745, 0.3733341598326916, -0.4926407026772337, 0.10948172588511706, 0.24986168812819542, 0.7910023321122921, -0.27429282313374714, 0.2751141460374733, -0.6171071957620733, -0.004411770765388567, -0.6351091908575863, 0.8367660782795254, -0.13635585731754474, 0.6603762041966925, -0.16644739064327485, 0.8093351774867339, -0.19034956537818792, -0.33765099381775454, 0.14427754054549724, 0.6908872981882266, 0.7220286235061439, 0.19137623413666893, -0.8306767779591795, 0.19453321463834983, -0.5090925828337958, 0.46518689717993555, 0.7893025846334776, 0.0294679418262902, 0.20712702072041278, -0.8698643752343853, 0.08014945928561268, -0.7416264326591246, 0.22912569270066396, -0.2726993059103242, 0.5355160686614915, -0.902931727160895, -0.7803637637643119, 0.36804643024725525, 0.029307394167312983, 0.1432827432294983, 0.6874139879813108, -0.024524721700651453, 0.6202888442522898, 0.020487258589880097, 0.8534413864805024, 0.333855543079252, -0.7025463211318861, -0.27089364934848836, 0.7315498318881986, -0.29942957828896866, -0.6219484810876903, -0.0547573816684539, -0.21443765035574014, 0.23785985328818726, -0.12646741612097356, -0.47815568541100895, -0.17505557667448635, -0.16193193089539926, 0.8048437117522818, 0.9592325240809707, 0.24713767881382775, -0.8336317548582777, 0.46599743519199, 0.357370804957968, 0.6520457340504391, -0.3050973265778887, -0.8822398116837538, 0.2236436329105842, -0.751970763373456, 0.5190590583266628, 0.5888466351532844, -0.18274642650020412, 0.8875950117660911, -0.6524404124894483, 0.8851716994539605]",rhc,relu,False,False,100,[10],0.1,100,7
763,63,0.1759350000647828,1.6362045346334066,1138.0,100,15,"[0.9340596780273533, 0.09446449835144466, 0.9453687199297687, 0.4296319873487293, 0.3954576491945416, -0.5678210088392472, 0.9525489095524835, -0.9875394895908203, -0.4940352752331121, -0.13041693519110842, 0.5587658435875049, -0.6046298507994938, 0.7259864711984445, 0.9668013543506255, -0.6723155171906026, 0.19466788786571843, -0.98202780466489, -0.22685743471274122, -0.9116798841370009, 0.9133059354284718, -0.1277067062404047, 0.8979546135631256, 0.5726119718701219, 0.7325785971633969, -0.6536691570081037, -0.850102825973786, 0.2014854427555386, -0.6640556325631923, 0.4667603350211398, -0.18311227969597055, 0.05581764683584067, 0.875143167901884, 0.043392244889916, -0.7836132342255386, -0.6835531856304011, 0.09040530340642561, 0.04880816013694678, 0.2752204882519873, -0.1970091128194542, 0.2996102180386846, -0.20619999419653467, 0.24783222709644614, 0.5348099341802477, -0.6420521799177383, -0.24884846282491524, 0.005066118653868745, 0.3733341598326916, -0.4926407026772337, 0.10948172588511706, 0.24986168812819542, 0.7910023321122921, -0.27429282313374714, 0.2751141460374733, -0.6171071957620733, -0.004411770765388567, -0.6351091908575863, 0.8367660782795254, -0.13635585731754474, 0.6603762041966925, -0.16644739064327485, 0.8093351774867339, -0.19034956537818792, -0.33765099381775454, 0.14427754054549724, 0.6908872981882266, 0.7220286235061439, 0.19137623413666893, -0.8306767779591795, 0.19453321463834983, -0.5090925828337958, 0.46518689717993555, 0.7893025846334776, 0.0294679418262902, 0.20712702072041278, -0.8698643752343853, 0.08014945928561268, -0.7416264326591246, 0.22912569270066396, -0.2726993059103242, 0.5355160686614915, -0.902931727160895, -0.7803637637643119, 0.36804643024725525, 0.029307394167312983, 0.1432827432294983, 0.6874139879813108, -0.024524721700651453, 0.6202888442522898, 0.020487258589880097, 0.8534413864805024, 0.333855543079252, -0.7025463211318861, -0.27089364934848836, 0.7315498318881986, -0.29942957828896866, -0.6219484810876903, -0.0547573816684539, -0.21443765035574014, 0.23785985328818726, -0.12646741612097356, -0.47815568541100895, -0.17505557667448635, -0.16193193089539926, 0.8048437117522818, 0.9592325240809707, 0.24713767881382775, -0.8336317548582777, 0.46599743519199, 0.357370804957968, 0.6520457340504391, -0.3050973265778887, -0.8822398116837538, 0.2236436329105842, -0.751970763373456, 0.5190590583266628, 0.5888466351532844, -0.18274642650020412, 0.8875950117660911, -0.6524404124894483, 0.8851716994539605]",rhc,relu,False,False,100,[10],0.1,100,7
764,64,0.17886750004254282,1.6362045346334066,1139.0,100,15,"[0.9340596780273533, 0.09446449835144466, 0.9453687199297687, 0.4296319873487293, 0.3954576491945416, -0.5678210088392472, 0.9525489095524835, -0.9875394895908203, -0.4940352752331121, -0.13041693519110842, 0.5587658435875049, -0.6046298507994938, 0.7259864711984445, 0.9668013543506255, -0.6723155171906026, 0.19466788786571843, -0.98202780466489, -0.22685743471274122, -0.9116798841370009, 0.9133059354284718, -0.1277067062404047, 0.8979546135631256, 0.5726119718701219, 0.7325785971633969, -0.6536691570081037, -0.850102825973786, 0.2014854427555386, -0.6640556325631923, 0.4667603350211398, -0.18311227969597055, 0.05581764683584067, 0.875143167901884, 0.043392244889916, -0.7836132342255386, -0.6835531856304011, 0.09040530340642561, 0.04880816013694678, 0.2752204882519873, -0.1970091128194542, 0.2996102180386846, -0.20619999419653467, 0.24783222709644614, 0.5348099341802477, -0.6420521799177383, -0.24884846282491524, 0.005066118653868745, 0.3733341598326916, -0.4926407026772337, 0.10948172588511706, 0.24986168812819542, 0.7910023321122921, -0.27429282313374714, 0.2751141460374733, -0.6171071957620733, -0.004411770765388567, -0.6351091908575863, 0.8367660782795254, -0.13635585731754474, 0.6603762041966925, -0.16644739064327485, 0.8093351774867339, -0.19034956537818792, -0.33765099381775454, 0.14427754054549724, 0.6908872981882266, 0.7220286235061439, 0.19137623413666893, -0.8306767779591795, 0.19453321463834983, -0.5090925828337958, 0.46518689717993555, 0.7893025846334776, 0.0294679418262902, 0.20712702072041278, -0.8698643752343853, 0.08014945928561268, -0.7416264326591246, 0.22912569270066396, -0.2726993059103242, 0.5355160686614915, -0.902931727160895, -0.7803637637643119, 0.36804643024725525, 0.029307394167312983, 0.1432827432294983, 0.6874139879813108, -0.024524721700651453, 0.6202888442522898, 0.020487258589880097, 0.8534413864805024, 0.333855543079252, -0.7025463211318861, -0.27089364934848836, 0.7315498318881986, -0.29942957828896866, -0.6219484810876903, -0.0547573816684539, -0.21443765035574014, 0.23785985328818726, -0.12646741612097356, -0.47815568541100895, -0.17505557667448635, -0.16193193089539926, 0.8048437117522818, 0.9592325240809707, 0.24713767881382775, -0.8336317548582777, 0.46599743519199, 0.357370804957968, 0.6520457340504391, -0.3050973265778887, -0.8822398116837538, 0.2236436329105842, -0.751970763373456, 0.5190590583266628, 0.5888466351532844, -0.18274642650020412, 0.8875950117660911, -0.6524404124894483, 0.8851716994539605]",rhc,relu,False,False,100,[10],0.1,100,7
765,65,0.1803774000145495,1.6356803821870003,1141.0,100,15,"[0.9340596780273533, 0.09446449835144466, 0.9453687199297687, 0.4296319873487293, 0.3954576491945416, -0.5678210088392472, 0.9525489095524835, -0.9875394895908203, -0.4940352752331121, -0.13041693519110842, 0.5587658435875049, -0.6046298507994938, 0.7259864711984445, 0.9668013543506255, -0.6723155171906026, 0.19466788786571843, -0.98202780466489, -0.22685743471274122, -0.9116798841370009, 0.9133059354284718, -0.1277067062404047, 0.8979546135631256, 0.5726119718701219, 0.7325785971633969, -0.6536691570081037, -0.850102825973786, 0.2014854427555386, -0.6640556325631923, 0.4667603350211398, -0.18311227969597055, 0.05581764683584067, 0.875143167901884, 0.043392244889916, -0.7836132342255386, -0.6835531856304011, 0.09040530340642561, 0.04880816013694678, 0.2752204882519873, -0.1970091128194542, 0.2996102180386846, -0.20619999419653467, 0.24783222709644614, 0.5348099341802477, -0.6420521799177383, -0.24884846282491524, 0.005066118653868745, 0.3733341598326916, -0.4926407026772337, 0.10948172588511706, 0.24986168812819542, 0.7910023321122921, -0.27429282313374714, 0.2751141460374733, -0.6171071957620733, -0.004411770765388567, -0.6351091908575863, 0.8367660782795254, -0.13635585731754474, 0.6603762041966925, -0.16644739064327485, 0.8093351774867339, -0.19034956537818792, -0.33765099381775454, 0.14427754054549724, 0.6908872981882266, 0.7220286235061439, 0.19137623413666893, -0.8306767779591795, 0.19453321463834983, -0.5090925828337958, 0.46518689717993555, 0.7893025846334776, 0.0294679418262902, 0.20712702072041278, -0.8698643752343853, 0.08014945928561268, -0.7416264326591246, 0.22912569270066396, -0.2726993059103242, 0.5355160686614915, -0.902931727160895, -0.7803637637643119, 0.36804643024725525, 0.029307394167312983, 0.1432827432294983, 0.6874139879813108, -0.024524721700651453, 0.6202888442522898, 0.020487258589880097, 0.8534413864805024, 0.333855543079252, -0.7025463211318861, -0.27089364934848836, 0.7315498318881986, -0.29942957828896866, -0.6219484810876903, -0.0547573816684539, -0.21443765035574014, 0.23785985328818726, -0.12646741612097356, -0.47815568541100895, -0.17505557667448635, -0.16193193089539926, 0.8048437117522818, 0.9592325240809707, 0.24713767881382775, -0.8336317548582777, 0.46599743519199, 0.357370804957968, 0.6520457340504391, -0.3050973265778887, -0.8822398116837538, 0.2236436329105842, -0.751970763373456, 0.5190590583266628, 0.5888466351532844, -0.18274642650020412, 0.8875950117660911, -0.6524404124894483, 0.8851716994539605]",rhc,relu,False,False,100,[10],0.1,100,7
766,66,0.18194050004240125,1.6345151707325143,1143.0,100,15,"[0.9340596780273533, 0.09446449835144466, 0.9453687199297687, 0.4296319873487293, 0.3954576491945416, -0.5678210088392472, 0.9525489095524835, -0.9875394895908203, -0.4940352752331121, -0.13041693519110842, 0.5587658435875049, -0.6046298507994938, 0.7259864711984445, 0.9668013543506255, -0.6723155171906026, 0.19466788786571843, -0.98202780466489, -0.22685743471274122, -0.9116798841370009, 0.9133059354284718, -0.1277067062404047, 0.8979546135631256, 0.5726119718701219, 0.7325785971633969, -0.6536691570081037, -0.850102825973786, 0.2014854427555386, -0.6640556325631923, 0.4667603350211398, -0.18311227969597055, 0.05581764683584067, 0.875143167901884, 0.043392244889916, -0.7836132342255386, -0.6835531856304011, 0.09040530340642561, 0.04880816013694678, 0.2752204882519873, -0.1970091128194542, 0.2996102180386846, -0.20619999419653467, 0.24783222709644614, 0.5348099341802477, -0.6420521799177383, -0.24884846282491524, 0.005066118653868745, 0.3733341598326916, -0.4926407026772337, 0.10948172588511706, 0.24986168812819542, 0.7910023321122921, -0.27429282313374714, 0.2751141460374733, -0.6171071957620733, -0.004411770765388567, -0.6351091908575863, 0.8367660782795254, -0.13635585731754474, 0.6603762041966925, -0.16644739064327485, 0.8093351774867339, -0.19034956537818792, -0.33765099381775454, 0.14427754054549724, 0.6908872981882266, 0.7220286235061439, 0.19137623413666893, -0.8306767779591795, 0.19453321463834983, -0.5090925828337958, 0.46518689717993555, 0.7893025846334776, 0.0294679418262902, 0.20712702072041278, -0.8698643752343853, 0.08014945928561268, -0.7416264326591246, 0.22912569270066396, -0.2726993059103242, 0.5355160686614915, -0.902931727160895, -0.7803637637643119, 0.36804643024725525, 0.029307394167312983, 0.1432827432294983, 0.6874139879813108, -0.024524721700651453, 0.6202888442522898, 0.020487258589880097, 0.8534413864805024, 0.333855543079252, -0.7025463211318861, -0.27089364934848836, 0.7315498318881986, -0.29942957828896866, -0.6219484810876903, -0.0547573816684539, -0.21443765035574014, 0.23785985328818726, -0.12646741612097356, -0.47815568541100895, -0.17505557667448635, -0.16193193089539926, 0.8048437117522818, 0.9592325240809707, 0.24713767881382775, -0.8336317548582777, 0.46599743519199, 0.357370804957968, 0.6520457340504391, -0.3050973265778887, -0.8822398116837538, 0.2236436329105842, -0.751970763373456, 0.5190590583266628, 0.5888466351532844, -0.18274642650020412, 0.8875950117660911, -0.6524404124894483, 0.8851716994539605]",rhc,relu,False,False,100,[10],0.1,100,7
767,67,0.1847929999930784,1.6198129018074625,1145.0,100,15,"[0.9340596780273533, 0.09446449835144466, 0.9453687199297687, 0.4296319873487293, 0.3954576491945416, -0.5678210088392472, 0.9525489095524835, -0.9875394895908203, -0.4940352752331121, -0.13041693519110842, 0.5587658435875049, -0.6046298507994938, 0.7259864711984445, 0.9668013543506255, -0.6723155171906026, 0.19466788786571843, -0.98202780466489, -0.22685743471274122, -0.9116798841370009, 0.9133059354284718, -0.1277067062404047, 0.8979546135631256, 0.5726119718701219, 0.7325785971633969, -0.6536691570081037, -0.850102825973786, 0.2014854427555386, -0.6640556325631923, 0.4667603350211398, -0.18311227969597055, 0.05581764683584067, 0.875143167901884, 0.043392244889916, -0.7836132342255386, -0.6835531856304011, 0.09040530340642561, 0.04880816013694678, 0.2752204882519873, -0.1970091128194542, 0.2996102180386846, -0.20619999419653467, 0.24783222709644614, 0.5348099341802477, -0.6420521799177383, -0.24884846282491524, 0.005066118653868745, 0.3733341598326916, -0.4926407026772337, 0.10948172588511706, 0.24986168812819542, 0.7910023321122921, -0.27429282313374714, 0.2751141460374733, -0.6171071957620733, -0.004411770765388567, -0.6351091908575863, 0.8367660782795254, -0.13635585731754474, 0.6603762041966925, -0.16644739064327485, 0.8093351774867339, -0.19034956537818792, -0.33765099381775454, 0.14427754054549724, 0.6908872981882266, 0.7220286235061439, 0.19137623413666893, -0.8306767779591795, 0.19453321463834983, -0.5090925828337958, 0.46518689717993555, 0.7893025846334776, 0.0294679418262902, 0.20712702072041278, -0.8698643752343853, 0.08014945928561268, -0.7416264326591246, 0.22912569270066396, -0.2726993059103242, 0.5355160686614915, -0.902931727160895, -0.7803637637643119, 0.36804643024725525, 0.029307394167312983, 0.1432827432294983, 0.6874139879813108, -0.024524721700651453, 0.6202888442522898, 0.020487258589880097, 0.8534413864805024, 0.333855543079252, -0.7025463211318861, -0.27089364934848836, 0.7315498318881986, -0.29942957828896866, -0.6219484810876903, -0.0547573816684539, -0.21443765035574014, 0.23785985328818726, -0.12646741612097356, -0.47815568541100895, -0.17505557667448635, -0.16193193089539926, 0.8048437117522818, 0.9592325240809707, 0.24713767881382775, -0.8336317548582777, 0.46599743519199, 0.357370804957968, 0.6520457340504391, -0.3050973265778887, -0.8822398116837538, 0.2236436329105842, -0.751970763373456, 0.5190590583266628, 0.5888466351532844, -0.18274642650020412, 0.8875950117660911, -0.6524404124894483, 0.8851716994539605]",rhc,relu,False,False,100,[10],0.1,100,7
768,68,0.18640930007677525,1.6118668629635595,1147.0,100,15,"[0.9340596780273533, 0.09446449835144466, 0.9453687199297687, 0.4296319873487293, 0.3954576491945416, -0.5678210088392472, 0.9525489095524835, -0.9875394895908203, -0.4940352752331121, -0.13041693519110842, 0.5587658435875049, -0.6046298507994938, 0.7259864711984445, 0.9668013543506255, -0.6723155171906026, 0.19466788786571843, -0.98202780466489, -0.22685743471274122, -0.9116798841370009, 0.9133059354284718, -0.1277067062404047, 0.8979546135631256, 0.5726119718701219, 0.7325785971633969, -0.6536691570081037, -0.850102825973786, 0.2014854427555386, -0.6640556325631923, 0.4667603350211398, -0.18311227969597055, 0.05581764683584067, 0.875143167901884, 0.043392244889916, -0.7836132342255386, -0.6835531856304011, 0.09040530340642561, 0.04880816013694678, 0.2752204882519873, -0.1970091128194542, 0.2996102180386846, -0.20619999419653467, 0.24783222709644614, 0.5348099341802477, -0.6420521799177383, -0.24884846282491524, 0.005066118653868745, 0.3733341598326916, -0.4926407026772337, 0.10948172588511706, 0.24986168812819542, 0.7910023321122921, -0.27429282313374714, 0.2751141460374733, -0.6171071957620733, -0.004411770765388567, -0.6351091908575863, 0.8367660782795254, -0.13635585731754474, 0.6603762041966925, -0.16644739064327485, 0.8093351774867339, -0.19034956537818792, -0.33765099381775454, 0.14427754054549724, 0.6908872981882266, 0.7220286235061439, 0.19137623413666893, -0.8306767779591795, 0.19453321463834983, -0.5090925828337958, 0.46518689717993555, 0.7893025846334776, 0.0294679418262902, 0.20712702072041278, -0.8698643752343853, 0.08014945928561268, -0.7416264326591246, 0.22912569270066396, -0.2726993059103242, 0.5355160686614915, -0.902931727160895, -0.7803637637643119, 0.36804643024725525, 0.029307394167312983, 0.1432827432294983, 0.6874139879813108, -0.024524721700651453, 0.6202888442522898, 0.020487258589880097, 0.8534413864805024, 0.333855543079252, -0.7025463211318861, -0.27089364934848836, 0.7315498318881986, -0.29942957828896866, -0.6219484810876903, -0.0547573816684539, -0.21443765035574014, 0.23785985328818726, -0.12646741612097356, -0.47815568541100895, -0.17505557667448635, -0.16193193089539926, 0.8048437117522818, 0.9592325240809707, 0.24713767881382775, -0.8336317548582777, 0.46599743519199, 0.357370804957968, 0.6520457340504391, -0.3050973265778887, -0.8822398116837538, 0.2236436329105842, -0.751970763373456, 0.5190590583266628, 0.5888466351532844, -0.18274642650020412, 0.8875950117660911, -0.6524404124894483, 0.8851716994539605]",rhc,relu,False,False,100,[10],0.1,100,7
769,69,0.18797269999049604,1.6117056904504858,1149.0,100,15,"[0.9340596780273533, 0.09446449835144466, 0.9453687199297687, 0.4296319873487293, 0.3954576491945416, -0.5678210088392472, 0.9525489095524835, -0.9875394895908203, -0.4940352752331121, -0.13041693519110842, 0.5587658435875049, -0.6046298507994938, 0.7259864711984445, 0.9668013543506255, -0.6723155171906026, 0.19466788786571843, -0.98202780466489, -0.22685743471274122, -0.9116798841370009, 0.9133059354284718, -0.1277067062404047, 0.8979546135631256, 0.5726119718701219, 0.7325785971633969, -0.6536691570081037, -0.850102825973786, 0.2014854427555386, -0.6640556325631923, 0.4667603350211398, -0.18311227969597055, 0.05581764683584067, 0.875143167901884, 0.043392244889916, -0.7836132342255386, -0.6835531856304011, 0.09040530340642561, 0.04880816013694678, 0.2752204882519873, -0.1970091128194542, 0.2996102180386846, -0.20619999419653467, 0.24783222709644614, 0.5348099341802477, -0.6420521799177383, -0.24884846282491524, 0.005066118653868745, 0.3733341598326916, -0.4926407026772337, 0.10948172588511706, 0.24986168812819542, 0.7910023321122921, -0.27429282313374714, 0.2751141460374733, -0.6171071957620733, -0.004411770765388567, -0.6351091908575863, 0.8367660782795254, -0.13635585731754474, 0.6603762041966925, -0.16644739064327485, 0.8093351774867339, -0.19034956537818792, -0.33765099381775454, 0.14427754054549724, 0.6908872981882266, 0.7220286235061439, 0.19137623413666893, -0.8306767779591795, 0.19453321463834983, -0.5090925828337958, 0.46518689717993555, 0.7893025846334776, 0.0294679418262902, 0.20712702072041278, -0.8698643752343853, 0.08014945928561268, -0.7416264326591246, 0.22912569270066396, -0.2726993059103242, 0.5355160686614915, -0.902931727160895, -0.7803637637643119, 0.36804643024725525, 0.029307394167312983, 0.1432827432294983, 0.6874139879813108, -0.024524721700651453, 0.6202888442522898, 0.020487258589880097, 0.8534413864805024, 0.333855543079252, -0.7025463211318861, -0.27089364934848836, 0.7315498318881986, -0.29942957828896866, -0.6219484810876903, -0.0547573816684539, -0.21443765035574014, 0.23785985328818726, -0.12646741612097356, -0.47815568541100895, -0.17505557667448635, -0.16193193089539926, 0.8048437117522818, 0.9592325240809707, 0.24713767881382775, -0.8336317548582777, 0.46599743519199, 0.357370804957968, 0.6520457340504391, -0.3050973265778887, -0.8822398116837538, 0.2236436329105842, -0.751970763373456, 0.5190590583266628, 0.5888466351532844, -0.18274642650020412, 0.8875950117660911, -0.6524404124894483, 0.8851716994539605]",rhc,relu,False,False,100,[10],0.1,100,7
770,70,0.1908457000972703,1.6117056904504858,1150.0,100,15,"[0.9340596780273533, 0.09446449835144466, 0.9453687199297687, 0.4296319873487293, 0.3954576491945416, -0.5678210088392472, 0.9525489095524835, -0.9875394895908203, -0.4940352752331121, -0.13041693519110842, 0.5587658435875049, -0.6046298507994938, 0.7259864711984445, 0.9668013543506255, -0.6723155171906026, 0.19466788786571843, -0.98202780466489, -0.22685743471274122, -0.9116798841370009, 0.9133059354284718, -0.1277067062404047, 0.8979546135631256, 0.5726119718701219, 0.7325785971633969, -0.6536691570081037, -0.850102825973786, 0.2014854427555386, -0.6640556325631923, 0.4667603350211398, -0.18311227969597055, 0.05581764683584067, 0.875143167901884, 0.043392244889916, -0.7836132342255386, -0.6835531856304011, 0.09040530340642561, 0.04880816013694678, 0.2752204882519873, -0.1970091128194542, 0.2996102180386846, -0.20619999419653467, 0.24783222709644614, 0.5348099341802477, -0.6420521799177383, -0.24884846282491524, 0.005066118653868745, 0.3733341598326916, -0.4926407026772337, 0.10948172588511706, 0.24986168812819542, 0.7910023321122921, -0.27429282313374714, 0.2751141460374733, -0.6171071957620733, -0.004411770765388567, -0.6351091908575863, 0.8367660782795254, -0.13635585731754474, 0.6603762041966925, -0.16644739064327485, 0.8093351774867339, -0.19034956537818792, -0.33765099381775454, 0.14427754054549724, 0.6908872981882266, 0.7220286235061439, 0.19137623413666893, -0.8306767779591795, 0.19453321463834983, -0.5090925828337958, 0.46518689717993555, 0.7893025846334776, 0.0294679418262902, 0.20712702072041278, -0.8698643752343853, 0.08014945928561268, -0.7416264326591246, 0.22912569270066396, -0.2726993059103242, 0.5355160686614915, -0.902931727160895, -0.7803637637643119, 0.36804643024725525, 0.029307394167312983, 0.1432827432294983, 0.6874139879813108, -0.024524721700651453, 0.6202888442522898, 0.020487258589880097, 0.8534413864805024, 0.333855543079252, -0.7025463211318861, -0.27089364934848836, 0.7315498318881986, -0.29942957828896866, -0.6219484810876903, -0.0547573816684539, -0.21443765035574014, 0.23785985328818726, -0.12646741612097356, -0.47815568541100895, -0.17505557667448635, -0.16193193089539926, 0.8048437117522818, 0.9592325240809707, 0.24713767881382775, -0.8336317548582777, 0.46599743519199, 0.357370804957968, 0.6520457340504391, -0.3050973265778887, -0.8822398116837538, 0.2236436329105842, -0.751970763373456, 0.5190590583266628, 0.5888466351532844, -0.18274642650020412, 0.8875950117660911, -0.6524404124894483, 0.8851716994539605]",rhc,relu,False,False,100,[10],0.1,100,7
771,71,0.1941902000689879,1.6117056904504858,1151.0,100,15,"[0.9340596780273533, 0.09446449835144466, 0.9453687199297687, 0.4296319873487293, 0.3954576491945416, -0.5678210088392472, 0.9525489095524835, -0.9875394895908203, -0.4940352752331121, -0.13041693519110842, 0.5587658435875049, -0.6046298507994938, 0.7259864711984445, 0.9668013543506255, -0.6723155171906026, 0.19466788786571843, -0.98202780466489, -0.22685743471274122, -0.9116798841370009, 0.9133059354284718, -0.1277067062404047, 0.8979546135631256, 0.5726119718701219, 0.7325785971633969, -0.6536691570081037, -0.850102825973786, 0.2014854427555386, -0.6640556325631923, 0.4667603350211398, -0.18311227969597055, 0.05581764683584067, 0.875143167901884, 0.043392244889916, -0.7836132342255386, -0.6835531856304011, 0.09040530340642561, 0.04880816013694678, 0.2752204882519873, -0.1970091128194542, 0.2996102180386846, -0.20619999419653467, 0.24783222709644614, 0.5348099341802477, -0.6420521799177383, -0.24884846282491524, 0.005066118653868745, 0.3733341598326916, -0.4926407026772337, 0.10948172588511706, 0.24986168812819542, 0.7910023321122921, -0.27429282313374714, 0.2751141460374733, -0.6171071957620733, -0.004411770765388567, -0.6351091908575863, 0.8367660782795254, -0.13635585731754474, 0.6603762041966925, -0.16644739064327485, 0.8093351774867339, -0.19034956537818792, -0.33765099381775454, 0.14427754054549724, 0.6908872981882266, 0.7220286235061439, 0.19137623413666893, -0.8306767779591795, 0.19453321463834983, -0.5090925828337958, 0.46518689717993555, 0.7893025846334776, 0.0294679418262902, 0.20712702072041278, -0.8698643752343853, 0.08014945928561268, -0.7416264326591246, 0.22912569270066396, -0.2726993059103242, 0.5355160686614915, -0.902931727160895, -0.7803637637643119, 0.36804643024725525, 0.029307394167312983, 0.1432827432294983, 0.6874139879813108, -0.024524721700651453, 0.6202888442522898, 0.020487258589880097, 0.8534413864805024, 0.333855543079252, -0.7025463211318861, -0.27089364934848836, 0.7315498318881986, -0.29942957828896866, -0.6219484810876903, -0.0547573816684539, -0.21443765035574014, 0.23785985328818726, -0.12646741612097356, -0.47815568541100895, -0.17505557667448635, -0.16193193089539926, 0.8048437117522818, 0.9592325240809707, 0.24713767881382775, -0.8336317548582777, 0.46599743519199, 0.357370804957968, 0.6520457340504391, -0.3050973265778887, -0.8822398116837538, 0.2236436329105842, -0.751970763373456, 0.5190590583266628, 0.5888466351532844, -0.18274642650020412, 0.8875950117660911, -0.6524404124894483, 0.8851716994539605]",rhc,relu,False,False,100,[10],0.1,100,7
772,72,0.19706690008752048,1.6117056904504858,1152.0,100,15,"[0.9340596780273533, 0.09446449835144466, 0.9453687199297687, 0.4296319873487293, 0.3954576491945416, -0.5678210088392472, 0.9525489095524835, -0.9875394895908203, -0.4940352752331121, -0.13041693519110842, 0.5587658435875049, -0.6046298507994938, 0.7259864711984445, 0.9668013543506255, -0.6723155171906026, 0.19466788786571843, -0.98202780466489, -0.22685743471274122, -0.9116798841370009, 0.9133059354284718, -0.1277067062404047, 0.8979546135631256, 0.5726119718701219, 0.7325785971633969, -0.6536691570081037, -0.850102825973786, 0.2014854427555386, -0.6640556325631923, 0.4667603350211398, -0.18311227969597055, 0.05581764683584067, 0.875143167901884, 0.043392244889916, -0.7836132342255386, -0.6835531856304011, 0.09040530340642561, 0.04880816013694678, 0.2752204882519873, -0.1970091128194542, 0.2996102180386846, -0.20619999419653467, 0.24783222709644614, 0.5348099341802477, -0.6420521799177383, -0.24884846282491524, 0.005066118653868745, 0.3733341598326916, -0.4926407026772337, 0.10948172588511706, 0.24986168812819542, 0.7910023321122921, -0.27429282313374714, 0.2751141460374733, -0.6171071957620733, -0.004411770765388567, -0.6351091908575863, 0.8367660782795254, -0.13635585731754474, 0.6603762041966925, -0.16644739064327485, 0.8093351774867339, -0.19034956537818792, -0.33765099381775454, 0.14427754054549724, 0.6908872981882266, 0.7220286235061439, 0.19137623413666893, -0.8306767779591795, 0.19453321463834983, -0.5090925828337958, 0.46518689717993555, 0.7893025846334776, 0.0294679418262902, 0.20712702072041278, -0.8698643752343853, 0.08014945928561268, -0.7416264326591246, 0.22912569270066396, -0.2726993059103242, 0.5355160686614915, -0.902931727160895, -0.7803637637643119, 0.36804643024725525, 0.029307394167312983, 0.1432827432294983, 0.6874139879813108, -0.024524721700651453, 0.6202888442522898, 0.020487258589880097, 0.8534413864805024, 0.333855543079252, -0.7025463211318861, -0.27089364934848836, 0.7315498318881986, -0.29942957828896866, -0.6219484810876903, -0.0547573816684539, -0.21443765035574014, 0.23785985328818726, -0.12646741612097356, -0.47815568541100895, -0.17505557667448635, -0.16193193089539926, 0.8048437117522818, 0.9592325240809707, 0.24713767881382775, -0.8336317548582777, 0.46599743519199, 0.357370804957968, 0.6520457340504391, -0.3050973265778887, -0.8822398116837538, 0.2236436329105842, -0.751970763373456, 0.5190590583266628, 0.5888466351532844, -0.18274642650020412, 0.8875950117660911, -0.6524404124894483, 0.8851716994539605]",rhc,relu,False,False,100,[10],0.1,100,7
773,73,0.19875830004457384,1.5907293657479558,1154.0,100,15,"[0.9340596780273533, 0.09446449835144466, 0.9453687199297687, 0.4296319873487293, 0.3954576491945416, -0.5678210088392472, 0.9525489095524835, -0.9875394895908203, -0.4940352752331121, -0.13041693519110842, 0.5587658435875049, -0.6046298507994938, 0.7259864711984445, 0.9668013543506255, -0.6723155171906026, 0.19466788786571843, -0.98202780466489, -0.22685743471274122, -0.9116798841370009, 0.9133059354284718, -0.1277067062404047, 0.8979546135631256, 0.5726119718701219, 0.7325785971633969, -0.6536691570081037, -0.850102825973786, 0.2014854427555386, -0.6640556325631923, 0.4667603350211398, -0.18311227969597055, 0.05581764683584067, 0.875143167901884, 0.043392244889916, -0.7836132342255386, -0.6835531856304011, 0.09040530340642561, 0.04880816013694678, 0.2752204882519873, -0.1970091128194542, 0.2996102180386846, -0.20619999419653467, 0.24783222709644614, 0.5348099341802477, -0.6420521799177383, -0.24884846282491524, 0.005066118653868745, 0.3733341598326916, -0.4926407026772337, 0.10948172588511706, 0.24986168812819542, 0.7910023321122921, -0.27429282313374714, 0.2751141460374733, -0.6171071957620733, -0.004411770765388567, -0.6351091908575863, 0.8367660782795254, -0.13635585731754474, 0.6603762041966925, -0.16644739064327485, 0.8093351774867339, -0.19034956537818792, -0.33765099381775454, 0.14427754054549724, 0.6908872981882266, 0.7220286235061439, 0.19137623413666893, -0.8306767779591795, 0.19453321463834983, -0.5090925828337958, 0.46518689717993555, 0.7893025846334776, 0.0294679418262902, 0.20712702072041278, -0.8698643752343853, 0.08014945928561268, -0.7416264326591246, 0.22912569270066396, -0.2726993059103242, 0.5355160686614915, -0.902931727160895, -0.7803637637643119, 0.36804643024725525, 0.029307394167312983, 0.1432827432294983, 0.6874139879813108, -0.024524721700651453, 0.6202888442522898, 0.020487258589880097, 0.8534413864805024, 0.333855543079252, -0.7025463211318861, -0.27089364934848836, 0.7315498318881986, -0.29942957828896866, -0.6219484810876903, -0.0547573816684539, -0.21443765035574014, 0.23785985328818726, -0.12646741612097356, -0.47815568541100895, -0.17505557667448635, -0.16193193089539926, 0.8048437117522818, 0.9592325240809707, 0.24713767881382775, -0.8336317548582777, 0.46599743519199, 0.357370804957968, 0.6520457340504391, -0.3050973265778887, -0.8822398116837538, 0.2236436329105842, -0.751970763373456, 0.5190590583266628, 0.5888466351532844, -0.18274642650020412, 0.8875950117660911, -0.6524404124894483, 0.8851716994539605]",rhc,relu,False,False,100,[10],0.1,100,7
774,74,0.20192090002819896,1.5907293657479558,1155.0,100,15,"[0.9340596780273533, 0.09446449835144466, 0.9453687199297687, 0.4296319873487293, 0.3954576491945416, -0.5678210088392472, 0.9525489095524835, -0.9875394895908203, -0.4940352752331121, -0.13041693519110842, 0.5587658435875049, -0.6046298507994938, 0.7259864711984445, 0.9668013543506255, -0.6723155171906026, 0.19466788786571843, -0.98202780466489, -0.22685743471274122, -0.9116798841370009, 0.9133059354284718, -0.1277067062404047, 0.8979546135631256, 0.5726119718701219, 0.7325785971633969, -0.6536691570081037, -0.850102825973786, 0.2014854427555386, -0.6640556325631923, 0.4667603350211398, -0.18311227969597055, 0.05581764683584067, 0.875143167901884, 0.043392244889916, -0.7836132342255386, -0.6835531856304011, 0.09040530340642561, 0.04880816013694678, 0.2752204882519873, -0.1970091128194542, 0.2996102180386846, -0.20619999419653467, 0.24783222709644614, 0.5348099341802477, -0.6420521799177383, -0.24884846282491524, 0.005066118653868745, 0.3733341598326916, -0.4926407026772337, 0.10948172588511706, 0.24986168812819542, 0.7910023321122921, -0.27429282313374714, 0.2751141460374733, -0.6171071957620733, -0.004411770765388567, -0.6351091908575863, 0.8367660782795254, -0.13635585731754474, 0.6603762041966925, -0.16644739064327485, 0.8093351774867339, -0.19034956537818792, -0.33765099381775454, 0.14427754054549724, 0.6908872981882266, 0.7220286235061439, 0.19137623413666893, -0.8306767779591795, 0.19453321463834983, -0.5090925828337958, 0.46518689717993555, 0.7893025846334776, 0.0294679418262902, 0.20712702072041278, -0.8698643752343853, 0.08014945928561268, -0.7416264326591246, 0.22912569270066396, -0.2726993059103242, 0.5355160686614915, -0.902931727160895, -0.7803637637643119, 0.36804643024725525, 0.029307394167312983, 0.1432827432294983, 0.6874139879813108, -0.024524721700651453, 0.6202888442522898, 0.020487258589880097, 0.8534413864805024, 0.333855543079252, -0.7025463211318861, -0.27089364934848836, 0.7315498318881986, -0.29942957828896866, -0.6219484810876903, -0.0547573816684539, -0.21443765035574014, 0.23785985328818726, -0.12646741612097356, -0.47815568541100895, -0.17505557667448635, -0.16193193089539926, 0.8048437117522818, 0.9592325240809707, 0.24713767881382775, -0.8336317548582777, 0.46599743519199, 0.357370804957968, 0.6520457340504391, -0.3050973265778887, -0.8822398116837538, 0.2236436329105842, -0.751970763373456, 0.5190590583266628, 0.5888466351532844, -0.18274642650020412, 0.8875950117660911, -0.6524404124894483, 0.8851716994539605]",rhc,relu,False,False,100,[10],0.1,100,7
775,75,0.2034730000887066,1.5907293657479558,1156.0,100,15,"[0.9340596780273533, 0.09446449835144466, 0.9453687199297687, 0.4296319873487293, 0.3954576491945416, -0.5678210088392472, 0.9525489095524835, -0.9875394895908203, -0.4940352752331121, -0.13041693519110842, 0.5587658435875049, -0.6046298507994938, 0.7259864711984445, 0.9668013543506255, -0.6723155171906026, 0.19466788786571843, -0.98202780466489, -0.22685743471274122, -0.9116798841370009, 0.9133059354284718, -0.1277067062404047, 0.8979546135631256, 0.5726119718701219, 0.7325785971633969, -0.6536691570081037, -0.850102825973786, 0.2014854427555386, -0.6640556325631923, 0.4667603350211398, -0.18311227969597055, 0.05581764683584067, 0.875143167901884, 0.043392244889916, -0.7836132342255386, -0.6835531856304011, 0.09040530340642561, 0.04880816013694678, 0.2752204882519873, -0.1970091128194542, 0.2996102180386846, -0.20619999419653467, 0.24783222709644614, 0.5348099341802477, -0.6420521799177383, -0.24884846282491524, 0.005066118653868745, 0.3733341598326916, -0.4926407026772337, 0.10948172588511706, 0.24986168812819542, 0.7910023321122921, -0.27429282313374714, 0.2751141460374733, -0.6171071957620733, -0.004411770765388567, -0.6351091908575863, 0.8367660782795254, -0.13635585731754474, 0.6603762041966925, -0.16644739064327485, 0.8093351774867339, -0.19034956537818792, -0.33765099381775454, 0.14427754054549724, 0.6908872981882266, 0.7220286235061439, 0.19137623413666893, -0.8306767779591795, 0.19453321463834983, -0.5090925828337958, 0.46518689717993555, 0.7893025846334776, 0.0294679418262902, 0.20712702072041278, -0.8698643752343853, 0.08014945928561268, -0.7416264326591246, 0.22912569270066396, -0.2726993059103242, 0.5355160686614915, -0.902931727160895, -0.7803637637643119, 0.36804643024725525, 0.029307394167312983, 0.1432827432294983, 0.6874139879813108, -0.024524721700651453, 0.6202888442522898, 0.020487258589880097, 0.8534413864805024, 0.333855543079252, -0.7025463211318861, -0.27089364934848836, 0.7315498318881986, -0.29942957828896866, -0.6219484810876903, -0.0547573816684539, -0.21443765035574014, 0.23785985328818726, -0.12646741612097356, -0.47815568541100895, -0.17505557667448635, -0.16193193089539926, 0.8048437117522818, 0.9592325240809707, 0.24713767881382775, -0.8336317548582777, 0.46599743519199, 0.357370804957968, 0.6520457340504391, -0.3050973265778887, -0.8822398116837538, 0.2236436329105842, -0.751970763373456, 0.5190590583266628, 0.5888466351532844, -0.18274642650020412, 0.8875950117660911, -0.6524404124894483, 0.8851716994539605]",rhc,relu,False,False,100,[10],0.1,100,7
776,76,0.2065150000853464,1.5907293657479558,1157.0,100,15,"[0.9340596780273533, 0.09446449835144466, 0.9453687199297687, 0.4296319873487293, 0.3954576491945416, -0.5678210088392472, 0.9525489095524835, -0.9875394895908203, -0.4940352752331121, -0.13041693519110842, 0.5587658435875049, -0.6046298507994938, 0.7259864711984445, 0.9668013543506255, -0.6723155171906026, 0.19466788786571843, -0.98202780466489, -0.22685743471274122, -0.9116798841370009, 0.9133059354284718, -0.1277067062404047, 0.8979546135631256, 0.5726119718701219, 0.7325785971633969, -0.6536691570081037, -0.850102825973786, 0.2014854427555386, -0.6640556325631923, 0.4667603350211398, -0.18311227969597055, 0.05581764683584067, 0.875143167901884, 0.043392244889916, -0.7836132342255386, -0.6835531856304011, 0.09040530340642561, 0.04880816013694678, 0.2752204882519873, -0.1970091128194542, 0.2996102180386846, -0.20619999419653467, 0.24783222709644614, 0.5348099341802477, -0.6420521799177383, -0.24884846282491524, 0.005066118653868745, 0.3733341598326916, -0.4926407026772337, 0.10948172588511706, 0.24986168812819542, 0.7910023321122921, -0.27429282313374714, 0.2751141460374733, -0.6171071957620733, -0.004411770765388567, -0.6351091908575863, 0.8367660782795254, -0.13635585731754474, 0.6603762041966925, -0.16644739064327485, 0.8093351774867339, -0.19034956537818792, -0.33765099381775454, 0.14427754054549724, 0.6908872981882266, 0.7220286235061439, 0.19137623413666893, -0.8306767779591795, 0.19453321463834983, -0.5090925828337958, 0.46518689717993555, 0.7893025846334776, 0.0294679418262902, 0.20712702072041278, -0.8698643752343853, 0.08014945928561268, -0.7416264326591246, 0.22912569270066396, -0.2726993059103242, 0.5355160686614915, -0.902931727160895, -0.7803637637643119, 0.36804643024725525, 0.029307394167312983, 0.1432827432294983, 0.6874139879813108, -0.024524721700651453, 0.6202888442522898, 0.020487258589880097, 0.8534413864805024, 0.333855543079252, -0.7025463211318861, -0.27089364934848836, 0.7315498318881986, -0.29942957828896866, -0.6219484810876903, -0.0547573816684539, -0.21443765035574014, 0.23785985328818726, -0.12646741612097356, -0.47815568541100895, -0.17505557667448635, -0.16193193089539926, 0.8048437117522818, 0.9592325240809707, 0.24713767881382775, -0.8336317548582777, 0.46599743519199, 0.357370804957968, 0.6520457340504391, -0.3050973265778887, -0.8822398116837538, 0.2236436329105842, -0.751970763373456, 0.5190590583266628, 0.5888466351532844, -0.18274642650020412, 0.8875950117660911, -0.6524404124894483, 0.8851716994539605]",rhc,relu,False,False,100,[10],0.1,100,7
777,77,0.20961990009527653,1.5907293657479558,1158.0,100,15,"[0.9340596780273533, 0.09446449835144466, 0.9453687199297687, 0.4296319873487293, 0.3954576491945416, -0.5678210088392472, 0.9525489095524835, -0.9875394895908203, -0.4940352752331121, -0.13041693519110842, 0.5587658435875049, -0.6046298507994938, 0.7259864711984445, 0.9668013543506255, -0.6723155171906026, 0.19466788786571843, -0.98202780466489, -0.22685743471274122, -0.9116798841370009, 0.9133059354284718, -0.1277067062404047, 0.8979546135631256, 0.5726119718701219, 0.7325785971633969, -0.6536691570081037, -0.850102825973786, 0.2014854427555386, -0.6640556325631923, 0.4667603350211398, -0.18311227969597055, 0.05581764683584067, 0.875143167901884, 0.043392244889916, -0.7836132342255386, -0.6835531856304011, 0.09040530340642561, 0.04880816013694678, 0.2752204882519873, -0.1970091128194542, 0.2996102180386846, -0.20619999419653467, 0.24783222709644614, 0.5348099341802477, -0.6420521799177383, -0.24884846282491524, 0.005066118653868745, 0.3733341598326916, -0.4926407026772337, 0.10948172588511706, 0.24986168812819542, 0.7910023321122921, -0.27429282313374714, 0.2751141460374733, -0.6171071957620733, -0.004411770765388567, -0.6351091908575863, 0.8367660782795254, -0.13635585731754474, 0.6603762041966925, -0.16644739064327485, 0.8093351774867339, -0.19034956537818792, -0.33765099381775454, 0.14427754054549724, 0.6908872981882266, 0.7220286235061439, 0.19137623413666893, -0.8306767779591795, 0.19453321463834983, -0.5090925828337958, 0.46518689717993555, 0.7893025846334776, 0.0294679418262902, 0.20712702072041278, -0.8698643752343853, 0.08014945928561268, -0.7416264326591246, 0.22912569270066396, -0.2726993059103242, 0.5355160686614915, -0.902931727160895, -0.7803637637643119, 0.36804643024725525, 0.029307394167312983, 0.1432827432294983, 0.6874139879813108, -0.024524721700651453, 0.6202888442522898, 0.020487258589880097, 0.8534413864805024, 0.333855543079252, -0.7025463211318861, -0.27089364934848836, 0.7315498318881986, -0.29942957828896866, -0.6219484810876903, -0.0547573816684539, -0.21443765035574014, 0.23785985328818726, -0.12646741612097356, -0.47815568541100895, -0.17505557667448635, -0.16193193089539926, 0.8048437117522818, 0.9592325240809707, 0.24713767881382775, -0.8336317548582777, 0.46599743519199, 0.357370804957968, 0.6520457340504391, -0.3050973265778887, -0.8822398116837538, 0.2236436329105842, -0.751970763373456, 0.5190590583266628, 0.5888466351532844, -0.18274642650020412, 0.8875950117660911, -0.6524404124894483, 0.8851716994539605]",rhc,relu,False,False,100,[10],0.1,100,7
778,78,0.2124417000450194,1.5806745633731918,1160.0,100,15,"[0.9340596780273533, 0.09446449835144466, 0.9453687199297687, 0.4296319873487293, 0.3954576491945416, -0.5678210088392472, 0.9525489095524835, -0.9875394895908203, -0.4940352752331121, -0.13041693519110842, 0.5587658435875049, -0.6046298507994938, 0.7259864711984445, 0.9668013543506255, -0.6723155171906026, 0.19466788786571843, -0.98202780466489, -0.22685743471274122, -0.9116798841370009, 0.9133059354284718, -0.1277067062404047, 0.8979546135631256, 0.5726119718701219, 0.7325785971633969, -0.6536691570081037, -0.850102825973786, 0.2014854427555386, -0.6640556325631923, 0.4667603350211398, -0.18311227969597055, 0.05581764683584067, 0.875143167901884, 0.043392244889916, -0.7836132342255386, -0.6835531856304011, 0.09040530340642561, 0.04880816013694678, 0.2752204882519873, -0.1970091128194542, 0.2996102180386846, -0.20619999419653467, 0.24783222709644614, 0.5348099341802477, -0.6420521799177383, -0.24884846282491524, 0.005066118653868745, 0.3733341598326916, -0.4926407026772337, 0.10948172588511706, 0.24986168812819542, 0.7910023321122921, -0.27429282313374714, 0.2751141460374733, -0.6171071957620733, -0.004411770765388567, -0.6351091908575863, 0.8367660782795254, -0.13635585731754474, 0.6603762041966925, -0.16644739064327485, 0.8093351774867339, -0.19034956537818792, -0.33765099381775454, 0.14427754054549724, 0.6908872981882266, 0.7220286235061439, 0.19137623413666893, -0.8306767779591795, 0.19453321463834983, -0.5090925828337958, 0.46518689717993555, 0.7893025846334776, 0.0294679418262902, 0.20712702072041278, -0.8698643752343853, 0.08014945928561268, -0.7416264326591246, 0.22912569270066396, -0.2726993059103242, 0.5355160686614915, -0.902931727160895, -0.7803637637643119, 0.36804643024725525, 0.029307394167312983, 0.1432827432294983, 0.6874139879813108, -0.024524721700651453, 0.6202888442522898, 0.020487258589880097, 0.8534413864805024, 0.333855543079252, -0.7025463211318861, -0.27089364934848836, 0.7315498318881986, -0.29942957828896866, -0.6219484810876903, -0.0547573816684539, -0.21443765035574014, 0.23785985328818726, -0.12646741612097356, -0.47815568541100895, -0.17505557667448635, -0.16193193089539926, 0.8048437117522818, 0.9592325240809707, 0.24713767881382775, -0.8336317548582777, 0.46599743519199, 0.357370804957968, 0.6520457340504391, -0.3050973265778887, -0.8822398116837538, 0.2236436329105842, -0.751970763373456, 0.5190590583266628, 0.5888466351532844, -0.18274642650020412, 0.8875950117660911, -0.6524404124894483, 0.8851716994539605]",rhc,relu,False,False,100,[10],0.1,100,7
779,79,0.21469990001060069,1.57669848825657,1162.0,100,15,"[0.9340596780273533, 0.09446449835144466, 0.9453687199297687, 0.4296319873487293, 0.3954576491945416, -0.5678210088392472, 0.9525489095524835, -0.9875394895908203, -0.4940352752331121, -0.13041693519110842, 0.5587658435875049, -0.6046298507994938, 0.7259864711984445, 0.9668013543506255, -0.6723155171906026, 0.19466788786571843, -0.98202780466489, -0.22685743471274122, -0.9116798841370009, 0.9133059354284718, -0.1277067062404047, 0.8979546135631256, 0.5726119718701219, 0.7325785971633969, -0.6536691570081037, -0.850102825973786, 0.2014854427555386, -0.6640556325631923, 0.4667603350211398, -0.18311227969597055, 0.05581764683584067, 0.875143167901884, 0.043392244889916, -0.7836132342255386, -0.6835531856304011, 0.09040530340642561, 0.04880816013694678, 0.2752204882519873, -0.1970091128194542, 0.2996102180386846, -0.20619999419653467, 0.24783222709644614, 0.5348099341802477, -0.6420521799177383, -0.24884846282491524, 0.005066118653868745, 0.3733341598326916, -0.4926407026772337, 0.10948172588511706, 0.24986168812819542, 0.7910023321122921, -0.27429282313374714, 0.2751141460374733, -0.6171071957620733, -0.004411770765388567, -0.6351091908575863, 0.8367660782795254, -0.13635585731754474, 0.6603762041966925, -0.16644739064327485, 0.8093351774867339, -0.19034956537818792, -0.33765099381775454, 0.14427754054549724, 0.6908872981882266, 0.7220286235061439, 0.19137623413666893, -0.8306767779591795, 0.19453321463834983, -0.5090925828337958, 0.46518689717993555, 0.7893025846334776, 0.0294679418262902, 0.20712702072041278, -0.8698643752343853, 0.08014945928561268, -0.7416264326591246, 0.22912569270066396, -0.2726993059103242, 0.5355160686614915, -0.902931727160895, -0.7803637637643119, 0.36804643024725525, 0.029307394167312983, 0.1432827432294983, 0.6874139879813108, -0.024524721700651453, 0.6202888442522898, 0.020487258589880097, 0.8534413864805024, 0.333855543079252, -0.7025463211318861, -0.27089364934848836, 0.7315498318881986, -0.29942957828896866, -0.6219484810876903, -0.0547573816684539, -0.21443765035574014, 0.23785985328818726, -0.12646741612097356, -0.47815568541100895, -0.17505557667448635, -0.16193193089539926, 0.8048437117522818, 0.9592325240809707, 0.24713767881382775, -0.8336317548582777, 0.46599743519199, 0.357370804957968, 0.6520457340504391, -0.3050973265778887, -0.8822398116837538, 0.2236436329105842, -0.751970763373456, 0.5190590583266628, 0.5888466351532844, -0.18274642650020412, 0.8875950117660911, -0.6524404124894483, 0.8851716994539605]",rhc,relu,False,False,100,[10],0.1,100,7
780,80,0.21622890001162887,1.576327647080019,1164.0,100,15,"[0.9340596780273533, 0.09446449835144466, 0.9453687199297687, 0.4296319873487293, 0.3954576491945416, -0.5678210088392472, 0.9525489095524835, -0.9875394895908203, -0.4940352752331121, -0.13041693519110842, 0.5587658435875049, -0.6046298507994938, 0.7259864711984445, 0.9668013543506255, -0.6723155171906026, 0.19466788786571843, -0.98202780466489, -0.22685743471274122, -0.9116798841370009, 0.9133059354284718, -0.1277067062404047, 0.8979546135631256, 0.5726119718701219, 0.7325785971633969, -0.6536691570081037, -0.850102825973786, 0.2014854427555386, -0.6640556325631923, 0.4667603350211398, -0.18311227969597055, 0.05581764683584067, 0.875143167901884, 0.043392244889916, -0.7836132342255386, -0.6835531856304011, 0.09040530340642561, 0.04880816013694678, 0.2752204882519873, -0.1970091128194542, 0.2996102180386846, -0.20619999419653467, 0.24783222709644614, 0.5348099341802477, -0.6420521799177383, -0.24884846282491524, 0.005066118653868745, 0.3733341598326916, -0.4926407026772337, 0.10948172588511706, 0.24986168812819542, 0.7910023321122921, -0.27429282313374714, 0.2751141460374733, -0.6171071957620733, -0.004411770765388567, -0.6351091908575863, 0.8367660782795254, -0.13635585731754474, 0.6603762041966925, -0.16644739064327485, 0.8093351774867339, -0.19034956537818792, -0.33765099381775454, 0.14427754054549724, 0.6908872981882266, 0.7220286235061439, 0.19137623413666893, -0.8306767779591795, 0.19453321463834983, -0.5090925828337958, 0.46518689717993555, 0.7893025846334776, 0.0294679418262902, 0.20712702072041278, -0.8698643752343853, 0.08014945928561268, -0.7416264326591246, 0.22912569270066396, -0.2726993059103242, 0.5355160686614915, -0.902931727160895, -0.7803637637643119, 0.36804643024725525, 0.029307394167312983, 0.1432827432294983, 0.6874139879813108, -0.024524721700651453, 0.6202888442522898, 0.020487258589880097, 0.8534413864805024, 0.333855543079252, -0.7025463211318861, -0.27089364934848836, 0.7315498318881986, -0.29942957828896866, -0.6219484810876903, -0.0547573816684539, -0.21443765035574014, 0.23785985328818726, -0.12646741612097356, -0.47815568541100895, -0.17505557667448635, -0.16193193089539926, 0.8048437117522818, 0.9592325240809707, 0.24713767881382775, -0.8336317548582777, 0.46599743519199, 0.357370804957968, 0.6520457340504391, -0.3050973265778887, -0.8822398116837538, 0.2236436329105842, -0.751970763373456, 0.5190590583266628, 0.5888466351532844, -0.18274642650020412, 0.8875950117660911, -0.6524404124894483, 0.8851716994539605]",rhc,relu,False,False,100,[10],0.1,100,7
781,81,0.21764280006755143,1.555785690922497,1166.0,100,15,"[0.9340596780273533, 0.09446449835144466, 0.9453687199297687, 0.4296319873487293, 0.3954576491945416, -0.5678210088392472, 0.9525489095524835, -0.9875394895908203, -0.4940352752331121, -0.13041693519110842, 0.5587658435875049, -0.6046298507994938, 0.7259864711984445, 0.9668013543506255, -0.6723155171906026, 0.19466788786571843, -0.98202780466489, -0.22685743471274122, -0.9116798841370009, 0.9133059354284718, -0.1277067062404047, 0.8979546135631256, 0.5726119718701219, 0.7325785971633969, -0.6536691570081037, -0.850102825973786, 0.2014854427555386, -0.6640556325631923, 0.4667603350211398, -0.18311227969597055, 0.05581764683584067, 0.875143167901884, 0.043392244889916, -0.7836132342255386, -0.6835531856304011, 0.09040530340642561, 0.04880816013694678, 0.2752204882519873, -0.1970091128194542, 0.2996102180386846, -0.20619999419653467, 0.24783222709644614, 0.5348099341802477, -0.6420521799177383, -0.24884846282491524, 0.005066118653868745, 0.3733341598326916, -0.4926407026772337, 0.10948172588511706, 0.24986168812819542, 0.7910023321122921, -0.27429282313374714, 0.2751141460374733, -0.6171071957620733, -0.004411770765388567, -0.6351091908575863, 0.8367660782795254, -0.13635585731754474, 0.6603762041966925, -0.16644739064327485, 0.8093351774867339, -0.19034956537818792, -0.33765099381775454, 0.14427754054549724, 0.6908872981882266, 0.7220286235061439, 0.19137623413666893, -0.8306767779591795, 0.19453321463834983, -0.5090925828337958, 0.46518689717993555, 0.7893025846334776, 0.0294679418262902, 0.20712702072041278, -0.8698643752343853, 0.08014945928561268, -0.7416264326591246, 0.22912569270066396, -0.2726993059103242, 0.5355160686614915, -0.902931727160895, -0.7803637637643119, 0.36804643024725525, 0.029307394167312983, 0.1432827432294983, 0.6874139879813108, -0.024524721700651453, 0.6202888442522898, 0.020487258589880097, 0.8534413864805024, 0.333855543079252, -0.7025463211318861, -0.27089364934848836, 0.7315498318881986, -0.29942957828896866, -0.6219484810876903, -0.0547573816684539, -0.21443765035574014, 0.23785985328818726, -0.12646741612097356, -0.47815568541100895, -0.17505557667448635, -0.16193193089539926, 0.8048437117522818, 0.9592325240809707, 0.24713767881382775, -0.8336317548582777, 0.46599743519199, 0.357370804957968, 0.6520457340504391, -0.3050973265778887, -0.8822398116837538, 0.2236436329105842, -0.751970763373456, 0.5190590583266628, 0.5888466351532844, -0.18274642650020412, 0.8875950117660911, -0.6524404124894483, 0.8851716994539605]",rhc,relu,False,False,100,[10],0.1,100,7
782,82,0.2193455999949947,1.5477051455272226,1168.0,100,15,"[0.9340596780273533, 0.09446449835144466, 0.9453687199297687, 0.4296319873487293, 0.3954576491945416, -0.5678210088392472, 0.9525489095524835, -0.9875394895908203, -0.4940352752331121, -0.13041693519110842, 0.5587658435875049, -0.6046298507994938, 0.7259864711984445, 0.9668013543506255, -0.6723155171906026, 0.19466788786571843, -0.98202780466489, -0.22685743471274122, -0.9116798841370009, 0.9133059354284718, -0.1277067062404047, 0.8979546135631256, 0.5726119718701219, 0.7325785971633969, -0.6536691570081037, -0.850102825973786, 0.2014854427555386, -0.6640556325631923, 0.4667603350211398, -0.18311227969597055, 0.05581764683584067, 0.875143167901884, 0.043392244889916, -0.7836132342255386, -0.6835531856304011, 0.09040530340642561, 0.04880816013694678, 0.2752204882519873, -0.1970091128194542, 0.2996102180386846, -0.20619999419653467, 0.24783222709644614, 0.5348099341802477, -0.6420521799177383, -0.24884846282491524, 0.005066118653868745, 0.3733341598326916, -0.4926407026772337, 0.10948172588511706, 0.24986168812819542, 0.7910023321122921, -0.27429282313374714, 0.2751141460374733, -0.6171071957620733, -0.004411770765388567, -0.6351091908575863, 0.8367660782795254, -0.13635585731754474, 0.6603762041966925, -0.16644739064327485, 0.8093351774867339, -0.19034956537818792, -0.33765099381775454, 0.14427754054549724, 0.6908872981882266, 0.7220286235061439, 0.19137623413666893, -0.8306767779591795, 0.19453321463834983, -0.5090925828337958, 0.46518689717993555, 0.7893025846334776, 0.0294679418262902, 0.20712702072041278, -0.8698643752343853, 0.08014945928561268, -0.7416264326591246, 0.22912569270066396, -0.2726993059103242, 0.5355160686614915, -0.902931727160895, -0.7803637637643119, 0.36804643024725525, 0.029307394167312983, 0.1432827432294983, 0.6874139879813108, -0.024524721700651453, 0.6202888442522898, 0.020487258589880097, 0.8534413864805024, 0.333855543079252, -0.7025463211318861, -0.27089364934848836, 0.7315498318881986, -0.29942957828896866, -0.6219484810876903, -0.0547573816684539, -0.21443765035574014, 0.23785985328818726, -0.12646741612097356, -0.47815568541100895, -0.17505557667448635, -0.16193193089539926, 0.8048437117522818, 0.9592325240809707, 0.24713767881382775, -0.8336317548582777, 0.46599743519199, 0.357370804957968, 0.6520457340504391, -0.3050973265778887, -0.8822398116837538, 0.2236436329105842, -0.751970763373456, 0.5190590583266628, 0.5888466351532844, -0.18274642650020412, 0.8875950117660911, -0.6524404124894483, 0.8851716994539605]",rhc,relu,False,False,100,[10],0.1,100,7
783,83,0.22115360002499074,1.54570474383832,1170.0,100,15,"[0.9340596780273533, 0.09446449835144466, 0.9453687199297687, 0.4296319873487293, 0.3954576491945416, -0.5678210088392472, 0.9525489095524835, -0.9875394895908203, -0.4940352752331121, -0.13041693519110842, 0.5587658435875049, -0.6046298507994938, 0.7259864711984445, 0.9668013543506255, -0.6723155171906026, 0.19466788786571843, -0.98202780466489, -0.22685743471274122, -0.9116798841370009, 0.9133059354284718, -0.1277067062404047, 0.8979546135631256, 0.5726119718701219, 0.7325785971633969, -0.6536691570081037, -0.850102825973786, 0.2014854427555386, -0.6640556325631923, 0.4667603350211398, -0.18311227969597055, 0.05581764683584067, 0.875143167901884, 0.043392244889916, -0.7836132342255386, -0.6835531856304011, 0.09040530340642561, 0.04880816013694678, 0.2752204882519873, -0.1970091128194542, 0.2996102180386846, -0.20619999419653467, 0.24783222709644614, 0.5348099341802477, -0.6420521799177383, -0.24884846282491524, 0.005066118653868745, 0.3733341598326916, -0.4926407026772337, 0.10948172588511706, 0.24986168812819542, 0.7910023321122921, -0.27429282313374714, 0.2751141460374733, -0.6171071957620733, -0.004411770765388567, -0.6351091908575863, 0.8367660782795254, -0.13635585731754474, 0.6603762041966925, -0.16644739064327485, 0.8093351774867339, -0.19034956537818792, -0.33765099381775454, 0.14427754054549724, 0.6908872981882266, 0.7220286235061439, 0.19137623413666893, -0.8306767779591795, 0.19453321463834983, -0.5090925828337958, 0.46518689717993555, 0.7893025846334776, 0.0294679418262902, 0.20712702072041278, -0.8698643752343853, 0.08014945928561268, -0.7416264326591246, 0.22912569270066396, -0.2726993059103242, 0.5355160686614915, -0.902931727160895, -0.7803637637643119, 0.36804643024725525, 0.029307394167312983, 0.1432827432294983, 0.6874139879813108, -0.024524721700651453, 0.6202888442522898, 0.020487258589880097, 0.8534413864805024, 0.333855543079252, -0.7025463211318861, -0.27089364934848836, 0.7315498318881986, -0.29942957828896866, -0.6219484810876903, -0.0547573816684539, -0.21443765035574014, 0.23785985328818726, -0.12646741612097356, -0.47815568541100895, -0.17505557667448635, -0.16193193089539926, 0.8048437117522818, 0.9592325240809707, 0.24713767881382775, -0.8336317548582777, 0.46599743519199, 0.357370804957968, 0.6520457340504391, -0.3050973265778887, -0.8822398116837538, 0.2236436329105842, -0.751970763373456, 0.5190590583266628, 0.5888466351532844, -0.18274642650020412, 0.8875950117660911, -0.6524404124894483, 0.8851716994539605]",rhc,relu,False,False,100,[10],0.1,100,7
784,84,0.22437200008425862,1.5429502191394078,1172.0,100,15,"[0.9340596780273533, 0.09446449835144466, 0.9453687199297687, 0.4296319873487293, 0.3954576491945416, -0.5678210088392472, 0.9525489095524835, -0.9875394895908203, -0.4940352752331121, -0.13041693519110842, 0.5587658435875049, -0.6046298507994938, 0.7259864711984445, 0.9668013543506255, -0.6723155171906026, 0.19466788786571843, -0.98202780466489, -0.22685743471274122, -0.9116798841370009, 0.9133059354284718, -0.1277067062404047, 0.8979546135631256, 0.5726119718701219, 0.7325785971633969, -0.6536691570081037, -0.850102825973786, 0.2014854427555386, -0.6640556325631923, 0.4667603350211398, -0.18311227969597055, 0.05581764683584067, 0.875143167901884, 0.043392244889916, -0.7836132342255386, -0.6835531856304011, 0.09040530340642561, 0.04880816013694678, 0.2752204882519873, -0.1970091128194542, 0.2996102180386846, -0.20619999419653467, 0.24783222709644614, 0.5348099341802477, -0.6420521799177383, -0.24884846282491524, 0.005066118653868745, 0.3733341598326916, -0.4926407026772337, 0.10948172588511706, 0.24986168812819542, 0.7910023321122921, -0.27429282313374714, 0.2751141460374733, -0.6171071957620733, -0.004411770765388567, -0.6351091908575863, 0.8367660782795254, -0.13635585731754474, 0.6603762041966925, -0.16644739064327485, 0.8093351774867339, -0.19034956537818792, -0.33765099381775454, 0.14427754054549724, 0.6908872981882266, 0.7220286235061439, 0.19137623413666893, -0.8306767779591795, 0.19453321463834983, -0.5090925828337958, 0.46518689717993555, 0.7893025846334776, 0.0294679418262902, 0.20712702072041278, -0.8698643752343853, 0.08014945928561268, -0.7416264326591246, 0.22912569270066396, -0.2726993059103242, 0.5355160686614915, -0.902931727160895, -0.7803637637643119, 0.36804643024725525, 0.029307394167312983, 0.1432827432294983, 0.6874139879813108, -0.024524721700651453, 0.6202888442522898, 0.020487258589880097, 0.8534413864805024, 0.333855543079252, -0.7025463211318861, -0.27089364934848836, 0.7315498318881986, -0.29942957828896866, -0.6219484810876903, -0.0547573816684539, -0.21443765035574014, 0.23785985328818726, -0.12646741612097356, -0.47815568541100895, -0.17505557667448635, -0.16193193089539926, 0.8048437117522818, 0.9592325240809707, 0.24713767881382775, -0.8336317548582777, 0.46599743519199, 0.357370804957968, 0.6520457340504391, -0.3050973265778887, -0.8822398116837538, 0.2236436329105842, -0.751970763373456, 0.5190590583266628, 0.5888466351532844, -0.18274642650020412, 0.8875950117660911, -0.6524404124894483, 0.8851716994539605]",rhc,relu,False,False,100,[10],0.1,100,7
785,85,0.2259537000209093,1.5429502191394078,1173.0,100,15,"[0.9340596780273533, 0.09446449835144466, 0.9453687199297687, 0.4296319873487293, 0.3954576491945416, -0.5678210088392472, 0.9525489095524835, -0.9875394895908203, -0.4940352752331121, -0.13041693519110842, 0.5587658435875049, -0.6046298507994938, 0.7259864711984445, 0.9668013543506255, -0.6723155171906026, 0.19466788786571843, -0.98202780466489, -0.22685743471274122, -0.9116798841370009, 0.9133059354284718, -0.1277067062404047, 0.8979546135631256, 0.5726119718701219, 0.7325785971633969, -0.6536691570081037, -0.850102825973786, 0.2014854427555386, -0.6640556325631923, 0.4667603350211398, -0.18311227969597055, 0.05581764683584067, 0.875143167901884, 0.043392244889916, -0.7836132342255386, -0.6835531856304011, 0.09040530340642561, 0.04880816013694678, 0.2752204882519873, -0.1970091128194542, 0.2996102180386846, -0.20619999419653467, 0.24783222709644614, 0.5348099341802477, -0.6420521799177383, -0.24884846282491524, 0.005066118653868745, 0.3733341598326916, -0.4926407026772337, 0.10948172588511706, 0.24986168812819542, 0.7910023321122921, -0.27429282313374714, 0.2751141460374733, -0.6171071957620733, -0.004411770765388567, -0.6351091908575863, 0.8367660782795254, -0.13635585731754474, 0.6603762041966925, -0.16644739064327485, 0.8093351774867339, -0.19034956537818792, -0.33765099381775454, 0.14427754054549724, 0.6908872981882266, 0.7220286235061439, 0.19137623413666893, -0.8306767779591795, 0.19453321463834983, -0.5090925828337958, 0.46518689717993555, 0.7893025846334776, 0.0294679418262902, 0.20712702072041278, -0.8698643752343853, 0.08014945928561268, -0.7416264326591246, 0.22912569270066396, -0.2726993059103242, 0.5355160686614915, -0.902931727160895, -0.7803637637643119, 0.36804643024725525, 0.029307394167312983, 0.1432827432294983, 0.6874139879813108, -0.024524721700651453, 0.6202888442522898, 0.020487258589880097, 0.8534413864805024, 0.333855543079252, -0.7025463211318861, -0.27089364934848836, 0.7315498318881986, -0.29942957828896866, -0.6219484810876903, -0.0547573816684539, -0.21443765035574014, 0.23785985328818726, -0.12646741612097356, -0.47815568541100895, -0.17505557667448635, -0.16193193089539926, 0.8048437117522818, 0.9592325240809707, 0.24713767881382775, -0.8336317548582777, 0.46599743519199, 0.357370804957968, 0.6520457340504391, -0.3050973265778887, -0.8822398116837538, 0.2236436329105842, -0.751970763373456, 0.5190590583266628, 0.5888466351532844, -0.18274642650020412, 0.8875950117660911, -0.6524404124894483, 0.8851716994539605]",rhc,relu,False,False,100,[10],0.1,100,7
786,86,0.22897670010570437,1.5429502191394078,1174.0,100,15,"[0.9340596780273533, 0.09446449835144466, 0.9453687199297687, 0.4296319873487293, 0.3954576491945416, -0.5678210088392472, 0.9525489095524835, -0.9875394895908203, -0.4940352752331121, -0.13041693519110842, 0.5587658435875049, -0.6046298507994938, 0.7259864711984445, 0.9668013543506255, -0.6723155171906026, 0.19466788786571843, -0.98202780466489, -0.22685743471274122, -0.9116798841370009, 0.9133059354284718, -0.1277067062404047, 0.8979546135631256, 0.5726119718701219, 0.7325785971633969, -0.6536691570081037, -0.850102825973786, 0.2014854427555386, -0.6640556325631923, 0.4667603350211398, -0.18311227969597055, 0.05581764683584067, 0.875143167901884, 0.043392244889916, -0.7836132342255386, -0.6835531856304011, 0.09040530340642561, 0.04880816013694678, 0.2752204882519873, -0.1970091128194542, 0.2996102180386846, -0.20619999419653467, 0.24783222709644614, 0.5348099341802477, -0.6420521799177383, -0.24884846282491524, 0.005066118653868745, 0.3733341598326916, -0.4926407026772337, 0.10948172588511706, 0.24986168812819542, 0.7910023321122921, -0.27429282313374714, 0.2751141460374733, -0.6171071957620733, -0.004411770765388567, -0.6351091908575863, 0.8367660782795254, -0.13635585731754474, 0.6603762041966925, -0.16644739064327485, 0.8093351774867339, -0.19034956537818792, -0.33765099381775454, 0.14427754054549724, 0.6908872981882266, 0.7220286235061439, 0.19137623413666893, -0.8306767779591795, 0.19453321463834983, -0.5090925828337958, 0.46518689717993555, 0.7893025846334776, 0.0294679418262902, 0.20712702072041278, -0.8698643752343853, 0.08014945928561268, -0.7416264326591246, 0.22912569270066396, -0.2726993059103242, 0.5355160686614915, -0.902931727160895, -0.7803637637643119, 0.36804643024725525, 0.029307394167312983, 0.1432827432294983, 0.6874139879813108, -0.024524721700651453, 0.6202888442522898, 0.020487258589880097, 0.8534413864805024, 0.333855543079252, -0.7025463211318861, -0.27089364934848836, 0.7315498318881986, -0.29942957828896866, -0.6219484810876903, -0.0547573816684539, -0.21443765035574014, 0.23785985328818726, -0.12646741612097356, -0.47815568541100895, -0.17505557667448635, -0.16193193089539926, 0.8048437117522818, 0.9592325240809707, 0.24713767881382775, -0.8336317548582777, 0.46599743519199, 0.357370804957968, 0.6520457340504391, -0.3050973265778887, -0.8822398116837538, 0.2236436329105842, -0.751970763373456, 0.5190590583266628, 0.5888466351532844, -0.18274642650020412, 0.8875950117660911, -0.6524404124894483, 0.8851716994539605]",rhc,relu,False,False,100,[10],0.1,100,7
787,87,0.23168840003199875,1.5429502191394078,1175.0,100,15,"[0.9340596780273533, 0.09446449835144466, 0.9453687199297687, 0.4296319873487293, 0.3954576491945416, -0.5678210088392472, 0.9525489095524835, -0.9875394895908203, -0.4940352752331121, -0.13041693519110842, 0.5587658435875049, -0.6046298507994938, 0.7259864711984445, 0.9668013543506255, -0.6723155171906026, 0.19466788786571843, -0.98202780466489, -0.22685743471274122, -0.9116798841370009, 0.9133059354284718, -0.1277067062404047, 0.8979546135631256, 0.5726119718701219, 0.7325785971633969, -0.6536691570081037, -0.850102825973786, 0.2014854427555386, -0.6640556325631923, 0.4667603350211398, -0.18311227969597055, 0.05581764683584067, 0.875143167901884, 0.043392244889916, -0.7836132342255386, -0.6835531856304011, 0.09040530340642561, 0.04880816013694678, 0.2752204882519873, -0.1970091128194542, 0.2996102180386846, -0.20619999419653467, 0.24783222709644614, 0.5348099341802477, -0.6420521799177383, -0.24884846282491524, 0.005066118653868745, 0.3733341598326916, -0.4926407026772337, 0.10948172588511706, 0.24986168812819542, 0.7910023321122921, -0.27429282313374714, 0.2751141460374733, -0.6171071957620733, -0.004411770765388567, -0.6351091908575863, 0.8367660782795254, -0.13635585731754474, 0.6603762041966925, -0.16644739064327485, 0.8093351774867339, -0.19034956537818792, -0.33765099381775454, 0.14427754054549724, 0.6908872981882266, 0.7220286235061439, 0.19137623413666893, -0.8306767779591795, 0.19453321463834983, -0.5090925828337958, 0.46518689717993555, 0.7893025846334776, 0.0294679418262902, 0.20712702072041278, -0.8698643752343853, 0.08014945928561268, -0.7416264326591246, 0.22912569270066396, -0.2726993059103242, 0.5355160686614915, -0.902931727160895, -0.7803637637643119, 0.36804643024725525, 0.029307394167312983, 0.1432827432294983, 0.6874139879813108, -0.024524721700651453, 0.6202888442522898, 0.020487258589880097, 0.8534413864805024, 0.333855543079252, -0.7025463211318861, -0.27089364934848836, 0.7315498318881986, -0.29942957828896866, -0.6219484810876903, -0.0547573816684539, -0.21443765035574014, 0.23785985328818726, -0.12646741612097356, -0.47815568541100895, -0.17505557667448635, -0.16193193089539926, 0.8048437117522818, 0.9592325240809707, 0.24713767881382775, -0.8336317548582777, 0.46599743519199, 0.357370804957968, 0.6520457340504391, -0.3050973265778887, -0.8822398116837538, 0.2236436329105842, -0.751970763373456, 0.5190590583266628, 0.5888466351532844, -0.18274642650020412, 0.8875950117660911, -0.6524404124894483, 0.8851716994539605]",rhc,relu,False,False,100,[10],0.1,100,7
788,88,0.23309100000187755,1.535275667425656,1177.0,100,15,"[0.9340596780273533, 0.09446449835144466, 0.9453687199297687, 0.4296319873487293, 0.3954576491945416, -0.5678210088392472, 0.9525489095524835, -0.9875394895908203, -0.4940352752331121, -0.13041693519110842, 0.5587658435875049, -0.6046298507994938, 0.7259864711984445, 0.9668013543506255, -0.6723155171906026, 0.19466788786571843, -0.98202780466489, -0.22685743471274122, -0.9116798841370009, 0.9133059354284718, -0.1277067062404047, 0.8979546135631256, 0.5726119718701219, 0.7325785971633969, -0.6536691570081037, -0.850102825973786, 0.2014854427555386, -0.6640556325631923, 0.4667603350211398, -0.18311227969597055, 0.05581764683584067, 0.875143167901884, 0.043392244889916, -0.7836132342255386, -0.6835531856304011, 0.09040530340642561, 0.04880816013694678, 0.2752204882519873, -0.1970091128194542, 0.2996102180386846, -0.20619999419653467, 0.24783222709644614, 0.5348099341802477, -0.6420521799177383, -0.24884846282491524, 0.005066118653868745, 0.3733341598326916, -0.4926407026772337, 0.10948172588511706, 0.24986168812819542, 0.7910023321122921, -0.27429282313374714, 0.2751141460374733, -0.6171071957620733, -0.004411770765388567, -0.6351091908575863, 0.8367660782795254, -0.13635585731754474, 0.6603762041966925, -0.16644739064327485, 0.8093351774867339, -0.19034956537818792, -0.33765099381775454, 0.14427754054549724, 0.6908872981882266, 0.7220286235061439, 0.19137623413666893, -0.8306767779591795, 0.19453321463834983, -0.5090925828337958, 0.46518689717993555, 0.7893025846334776, 0.0294679418262902, 0.20712702072041278, -0.8698643752343853, 0.08014945928561268, -0.7416264326591246, 0.22912569270066396, -0.2726993059103242, 0.5355160686614915, -0.902931727160895, -0.7803637637643119, 0.36804643024725525, 0.029307394167312983, 0.1432827432294983, 0.6874139879813108, -0.024524721700651453, 0.6202888442522898, 0.020487258589880097, 0.8534413864805024, 0.333855543079252, -0.7025463211318861, -0.27089364934848836, 0.7315498318881986, -0.29942957828896866, -0.6219484810876903, -0.0547573816684539, -0.21443765035574014, 0.23785985328818726, -0.12646741612097356, -0.47815568541100895, -0.17505557667448635, -0.16193193089539926, 0.8048437117522818, 0.9592325240809707, 0.24713767881382775, -0.8336317548582777, 0.46599743519199, 0.357370804957968, 0.6520457340504391, -0.3050973265778887, -0.8822398116837538, 0.2236436329105842, -0.751970763373456, 0.5190590583266628, 0.5888466351532844, -0.18274642650020412, 0.8875950117660911, -0.6524404124894483, 0.8851716994539605]",rhc,relu,False,False,100,[10],0.1,100,7
789,89,0.23613770003430545,1.535275667425656,1178.0,100,15,"[0.9340596780273533, 0.09446449835144466, 0.9453687199297687, 0.4296319873487293, 0.3954576491945416, -0.5678210088392472, 0.9525489095524835, -0.9875394895908203, -0.4940352752331121, -0.13041693519110842, 0.5587658435875049, -0.6046298507994938, 0.7259864711984445, 0.9668013543506255, -0.6723155171906026, 0.19466788786571843, -0.98202780466489, -0.22685743471274122, -0.9116798841370009, 0.9133059354284718, -0.1277067062404047, 0.8979546135631256, 0.5726119718701219, 0.7325785971633969, -0.6536691570081037, -0.850102825973786, 0.2014854427555386, -0.6640556325631923, 0.4667603350211398, -0.18311227969597055, 0.05581764683584067, 0.875143167901884, 0.043392244889916, -0.7836132342255386, -0.6835531856304011, 0.09040530340642561, 0.04880816013694678, 0.2752204882519873, -0.1970091128194542, 0.2996102180386846, -0.20619999419653467, 0.24783222709644614, 0.5348099341802477, -0.6420521799177383, -0.24884846282491524, 0.005066118653868745, 0.3733341598326916, -0.4926407026772337, 0.10948172588511706, 0.24986168812819542, 0.7910023321122921, -0.27429282313374714, 0.2751141460374733, -0.6171071957620733, -0.004411770765388567, -0.6351091908575863, 0.8367660782795254, -0.13635585731754474, 0.6603762041966925, -0.16644739064327485, 0.8093351774867339, -0.19034956537818792, -0.33765099381775454, 0.14427754054549724, 0.6908872981882266, 0.7220286235061439, 0.19137623413666893, -0.8306767779591795, 0.19453321463834983, -0.5090925828337958, 0.46518689717993555, 0.7893025846334776, 0.0294679418262902, 0.20712702072041278, -0.8698643752343853, 0.08014945928561268, -0.7416264326591246, 0.22912569270066396, -0.2726993059103242, 0.5355160686614915, -0.902931727160895, -0.7803637637643119, 0.36804643024725525, 0.029307394167312983, 0.1432827432294983, 0.6874139879813108, -0.024524721700651453, 0.6202888442522898, 0.020487258589880097, 0.8534413864805024, 0.333855543079252, -0.7025463211318861, -0.27089364934848836, 0.7315498318881986, -0.29942957828896866, -0.6219484810876903, -0.0547573816684539, -0.21443765035574014, 0.23785985328818726, -0.12646741612097356, -0.47815568541100895, -0.17505557667448635, -0.16193193089539926, 0.8048437117522818, 0.9592325240809707, 0.24713767881382775, -0.8336317548582777, 0.46599743519199, 0.357370804957968, 0.6520457340504391, -0.3050973265778887, -0.8822398116837538, 0.2236436329105842, -0.751970763373456, 0.5190590583266628, 0.5888466351532844, -0.18274642650020412, 0.8875950117660911, -0.6524404124894483, 0.8851716994539605]",rhc,relu,False,False,100,[10],0.1,100,7
790,90,0.23915060004219413,1.535275667425656,1179.0,100,15,"[0.9340596780273533, 0.09446449835144466, 0.9453687199297687, 0.4296319873487293, 0.3954576491945416, -0.5678210088392472, 0.9525489095524835, -0.9875394895908203, -0.4940352752331121, -0.13041693519110842, 0.5587658435875049, -0.6046298507994938, 0.7259864711984445, 0.9668013543506255, -0.6723155171906026, 0.19466788786571843, -0.98202780466489, -0.22685743471274122, -0.9116798841370009, 0.9133059354284718, -0.1277067062404047, 0.8979546135631256, 0.5726119718701219, 0.7325785971633969, -0.6536691570081037, -0.850102825973786, 0.2014854427555386, -0.6640556325631923, 0.4667603350211398, -0.18311227969597055, 0.05581764683584067, 0.875143167901884, 0.043392244889916, -0.7836132342255386, -0.6835531856304011, 0.09040530340642561, 0.04880816013694678, 0.2752204882519873, -0.1970091128194542, 0.2996102180386846, -0.20619999419653467, 0.24783222709644614, 0.5348099341802477, -0.6420521799177383, -0.24884846282491524, 0.005066118653868745, 0.3733341598326916, -0.4926407026772337, 0.10948172588511706, 0.24986168812819542, 0.7910023321122921, -0.27429282313374714, 0.2751141460374733, -0.6171071957620733, -0.004411770765388567, -0.6351091908575863, 0.8367660782795254, -0.13635585731754474, 0.6603762041966925, -0.16644739064327485, 0.8093351774867339, -0.19034956537818792, -0.33765099381775454, 0.14427754054549724, 0.6908872981882266, 0.7220286235061439, 0.19137623413666893, -0.8306767779591795, 0.19453321463834983, -0.5090925828337958, 0.46518689717993555, 0.7893025846334776, 0.0294679418262902, 0.20712702072041278, -0.8698643752343853, 0.08014945928561268, -0.7416264326591246, 0.22912569270066396, -0.2726993059103242, 0.5355160686614915, -0.902931727160895, -0.7803637637643119, 0.36804643024725525, 0.029307394167312983, 0.1432827432294983, 0.6874139879813108, -0.024524721700651453, 0.6202888442522898, 0.020487258589880097, 0.8534413864805024, 0.333855543079252, -0.7025463211318861, -0.27089364934848836, 0.7315498318881986, -0.29942957828896866, -0.6219484810876903, -0.0547573816684539, -0.21443765035574014, 0.23785985328818726, -0.12646741612097356, -0.47815568541100895, -0.17505557667448635, -0.16193193089539926, 0.8048437117522818, 0.9592325240809707, 0.24713767881382775, -0.8336317548582777, 0.46599743519199, 0.357370804957968, 0.6520457340504391, -0.3050973265778887, -0.8822398116837538, 0.2236436329105842, -0.751970763373456, 0.5190590583266628, 0.5888466351532844, -0.18274642650020412, 0.8875950117660911, -0.6524404124894483, 0.8851716994539605]",rhc,relu,False,False,100,[10],0.1,100,7
791,91,0.24208670004736632,1.535275667425656,1180.0,100,15,"[0.9340596780273533, 0.09446449835144466, 0.9453687199297687, 0.4296319873487293, 0.3954576491945416, -0.5678210088392472, 0.9525489095524835, -0.9875394895908203, -0.4940352752331121, -0.13041693519110842, 0.5587658435875049, -0.6046298507994938, 0.7259864711984445, 0.9668013543506255, -0.6723155171906026, 0.19466788786571843, -0.98202780466489, -0.22685743471274122, -0.9116798841370009, 0.9133059354284718, -0.1277067062404047, 0.8979546135631256, 0.5726119718701219, 0.7325785971633969, -0.6536691570081037, -0.850102825973786, 0.2014854427555386, -0.6640556325631923, 0.4667603350211398, -0.18311227969597055, 0.05581764683584067, 0.875143167901884, 0.043392244889916, -0.7836132342255386, -0.6835531856304011, 0.09040530340642561, 0.04880816013694678, 0.2752204882519873, -0.1970091128194542, 0.2996102180386846, -0.20619999419653467, 0.24783222709644614, 0.5348099341802477, -0.6420521799177383, -0.24884846282491524, 0.005066118653868745, 0.3733341598326916, -0.4926407026772337, 0.10948172588511706, 0.24986168812819542, 0.7910023321122921, -0.27429282313374714, 0.2751141460374733, -0.6171071957620733, -0.004411770765388567, -0.6351091908575863, 0.8367660782795254, -0.13635585731754474, 0.6603762041966925, -0.16644739064327485, 0.8093351774867339, -0.19034956537818792, -0.33765099381775454, 0.14427754054549724, 0.6908872981882266, 0.7220286235061439, 0.19137623413666893, -0.8306767779591795, 0.19453321463834983, -0.5090925828337958, 0.46518689717993555, 0.7893025846334776, 0.0294679418262902, 0.20712702072041278, -0.8698643752343853, 0.08014945928561268, -0.7416264326591246, 0.22912569270066396, -0.2726993059103242, 0.5355160686614915, -0.902931727160895, -0.7803637637643119, 0.36804643024725525, 0.029307394167312983, 0.1432827432294983, 0.6874139879813108, -0.024524721700651453, 0.6202888442522898, 0.020487258589880097, 0.8534413864805024, 0.333855543079252, -0.7025463211318861, -0.27089364934848836, 0.7315498318881986, -0.29942957828896866, -0.6219484810876903, -0.0547573816684539, -0.21443765035574014, 0.23785985328818726, -0.12646741612097356, -0.47815568541100895, -0.17505557667448635, -0.16193193089539926, 0.8048437117522818, 0.9592325240809707, 0.24713767881382775, -0.8336317548582777, 0.46599743519199, 0.357370804957968, 0.6520457340504391, -0.3050973265778887, -0.8822398116837538, 0.2236436329105842, -0.751970763373456, 0.5190590583266628, 0.5888466351532844, -0.18274642650020412, 0.8875950117660911, -0.6524404124894483, 0.8851716994539605]",rhc,relu,False,False,100,[10],0.1,100,7
792,92,0.24406210007146,1.5316310958896433,1182.0,100,15,"[0.9340596780273533, 0.09446449835144466, 0.9453687199297687, 0.4296319873487293, 0.3954576491945416, -0.5678210088392472, 0.9525489095524835, -0.9875394895908203, -0.4940352752331121, -0.13041693519110842, 0.5587658435875049, -0.6046298507994938, 0.7259864711984445, 0.9668013543506255, -0.6723155171906026, 0.19466788786571843, -0.98202780466489, -0.22685743471274122, -0.9116798841370009, 0.9133059354284718, -0.1277067062404047, 0.8979546135631256, 0.5726119718701219, 0.7325785971633969, -0.6536691570081037, -0.850102825973786, 0.2014854427555386, -0.6640556325631923, 0.4667603350211398, -0.18311227969597055, 0.05581764683584067, 0.875143167901884, 0.043392244889916, -0.7836132342255386, -0.6835531856304011, 0.09040530340642561, 0.04880816013694678, 0.2752204882519873, -0.1970091128194542, 0.2996102180386846, -0.20619999419653467, 0.24783222709644614, 0.5348099341802477, -0.6420521799177383, -0.24884846282491524, 0.005066118653868745, 0.3733341598326916, -0.4926407026772337, 0.10948172588511706, 0.24986168812819542, 0.7910023321122921, -0.27429282313374714, 0.2751141460374733, -0.6171071957620733, -0.004411770765388567, -0.6351091908575863, 0.8367660782795254, -0.13635585731754474, 0.6603762041966925, -0.16644739064327485, 0.8093351774867339, -0.19034956537818792, -0.33765099381775454, 0.14427754054549724, 0.6908872981882266, 0.7220286235061439, 0.19137623413666893, -0.8306767779591795, 0.19453321463834983, -0.5090925828337958, 0.46518689717993555, 0.7893025846334776, 0.0294679418262902, 0.20712702072041278, -0.8698643752343853, 0.08014945928561268, -0.7416264326591246, 0.22912569270066396, -0.2726993059103242, 0.5355160686614915, -0.902931727160895, -0.7803637637643119, 0.36804643024725525, 0.029307394167312983, 0.1432827432294983, 0.6874139879813108, -0.024524721700651453, 0.6202888442522898, 0.020487258589880097, 0.8534413864805024, 0.333855543079252, -0.7025463211318861, -0.27089364934848836, 0.7315498318881986, -0.29942957828896866, -0.6219484810876903, -0.0547573816684539, -0.21443765035574014, 0.23785985328818726, -0.12646741612097356, -0.47815568541100895, -0.17505557667448635, -0.16193193089539926, 0.8048437117522818, 0.9592325240809707, 0.24713767881382775, -0.8336317548582777, 0.46599743519199, 0.357370804957968, 0.6520457340504391, -0.3050973265778887, -0.8822398116837538, 0.2236436329105842, -0.751970763373456, 0.5190590583266628, 0.5888466351532844, -0.18274642650020412, 0.8875950117660911, -0.6524404124894483, 0.8851716994539605]",rhc,relu,False,False,100,[10],0.1,100,7
793,93,0.2456533000804484,1.5316310958896433,1183.0,100,15,"[0.9340596780273533, 0.09446449835144466, 0.9453687199297687, 0.4296319873487293, 0.3954576491945416, -0.5678210088392472, 0.9525489095524835, -0.9875394895908203, -0.4940352752331121, -0.13041693519110842, 0.5587658435875049, -0.6046298507994938, 0.7259864711984445, 0.9668013543506255, -0.6723155171906026, 0.19466788786571843, -0.98202780466489, -0.22685743471274122, -0.9116798841370009, 0.9133059354284718, -0.1277067062404047, 0.8979546135631256, 0.5726119718701219, 0.7325785971633969, -0.6536691570081037, -0.850102825973786, 0.2014854427555386, -0.6640556325631923, 0.4667603350211398, -0.18311227969597055, 0.05581764683584067, 0.875143167901884, 0.043392244889916, -0.7836132342255386, -0.6835531856304011, 0.09040530340642561, 0.04880816013694678, 0.2752204882519873, -0.1970091128194542, 0.2996102180386846, -0.20619999419653467, 0.24783222709644614, 0.5348099341802477, -0.6420521799177383, -0.24884846282491524, 0.005066118653868745, 0.3733341598326916, -0.4926407026772337, 0.10948172588511706, 0.24986168812819542, 0.7910023321122921, -0.27429282313374714, 0.2751141460374733, -0.6171071957620733, -0.004411770765388567, -0.6351091908575863, 0.8367660782795254, -0.13635585731754474, 0.6603762041966925, -0.16644739064327485, 0.8093351774867339, -0.19034956537818792, -0.33765099381775454, 0.14427754054549724, 0.6908872981882266, 0.7220286235061439, 0.19137623413666893, -0.8306767779591795, 0.19453321463834983, -0.5090925828337958, 0.46518689717993555, 0.7893025846334776, 0.0294679418262902, 0.20712702072041278, -0.8698643752343853, 0.08014945928561268, -0.7416264326591246, 0.22912569270066396, -0.2726993059103242, 0.5355160686614915, -0.902931727160895, -0.7803637637643119, 0.36804643024725525, 0.029307394167312983, 0.1432827432294983, 0.6874139879813108, -0.024524721700651453, 0.6202888442522898, 0.020487258589880097, 0.8534413864805024, 0.333855543079252, -0.7025463211318861, -0.27089364934848836, 0.7315498318881986, -0.29942957828896866, -0.6219484810876903, -0.0547573816684539, -0.21443765035574014, 0.23785985328818726, -0.12646741612097356, -0.47815568541100895, -0.17505557667448635, -0.16193193089539926, 0.8048437117522818, 0.9592325240809707, 0.24713767881382775, -0.8336317548582777, 0.46599743519199, 0.357370804957968, 0.6520457340504391, -0.3050973265778887, -0.8822398116837538, 0.2236436329105842, -0.751970763373456, 0.5190590583266628, 0.5888466351532844, -0.18274642650020412, 0.8875950117660911, -0.6524404124894483, 0.8851716994539605]",rhc,relu,False,False,100,[10],0.1,100,7
794,94,0.24860799999441952,1.5316310958896433,1184.0,100,15,"[0.9340596780273533, 0.09446449835144466, 0.9453687199297687, 0.4296319873487293, 0.3954576491945416, -0.5678210088392472, 0.9525489095524835, -0.9875394895908203, -0.4940352752331121, -0.13041693519110842, 0.5587658435875049, -0.6046298507994938, 0.7259864711984445, 0.9668013543506255, -0.6723155171906026, 0.19466788786571843, -0.98202780466489, -0.22685743471274122, -0.9116798841370009, 0.9133059354284718, -0.1277067062404047, 0.8979546135631256, 0.5726119718701219, 0.7325785971633969, -0.6536691570081037, -0.850102825973786, 0.2014854427555386, -0.6640556325631923, 0.4667603350211398, -0.18311227969597055, 0.05581764683584067, 0.875143167901884, 0.043392244889916, -0.7836132342255386, -0.6835531856304011, 0.09040530340642561, 0.04880816013694678, 0.2752204882519873, -0.1970091128194542, 0.2996102180386846, -0.20619999419653467, 0.24783222709644614, 0.5348099341802477, -0.6420521799177383, -0.24884846282491524, 0.005066118653868745, 0.3733341598326916, -0.4926407026772337, 0.10948172588511706, 0.24986168812819542, 0.7910023321122921, -0.27429282313374714, 0.2751141460374733, -0.6171071957620733, -0.004411770765388567, -0.6351091908575863, 0.8367660782795254, -0.13635585731754474, 0.6603762041966925, -0.16644739064327485, 0.8093351774867339, -0.19034956537818792, -0.33765099381775454, 0.14427754054549724, 0.6908872981882266, 0.7220286235061439, 0.19137623413666893, -0.8306767779591795, 0.19453321463834983, -0.5090925828337958, 0.46518689717993555, 0.7893025846334776, 0.0294679418262902, 0.20712702072041278, -0.8698643752343853, 0.08014945928561268, -0.7416264326591246, 0.22912569270066396, -0.2726993059103242, 0.5355160686614915, -0.902931727160895, -0.7803637637643119, 0.36804643024725525, 0.029307394167312983, 0.1432827432294983, 0.6874139879813108, -0.024524721700651453, 0.6202888442522898, 0.020487258589880097, 0.8534413864805024, 0.333855543079252, -0.7025463211318861, -0.27089364934848836, 0.7315498318881986, -0.29942957828896866, -0.6219484810876903, -0.0547573816684539, -0.21443765035574014, 0.23785985328818726, -0.12646741612097356, -0.47815568541100895, -0.17505557667448635, -0.16193193089539926, 0.8048437117522818, 0.9592325240809707, 0.24713767881382775, -0.8336317548582777, 0.46599743519199, 0.357370804957968, 0.6520457340504391, -0.3050973265778887, -0.8822398116837538, 0.2236436329105842, -0.751970763373456, 0.5190590583266628, 0.5888466351532844, -0.18274642650020412, 0.8875950117660911, -0.6524404124894483, 0.8851716994539605]",rhc,relu,False,False,100,[10],0.1,100,7
795,95,0.25007430010009557,1.5316310958896433,1185.0,100,15,"[0.9340596780273533, 0.09446449835144466, 0.9453687199297687, 0.4296319873487293, 0.3954576491945416, -0.5678210088392472, 0.9525489095524835, -0.9875394895908203, -0.4940352752331121, -0.13041693519110842, 0.5587658435875049, -0.6046298507994938, 0.7259864711984445, 0.9668013543506255, -0.6723155171906026, 0.19466788786571843, -0.98202780466489, -0.22685743471274122, -0.9116798841370009, 0.9133059354284718, -0.1277067062404047, 0.8979546135631256, 0.5726119718701219, 0.7325785971633969, -0.6536691570081037, -0.850102825973786, 0.2014854427555386, -0.6640556325631923, 0.4667603350211398, -0.18311227969597055, 0.05581764683584067, 0.875143167901884, 0.043392244889916, -0.7836132342255386, -0.6835531856304011, 0.09040530340642561, 0.04880816013694678, 0.2752204882519873, -0.1970091128194542, 0.2996102180386846, -0.20619999419653467, 0.24783222709644614, 0.5348099341802477, -0.6420521799177383, -0.24884846282491524, 0.005066118653868745, 0.3733341598326916, -0.4926407026772337, 0.10948172588511706, 0.24986168812819542, 0.7910023321122921, -0.27429282313374714, 0.2751141460374733, -0.6171071957620733, -0.004411770765388567, -0.6351091908575863, 0.8367660782795254, -0.13635585731754474, 0.6603762041966925, -0.16644739064327485, 0.8093351774867339, -0.19034956537818792, -0.33765099381775454, 0.14427754054549724, 0.6908872981882266, 0.7220286235061439, 0.19137623413666893, -0.8306767779591795, 0.19453321463834983, -0.5090925828337958, 0.46518689717993555, 0.7893025846334776, 0.0294679418262902, 0.20712702072041278, -0.8698643752343853, 0.08014945928561268, -0.7416264326591246, 0.22912569270066396, -0.2726993059103242, 0.5355160686614915, -0.902931727160895, -0.7803637637643119, 0.36804643024725525, 0.029307394167312983, 0.1432827432294983, 0.6874139879813108, -0.024524721700651453, 0.6202888442522898, 0.020487258589880097, 0.8534413864805024, 0.333855543079252, -0.7025463211318861, -0.27089364934848836, 0.7315498318881986, -0.29942957828896866, -0.6219484810876903, -0.0547573816684539, -0.21443765035574014, 0.23785985328818726, -0.12646741612097356, -0.47815568541100895, -0.17505557667448635, -0.16193193089539926, 0.8048437117522818, 0.9592325240809707, 0.24713767881382775, -0.8336317548582777, 0.46599743519199, 0.357370804957968, 0.6520457340504391, -0.3050973265778887, -0.8822398116837538, 0.2236436329105842, -0.751970763373456, 0.5190590583266628, 0.5888466351532844, -0.18274642650020412, 0.8875950117660911, -0.6524404124894483, 0.8851716994539605]",rhc,relu,False,False,100,[10],0.1,100,7
796,96,0.253057699999772,1.5316310958896433,1186.0,100,15,"[0.9340596780273533, 0.09446449835144466, 0.9453687199297687, 0.4296319873487293, 0.3954576491945416, -0.5678210088392472, 0.9525489095524835, -0.9875394895908203, -0.4940352752331121, -0.13041693519110842, 0.5587658435875049, -0.6046298507994938, 0.7259864711984445, 0.9668013543506255, -0.6723155171906026, 0.19466788786571843, -0.98202780466489, -0.22685743471274122, -0.9116798841370009, 0.9133059354284718, -0.1277067062404047, 0.8979546135631256, 0.5726119718701219, 0.7325785971633969, -0.6536691570081037, -0.850102825973786, 0.2014854427555386, -0.6640556325631923, 0.4667603350211398, -0.18311227969597055, 0.05581764683584067, 0.875143167901884, 0.043392244889916, -0.7836132342255386, -0.6835531856304011, 0.09040530340642561, 0.04880816013694678, 0.2752204882519873, -0.1970091128194542, 0.2996102180386846, -0.20619999419653467, 0.24783222709644614, 0.5348099341802477, -0.6420521799177383, -0.24884846282491524, 0.005066118653868745, 0.3733341598326916, -0.4926407026772337, 0.10948172588511706, 0.24986168812819542, 0.7910023321122921, -0.27429282313374714, 0.2751141460374733, -0.6171071957620733, -0.004411770765388567, -0.6351091908575863, 0.8367660782795254, -0.13635585731754474, 0.6603762041966925, -0.16644739064327485, 0.8093351774867339, -0.19034956537818792, -0.33765099381775454, 0.14427754054549724, 0.6908872981882266, 0.7220286235061439, 0.19137623413666893, -0.8306767779591795, 0.19453321463834983, -0.5090925828337958, 0.46518689717993555, 0.7893025846334776, 0.0294679418262902, 0.20712702072041278, -0.8698643752343853, 0.08014945928561268, -0.7416264326591246, 0.22912569270066396, -0.2726993059103242, 0.5355160686614915, -0.902931727160895, -0.7803637637643119, 0.36804643024725525, 0.029307394167312983, 0.1432827432294983, 0.6874139879813108, -0.024524721700651453, 0.6202888442522898, 0.020487258589880097, 0.8534413864805024, 0.333855543079252, -0.7025463211318861, -0.27089364934848836, 0.7315498318881986, -0.29942957828896866, -0.6219484810876903, -0.0547573816684539, -0.21443765035574014, 0.23785985328818726, -0.12646741612097356, -0.47815568541100895, -0.17505557667448635, -0.16193193089539926, 0.8048437117522818, 0.9592325240809707, 0.24713767881382775, -0.8336317548582777, 0.46599743519199, 0.357370804957968, 0.6520457340504391, -0.3050973265778887, -0.8822398116837538, 0.2236436329105842, -0.751970763373456, 0.5190590583266628, 0.5888466351532844, -0.18274642650020412, 0.8875950117660911, -0.6524404124894483, 0.8851716994539605]",rhc,relu,False,False,100,[10],0.1,100,7
797,97,0.2544917000923306,1.5313139740138744,1188.0,100,15,"[0.9340596780273533, 0.09446449835144466, 0.9453687199297687, 0.4296319873487293, 0.3954576491945416, -0.5678210088392472, 0.9525489095524835, -0.9875394895908203, -0.4940352752331121, -0.13041693519110842, 0.5587658435875049, -0.6046298507994938, 0.7259864711984445, 0.9668013543506255, -0.6723155171906026, 0.19466788786571843, -0.98202780466489, -0.22685743471274122, -0.9116798841370009, 0.9133059354284718, -0.1277067062404047, 0.8979546135631256, 0.5726119718701219, 0.7325785971633969, -0.6536691570081037, -0.850102825973786, 0.2014854427555386, -0.6640556325631923, 0.4667603350211398, -0.18311227969597055, 0.05581764683584067, 0.875143167901884, 0.043392244889916, -0.7836132342255386, -0.6835531856304011, 0.09040530340642561, 0.04880816013694678, 0.2752204882519873, -0.1970091128194542, 0.2996102180386846, -0.20619999419653467, 0.24783222709644614, 0.5348099341802477, -0.6420521799177383, -0.24884846282491524, 0.005066118653868745, 0.3733341598326916, -0.4926407026772337, 0.10948172588511706, 0.24986168812819542, 0.7910023321122921, -0.27429282313374714, 0.2751141460374733, -0.6171071957620733, -0.004411770765388567, -0.6351091908575863, 0.8367660782795254, -0.13635585731754474, 0.6603762041966925, -0.16644739064327485, 0.8093351774867339, -0.19034956537818792, -0.33765099381775454, 0.14427754054549724, 0.6908872981882266, 0.7220286235061439, 0.19137623413666893, -0.8306767779591795, 0.19453321463834983, -0.5090925828337958, 0.46518689717993555, 0.7893025846334776, 0.0294679418262902, 0.20712702072041278, -0.8698643752343853, 0.08014945928561268, -0.7416264326591246, 0.22912569270066396, -0.2726993059103242, 0.5355160686614915, -0.902931727160895, -0.7803637637643119, 0.36804643024725525, 0.029307394167312983, 0.1432827432294983, 0.6874139879813108, -0.024524721700651453, 0.6202888442522898, 0.020487258589880097, 0.8534413864805024, 0.333855543079252, -0.7025463211318861, -0.27089364934848836, 0.7315498318881986, -0.29942957828896866, -0.6219484810876903, -0.0547573816684539, -0.21443765035574014, 0.23785985328818726, -0.12646741612097356, -0.47815568541100895, -0.17505557667448635, -0.16193193089539926, 0.8048437117522818, 0.9592325240809707, 0.24713767881382775, -0.8336317548582777, 0.46599743519199, 0.357370804957968, 0.6520457340504391, -0.3050973265778887, -0.8822398116837538, 0.2236436329105842, -0.751970763373456, 0.5190590583266628, 0.5888466351532844, -0.18274642650020412, 0.8875950117660911, -0.6524404124894483, 0.8851716994539605]",rhc,relu,False,False,100,[10],0.1,100,7
798,98,0.25626020005438477,1.5313139740138744,1189.0,100,15,"[0.9340596780273533, 0.09446449835144466, 0.9453687199297687, 0.4296319873487293, 0.3954576491945416, -0.5678210088392472, 0.9525489095524835, -0.9875394895908203, -0.4940352752331121, -0.13041693519110842, 0.5587658435875049, -0.6046298507994938, 0.7259864711984445, 0.9668013543506255, -0.6723155171906026, 0.19466788786571843, -0.98202780466489, -0.22685743471274122, -0.9116798841370009, 0.9133059354284718, -0.1277067062404047, 0.8979546135631256, 0.5726119718701219, 0.7325785971633969, -0.6536691570081037, -0.850102825973786, 0.2014854427555386, -0.6640556325631923, 0.4667603350211398, -0.18311227969597055, 0.05581764683584067, 0.875143167901884, 0.043392244889916, -0.7836132342255386, -0.6835531856304011, 0.09040530340642561, 0.04880816013694678, 0.2752204882519873, -0.1970091128194542, 0.2996102180386846, -0.20619999419653467, 0.24783222709644614, 0.5348099341802477, -0.6420521799177383, -0.24884846282491524, 0.005066118653868745, 0.3733341598326916, -0.4926407026772337, 0.10948172588511706, 0.24986168812819542, 0.7910023321122921, -0.27429282313374714, 0.2751141460374733, -0.6171071957620733, -0.004411770765388567, -0.6351091908575863, 0.8367660782795254, -0.13635585731754474, 0.6603762041966925, -0.16644739064327485, 0.8093351774867339, -0.19034956537818792, -0.33765099381775454, 0.14427754054549724, 0.6908872981882266, 0.7220286235061439, 0.19137623413666893, -0.8306767779591795, 0.19453321463834983, -0.5090925828337958, 0.46518689717993555, 0.7893025846334776, 0.0294679418262902, 0.20712702072041278, -0.8698643752343853, 0.08014945928561268, -0.7416264326591246, 0.22912569270066396, -0.2726993059103242, 0.5355160686614915, -0.902931727160895, -0.7803637637643119, 0.36804643024725525, 0.029307394167312983, 0.1432827432294983, 0.6874139879813108, -0.024524721700651453, 0.6202888442522898, 0.020487258589880097, 0.8534413864805024, 0.333855543079252, -0.7025463211318861, -0.27089364934848836, 0.7315498318881986, -0.29942957828896866, -0.6219484810876903, -0.0547573816684539, -0.21443765035574014, 0.23785985328818726, -0.12646741612097356, -0.47815568541100895, -0.17505557667448635, -0.16193193089539926, 0.8048437117522818, 0.9592325240809707, 0.24713767881382775, -0.8336317548582777, 0.46599743519199, 0.357370804957968, 0.6520457340504391, -0.3050973265778887, -0.8822398116837538, 0.2236436329105842, -0.751970763373456, 0.5190590583266628, 0.5888466351532844, -0.18274642650020412, 0.8875950117660911, -0.6524404124894483, 0.8851716994539605]",rhc,relu,False,False,100,[10],0.1,100,7
799,99,0.2595394999952987,1.5313139740138744,1190.0,100,15,"[0.9340596780273533, 0.09446449835144466, 0.9453687199297687, 0.4296319873487293, 0.3954576491945416, -0.5678210088392472, 0.9525489095524835, -0.9875394895908203, -0.4940352752331121, -0.13041693519110842, 0.5587658435875049, -0.6046298507994938, 0.7259864711984445, 0.9668013543506255, -0.6723155171906026, 0.19466788786571843, -0.98202780466489, -0.22685743471274122, -0.9116798841370009, 0.9133059354284718, -0.1277067062404047, 0.8979546135631256, 0.5726119718701219, 0.7325785971633969, -0.6536691570081037, -0.850102825973786, 0.2014854427555386, -0.6640556325631923, 0.4667603350211398, -0.18311227969597055, 0.05581764683584067, 0.875143167901884, 0.043392244889916, -0.7836132342255386, -0.6835531856304011, 0.09040530340642561, 0.04880816013694678, 0.2752204882519873, -0.1970091128194542, 0.2996102180386846, -0.20619999419653467, 0.24783222709644614, 0.5348099341802477, -0.6420521799177383, -0.24884846282491524, 0.005066118653868745, 0.3733341598326916, -0.4926407026772337, 0.10948172588511706, 0.24986168812819542, 0.7910023321122921, -0.27429282313374714, 0.2751141460374733, -0.6171071957620733, -0.004411770765388567, -0.6351091908575863, 0.8367660782795254, -0.13635585731754474, 0.6603762041966925, -0.16644739064327485, 0.8093351774867339, -0.19034956537818792, -0.33765099381775454, 0.14427754054549724, 0.6908872981882266, 0.7220286235061439, 0.19137623413666893, -0.8306767779591795, 0.19453321463834983, -0.5090925828337958, 0.46518689717993555, 0.7893025846334776, 0.0294679418262902, 0.20712702072041278, -0.8698643752343853, 0.08014945928561268, -0.7416264326591246, 0.22912569270066396, -0.2726993059103242, 0.5355160686614915, -0.902931727160895, -0.7803637637643119, 0.36804643024725525, 0.029307394167312983, 0.1432827432294983, 0.6874139879813108, -0.024524721700651453, 0.6202888442522898, 0.020487258589880097, 0.8534413864805024, 0.333855543079252, -0.7025463211318861, -0.27089364934848836, 0.7315498318881986, -0.29942957828896866, -0.6219484810876903, -0.0547573816684539, -0.21443765035574014, 0.23785985328818726, -0.12646741612097356, -0.47815568541100895, -0.17505557667448635, -0.16193193089539926, 0.8048437117522818, 0.9592325240809707, 0.24713767881382775, -0.8336317548582777, 0.46599743519199, 0.357370804957968, 0.6520457340504391, -0.3050973265778887, -0.8822398116837538, 0.2236436329105842, -0.751970763373456, 0.5190590583266628, 0.5888466351532844, -0.18274642650020412, 0.8875950117660911, -0.6524404124894483, 0.8851716994539605]",rhc,relu,False,False,100,[10],0.1,100,7
800,100,0.26120120007544756,1.5313139740138744,1191.0,100,15,"[0.9340596780273533, 0.09446449835144466, 0.9453687199297687, 0.4296319873487293, 0.3954576491945416, -0.5678210088392472, 0.9525489095524835, -0.9875394895908203, -0.4940352752331121, -0.13041693519110842, 0.5587658435875049, -0.6046298507994938, 0.7259864711984445, 0.9668013543506255, -0.6723155171906026, 0.19466788786571843, -0.98202780466489, -0.22685743471274122, -0.9116798841370009, 0.9133059354284718, -0.1277067062404047, 0.8979546135631256, 0.5726119718701219, 0.7325785971633969, -0.6536691570081037, -0.850102825973786, 0.2014854427555386, -0.6640556325631923, 0.4667603350211398, -0.18311227969597055, 0.05581764683584067, 0.875143167901884, 0.043392244889916, -0.7836132342255386, -0.6835531856304011, 0.09040530340642561, 0.04880816013694678, 0.2752204882519873, -0.1970091128194542, 0.2996102180386846, -0.20619999419653467, 0.24783222709644614, 0.5348099341802477, -0.6420521799177383, -0.24884846282491524, 0.005066118653868745, 0.3733341598326916, -0.4926407026772337, 0.10948172588511706, 0.24986168812819542, 0.7910023321122921, -0.27429282313374714, 0.2751141460374733, -0.6171071957620733, -0.004411770765388567, -0.6351091908575863, 0.8367660782795254, -0.13635585731754474, 0.6603762041966925, -0.16644739064327485, 0.8093351774867339, -0.19034956537818792, -0.33765099381775454, 0.14427754054549724, 0.6908872981882266, 0.7220286235061439, 0.19137623413666893, -0.8306767779591795, 0.19453321463834983, -0.5090925828337958, 0.46518689717993555, 0.7893025846334776, 0.0294679418262902, 0.20712702072041278, -0.8698643752343853, 0.08014945928561268, -0.7416264326591246, 0.22912569270066396, -0.2726993059103242, 0.5355160686614915, -0.902931727160895, -0.7803637637643119, 0.36804643024725525, 0.029307394167312983, 0.1432827432294983, 0.6874139879813108, -0.024524721700651453, 0.6202888442522898, 0.020487258589880097, 0.8534413864805024, 0.333855543079252, -0.7025463211318861, -0.27089364934848836, 0.7315498318881986, -0.29942957828896866, -0.6219484810876903, -0.0547573816684539, -0.21443765035574014, 0.23785985328818726, -0.12646741612097356, -0.47815568541100895, -0.17505557667448635, -0.16193193089539926, 0.8048437117522818, 0.9592325240809707, 0.24713767881382775, -0.8336317548582777, 0.46599743519199, 0.357370804957968, 0.6520457340504391, -0.3050973265778887, -0.8822398116837538, 0.2236436329105842, -0.751970763373456, 0.5190590583266628, 0.5888466351532844, -0.18274642650020412, 0.8875950117660911, -0.6524404124894483, 0.8851716994539605]",rhc,relu,False,False,100,[10],0.1,100,7
801,1,0.03315600007772446,1.9099841090186194,1192.0,100,15,"[0.9340596780273533, 0.09446449835144466, 0.9453687199297687, 0.4296319873487293, 0.3954576491945416, -0.5678210088392472, 0.9525489095524835, -0.9875394895908203, -0.4940352752331121, -0.13041693519110842, 0.5587658435875049, -0.6046298507994938, 0.7259864711984445, 0.9668013543506255, -0.6723155171906026, 0.19466788786571843, -0.98202780466489, -0.22685743471274122, -0.9116798841370009, 0.9133059354284718, -0.1277067062404047, 0.8979546135631256, 0.5726119718701219, 0.7325785971633969, -0.6536691570081037, -0.850102825973786, 0.2014854427555386, -0.6640556325631923, 0.4667603350211398, -0.18311227969597055, 0.05581764683584067, 0.875143167901884, 0.043392244889916, -0.7836132342255386, -0.6835531856304011, 0.09040530340642561, 0.04880816013694678, 0.2752204882519873, -0.1970091128194542, 0.2996102180386846, -0.20619999419653467, 0.24783222709644614, 0.5348099341802477, -0.6420521799177383, -0.24884846282491524, 0.005066118653868745, 0.3733341598326916, -0.4926407026772337, 0.10948172588511706, 0.24986168812819542, 0.7910023321122921, -0.27429282313374714, 0.2751141460374733, -0.6171071957620733, -0.004411770765388567, -0.6351091908575863, 0.8367660782795254, -0.13635585731754474, 0.6603762041966925, -0.16644739064327485, 0.8093351774867339, -0.19034956537818792, -0.33765099381775454, 0.14427754054549724, 0.6908872981882266, 0.7220286235061439, 0.19137623413666893, -0.8306767779591795, 0.19453321463834983, -0.5090925828337958, 0.46518689717993555, 0.7893025846334776, 0.0294679418262902, 0.20712702072041278, -0.8698643752343853, 0.08014945928561268, -0.7416264326591246, 0.22912569270066396, -0.2726993059103242, 0.5355160686614915, -0.902931727160895, -0.7803637637643119, 0.36804643024725525, 0.029307394167312983, 0.1432827432294983, 0.6874139879813108, -0.024524721700651453, 0.6202888442522898, 0.020487258589880097, 0.8534413864805024, 0.333855543079252, -0.7025463211318861, -0.27089364934848836, 0.7315498318881986, -0.29942957828896866, -0.6219484810876903, -0.0547573816684539, -0.21443765035574014, 0.23785985328818726, -0.12646741612097356, -0.47815568541100895, -0.17505557667448635, -0.16193193089539926, 0.8048437117522818, 0.9592325240809707, 0.24713767881382775, -0.8336317548582777, 0.46599743519199, 0.357370804957968, 0.6520457340504391, -0.3050973265778887, -0.8822398116837538, 0.2236436329105842, -0.751970763373456, 0.5190590583266628, 0.5888466351532844, -0.18274642650020412, 0.8875950117660911, -0.6524404124894483, 0.8851716994539605]",rhc,relu,False,False,100,[10],0.1,100,8
802,2,0.03611099999397993,1.906912317676755,1194.0,100,15,"[0.9340596780273533, 0.09446449835144466, 0.9453687199297687, 0.4296319873487293, 0.3954576491945416, -0.5678210088392472, 0.9525489095524835, -0.9875394895908203, -0.4940352752331121, -0.13041693519110842, 0.5587658435875049, -0.6046298507994938, 0.7259864711984445, 0.9668013543506255, -0.6723155171906026, 0.19466788786571843, -0.98202780466489, -0.22685743471274122, -0.9116798841370009, 0.9133059354284718, -0.1277067062404047, 0.8979546135631256, 0.5726119718701219, 0.7325785971633969, -0.6536691570081037, -0.850102825973786, 0.2014854427555386, -0.6640556325631923, 0.4667603350211398, -0.18311227969597055, 0.05581764683584067, 0.875143167901884, 0.043392244889916, -0.7836132342255386, -0.6835531856304011, 0.09040530340642561, 0.04880816013694678, 0.2752204882519873, -0.1970091128194542, 0.2996102180386846, -0.20619999419653467, 0.24783222709644614, 0.5348099341802477, -0.6420521799177383, -0.24884846282491524, 0.005066118653868745, 0.3733341598326916, -0.4926407026772337, 0.10948172588511706, 0.24986168812819542, 0.7910023321122921, -0.27429282313374714, 0.2751141460374733, -0.6171071957620733, -0.004411770765388567, -0.6351091908575863, 0.8367660782795254, -0.13635585731754474, 0.6603762041966925, -0.16644739064327485, 0.8093351774867339, -0.19034956537818792, -0.33765099381775454, 0.14427754054549724, 0.6908872981882266, 0.7220286235061439, 0.19137623413666893, -0.8306767779591795, 0.19453321463834983, -0.5090925828337958, 0.46518689717993555, 0.7893025846334776, 0.0294679418262902, 0.20712702072041278, -0.8698643752343853, 0.08014945928561268, -0.7416264326591246, 0.22912569270066396, -0.2726993059103242, 0.5355160686614915, -0.902931727160895, -0.7803637637643119, 0.36804643024725525, 0.029307394167312983, 0.1432827432294983, 0.6874139879813108, -0.024524721700651453, 0.6202888442522898, 0.020487258589880097, 0.8534413864805024, 0.333855543079252, -0.7025463211318861, -0.27089364934848836, 0.7315498318881986, -0.29942957828896866, -0.6219484810876903, -0.0547573816684539, -0.21443765035574014, 0.23785985328818726, -0.12646741612097356, -0.47815568541100895, -0.17505557667448635, -0.16193193089539926, 0.8048437117522818, 0.9592325240809707, 0.24713767881382775, -0.8336317548582777, 0.46599743519199, 0.357370804957968, 0.6520457340504391, -0.3050973265778887, -0.8822398116837538, 0.2236436329105842, -0.751970763373456, 0.5190590583266628, 0.5888466351532844, -0.18274642650020412, 0.8875950117660911, -0.6524404124894483, 0.8851716994539605]",rhc,relu,False,False,100,[10],0.1,100,8
803,3,0.03751040005590767,1.906912317676755,1195.0,100,15,"[0.9340596780273533, 0.09446449835144466, 0.9453687199297687, 0.4296319873487293, 0.3954576491945416, -0.5678210088392472, 0.9525489095524835, -0.9875394895908203, -0.4940352752331121, -0.13041693519110842, 0.5587658435875049, -0.6046298507994938, 0.7259864711984445, 0.9668013543506255, -0.6723155171906026, 0.19466788786571843, -0.98202780466489, -0.22685743471274122, -0.9116798841370009, 0.9133059354284718, -0.1277067062404047, 0.8979546135631256, 0.5726119718701219, 0.7325785971633969, -0.6536691570081037, -0.850102825973786, 0.2014854427555386, -0.6640556325631923, 0.4667603350211398, -0.18311227969597055, 0.05581764683584067, 0.875143167901884, 0.043392244889916, -0.7836132342255386, -0.6835531856304011, 0.09040530340642561, 0.04880816013694678, 0.2752204882519873, -0.1970091128194542, 0.2996102180386846, -0.20619999419653467, 0.24783222709644614, 0.5348099341802477, -0.6420521799177383, -0.24884846282491524, 0.005066118653868745, 0.3733341598326916, -0.4926407026772337, 0.10948172588511706, 0.24986168812819542, 0.7910023321122921, -0.27429282313374714, 0.2751141460374733, -0.6171071957620733, -0.004411770765388567, -0.6351091908575863, 0.8367660782795254, -0.13635585731754474, 0.6603762041966925, -0.16644739064327485, 0.8093351774867339, -0.19034956537818792, -0.33765099381775454, 0.14427754054549724, 0.6908872981882266, 0.7220286235061439, 0.19137623413666893, -0.8306767779591795, 0.19453321463834983, -0.5090925828337958, 0.46518689717993555, 0.7893025846334776, 0.0294679418262902, 0.20712702072041278, -0.8698643752343853, 0.08014945928561268, -0.7416264326591246, 0.22912569270066396, -0.2726993059103242, 0.5355160686614915, -0.902931727160895, -0.7803637637643119, 0.36804643024725525, 0.029307394167312983, 0.1432827432294983, 0.6874139879813108, -0.024524721700651453, 0.6202888442522898, 0.020487258589880097, 0.8534413864805024, 0.333855543079252, -0.7025463211318861, -0.27089364934848836, 0.7315498318881986, -0.29942957828896866, -0.6219484810876903, -0.0547573816684539, -0.21443765035574014, 0.23785985328818726, -0.12646741612097356, -0.47815568541100895, -0.17505557667448635, -0.16193193089539926, 0.8048437117522818, 0.9592325240809707, 0.24713767881382775, -0.8336317548582777, 0.46599743519199, 0.357370804957968, 0.6520457340504391, -0.3050973265778887, -0.8822398116837538, 0.2236436329105842, -0.751970763373456, 0.5190590583266628, 0.5888466351532844, -0.18274642650020412, 0.8875950117660911, -0.6524404124894483, 0.8851716994539605]",rhc,relu,False,False,100,[10],0.1,100,8
804,4,0.0403158999979496,1.906846651337585,1197.0,100,15,"[0.9340596780273533, 0.09446449835144466, 0.9453687199297687, 0.4296319873487293, 0.3954576491945416, -0.5678210088392472, 0.9525489095524835, -0.9875394895908203, -0.4940352752331121, -0.13041693519110842, 0.5587658435875049, -0.6046298507994938, 0.7259864711984445, 0.9668013543506255, -0.6723155171906026, 0.19466788786571843, -0.98202780466489, -0.22685743471274122, -0.9116798841370009, 0.9133059354284718, -0.1277067062404047, 0.8979546135631256, 0.5726119718701219, 0.7325785971633969, -0.6536691570081037, -0.850102825973786, 0.2014854427555386, -0.6640556325631923, 0.4667603350211398, -0.18311227969597055, 0.05581764683584067, 0.875143167901884, 0.043392244889916, -0.7836132342255386, -0.6835531856304011, 0.09040530340642561, 0.04880816013694678, 0.2752204882519873, -0.1970091128194542, 0.2996102180386846, -0.20619999419653467, 0.24783222709644614, 0.5348099341802477, -0.6420521799177383, -0.24884846282491524, 0.005066118653868745, 0.3733341598326916, -0.4926407026772337, 0.10948172588511706, 0.24986168812819542, 0.7910023321122921, -0.27429282313374714, 0.2751141460374733, -0.6171071957620733, -0.004411770765388567, -0.6351091908575863, 0.8367660782795254, -0.13635585731754474, 0.6603762041966925, -0.16644739064327485, 0.8093351774867339, -0.19034956537818792, -0.33765099381775454, 0.14427754054549724, 0.6908872981882266, 0.7220286235061439, 0.19137623413666893, -0.8306767779591795, 0.19453321463834983, -0.5090925828337958, 0.46518689717993555, 0.7893025846334776, 0.0294679418262902, 0.20712702072041278, -0.8698643752343853, 0.08014945928561268, -0.7416264326591246, 0.22912569270066396, -0.2726993059103242, 0.5355160686614915, -0.902931727160895, -0.7803637637643119, 0.36804643024725525, 0.029307394167312983, 0.1432827432294983, 0.6874139879813108, -0.024524721700651453, 0.6202888442522898, 0.020487258589880097, 0.8534413864805024, 0.333855543079252, -0.7025463211318861, -0.27089364934848836, 0.7315498318881986, -0.29942957828896866, -0.6219484810876903, -0.0547573816684539, -0.21443765035574014, 0.23785985328818726, -0.12646741612097356, -0.47815568541100895, -0.17505557667448635, -0.16193193089539926, 0.8048437117522818, 0.9592325240809707, 0.24713767881382775, -0.8336317548582777, 0.46599743519199, 0.357370804957968, 0.6520457340504391, -0.3050973265778887, -0.8822398116837538, 0.2236436329105842, -0.751970763373456, 0.5190590583266628, 0.5888466351532844, -0.18274642650020412, 0.8875950117660911, -0.6524404124894483, 0.8851716994539605]",rhc,relu,False,False,100,[10],0.1,100,8
805,5,0.041674000094644725,1.8972297182933473,1199.0,100,15,"[0.9340596780273533, 0.09446449835144466, 0.9453687199297687, 0.4296319873487293, 0.3954576491945416, -0.5678210088392472, 0.9525489095524835, -0.9875394895908203, -0.4940352752331121, -0.13041693519110842, 0.5587658435875049, -0.6046298507994938, 0.7259864711984445, 0.9668013543506255, -0.6723155171906026, 0.19466788786571843, -0.98202780466489, -0.22685743471274122, -0.9116798841370009, 0.9133059354284718, -0.1277067062404047, 0.8979546135631256, 0.5726119718701219, 0.7325785971633969, -0.6536691570081037, -0.850102825973786, 0.2014854427555386, -0.6640556325631923, 0.4667603350211398, -0.18311227969597055, 0.05581764683584067, 0.875143167901884, 0.043392244889916, -0.7836132342255386, -0.6835531856304011, 0.09040530340642561, 0.04880816013694678, 0.2752204882519873, -0.1970091128194542, 0.2996102180386846, -0.20619999419653467, 0.24783222709644614, 0.5348099341802477, -0.6420521799177383, -0.24884846282491524, 0.005066118653868745, 0.3733341598326916, -0.4926407026772337, 0.10948172588511706, 0.24986168812819542, 0.7910023321122921, -0.27429282313374714, 0.2751141460374733, -0.6171071957620733, -0.004411770765388567, -0.6351091908575863, 0.8367660782795254, -0.13635585731754474, 0.6603762041966925, -0.16644739064327485, 0.8093351774867339, -0.19034956537818792, -0.33765099381775454, 0.14427754054549724, 0.6908872981882266, 0.7220286235061439, 0.19137623413666893, -0.8306767779591795, 0.19453321463834983, -0.5090925828337958, 0.46518689717993555, 0.7893025846334776, 0.0294679418262902, 0.20712702072041278, -0.8698643752343853, 0.08014945928561268, -0.7416264326591246, 0.22912569270066396, -0.2726993059103242, 0.5355160686614915, -0.902931727160895, -0.7803637637643119, 0.36804643024725525, 0.029307394167312983, 0.1432827432294983, 0.6874139879813108, -0.024524721700651453, 0.6202888442522898, 0.020487258589880097, 0.8534413864805024, 0.333855543079252, -0.7025463211318861, -0.27089364934848836, 0.7315498318881986, -0.29942957828896866, -0.6219484810876903, -0.0547573816684539, -0.21443765035574014, 0.23785985328818726, -0.12646741612097356, -0.47815568541100895, -0.17505557667448635, -0.16193193089539926, 0.8048437117522818, 0.9592325240809707, 0.24713767881382775, -0.8336317548582777, 0.46599743519199, 0.357370804957968, 0.6520457340504391, -0.3050973265778887, -0.8822398116837538, 0.2236436329105842, -0.751970763373456, 0.5190590583266628, 0.5888466351532844, -0.18274642650020412, 0.8875950117660911, -0.6524404124894483, 0.8851716994539605]",rhc,relu,False,False,100,[10],0.1,100,8
806,6,0.04435340000782162,1.8916508617599677,1201.0,100,15,"[0.9340596780273533, 0.09446449835144466, 0.9453687199297687, 0.4296319873487293, 0.3954576491945416, -0.5678210088392472, 0.9525489095524835, -0.9875394895908203, -0.4940352752331121, -0.13041693519110842, 0.5587658435875049, -0.6046298507994938, 0.7259864711984445, 0.9668013543506255, -0.6723155171906026, 0.19466788786571843, -0.98202780466489, -0.22685743471274122, -0.9116798841370009, 0.9133059354284718, -0.1277067062404047, 0.8979546135631256, 0.5726119718701219, 0.7325785971633969, -0.6536691570081037, -0.850102825973786, 0.2014854427555386, -0.6640556325631923, 0.4667603350211398, -0.18311227969597055, 0.05581764683584067, 0.875143167901884, 0.043392244889916, -0.7836132342255386, -0.6835531856304011, 0.09040530340642561, 0.04880816013694678, 0.2752204882519873, -0.1970091128194542, 0.2996102180386846, -0.20619999419653467, 0.24783222709644614, 0.5348099341802477, -0.6420521799177383, -0.24884846282491524, 0.005066118653868745, 0.3733341598326916, -0.4926407026772337, 0.10948172588511706, 0.24986168812819542, 0.7910023321122921, -0.27429282313374714, 0.2751141460374733, -0.6171071957620733, -0.004411770765388567, -0.6351091908575863, 0.8367660782795254, -0.13635585731754474, 0.6603762041966925, -0.16644739064327485, 0.8093351774867339, -0.19034956537818792, -0.33765099381775454, 0.14427754054549724, 0.6908872981882266, 0.7220286235061439, 0.19137623413666893, -0.8306767779591795, 0.19453321463834983, -0.5090925828337958, 0.46518689717993555, 0.7893025846334776, 0.0294679418262902, 0.20712702072041278, -0.8698643752343853, 0.08014945928561268, -0.7416264326591246, 0.22912569270066396, -0.2726993059103242, 0.5355160686614915, -0.902931727160895, -0.7803637637643119, 0.36804643024725525, 0.029307394167312983, 0.1432827432294983, 0.6874139879813108, -0.024524721700651453, 0.6202888442522898, 0.020487258589880097, 0.8534413864805024, 0.333855543079252, -0.7025463211318861, -0.27089364934848836, 0.7315498318881986, -0.29942957828896866, -0.6219484810876903, -0.0547573816684539, -0.21443765035574014, 0.23785985328818726, -0.12646741612097356, -0.47815568541100895, -0.17505557667448635, -0.16193193089539926, 0.8048437117522818, 0.9592325240809707, 0.24713767881382775, -0.8336317548582777, 0.46599743519199, 0.357370804957968, 0.6520457340504391, -0.3050973265778887, -0.8822398116837538, 0.2236436329105842, -0.751970763373456, 0.5190590583266628, 0.5888466351532844, -0.18274642650020412, 0.8875950117660911, -0.6524404124894483, 0.8851716994539605]",rhc,relu,False,False,100,[10],0.1,100,8
807,7,0.04734460008330643,1.8916508617599677,1202.0,100,15,"[0.9340596780273533, 0.09446449835144466, 0.9453687199297687, 0.4296319873487293, 0.3954576491945416, -0.5678210088392472, 0.9525489095524835, -0.9875394895908203, -0.4940352752331121, -0.13041693519110842, 0.5587658435875049, -0.6046298507994938, 0.7259864711984445, 0.9668013543506255, -0.6723155171906026, 0.19466788786571843, -0.98202780466489, -0.22685743471274122, -0.9116798841370009, 0.9133059354284718, -0.1277067062404047, 0.8979546135631256, 0.5726119718701219, 0.7325785971633969, -0.6536691570081037, -0.850102825973786, 0.2014854427555386, -0.6640556325631923, 0.4667603350211398, -0.18311227969597055, 0.05581764683584067, 0.875143167901884, 0.043392244889916, -0.7836132342255386, -0.6835531856304011, 0.09040530340642561, 0.04880816013694678, 0.2752204882519873, -0.1970091128194542, 0.2996102180386846, -0.20619999419653467, 0.24783222709644614, 0.5348099341802477, -0.6420521799177383, -0.24884846282491524, 0.005066118653868745, 0.3733341598326916, -0.4926407026772337, 0.10948172588511706, 0.24986168812819542, 0.7910023321122921, -0.27429282313374714, 0.2751141460374733, -0.6171071957620733, -0.004411770765388567, -0.6351091908575863, 0.8367660782795254, -0.13635585731754474, 0.6603762041966925, -0.16644739064327485, 0.8093351774867339, -0.19034956537818792, -0.33765099381775454, 0.14427754054549724, 0.6908872981882266, 0.7220286235061439, 0.19137623413666893, -0.8306767779591795, 0.19453321463834983, -0.5090925828337958, 0.46518689717993555, 0.7893025846334776, 0.0294679418262902, 0.20712702072041278, -0.8698643752343853, 0.08014945928561268, -0.7416264326591246, 0.22912569270066396, -0.2726993059103242, 0.5355160686614915, -0.902931727160895, -0.7803637637643119, 0.36804643024725525, 0.029307394167312983, 0.1432827432294983, 0.6874139879813108, -0.024524721700651453, 0.6202888442522898, 0.020487258589880097, 0.8534413864805024, 0.333855543079252, -0.7025463211318861, -0.27089364934848836, 0.7315498318881986, -0.29942957828896866, -0.6219484810876903, -0.0547573816684539, -0.21443765035574014, 0.23785985328818726, -0.12646741612097356, -0.47815568541100895, -0.17505557667448635, -0.16193193089539926, 0.8048437117522818, 0.9592325240809707, 0.24713767881382775, -0.8336317548582777, 0.46599743519199, 0.357370804957968, 0.6520457340504391, -0.3050973265778887, -0.8822398116837538, 0.2236436329105842, -0.751970763373456, 0.5190590583266628, 0.5888466351532844, -0.18274642650020412, 0.8875950117660911, -0.6524404124894483, 0.8851716994539605]",rhc,relu,False,False,100,[10],0.1,100,8
808,8,0.049982900032773614,1.8846316148150144,1204.0,100,15,"[0.9340596780273533, 0.09446449835144466, 0.9453687199297687, 0.4296319873487293, 0.3954576491945416, -0.5678210088392472, 0.9525489095524835, -0.9875394895908203, -0.4940352752331121, -0.13041693519110842, 0.5587658435875049, -0.6046298507994938, 0.7259864711984445, 0.9668013543506255, -0.6723155171906026, 0.19466788786571843, -0.98202780466489, -0.22685743471274122, -0.9116798841370009, 0.9133059354284718, -0.1277067062404047, 0.8979546135631256, 0.5726119718701219, 0.7325785971633969, -0.6536691570081037, -0.850102825973786, 0.2014854427555386, -0.6640556325631923, 0.4667603350211398, -0.18311227969597055, 0.05581764683584067, 0.875143167901884, 0.043392244889916, -0.7836132342255386, -0.6835531856304011, 0.09040530340642561, 0.04880816013694678, 0.2752204882519873, -0.1970091128194542, 0.2996102180386846, -0.20619999419653467, 0.24783222709644614, 0.5348099341802477, -0.6420521799177383, -0.24884846282491524, 0.005066118653868745, 0.3733341598326916, -0.4926407026772337, 0.10948172588511706, 0.24986168812819542, 0.7910023321122921, -0.27429282313374714, 0.2751141460374733, -0.6171071957620733, -0.004411770765388567, -0.6351091908575863, 0.8367660782795254, -0.13635585731754474, 0.6603762041966925, -0.16644739064327485, 0.8093351774867339, -0.19034956537818792, -0.33765099381775454, 0.14427754054549724, 0.6908872981882266, 0.7220286235061439, 0.19137623413666893, -0.8306767779591795, 0.19453321463834983, -0.5090925828337958, 0.46518689717993555, 0.7893025846334776, 0.0294679418262902, 0.20712702072041278, -0.8698643752343853, 0.08014945928561268, -0.7416264326591246, 0.22912569270066396, -0.2726993059103242, 0.5355160686614915, -0.902931727160895, -0.7803637637643119, 0.36804643024725525, 0.029307394167312983, 0.1432827432294983, 0.6874139879813108, -0.024524721700651453, 0.6202888442522898, 0.020487258589880097, 0.8534413864805024, 0.333855543079252, -0.7025463211318861, -0.27089364934848836, 0.7315498318881986, -0.29942957828896866, -0.6219484810876903, -0.0547573816684539, -0.21443765035574014, 0.23785985328818726, -0.12646741612097356, -0.47815568541100895, -0.17505557667448635, -0.16193193089539926, 0.8048437117522818, 0.9592325240809707, 0.24713767881382775, -0.8336317548582777, 0.46599743519199, 0.357370804957968, 0.6520457340504391, -0.3050973265778887, -0.8822398116837538, 0.2236436329105842, -0.751970763373456, 0.5190590583266628, 0.5888466351532844, -0.18274642650020412, 0.8875950117660911, -0.6524404124894483, 0.8851716994539605]",rhc,relu,False,False,100,[10],0.1,100,8
809,9,0.05281060002744198,1.8846316148150144,1205.0,100,15,"[0.9340596780273533, 0.09446449835144466, 0.9453687199297687, 0.4296319873487293, 0.3954576491945416, -0.5678210088392472, 0.9525489095524835, -0.9875394895908203, -0.4940352752331121, -0.13041693519110842, 0.5587658435875049, -0.6046298507994938, 0.7259864711984445, 0.9668013543506255, -0.6723155171906026, 0.19466788786571843, -0.98202780466489, -0.22685743471274122, -0.9116798841370009, 0.9133059354284718, -0.1277067062404047, 0.8979546135631256, 0.5726119718701219, 0.7325785971633969, -0.6536691570081037, -0.850102825973786, 0.2014854427555386, -0.6640556325631923, 0.4667603350211398, -0.18311227969597055, 0.05581764683584067, 0.875143167901884, 0.043392244889916, -0.7836132342255386, -0.6835531856304011, 0.09040530340642561, 0.04880816013694678, 0.2752204882519873, -0.1970091128194542, 0.2996102180386846, -0.20619999419653467, 0.24783222709644614, 0.5348099341802477, -0.6420521799177383, -0.24884846282491524, 0.005066118653868745, 0.3733341598326916, -0.4926407026772337, 0.10948172588511706, 0.24986168812819542, 0.7910023321122921, -0.27429282313374714, 0.2751141460374733, -0.6171071957620733, -0.004411770765388567, -0.6351091908575863, 0.8367660782795254, -0.13635585731754474, 0.6603762041966925, -0.16644739064327485, 0.8093351774867339, -0.19034956537818792, -0.33765099381775454, 0.14427754054549724, 0.6908872981882266, 0.7220286235061439, 0.19137623413666893, -0.8306767779591795, 0.19453321463834983, -0.5090925828337958, 0.46518689717993555, 0.7893025846334776, 0.0294679418262902, 0.20712702072041278, -0.8698643752343853, 0.08014945928561268, -0.7416264326591246, 0.22912569270066396, -0.2726993059103242, 0.5355160686614915, -0.902931727160895, -0.7803637637643119, 0.36804643024725525, 0.029307394167312983, 0.1432827432294983, 0.6874139879813108, -0.024524721700651453, 0.6202888442522898, 0.020487258589880097, 0.8534413864805024, 0.333855543079252, -0.7025463211318861, -0.27089364934848836, 0.7315498318881986, -0.29942957828896866, -0.6219484810876903, -0.0547573816684539, -0.21443765035574014, 0.23785985328818726, -0.12646741612097356, -0.47815568541100895, -0.17505557667448635, -0.16193193089539926, 0.8048437117522818, 0.9592325240809707, 0.24713767881382775, -0.8336317548582777, 0.46599743519199, 0.357370804957968, 0.6520457340504391, -0.3050973265778887, -0.8822398116837538, 0.2236436329105842, -0.751970763373456, 0.5190590583266628, 0.5888466351532844, -0.18274642650020412, 0.8875950117660911, -0.6524404124894483, 0.8851716994539605]",rhc,relu,False,False,100,[10],0.1,100,8
810,10,0.054268900072202086,1.8846316148150144,1206.0,100,15,"[0.9340596780273533, 0.09446449835144466, 0.9453687199297687, 0.4296319873487293, 0.3954576491945416, -0.5678210088392472, 0.9525489095524835, -0.9875394895908203, -0.4940352752331121, -0.13041693519110842, 0.5587658435875049, -0.6046298507994938, 0.7259864711984445, 0.9668013543506255, -0.6723155171906026, 0.19466788786571843, -0.98202780466489, -0.22685743471274122, -0.9116798841370009, 0.9133059354284718, -0.1277067062404047, 0.8979546135631256, 0.5726119718701219, 0.7325785971633969, -0.6536691570081037, -0.850102825973786, 0.2014854427555386, -0.6640556325631923, 0.4667603350211398, -0.18311227969597055, 0.05581764683584067, 0.875143167901884, 0.043392244889916, -0.7836132342255386, -0.6835531856304011, 0.09040530340642561, 0.04880816013694678, 0.2752204882519873, -0.1970091128194542, 0.2996102180386846, -0.20619999419653467, 0.24783222709644614, 0.5348099341802477, -0.6420521799177383, -0.24884846282491524, 0.005066118653868745, 0.3733341598326916, -0.4926407026772337, 0.10948172588511706, 0.24986168812819542, 0.7910023321122921, -0.27429282313374714, 0.2751141460374733, -0.6171071957620733, -0.004411770765388567, -0.6351091908575863, 0.8367660782795254, -0.13635585731754474, 0.6603762041966925, -0.16644739064327485, 0.8093351774867339, -0.19034956537818792, -0.33765099381775454, 0.14427754054549724, 0.6908872981882266, 0.7220286235061439, 0.19137623413666893, -0.8306767779591795, 0.19453321463834983, -0.5090925828337958, 0.46518689717993555, 0.7893025846334776, 0.0294679418262902, 0.20712702072041278, -0.8698643752343853, 0.08014945928561268, -0.7416264326591246, 0.22912569270066396, -0.2726993059103242, 0.5355160686614915, -0.902931727160895, -0.7803637637643119, 0.36804643024725525, 0.029307394167312983, 0.1432827432294983, 0.6874139879813108, -0.024524721700651453, 0.6202888442522898, 0.020487258589880097, 0.8534413864805024, 0.333855543079252, -0.7025463211318861, -0.27089364934848836, 0.7315498318881986, -0.29942957828896866, -0.6219484810876903, -0.0547573816684539, -0.21443765035574014, 0.23785985328818726, -0.12646741612097356, -0.47815568541100895, -0.17505557667448635, -0.16193193089539926, 0.8048437117522818, 0.9592325240809707, 0.24713767881382775, -0.8336317548582777, 0.46599743519199, 0.357370804957968, 0.6520457340504391, -0.3050973265778887, -0.8822398116837538, 0.2236436329105842, -0.751970763373456, 0.5190590583266628, 0.5888466351532844, -0.18274642650020412, 0.8875950117660911, -0.6524404124894483, 0.8851716994539605]",rhc,relu,False,False,100,[10],0.1,100,8
811,11,0.05699730000924319,1.8811334143781704,1208.0,100,15,"[0.9340596780273533, 0.09446449835144466, 0.9453687199297687, 0.4296319873487293, 0.3954576491945416, -0.5678210088392472, 0.9525489095524835, -0.9875394895908203, -0.4940352752331121, -0.13041693519110842, 0.5587658435875049, -0.6046298507994938, 0.7259864711984445, 0.9668013543506255, -0.6723155171906026, 0.19466788786571843, -0.98202780466489, -0.22685743471274122, -0.9116798841370009, 0.9133059354284718, -0.1277067062404047, 0.8979546135631256, 0.5726119718701219, 0.7325785971633969, -0.6536691570081037, -0.850102825973786, 0.2014854427555386, -0.6640556325631923, 0.4667603350211398, -0.18311227969597055, 0.05581764683584067, 0.875143167901884, 0.043392244889916, -0.7836132342255386, -0.6835531856304011, 0.09040530340642561, 0.04880816013694678, 0.2752204882519873, -0.1970091128194542, 0.2996102180386846, -0.20619999419653467, 0.24783222709644614, 0.5348099341802477, -0.6420521799177383, -0.24884846282491524, 0.005066118653868745, 0.3733341598326916, -0.4926407026772337, 0.10948172588511706, 0.24986168812819542, 0.7910023321122921, -0.27429282313374714, 0.2751141460374733, -0.6171071957620733, -0.004411770765388567, -0.6351091908575863, 0.8367660782795254, -0.13635585731754474, 0.6603762041966925, -0.16644739064327485, 0.8093351774867339, -0.19034956537818792, -0.33765099381775454, 0.14427754054549724, 0.6908872981882266, 0.7220286235061439, 0.19137623413666893, -0.8306767779591795, 0.19453321463834983, -0.5090925828337958, 0.46518689717993555, 0.7893025846334776, 0.0294679418262902, 0.20712702072041278, -0.8698643752343853, 0.08014945928561268, -0.7416264326591246, 0.22912569270066396, -0.2726993059103242, 0.5355160686614915, -0.902931727160895, -0.7803637637643119, 0.36804643024725525, 0.029307394167312983, 0.1432827432294983, 0.6874139879813108, -0.024524721700651453, 0.6202888442522898, 0.020487258589880097, 0.8534413864805024, 0.333855543079252, -0.7025463211318861, -0.27089364934848836, 0.7315498318881986, -0.29942957828896866, -0.6219484810876903, -0.0547573816684539, -0.21443765035574014, 0.23785985328818726, -0.12646741612097356, -0.47815568541100895, -0.17505557667448635, -0.16193193089539926, 0.8048437117522818, 0.9592325240809707, 0.24713767881382775, -0.8336317548582777, 0.46599743519199, 0.357370804957968, 0.6520457340504391, -0.3050973265778887, -0.8822398116837538, 0.2236436329105842, -0.751970763373456, 0.5190590583266628, 0.5888466351532844, -0.18274642650020412, 0.8875950117660911, -0.6524404124894483, 0.8851716994539605]",rhc,relu,False,False,100,[10],0.1,100,8
812,12,0.05975670006591827,1.8742649284842385,1210.0,100,15,"[0.9340596780273533, 0.09446449835144466, 0.9453687199297687, 0.4296319873487293, 0.3954576491945416, -0.5678210088392472, 0.9525489095524835, -0.9875394895908203, -0.4940352752331121, -0.13041693519110842, 0.5587658435875049, -0.6046298507994938, 0.7259864711984445, 0.9668013543506255, -0.6723155171906026, 0.19466788786571843, -0.98202780466489, -0.22685743471274122, -0.9116798841370009, 0.9133059354284718, -0.1277067062404047, 0.8979546135631256, 0.5726119718701219, 0.7325785971633969, -0.6536691570081037, -0.850102825973786, 0.2014854427555386, -0.6640556325631923, 0.4667603350211398, -0.18311227969597055, 0.05581764683584067, 0.875143167901884, 0.043392244889916, -0.7836132342255386, -0.6835531856304011, 0.09040530340642561, 0.04880816013694678, 0.2752204882519873, -0.1970091128194542, 0.2996102180386846, -0.20619999419653467, 0.24783222709644614, 0.5348099341802477, -0.6420521799177383, -0.24884846282491524, 0.005066118653868745, 0.3733341598326916, -0.4926407026772337, 0.10948172588511706, 0.24986168812819542, 0.7910023321122921, -0.27429282313374714, 0.2751141460374733, -0.6171071957620733, -0.004411770765388567, -0.6351091908575863, 0.8367660782795254, -0.13635585731754474, 0.6603762041966925, -0.16644739064327485, 0.8093351774867339, -0.19034956537818792, -0.33765099381775454, 0.14427754054549724, 0.6908872981882266, 0.7220286235061439, 0.19137623413666893, -0.8306767779591795, 0.19453321463834983, -0.5090925828337958, 0.46518689717993555, 0.7893025846334776, 0.0294679418262902, 0.20712702072041278, -0.8698643752343853, 0.08014945928561268, -0.7416264326591246, 0.22912569270066396, -0.2726993059103242, 0.5355160686614915, -0.902931727160895, -0.7803637637643119, 0.36804643024725525, 0.029307394167312983, 0.1432827432294983, 0.6874139879813108, -0.024524721700651453, 0.6202888442522898, 0.020487258589880097, 0.8534413864805024, 0.333855543079252, -0.7025463211318861, -0.27089364934848836, 0.7315498318881986, -0.29942957828896866, -0.6219484810876903, -0.0547573816684539, -0.21443765035574014, 0.23785985328818726, -0.12646741612097356, -0.47815568541100895, -0.17505557667448635, -0.16193193089539926, 0.8048437117522818, 0.9592325240809707, 0.24713767881382775, -0.8336317548582777, 0.46599743519199, 0.357370804957968, 0.6520457340504391, -0.3050973265778887, -0.8822398116837538, 0.2236436329105842, -0.751970763373456, 0.5190590583266628, 0.5888466351532844, -0.18274642650020412, 0.8875950117660911, -0.6524404124894483, 0.8851716994539605]",rhc,relu,False,False,100,[10],0.1,100,8
813,13,0.06276760005857795,1.8742649284842385,1211.0,100,15,"[0.9340596780273533, 0.09446449835144466, 0.9453687199297687, 0.4296319873487293, 0.3954576491945416, -0.5678210088392472, 0.9525489095524835, -0.9875394895908203, -0.4940352752331121, -0.13041693519110842, 0.5587658435875049, -0.6046298507994938, 0.7259864711984445, 0.9668013543506255, -0.6723155171906026, 0.19466788786571843, -0.98202780466489, -0.22685743471274122, -0.9116798841370009, 0.9133059354284718, -0.1277067062404047, 0.8979546135631256, 0.5726119718701219, 0.7325785971633969, -0.6536691570081037, -0.850102825973786, 0.2014854427555386, -0.6640556325631923, 0.4667603350211398, -0.18311227969597055, 0.05581764683584067, 0.875143167901884, 0.043392244889916, -0.7836132342255386, -0.6835531856304011, 0.09040530340642561, 0.04880816013694678, 0.2752204882519873, -0.1970091128194542, 0.2996102180386846, -0.20619999419653467, 0.24783222709644614, 0.5348099341802477, -0.6420521799177383, -0.24884846282491524, 0.005066118653868745, 0.3733341598326916, -0.4926407026772337, 0.10948172588511706, 0.24986168812819542, 0.7910023321122921, -0.27429282313374714, 0.2751141460374733, -0.6171071957620733, -0.004411770765388567, -0.6351091908575863, 0.8367660782795254, -0.13635585731754474, 0.6603762041966925, -0.16644739064327485, 0.8093351774867339, -0.19034956537818792, -0.33765099381775454, 0.14427754054549724, 0.6908872981882266, 0.7220286235061439, 0.19137623413666893, -0.8306767779591795, 0.19453321463834983, -0.5090925828337958, 0.46518689717993555, 0.7893025846334776, 0.0294679418262902, 0.20712702072041278, -0.8698643752343853, 0.08014945928561268, -0.7416264326591246, 0.22912569270066396, -0.2726993059103242, 0.5355160686614915, -0.902931727160895, -0.7803637637643119, 0.36804643024725525, 0.029307394167312983, 0.1432827432294983, 0.6874139879813108, -0.024524721700651453, 0.6202888442522898, 0.020487258589880097, 0.8534413864805024, 0.333855543079252, -0.7025463211318861, -0.27089364934848836, 0.7315498318881986, -0.29942957828896866, -0.6219484810876903, -0.0547573816684539, -0.21443765035574014, 0.23785985328818726, -0.12646741612097356, -0.47815568541100895, -0.17505557667448635, -0.16193193089539926, 0.8048437117522818, 0.9592325240809707, 0.24713767881382775, -0.8336317548582777, 0.46599743519199, 0.357370804957968, 0.6520457340504391, -0.3050973265778887, -0.8822398116837538, 0.2236436329105842, -0.751970763373456, 0.5190590583266628, 0.5888466351532844, -0.18274642650020412, 0.8875950117660911, -0.6524404124894483, 0.8851716994539605]",rhc,relu,False,False,100,[10],0.1,100,8
814,14,0.06632550002541393,1.8469089783766597,1213.0,100,15,"[0.9340596780273533, 0.09446449835144466, 0.9453687199297687, 0.4296319873487293, 0.3954576491945416, -0.5678210088392472, 0.9525489095524835, -0.9875394895908203, -0.4940352752331121, -0.13041693519110842, 0.5587658435875049, -0.6046298507994938, 0.7259864711984445, 0.9668013543506255, -0.6723155171906026, 0.19466788786571843, -0.98202780466489, -0.22685743471274122, -0.9116798841370009, 0.9133059354284718, -0.1277067062404047, 0.8979546135631256, 0.5726119718701219, 0.7325785971633969, -0.6536691570081037, -0.850102825973786, 0.2014854427555386, -0.6640556325631923, 0.4667603350211398, -0.18311227969597055, 0.05581764683584067, 0.875143167901884, 0.043392244889916, -0.7836132342255386, -0.6835531856304011, 0.09040530340642561, 0.04880816013694678, 0.2752204882519873, -0.1970091128194542, 0.2996102180386846, -0.20619999419653467, 0.24783222709644614, 0.5348099341802477, -0.6420521799177383, -0.24884846282491524, 0.005066118653868745, 0.3733341598326916, -0.4926407026772337, 0.10948172588511706, 0.24986168812819542, 0.7910023321122921, -0.27429282313374714, 0.2751141460374733, -0.6171071957620733, -0.004411770765388567, -0.6351091908575863, 0.8367660782795254, -0.13635585731754474, 0.6603762041966925, -0.16644739064327485, 0.8093351774867339, -0.19034956537818792, -0.33765099381775454, 0.14427754054549724, 0.6908872981882266, 0.7220286235061439, 0.19137623413666893, -0.8306767779591795, 0.19453321463834983, -0.5090925828337958, 0.46518689717993555, 0.7893025846334776, 0.0294679418262902, 0.20712702072041278, -0.8698643752343853, 0.08014945928561268, -0.7416264326591246, 0.22912569270066396, -0.2726993059103242, 0.5355160686614915, -0.902931727160895, -0.7803637637643119, 0.36804643024725525, 0.029307394167312983, 0.1432827432294983, 0.6874139879813108, -0.024524721700651453, 0.6202888442522898, 0.020487258589880097, 0.8534413864805024, 0.333855543079252, -0.7025463211318861, -0.27089364934848836, 0.7315498318881986, -0.29942957828896866, -0.6219484810876903, -0.0547573816684539, -0.21443765035574014, 0.23785985328818726, -0.12646741612097356, -0.47815568541100895, -0.17505557667448635, -0.16193193089539926, 0.8048437117522818, 0.9592325240809707, 0.24713767881382775, -0.8336317548582777, 0.46599743519199, 0.357370804957968, 0.6520457340504391, -0.3050973265778887, -0.8822398116837538, 0.2236436329105842, -0.751970763373456, 0.5190590583266628, 0.5888466351532844, -0.18274642650020412, 0.8875950117660911, -0.6524404124894483, 0.8851716994539605]",rhc,relu,False,False,100,[10],0.1,100,8
815,15,0.06922320008743554,1.8462608555384248,1215.0,100,15,"[0.9340596780273533, 0.09446449835144466, 0.9453687199297687, 0.4296319873487293, 0.3954576491945416, -0.5678210088392472, 0.9525489095524835, -0.9875394895908203, -0.4940352752331121, -0.13041693519110842, 0.5587658435875049, -0.6046298507994938, 0.7259864711984445, 0.9668013543506255, -0.6723155171906026, 0.19466788786571843, -0.98202780466489, -0.22685743471274122, -0.9116798841370009, 0.9133059354284718, -0.1277067062404047, 0.8979546135631256, 0.5726119718701219, 0.7325785971633969, -0.6536691570081037, -0.850102825973786, 0.2014854427555386, -0.6640556325631923, 0.4667603350211398, -0.18311227969597055, 0.05581764683584067, 0.875143167901884, 0.043392244889916, -0.7836132342255386, -0.6835531856304011, 0.09040530340642561, 0.04880816013694678, 0.2752204882519873, -0.1970091128194542, 0.2996102180386846, -0.20619999419653467, 0.24783222709644614, 0.5348099341802477, -0.6420521799177383, -0.24884846282491524, 0.005066118653868745, 0.3733341598326916, -0.4926407026772337, 0.10948172588511706, 0.24986168812819542, 0.7910023321122921, -0.27429282313374714, 0.2751141460374733, -0.6171071957620733, -0.004411770765388567, -0.6351091908575863, 0.8367660782795254, -0.13635585731754474, 0.6603762041966925, -0.16644739064327485, 0.8093351774867339, -0.19034956537818792, -0.33765099381775454, 0.14427754054549724, 0.6908872981882266, 0.7220286235061439, 0.19137623413666893, -0.8306767779591795, 0.19453321463834983, -0.5090925828337958, 0.46518689717993555, 0.7893025846334776, 0.0294679418262902, 0.20712702072041278, -0.8698643752343853, 0.08014945928561268, -0.7416264326591246, 0.22912569270066396, -0.2726993059103242, 0.5355160686614915, -0.902931727160895, -0.7803637637643119, 0.36804643024725525, 0.029307394167312983, 0.1432827432294983, 0.6874139879813108, -0.024524721700651453, 0.6202888442522898, 0.020487258589880097, 0.8534413864805024, 0.333855543079252, -0.7025463211318861, -0.27089364934848836, 0.7315498318881986, -0.29942957828896866, -0.6219484810876903, -0.0547573816684539, -0.21443765035574014, 0.23785985328818726, -0.12646741612097356, -0.47815568541100895, -0.17505557667448635, -0.16193193089539926, 0.8048437117522818, 0.9592325240809707, 0.24713767881382775, -0.8336317548582777, 0.46599743519199, 0.357370804957968, 0.6520457340504391, -0.3050973265778887, -0.8822398116837538, 0.2236436329105842, -0.751970763373456, 0.5190590583266628, 0.5888466351532844, -0.18274642650020412, 0.8875950117660911, -0.6524404124894483, 0.8851716994539605]",rhc,relu,False,False,100,[10],0.1,100,8
816,16,0.07063110009767115,1.8462608555384248,1216.0,100,15,"[0.9340596780273533, 0.09446449835144466, 0.9453687199297687, 0.4296319873487293, 0.3954576491945416, -0.5678210088392472, 0.9525489095524835, -0.9875394895908203, -0.4940352752331121, -0.13041693519110842, 0.5587658435875049, -0.6046298507994938, 0.7259864711984445, 0.9668013543506255, -0.6723155171906026, 0.19466788786571843, -0.98202780466489, -0.22685743471274122, -0.9116798841370009, 0.9133059354284718, -0.1277067062404047, 0.8979546135631256, 0.5726119718701219, 0.7325785971633969, -0.6536691570081037, -0.850102825973786, 0.2014854427555386, -0.6640556325631923, 0.4667603350211398, -0.18311227969597055, 0.05581764683584067, 0.875143167901884, 0.043392244889916, -0.7836132342255386, -0.6835531856304011, 0.09040530340642561, 0.04880816013694678, 0.2752204882519873, -0.1970091128194542, 0.2996102180386846, -0.20619999419653467, 0.24783222709644614, 0.5348099341802477, -0.6420521799177383, -0.24884846282491524, 0.005066118653868745, 0.3733341598326916, -0.4926407026772337, 0.10948172588511706, 0.24986168812819542, 0.7910023321122921, -0.27429282313374714, 0.2751141460374733, -0.6171071957620733, -0.004411770765388567, -0.6351091908575863, 0.8367660782795254, -0.13635585731754474, 0.6603762041966925, -0.16644739064327485, 0.8093351774867339, -0.19034956537818792, -0.33765099381775454, 0.14427754054549724, 0.6908872981882266, 0.7220286235061439, 0.19137623413666893, -0.8306767779591795, 0.19453321463834983, -0.5090925828337958, 0.46518689717993555, 0.7893025846334776, 0.0294679418262902, 0.20712702072041278, -0.8698643752343853, 0.08014945928561268, -0.7416264326591246, 0.22912569270066396, -0.2726993059103242, 0.5355160686614915, -0.902931727160895, -0.7803637637643119, 0.36804643024725525, 0.029307394167312983, 0.1432827432294983, 0.6874139879813108, -0.024524721700651453, 0.6202888442522898, 0.020487258589880097, 0.8534413864805024, 0.333855543079252, -0.7025463211318861, -0.27089364934848836, 0.7315498318881986, -0.29942957828896866, -0.6219484810876903, -0.0547573816684539, -0.21443765035574014, 0.23785985328818726, -0.12646741612097356, -0.47815568541100895, -0.17505557667448635, -0.16193193089539926, 0.8048437117522818, 0.9592325240809707, 0.24713767881382775, -0.8336317548582777, 0.46599743519199, 0.357370804957968, 0.6520457340504391, -0.3050973265778887, -0.8822398116837538, 0.2236436329105842, -0.751970763373456, 0.5190590583266628, 0.5888466351532844, -0.18274642650020412, 0.8875950117660911, -0.6524404124894483, 0.8851716994539605]",rhc,relu,False,False,100,[10],0.1,100,8
817,17,0.07200020004529506,1.7800547418380555,1218.0,100,15,"[0.9340596780273533, 0.09446449835144466, 0.9453687199297687, 0.4296319873487293, 0.3954576491945416, -0.5678210088392472, 0.9525489095524835, -0.9875394895908203, -0.4940352752331121, -0.13041693519110842, 0.5587658435875049, -0.6046298507994938, 0.7259864711984445, 0.9668013543506255, -0.6723155171906026, 0.19466788786571843, -0.98202780466489, -0.22685743471274122, -0.9116798841370009, 0.9133059354284718, -0.1277067062404047, 0.8979546135631256, 0.5726119718701219, 0.7325785971633969, -0.6536691570081037, -0.850102825973786, 0.2014854427555386, -0.6640556325631923, 0.4667603350211398, -0.18311227969597055, 0.05581764683584067, 0.875143167901884, 0.043392244889916, -0.7836132342255386, -0.6835531856304011, 0.09040530340642561, 0.04880816013694678, 0.2752204882519873, -0.1970091128194542, 0.2996102180386846, -0.20619999419653467, 0.24783222709644614, 0.5348099341802477, -0.6420521799177383, -0.24884846282491524, 0.005066118653868745, 0.3733341598326916, -0.4926407026772337, 0.10948172588511706, 0.24986168812819542, 0.7910023321122921, -0.27429282313374714, 0.2751141460374733, -0.6171071957620733, -0.004411770765388567, -0.6351091908575863, 0.8367660782795254, -0.13635585731754474, 0.6603762041966925, -0.16644739064327485, 0.8093351774867339, -0.19034956537818792, -0.33765099381775454, 0.14427754054549724, 0.6908872981882266, 0.7220286235061439, 0.19137623413666893, -0.8306767779591795, 0.19453321463834983, -0.5090925828337958, 0.46518689717993555, 0.7893025846334776, 0.0294679418262902, 0.20712702072041278, -0.8698643752343853, 0.08014945928561268, -0.7416264326591246, 0.22912569270066396, -0.2726993059103242, 0.5355160686614915, -0.902931727160895, -0.7803637637643119, 0.36804643024725525, 0.029307394167312983, 0.1432827432294983, 0.6874139879813108, -0.024524721700651453, 0.6202888442522898, 0.020487258589880097, 0.8534413864805024, 0.333855543079252, -0.7025463211318861, -0.27089364934848836, 0.7315498318881986, -0.29942957828896866, -0.6219484810876903, -0.0547573816684539, -0.21443765035574014, 0.23785985328818726, -0.12646741612097356, -0.47815568541100895, -0.17505557667448635, -0.16193193089539926, 0.8048437117522818, 0.9592325240809707, 0.24713767881382775, -0.8336317548582777, 0.46599743519199, 0.357370804957968, 0.6520457340504391, -0.3050973265778887, -0.8822398116837538, 0.2236436329105842, -0.751970763373456, 0.5190590583266628, 0.5888466351532844, -0.18274642650020412, 0.8875950117660911, -0.6524404124894483, 0.8851716994539605]",rhc,relu,False,False,100,[10],0.1,100,8
818,18,0.07342060003429651,1.766893719919955,1220.0,100,15,"[0.9340596780273533, 0.09446449835144466, 0.9453687199297687, 0.4296319873487293, 0.3954576491945416, -0.5678210088392472, 0.9525489095524835, -0.9875394895908203, -0.4940352752331121, -0.13041693519110842, 0.5587658435875049, -0.6046298507994938, 0.7259864711984445, 0.9668013543506255, -0.6723155171906026, 0.19466788786571843, -0.98202780466489, -0.22685743471274122, -0.9116798841370009, 0.9133059354284718, -0.1277067062404047, 0.8979546135631256, 0.5726119718701219, 0.7325785971633969, -0.6536691570081037, -0.850102825973786, 0.2014854427555386, -0.6640556325631923, 0.4667603350211398, -0.18311227969597055, 0.05581764683584067, 0.875143167901884, 0.043392244889916, -0.7836132342255386, -0.6835531856304011, 0.09040530340642561, 0.04880816013694678, 0.2752204882519873, -0.1970091128194542, 0.2996102180386846, -0.20619999419653467, 0.24783222709644614, 0.5348099341802477, -0.6420521799177383, -0.24884846282491524, 0.005066118653868745, 0.3733341598326916, -0.4926407026772337, 0.10948172588511706, 0.24986168812819542, 0.7910023321122921, -0.27429282313374714, 0.2751141460374733, -0.6171071957620733, -0.004411770765388567, -0.6351091908575863, 0.8367660782795254, -0.13635585731754474, 0.6603762041966925, -0.16644739064327485, 0.8093351774867339, -0.19034956537818792, -0.33765099381775454, 0.14427754054549724, 0.6908872981882266, 0.7220286235061439, 0.19137623413666893, -0.8306767779591795, 0.19453321463834983, -0.5090925828337958, 0.46518689717993555, 0.7893025846334776, 0.0294679418262902, 0.20712702072041278, -0.8698643752343853, 0.08014945928561268, -0.7416264326591246, 0.22912569270066396, -0.2726993059103242, 0.5355160686614915, -0.902931727160895, -0.7803637637643119, 0.36804643024725525, 0.029307394167312983, 0.1432827432294983, 0.6874139879813108, -0.024524721700651453, 0.6202888442522898, 0.020487258589880097, 0.8534413864805024, 0.333855543079252, -0.7025463211318861, -0.27089364934848836, 0.7315498318881986, -0.29942957828896866, -0.6219484810876903, -0.0547573816684539, -0.21443765035574014, 0.23785985328818726, -0.12646741612097356, -0.47815568541100895, -0.17505557667448635, -0.16193193089539926, 0.8048437117522818, 0.9592325240809707, 0.24713767881382775, -0.8336317548582777, 0.46599743519199, 0.357370804957968, 0.6520457340504391, -0.3050973265778887, -0.8822398116837538, 0.2236436329105842, -0.751970763373456, 0.5190590583266628, 0.5888466351532844, -0.18274642650020412, 0.8875950117660911, -0.6524404124894483, 0.8851716994539605]",rhc,relu,False,False,100,[10],0.1,100,8
819,19,0.07618380000349134,1.766893719919955,1221.0,100,15,"[0.9340596780273533, 0.09446449835144466, 0.9453687199297687, 0.4296319873487293, 0.3954576491945416, -0.5678210088392472, 0.9525489095524835, -0.9875394895908203, -0.4940352752331121, -0.13041693519110842, 0.5587658435875049, -0.6046298507994938, 0.7259864711984445, 0.9668013543506255, -0.6723155171906026, 0.19466788786571843, -0.98202780466489, -0.22685743471274122, -0.9116798841370009, 0.9133059354284718, -0.1277067062404047, 0.8979546135631256, 0.5726119718701219, 0.7325785971633969, -0.6536691570081037, -0.850102825973786, 0.2014854427555386, -0.6640556325631923, 0.4667603350211398, -0.18311227969597055, 0.05581764683584067, 0.875143167901884, 0.043392244889916, -0.7836132342255386, -0.6835531856304011, 0.09040530340642561, 0.04880816013694678, 0.2752204882519873, -0.1970091128194542, 0.2996102180386846, -0.20619999419653467, 0.24783222709644614, 0.5348099341802477, -0.6420521799177383, -0.24884846282491524, 0.005066118653868745, 0.3733341598326916, -0.4926407026772337, 0.10948172588511706, 0.24986168812819542, 0.7910023321122921, -0.27429282313374714, 0.2751141460374733, -0.6171071957620733, -0.004411770765388567, -0.6351091908575863, 0.8367660782795254, -0.13635585731754474, 0.6603762041966925, -0.16644739064327485, 0.8093351774867339, -0.19034956537818792, -0.33765099381775454, 0.14427754054549724, 0.6908872981882266, 0.7220286235061439, 0.19137623413666893, -0.8306767779591795, 0.19453321463834983, -0.5090925828337958, 0.46518689717993555, 0.7893025846334776, 0.0294679418262902, 0.20712702072041278, -0.8698643752343853, 0.08014945928561268, -0.7416264326591246, 0.22912569270066396, -0.2726993059103242, 0.5355160686614915, -0.902931727160895, -0.7803637637643119, 0.36804643024725525, 0.029307394167312983, 0.1432827432294983, 0.6874139879813108, -0.024524721700651453, 0.6202888442522898, 0.020487258589880097, 0.8534413864805024, 0.333855543079252, -0.7025463211318861, -0.27089364934848836, 0.7315498318881986, -0.29942957828896866, -0.6219484810876903, -0.0547573816684539, -0.21443765035574014, 0.23785985328818726, -0.12646741612097356, -0.47815568541100895, -0.17505557667448635, -0.16193193089539926, 0.8048437117522818, 0.9592325240809707, 0.24713767881382775, -0.8336317548582777, 0.46599743519199, 0.357370804957968, 0.6520457340504391, -0.3050973265778887, -0.8822398116837538, 0.2236436329105842, -0.751970763373456, 0.5190590583266628, 0.5888466351532844, -0.18274642650020412, 0.8875950117660911, -0.6524404124894483, 0.8851716994539605]",rhc,relu,False,False,100,[10],0.1,100,8
820,20,0.07762070000171661,1.7664203524388509,1223.0,100,15,"[0.9340596780273533, 0.09446449835144466, 0.9453687199297687, 0.4296319873487293, 0.3954576491945416, -0.5678210088392472, 0.9525489095524835, -0.9875394895908203, -0.4940352752331121, -0.13041693519110842, 0.5587658435875049, -0.6046298507994938, 0.7259864711984445, 0.9668013543506255, -0.6723155171906026, 0.19466788786571843, -0.98202780466489, -0.22685743471274122, -0.9116798841370009, 0.9133059354284718, -0.1277067062404047, 0.8979546135631256, 0.5726119718701219, 0.7325785971633969, -0.6536691570081037, -0.850102825973786, 0.2014854427555386, -0.6640556325631923, 0.4667603350211398, -0.18311227969597055, 0.05581764683584067, 0.875143167901884, 0.043392244889916, -0.7836132342255386, -0.6835531856304011, 0.09040530340642561, 0.04880816013694678, 0.2752204882519873, -0.1970091128194542, 0.2996102180386846, -0.20619999419653467, 0.24783222709644614, 0.5348099341802477, -0.6420521799177383, -0.24884846282491524, 0.005066118653868745, 0.3733341598326916, -0.4926407026772337, 0.10948172588511706, 0.24986168812819542, 0.7910023321122921, -0.27429282313374714, 0.2751141460374733, -0.6171071957620733, -0.004411770765388567, -0.6351091908575863, 0.8367660782795254, -0.13635585731754474, 0.6603762041966925, -0.16644739064327485, 0.8093351774867339, -0.19034956537818792, -0.33765099381775454, 0.14427754054549724, 0.6908872981882266, 0.7220286235061439, 0.19137623413666893, -0.8306767779591795, 0.19453321463834983, -0.5090925828337958, 0.46518689717993555, 0.7893025846334776, 0.0294679418262902, 0.20712702072041278, -0.8698643752343853, 0.08014945928561268, -0.7416264326591246, 0.22912569270066396, -0.2726993059103242, 0.5355160686614915, -0.902931727160895, -0.7803637637643119, 0.36804643024725525, 0.029307394167312983, 0.1432827432294983, 0.6874139879813108, -0.024524721700651453, 0.6202888442522898, 0.020487258589880097, 0.8534413864805024, 0.333855543079252, -0.7025463211318861, -0.27089364934848836, 0.7315498318881986, -0.29942957828896866, -0.6219484810876903, -0.0547573816684539, -0.21443765035574014, 0.23785985328818726, -0.12646741612097356, -0.47815568541100895, -0.17505557667448635, -0.16193193089539926, 0.8048437117522818, 0.9592325240809707, 0.24713767881382775, -0.8336317548582777, 0.46599743519199, 0.357370804957968, 0.6520457340504391, -0.3050973265778887, -0.8822398116837538, 0.2236436329105842, -0.751970763373456, 0.5190590583266628, 0.5888466351532844, -0.18274642650020412, 0.8875950117660911, -0.6524404124894483, 0.8851716994539605]",rhc,relu,False,False,100,[10],0.1,100,8
821,21,0.07905250007752329,1.7664203524388509,1224.0,100,15,"[0.9340596780273533, 0.09446449835144466, 0.9453687199297687, 0.4296319873487293, 0.3954576491945416, -0.5678210088392472, 0.9525489095524835, -0.9875394895908203, -0.4940352752331121, -0.13041693519110842, 0.5587658435875049, -0.6046298507994938, 0.7259864711984445, 0.9668013543506255, -0.6723155171906026, 0.19466788786571843, -0.98202780466489, -0.22685743471274122, -0.9116798841370009, 0.9133059354284718, -0.1277067062404047, 0.8979546135631256, 0.5726119718701219, 0.7325785971633969, -0.6536691570081037, -0.850102825973786, 0.2014854427555386, -0.6640556325631923, 0.4667603350211398, -0.18311227969597055, 0.05581764683584067, 0.875143167901884, 0.043392244889916, -0.7836132342255386, -0.6835531856304011, 0.09040530340642561, 0.04880816013694678, 0.2752204882519873, -0.1970091128194542, 0.2996102180386846, -0.20619999419653467, 0.24783222709644614, 0.5348099341802477, -0.6420521799177383, -0.24884846282491524, 0.005066118653868745, 0.3733341598326916, -0.4926407026772337, 0.10948172588511706, 0.24986168812819542, 0.7910023321122921, -0.27429282313374714, 0.2751141460374733, -0.6171071957620733, -0.004411770765388567, -0.6351091908575863, 0.8367660782795254, -0.13635585731754474, 0.6603762041966925, -0.16644739064327485, 0.8093351774867339, -0.19034956537818792, -0.33765099381775454, 0.14427754054549724, 0.6908872981882266, 0.7220286235061439, 0.19137623413666893, -0.8306767779591795, 0.19453321463834983, -0.5090925828337958, 0.46518689717993555, 0.7893025846334776, 0.0294679418262902, 0.20712702072041278, -0.8698643752343853, 0.08014945928561268, -0.7416264326591246, 0.22912569270066396, -0.2726993059103242, 0.5355160686614915, -0.902931727160895, -0.7803637637643119, 0.36804643024725525, 0.029307394167312983, 0.1432827432294983, 0.6874139879813108, -0.024524721700651453, 0.6202888442522898, 0.020487258589880097, 0.8534413864805024, 0.333855543079252, -0.7025463211318861, -0.27089364934848836, 0.7315498318881986, -0.29942957828896866, -0.6219484810876903, -0.0547573816684539, -0.21443765035574014, 0.23785985328818726, -0.12646741612097356, -0.47815568541100895, -0.17505557667448635, -0.16193193089539926, 0.8048437117522818, 0.9592325240809707, 0.24713767881382775, -0.8336317548582777, 0.46599743519199, 0.357370804957968, 0.6520457340504391, -0.3050973265778887, -0.8822398116837538, 0.2236436329105842, -0.751970763373456, 0.5190590583266628, 0.5888466351532844, -0.18274642650020412, 0.8875950117660911, -0.6524404124894483, 0.8851716994539605]",rhc,relu,False,False,100,[10],0.1,100,8
822,22,0.08195150003302842,1.7626363884699814,1226.0,100,15,"[0.9340596780273533, 0.09446449835144466, 0.9453687199297687, 0.4296319873487293, 0.3954576491945416, -0.5678210088392472, 0.9525489095524835, -0.9875394895908203, -0.4940352752331121, -0.13041693519110842, 0.5587658435875049, -0.6046298507994938, 0.7259864711984445, 0.9668013543506255, -0.6723155171906026, 0.19466788786571843, -0.98202780466489, -0.22685743471274122, -0.9116798841370009, 0.9133059354284718, -0.1277067062404047, 0.8979546135631256, 0.5726119718701219, 0.7325785971633969, -0.6536691570081037, -0.850102825973786, 0.2014854427555386, -0.6640556325631923, 0.4667603350211398, -0.18311227969597055, 0.05581764683584067, 0.875143167901884, 0.043392244889916, -0.7836132342255386, -0.6835531856304011, 0.09040530340642561, 0.04880816013694678, 0.2752204882519873, -0.1970091128194542, 0.2996102180386846, -0.20619999419653467, 0.24783222709644614, 0.5348099341802477, -0.6420521799177383, -0.24884846282491524, 0.005066118653868745, 0.3733341598326916, -0.4926407026772337, 0.10948172588511706, 0.24986168812819542, 0.7910023321122921, -0.27429282313374714, 0.2751141460374733, -0.6171071957620733, -0.004411770765388567, -0.6351091908575863, 0.8367660782795254, -0.13635585731754474, 0.6603762041966925, -0.16644739064327485, 0.8093351774867339, -0.19034956537818792, -0.33765099381775454, 0.14427754054549724, 0.6908872981882266, 0.7220286235061439, 0.19137623413666893, -0.8306767779591795, 0.19453321463834983, -0.5090925828337958, 0.46518689717993555, 0.7893025846334776, 0.0294679418262902, 0.20712702072041278, -0.8698643752343853, 0.08014945928561268, -0.7416264326591246, 0.22912569270066396, -0.2726993059103242, 0.5355160686614915, -0.902931727160895, -0.7803637637643119, 0.36804643024725525, 0.029307394167312983, 0.1432827432294983, 0.6874139879813108, -0.024524721700651453, 0.6202888442522898, 0.020487258589880097, 0.8534413864805024, 0.333855543079252, -0.7025463211318861, -0.27089364934848836, 0.7315498318881986, -0.29942957828896866, -0.6219484810876903, -0.0547573816684539, -0.21443765035574014, 0.23785985328818726, -0.12646741612097356, -0.47815568541100895, -0.17505557667448635, -0.16193193089539926, 0.8048437117522818, 0.9592325240809707, 0.24713767881382775, -0.8336317548582777, 0.46599743519199, 0.357370804957968, 0.6520457340504391, -0.3050973265778887, -0.8822398116837538, 0.2236436329105842, -0.751970763373456, 0.5190590583266628, 0.5888466351532844, -0.18274642650020412, 0.8875950117660911, -0.6524404124894483, 0.8851716994539605]",rhc,relu,False,False,100,[10],0.1,100,8
823,23,0.08453910006210208,1.760360817797574,1228.0,100,15,"[0.9340596780273533, 0.09446449835144466, 0.9453687199297687, 0.4296319873487293, 0.3954576491945416, -0.5678210088392472, 0.9525489095524835, -0.9875394895908203, -0.4940352752331121, -0.13041693519110842, 0.5587658435875049, -0.6046298507994938, 0.7259864711984445, 0.9668013543506255, -0.6723155171906026, 0.19466788786571843, -0.98202780466489, -0.22685743471274122, -0.9116798841370009, 0.9133059354284718, -0.1277067062404047, 0.8979546135631256, 0.5726119718701219, 0.7325785971633969, -0.6536691570081037, -0.850102825973786, 0.2014854427555386, -0.6640556325631923, 0.4667603350211398, -0.18311227969597055, 0.05581764683584067, 0.875143167901884, 0.043392244889916, -0.7836132342255386, -0.6835531856304011, 0.09040530340642561, 0.04880816013694678, 0.2752204882519873, -0.1970091128194542, 0.2996102180386846, -0.20619999419653467, 0.24783222709644614, 0.5348099341802477, -0.6420521799177383, -0.24884846282491524, 0.005066118653868745, 0.3733341598326916, -0.4926407026772337, 0.10948172588511706, 0.24986168812819542, 0.7910023321122921, -0.27429282313374714, 0.2751141460374733, -0.6171071957620733, -0.004411770765388567, -0.6351091908575863, 0.8367660782795254, -0.13635585731754474, 0.6603762041966925, -0.16644739064327485, 0.8093351774867339, -0.19034956537818792, -0.33765099381775454, 0.14427754054549724, 0.6908872981882266, 0.7220286235061439, 0.19137623413666893, -0.8306767779591795, 0.19453321463834983, -0.5090925828337958, 0.46518689717993555, 0.7893025846334776, 0.0294679418262902, 0.20712702072041278, -0.8698643752343853, 0.08014945928561268, -0.7416264326591246, 0.22912569270066396, -0.2726993059103242, 0.5355160686614915, -0.902931727160895, -0.7803637637643119, 0.36804643024725525, 0.029307394167312983, 0.1432827432294983, 0.6874139879813108, -0.024524721700651453, 0.6202888442522898, 0.020487258589880097, 0.8534413864805024, 0.333855543079252, -0.7025463211318861, -0.27089364934848836, 0.7315498318881986, -0.29942957828896866, -0.6219484810876903, -0.0547573816684539, -0.21443765035574014, 0.23785985328818726, -0.12646741612097356, -0.47815568541100895, -0.17505557667448635, -0.16193193089539926, 0.8048437117522818, 0.9592325240809707, 0.24713767881382775, -0.8336317548582777, 0.46599743519199, 0.357370804957968, 0.6520457340504391, -0.3050973265778887, -0.8822398116837538, 0.2236436329105842, -0.751970763373456, 0.5190590583266628, 0.5888466351532844, -0.18274642650020412, 0.8875950117660911, -0.6524404124894483, 0.8851716994539605]",rhc,relu,False,False,100,[10],0.1,100,8
824,24,0.08600310003384948,1.7560402249548834,1230.0,100,15,"[0.9340596780273533, 0.09446449835144466, 0.9453687199297687, 0.4296319873487293, 0.3954576491945416, -0.5678210088392472, 0.9525489095524835, -0.9875394895908203, -0.4940352752331121, -0.13041693519110842, 0.5587658435875049, -0.6046298507994938, 0.7259864711984445, 0.9668013543506255, -0.6723155171906026, 0.19466788786571843, -0.98202780466489, -0.22685743471274122, -0.9116798841370009, 0.9133059354284718, -0.1277067062404047, 0.8979546135631256, 0.5726119718701219, 0.7325785971633969, -0.6536691570081037, -0.850102825973786, 0.2014854427555386, -0.6640556325631923, 0.4667603350211398, -0.18311227969597055, 0.05581764683584067, 0.875143167901884, 0.043392244889916, -0.7836132342255386, -0.6835531856304011, 0.09040530340642561, 0.04880816013694678, 0.2752204882519873, -0.1970091128194542, 0.2996102180386846, -0.20619999419653467, 0.24783222709644614, 0.5348099341802477, -0.6420521799177383, -0.24884846282491524, 0.005066118653868745, 0.3733341598326916, -0.4926407026772337, 0.10948172588511706, 0.24986168812819542, 0.7910023321122921, -0.27429282313374714, 0.2751141460374733, -0.6171071957620733, -0.004411770765388567, -0.6351091908575863, 0.8367660782795254, -0.13635585731754474, 0.6603762041966925, -0.16644739064327485, 0.8093351774867339, -0.19034956537818792, -0.33765099381775454, 0.14427754054549724, 0.6908872981882266, 0.7220286235061439, 0.19137623413666893, -0.8306767779591795, 0.19453321463834983, -0.5090925828337958, 0.46518689717993555, 0.7893025846334776, 0.0294679418262902, 0.20712702072041278, -0.8698643752343853, 0.08014945928561268, -0.7416264326591246, 0.22912569270066396, -0.2726993059103242, 0.5355160686614915, -0.902931727160895, -0.7803637637643119, 0.36804643024725525, 0.029307394167312983, 0.1432827432294983, 0.6874139879813108, -0.024524721700651453, 0.6202888442522898, 0.020487258589880097, 0.8534413864805024, 0.333855543079252, -0.7025463211318861, -0.27089364934848836, 0.7315498318881986, -0.29942957828896866, -0.6219484810876903, -0.0547573816684539, -0.21443765035574014, 0.23785985328818726, -0.12646741612097356, -0.47815568541100895, -0.17505557667448635, -0.16193193089539926, 0.8048437117522818, 0.9592325240809707, 0.24713767881382775, -0.8336317548582777, 0.46599743519199, 0.357370804957968, 0.6520457340504391, -0.3050973265778887, -0.8822398116837538, 0.2236436329105842, -0.751970763373456, 0.5190590583266628, 0.5888466351532844, -0.18274642650020412, 0.8875950117660911, -0.6524404124894483, 0.8851716994539605]",rhc,relu,False,False,100,[10],0.1,100,8
825,25,0.08905609999783337,1.7560402249548834,1231.0,100,15,"[0.9340596780273533, 0.09446449835144466, 0.9453687199297687, 0.4296319873487293, 0.3954576491945416, -0.5678210088392472, 0.9525489095524835, -0.9875394895908203, -0.4940352752331121, -0.13041693519110842, 0.5587658435875049, -0.6046298507994938, 0.7259864711984445, 0.9668013543506255, -0.6723155171906026, 0.19466788786571843, -0.98202780466489, -0.22685743471274122, -0.9116798841370009, 0.9133059354284718, -0.1277067062404047, 0.8979546135631256, 0.5726119718701219, 0.7325785971633969, -0.6536691570081037, -0.850102825973786, 0.2014854427555386, -0.6640556325631923, 0.4667603350211398, -0.18311227969597055, 0.05581764683584067, 0.875143167901884, 0.043392244889916, -0.7836132342255386, -0.6835531856304011, 0.09040530340642561, 0.04880816013694678, 0.2752204882519873, -0.1970091128194542, 0.2996102180386846, -0.20619999419653467, 0.24783222709644614, 0.5348099341802477, -0.6420521799177383, -0.24884846282491524, 0.005066118653868745, 0.3733341598326916, -0.4926407026772337, 0.10948172588511706, 0.24986168812819542, 0.7910023321122921, -0.27429282313374714, 0.2751141460374733, -0.6171071957620733, -0.004411770765388567, -0.6351091908575863, 0.8367660782795254, -0.13635585731754474, 0.6603762041966925, -0.16644739064327485, 0.8093351774867339, -0.19034956537818792, -0.33765099381775454, 0.14427754054549724, 0.6908872981882266, 0.7220286235061439, 0.19137623413666893, -0.8306767779591795, 0.19453321463834983, -0.5090925828337958, 0.46518689717993555, 0.7893025846334776, 0.0294679418262902, 0.20712702072041278, -0.8698643752343853, 0.08014945928561268, -0.7416264326591246, 0.22912569270066396, -0.2726993059103242, 0.5355160686614915, -0.902931727160895, -0.7803637637643119, 0.36804643024725525, 0.029307394167312983, 0.1432827432294983, 0.6874139879813108, -0.024524721700651453, 0.6202888442522898, 0.020487258589880097, 0.8534413864805024, 0.333855543079252, -0.7025463211318861, -0.27089364934848836, 0.7315498318881986, -0.29942957828896866, -0.6219484810876903, -0.0547573816684539, -0.21443765035574014, 0.23785985328818726, -0.12646741612097356, -0.47815568541100895, -0.17505557667448635, -0.16193193089539926, 0.8048437117522818, 0.9592325240809707, 0.24713767881382775, -0.8336317548582777, 0.46599743519199, 0.357370804957968, 0.6520457340504391, -0.3050973265778887, -0.8822398116837538, 0.2236436329105842, -0.751970763373456, 0.5190590583266628, 0.5888466351532844, -0.18274642650020412, 0.8875950117660911, -0.6524404124894483, 0.8851716994539605]",rhc,relu,False,False,100,[10],0.1,100,8
826,26,0.09043240000028163,1.7560402249548834,1232.0,100,15,"[0.9340596780273533, 0.09446449835144466, 0.9453687199297687, 0.4296319873487293, 0.3954576491945416, -0.5678210088392472, 0.9525489095524835, -0.9875394895908203, -0.4940352752331121, -0.13041693519110842, 0.5587658435875049, -0.6046298507994938, 0.7259864711984445, 0.9668013543506255, -0.6723155171906026, 0.19466788786571843, -0.98202780466489, -0.22685743471274122, -0.9116798841370009, 0.9133059354284718, -0.1277067062404047, 0.8979546135631256, 0.5726119718701219, 0.7325785971633969, -0.6536691570081037, -0.850102825973786, 0.2014854427555386, -0.6640556325631923, 0.4667603350211398, -0.18311227969597055, 0.05581764683584067, 0.875143167901884, 0.043392244889916, -0.7836132342255386, -0.6835531856304011, 0.09040530340642561, 0.04880816013694678, 0.2752204882519873, -0.1970091128194542, 0.2996102180386846, -0.20619999419653467, 0.24783222709644614, 0.5348099341802477, -0.6420521799177383, -0.24884846282491524, 0.005066118653868745, 0.3733341598326916, -0.4926407026772337, 0.10948172588511706, 0.24986168812819542, 0.7910023321122921, -0.27429282313374714, 0.2751141460374733, -0.6171071957620733, -0.004411770765388567, -0.6351091908575863, 0.8367660782795254, -0.13635585731754474, 0.6603762041966925, -0.16644739064327485, 0.8093351774867339, -0.19034956537818792, -0.33765099381775454, 0.14427754054549724, 0.6908872981882266, 0.7220286235061439, 0.19137623413666893, -0.8306767779591795, 0.19453321463834983, -0.5090925828337958, 0.46518689717993555, 0.7893025846334776, 0.0294679418262902, 0.20712702072041278, -0.8698643752343853, 0.08014945928561268, -0.7416264326591246, 0.22912569270066396, -0.2726993059103242, 0.5355160686614915, -0.902931727160895, -0.7803637637643119, 0.36804643024725525, 0.029307394167312983, 0.1432827432294983, 0.6874139879813108, -0.024524721700651453, 0.6202888442522898, 0.020487258589880097, 0.8534413864805024, 0.333855543079252, -0.7025463211318861, -0.27089364934848836, 0.7315498318881986, -0.29942957828896866, -0.6219484810876903, -0.0547573816684539, -0.21443765035574014, 0.23785985328818726, -0.12646741612097356, -0.47815568541100895, -0.17505557667448635, -0.16193193089539926, 0.8048437117522818, 0.9592325240809707, 0.24713767881382775, -0.8336317548582777, 0.46599743519199, 0.357370804957968, 0.6520457340504391, -0.3050973265778887, -0.8822398116837538, 0.2236436329105842, -0.751970763373456, 0.5190590583266628, 0.5888466351532844, -0.18274642650020412, 0.8875950117660911, -0.6524404124894483, 0.8851716994539605]",rhc,relu,False,False,100,[10],0.1,100,8
827,27,0.09306690003722906,1.7560402249548834,1233.0,100,15,"[0.9340596780273533, 0.09446449835144466, 0.9453687199297687, 0.4296319873487293, 0.3954576491945416, -0.5678210088392472, 0.9525489095524835, -0.9875394895908203, -0.4940352752331121, -0.13041693519110842, 0.5587658435875049, -0.6046298507994938, 0.7259864711984445, 0.9668013543506255, -0.6723155171906026, 0.19466788786571843, -0.98202780466489, -0.22685743471274122, -0.9116798841370009, 0.9133059354284718, -0.1277067062404047, 0.8979546135631256, 0.5726119718701219, 0.7325785971633969, -0.6536691570081037, -0.850102825973786, 0.2014854427555386, -0.6640556325631923, 0.4667603350211398, -0.18311227969597055, 0.05581764683584067, 0.875143167901884, 0.043392244889916, -0.7836132342255386, -0.6835531856304011, 0.09040530340642561, 0.04880816013694678, 0.2752204882519873, -0.1970091128194542, 0.2996102180386846, -0.20619999419653467, 0.24783222709644614, 0.5348099341802477, -0.6420521799177383, -0.24884846282491524, 0.005066118653868745, 0.3733341598326916, -0.4926407026772337, 0.10948172588511706, 0.24986168812819542, 0.7910023321122921, -0.27429282313374714, 0.2751141460374733, -0.6171071957620733, -0.004411770765388567, -0.6351091908575863, 0.8367660782795254, -0.13635585731754474, 0.6603762041966925, -0.16644739064327485, 0.8093351774867339, -0.19034956537818792, -0.33765099381775454, 0.14427754054549724, 0.6908872981882266, 0.7220286235061439, 0.19137623413666893, -0.8306767779591795, 0.19453321463834983, -0.5090925828337958, 0.46518689717993555, 0.7893025846334776, 0.0294679418262902, 0.20712702072041278, -0.8698643752343853, 0.08014945928561268, -0.7416264326591246, 0.22912569270066396, -0.2726993059103242, 0.5355160686614915, -0.902931727160895, -0.7803637637643119, 0.36804643024725525, 0.029307394167312983, 0.1432827432294983, 0.6874139879813108, -0.024524721700651453, 0.6202888442522898, 0.020487258589880097, 0.8534413864805024, 0.333855543079252, -0.7025463211318861, -0.27089364934848836, 0.7315498318881986, -0.29942957828896866, -0.6219484810876903, -0.0547573816684539, -0.21443765035574014, 0.23785985328818726, -0.12646741612097356, -0.47815568541100895, -0.17505557667448635, -0.16193193089539926, 0.8048437117522818, 0.9592325240809707, 0.24713767881382775, -0.8336317548582777, 0.46599743519199, 0.357370804957968, 0.6520457340504391, -0.3050973265778887, -0.8822398116837538, 0.2236436329105842, -0.751970763373456, 0.5190590583266628, 0.5888466351532844, -0.18274642650020412, 0.8875950117660911, -0.6524404124894483, 0.8851716994539605]",rhc,relu,False,False,100,[10],0.1,100,8
828,28,0.0945393000729382,1.7560402249548834,1234.0,100,15,"[0.9340596780273533, 0.09446449835144466, 0.9453687199297687, 0.4296319873487293, 0.3954576491945416, -0.5678210088392472, 0.9525489095524835, -0.9875394895908203, -0.4940352752331121, -0.13041693519110842, 0.5587658435875049, -0.6046298507994938, 0.7259864711984445, 0.9668013543506255, -0.6723155171906026, 0.19466788786571843, -0.98202780466489, -0.22685743471274122, -0.9116798841370009, 0.9133059354284718, -0.1277067062404047, 0.8979546135631256, 0.5726119718701219, 0.7325785971633969, -0.6536691570081037, -0.850102825973786, 0.2014854427555386, -0.6640556325631923, 0.4667603350211398, -0.18311227969597055, 0.05581764683584067, 0.875143167901884, 0.043392244889916, -0.7836132342255386, -0.6835531856304011, 0.09040530340642561, 0.04880816013694678, 0.2752204882519873, -0.1970091128194542, 0.2996102180386846, -0.20619999419653467, 0.24783222709644614, 0.5348099341802477, -0.6420521799177383, -0.24884846282491524, 0.005066118653868745, 0.3733341598326916, -0.4926407026772337, 0.10948172588511706, 0.24986168812819542, 0.7910023321122921, -0.27429282313374714, 0.2751141460374733, -0.6171071957620733, -0.004411770765388567, -0.6351091908575863, 0.8367660782795254, -0.13635585731754474, 0.6603762041966925, -0.16644739064327485, 0.8093351774867339, -0.19034956537818792, -0.33765099381775454, 0.14427754054549724, 0.6908872981882266, 0.7220286235061439, 0.19137623413666893, -0.8306767779591795, 0.19453321463834983, -0.5090925828337958, 0.46518689717993555, 0.7893025846334776, 0.0294679418262902, 0.20712702072041278, -0.8698643752343853, 0.08014945928561268, -0.7416264326591246, 0.22912569270066396, -0.2726993059103242, 0.5355160686614915, -0.902931727160895, -0.7803637637643119, 0.36804643024725525, 0.029307394167312983, 0.1432827432294983, 0.6874139879813108, -0.024524721700651453, 0.6202888442522898, 0.020487258589880097, 0.8534413864805024, 0.333855543079252, -0.7025463211318861, -0.27089364934848836, 0.7315498318881986, -0.29942957828896866, -0.6219484810876903, -0.0547573816684539, -0.21443765035574014, 0.23785985328818726, -0.12646741612097356, -0.47815568541100895, -0.17505557667448635, -0.16193193089539926, 0.8048437117522818, 0.9592325240809707, 0.24713767881382775, -0.8336317548582777, 0.46599743519199, 0.357370804957968, 0.6520457340504391, -0.3050973265778887, -0.8822398116837538, 0.2236436329105842, -0.751970763373456, 0.5190590583266628, 0.5888466351532844, -0.18274642650020412, 0.8875950117660911, -0.6524404124894483, 0.8851716994539605]",rhc,relu,False,False,100,[10],0.1,100,8
829,29,0.09622690000105649,1.7560402249548834,1235.0,100,15,"[0.9340596780273533, 0.09446449835144466, 0.9453687199297687, 0.4296319873487293, 0.3954576491945416, -0.5678210088392472, 0.9525489095524835, -0.9875394895908203, -0.4940352752331121, -0.13041693519110842, 0.5587658435875049, -0.6046298507994938, 0.7259864711984445, 0.9668013543506255, -0.6723155171906026, 0.19466788786571843, -0.98202780466489, -0.22685743471274122, -0.9116798841370009, 0.9133059354284718, -0.1277067062404047, 0.8979546135631256, 0.5726119718701219, 0.7325785971633969, -0.6536691570081037, -0.850102825973786, 0.2014854427555386, -0.6640556325631923, 0.4667603350211398, -0.18311227969597055, 0.05581764683584067, 0.875143167901884, 0.043392244889916, -0.7836132342255386, -0.6835531856304011, 0.09040530340642561, 0.04880816013694678, 0.2752204882519873, -0.1970091128194542, 0.2996102180386846, -0.20619999419653467, 0.24783222709644614, 0.5348099341802477, -0.6420521799177383, -0.24884846282491524, 0.005066118653868745, 0.3733341598326916, -0.4926407026772337, 0.10948172588511706, 0.24986168812819542, 0.7910023321122921, -0.27429282313374714, 0.2751141460374733, -0.6171071957620733, -0.004411770765388567, -0.6351091908575863, 0.8367660782795254, -0.13635585731754474, 0.6603762041966925, -0.16644739064327485, 0.8093351774867339, -0.19034956537818792, -0.33765099381775454, 0.14427754054549724, 0.6908872981882266, 0.7220286235061439, 0.19137623413666893, -0.8306767779591795, 0.19453321463834983, -0.5090925828337958, 0.46518689717993555, 0.7893025846334776, 0.0294679418262902, 0.20712702072041278, -0.8698643752343853, 0.08014945928561268, -0.7416264326591246, 0.22912569270066396, -0.2726993059103242, 0.5355160686614915, -0.902931727160895, -0.7803637637643119, 0.36804643024725525, 0.029307394167312983, 0.1432827432294983, 0.6874139879813108, -0.024524721700651453, 0.6202888442522898, 0.020487258589880097, 0.8534413864805024, 0.333855543079252, -0.7025463211318861, -0.27089364934848836, 0.7315498318881986, -0.29942957828896866, -0.6219484810876903, -0.0547573816684539, -0.21443765035574014, 0.23785985328818726, -0.12646741612097356, -0.47815568541100895, -0.17505557667448635, -0.16193193089539926, 0.8048437117522818, 0.9592325240809707, 0.24713767881382775, -0.8336317548582777, 0.46599743519199, 0.357370804957968, 0.6520457340504391, -0.3050973265778887, -0.8822398116837538, 0.2236436329105842, -0.751970763373456, 0.5190590583266628, 0.5888466351532844, -0.18274642650020412, 0.8875950117660911, -0.6524404124894483, 0.8851716994539605]",rhc,relu,False,False,100,[10],0.1,100,8
830,30,0.09977780003100634,1.7560402249548834,1236.0,100,15,"[0.9340596780273533, 0.09446449835144466, 0.9453687199297687, 0.4296319873487293, 0.3954576491945416, -0.5678210088392472, 0.9525489095524835, -0.9875394895908203, -0.4940352752331121, -0.13041693519110842, 0.5587658435875049, -0.6046298507994938, 0.7259864711984445, 0.9668013543506255, -0.6723155171906026, 0.19466788786571843, -0.98202780466489, -0.22685743471274122, -0.9116798841370009, 0.9133059354284718, -0.1277067062404047, 0.8979546135631256, 0.5726119718701219, 0.7325785971633969, -0.6536691570081037, -0.850102825973786, 0.2014854427555386, -0.6640556325631923, 0.4667603350211398, -0.18311227969597055, 0.05581764683584067, 0.875143167901884, 0.043392244889916, -0.7836132342255386, -0.6835531856304011, 0.09040530340642561, 0.04880816013694678, 0.2752204882519873, -0.1970091128194542, 0.2996102180386846, -0.20619999419653467, 0.24783222709644614, 0.5348099341802477, -0.6420521799177383, -0.24884846282491524, 0.005066118653868745, 0.3733341598326916, -0.4926407026772337, 0.10948172588511706, 0.24986168812819542, 0.7910023321122921, -0.27429282313374714, 0.2751141460374733, -0.6171071957620733, -0.004411770765388567, -0.6351091908575863, 0.8367660782795254, -0.13635585731754474, 0.6603762041966925, -0.16644739064327485, 0.8093351774867339, -0.19034956537818792, -0.33765099381775454, 0.14427754054549724, 0.6908872981882266, 0.7220286235061439, 0.19137623413666893, -0.8306767779591795, 0.19453321463834983, -0.5090925828337958, 0.46518689717993555, 0.7893025846334776, 0.0294679418262902, 0.20712702072041278, -0.8698643752343853, 0.08014945928561268, -0.7416264326591246, 0.22912569270066396, -0.2726993059103242, 0.5355160686614915, -0.902931727160895, -0.7803637637643119, 0.36804643024725525, 0.029307394167312983, 0.1432827432294983, 0.6874139879813108, -0.024524721700651453, 0.6202888442522898, 0.020487258589880097, 0.8534413864805024, 0.333855543079252, -0.7025463211318861, -0.27089364934848836, 0.7315498318881986, -0.29942957828896866, -0.6219484810876903, -0.0547573816684539, -0.21443765035574014, 0.23785985328818726, -0.12646741612097356, -0.47815568541100895, -0.17505557667448635, -0.16193193089539926, 0.8048437117522818, 0.9592325240809707, 0.24713767881382775, -0.8336317548582777, 0.46599743519199, 0.357370804957968, 0.6520457340504391, -0.3050973265778887, -0.8822398116837538, 0.2236436329105842, -0.751970763373456, 0.5190590583266628, 0.5888466351532844, -0.18274642650020412, 0.8875950117660911, -0.6524404124894483, 0.8851716994539605]",rhc,relu,False,False,100,[10],0.1,100,8
831,31,0.10406230005901307,1.7342582680545515,1238.0,100,15,"[0.9340596780273533, 0.09446449835144466, 0.9453687199297687, 0.4296319873487293, 0.3954576491945416, -0.5678210088392472, 0.9525489095524835, -0.9875394895908203, -0.4940352752331121, -0.13041693519110842, 0.5587658435875049, -0.6046298507994938, 0.7259864711984445, 0.9668013543506255, -0.6723155171906026, 0.19466788786571843, -0.98202780466489, -0.22685743471274122, -0.9116798841370009, 0.9133059354284718, -0.1277067062404047, 0.8979546135631256, 0.5726119718701219, 0.7325785971633969, -0.6536691570081037, -0.850102825973786, 0.2014854427555386, -0.6640556325631923, 0.4667603350211398, -0.18311227969597055, 0.05581764683584067, 0.875143167901884, 0.043392244889916, -0.7836132342255386, -0.6835531856304011, 0.09040530340642561, 0.04880816013694678, 0.2752204882519873, -0.1970091128194542, 0.2996102180386846, -0.20619999419653467, 0.24783222709644614, 0.5348099341802477, -0.6420521799177383, -0.24884846282491524, 0.005066118653868745, 0.3733341598326916, -0.4926407026772337, 0.10948172588511706, 0.24986168812819542, 0.7910023321122921, -0.27429282313374714, 0.2751141460374733, -0.6171071957620733, -0.004411770765388567, -0.6351091908575863, 0.8367660782795254, -0.13635585731754474, 0.6603762041966925, -0.16644739064327485, 0.8093351774867339, -0.19034956537818792, -0.33765099381775454, 0.14427754054549724, 0.6908872981882266, 0.7220286235061439, 0.19137623413666893, -0.8306767779591795, 0.19453321463834983, -0.5090925828337958, 0.46518689717993555, 0.7893025846334776, 0.0294679418262902, 0.20712702072041278, -0.8698643752343853, 0.08014945928561268, -0.7416264326591246, 0.22912569270066396, -0.2726993059103242, 0.5355160686614915, -0.902931727160895, -0.7803637637643119, 0.36804643024725525, 0.029307394167312983, 0.1432827432294983, 0.6874139879813108, -0.024524721700651453, 0.6202888442522898, 0.020487258589880097, 0.8534413864805024, 0.333855543079252, -0.7025463211318861, -0.27089364934848836, 0.7315498318881986, -0.29942957828896866, -0.6219484810876903, -0.0547573816684539, -0.21443765035574014, 0.23785985328818726, -0.12646741612097356, -0.47815568541100895, -0.17505557667448635, -0.16193193089539926, 0.8048437117522818, 0.9592325240809707, 0.24713767881382775, -0.8336317548582777, 0.46599743519199, 0.357370804957968, 0.6520457340504391, -0.3050973265778887, -0.8822398116837538, 0.2236436329105842, -0.751970763373456, 0.5190590583266628, 0.5888466351532844, -0.18274642650020412, 0.8875950117660911, -0.6524404124894483, 0.8851716994539605]",rhc,relu,False,False,100,[10],0.1,100,8
832,32,0.1062065000878647,1.733046110670301,1240.0,100,15,"[0.9340596780273533, 0.09446449835144466, 0.9453687199297687, 0.4296319873487293, 0.3954576491945416, -0.5678210088392472, 0.9525489095524835, -0.9875394895908203, -0.4940352752331121, -0.13041693519110842, 0.5587658435875049, -0.6046298507994938, 0.7259864711984445, 0.9668013543506255, -0.6723155171906026, 0.19466788786571843, -0.98202780466489, -0.22685743471274122, -0.9116798841370009, 0.9133059354284718, -0.1277067062404047, 0.8979546135631256, 0.5726119718701219, 0.7325785971633969, -0.6536691570081037, -0.850102825973786, 0.2014854427555386, -0.6640556325631923, 0.4667603350211398, -0.18311227969597055, 0.05581764683584067, 0.875143167901884, 0.043392244889916, -0.7836132342255386, -0.6835531856304011, 0.09040530340642561, 0.04880816013694678, 0.2752204882519873, -0.1970091128194542, 0.2996102180386846, -0.20619999419653467, 0.24783222709644614, 0.5348099341802477, -0.6420521799177383, -0.24884846282491524, 0.005066118653868745, 0.3733341598326916, -0.4926407026772337, 0.10948172588511706, 0.24986168812819542, 0.7910023321122921, -0.27429282313374714, 0.2751141460374733, -0.6171071957620733, -0.004411770765388567, -0.6351091908575863, 0.8367660782795254, -0.13635585731754474, 0.6603762041966925, -0.16644739064327485, 0.8093351774867339, -0.19034956537818792, -0.33765099381775454, 0.14427754054549724, 0.6908872981882266, 0.7220286235061439, 0.19137623413666893, -0.8306767779591795, 0.19453321463834983, -0.5090925828337958, 0.46518689717993555, 0.7893025846334776, 0.0294679418262902, 0.20712702072041278, -0.8698643752343853, 0.08014945928561268, -0.7416264326591246, 0.22912569270066396, -0.2726993059103242, 0.5355160686614915, -0.902931727160895, -0.7803637637643119, 0.36804643024725525, 0.029307394167312983, 0.1432827432294983, 0.6874139879813108, -0.024524721700651453, 0.6202888442522898, 0.020487258589880097, 0.8534413864805024, 0.333855543079252, -0.7025463211318861, -0.27089364934848836, 0.7315498318881986, -0.29942957828896866, -0.6219484810876903, -0.0547573816684539, -0.21443765035574014, 0.23785985328818726, -0.12646741612097356, -0.47815568541100895, -0.17505557667448635, -0.16193193089539926, 0.8048437117522818, 0.9592325240809707, 0.24713767881382775, -0.8336317548582777, 0.46599743519199, 0.357370804957968, 0.6520457340504391, -0.3050973265778887, -0.8822398116837538, 0.2236436329105842, -0.751970763373456, 0.5190590583266628, 0.5888466351532844, -0.18274642650020412, 0.8875950117660911, -0.6524404124894483, 0.8851716994539605]",rhc,relu,False,False,100,[10],0.1,100,8
833,33,0.10762970009818673,1.7116788481563074,1242.0,100,15,"[0.9340596780273533, 0.09446449835144466, 0.9453687199297687, 0.4296319873487293, 0.3954576491945416, -0.5678210088392472, 0.9525489095524835, -0.9875394895908203, -0.4940352752331121, -0.13041693519110842, 0.5587658435875049, -0.6046298507994938, 0.7259864711984445, 0.9668013543506255, -0.6723155171906026, 0.19466788786571843, -0.98202780466489, -0.22685743471274122, -0.9116798841370009, 0.9133059354284718, -0.1277067062404047, 0.8979546135631256, 0.5726119718701219, 0.7325785971633969, -0.6536691570081037, -0.850102825973786, 0.2014854427555386, -0.6640556325631923, 0.4667603350211398, -0.18311227969597055, 0.05581764683584067, 0.875143167901884, 0.043392244889916, -0.7836132342255386, -0.6835531856304011, 0.09040530340642561, 0.04880816013694678, 0.2752204882519873, -0.1970091128194542, 0.2996102180386846, -0.20619999419653467, 0.24783222709644614, 0.5348099341802477, -0.6420521799177383, -0.24884846282491524, 0.005066118653868745, 0.3733341598326916, -0.4926407026772337, 0.10948172588511706, 0.24986168812819542, 0.7910023321122921, -0.27429282313374714, 0.2751141460374733, -0.6171071957620733, -0.004411770765388567, -0.6351091908575863, 0.8367660782795254, -0.13635585731754474, 0.6603762041966925, -0.16644739064327485, 0.8093351774867339, -0.19034956537818792, -0.33765099381775454, 0.14427754054549724, 0.6908872981882266, 0.7220286235061439, 0.19137623413666893, -0.8306767779591795, 0.19453321463834983, -0.5090925828337958, 0.46518689717993555, 0.7893025846334776, 0.0294679418262902, 0.20712702072041278, -0.8698643752343853, 0.08014945928561268, -0.7416264326591246, 0.22912569270066396, -0.2726993059103242, 0.5355160686614915, -0.902931727160895, -0.7803637637643119, 0.36804643024725525, 0.029307394167312983, 0.1432827432294983, 0.6874139879813108, -0.024524721700651453, 0.6202888442522898, 0.020487258589880097, 0.8534413864805024, 0.333855543079252, -0.7025463211318861, -0.27089364934848836, 0.7315498318881986, -0.29942957828896866, -0.6219484810876903, -0.0547573816684539, -0.21443765035574014, 0.23785985328818726, -0.12646741612097356, -0.47815568541100895, -0.17505557667448635, -0.16193193089539926, 0.8048437117522818, 0.9592325240809707, 0.24713767881382775, -0.8336317548582777, 0.46599743519199, 0.357370804957968, 0.6520457340504391, -0.3050973265778887, -0.8822398116837538, 0.2236436329105842, -0.751970763373456, 0.5190590583266628, 0.5888466351532844, -0.18274642650020412, 0.8875950117660911, -0.6524404124894483, 0.8851716994539605]",rhc,relu,False,False,100,[10],0.1,100,8
834,34,0.10928710002917796,1.7079390999036066,1244.0,100,15,"[0.9340596780273533, 0.09446449835144466, 0.9453687199297687, 0.4296319873487293, 0.3954576491945416, -0.5678210088392472, 0.9525489095524835, -0.9875394895908203, -0.4940352752331121, -0.13041693519110842, 0.5587658435875049, -0.6046298507994938, 0.7259864711984445, 0.9668013543506255, -0.6723155171906026, 0.19466788786571843, -0.98202780466489, -0.22685743471274122, -0.9116798841370009, 0.9133059354284718, -0.1277067062404047, 0.8979546135631256, 0.5726119718701219, 0.7325785971633969, -0.6536691570081037, -0.850102825973786, 0.2014854427555386, -0.6640556325631923, 0.4667603350211398, -0.18311227969597055, 0.05581764683584067, 0.875143167901884, 0.043392244889916, -0.7836132342255386, -0.6835531856304011, 0.09040530340642561, 0.04880816013694678, 0.2752204882519873, -0.1970091128194542, 0.2996102180386846, -0.20619999419653467, 0.24783222709644614, 0.5348099341802477, -0.6420521799177383, -0.24884846282491524, 0.005066118653868745, 0.3733341598326916, -0.4926407026772337, 0.10948172588511706, 0.24986168812819542, 0.7910023321122921, -0.27429282313374714, 0.2751141460374733, -0.6171071957620733, -0.004411770765388567, -0.6351091908575863, 0.8367660782795254, -0.13635585731754474, 0.6603762041966925, -0.16644739064327485, 0.8093351774867339, -0.19034956537818792, -0.33765099381775454, 0.14427754054549724, 0.6908872981882266, 0.7220286235061439, 0.19137623413666893, -0.8306767779591795, 0.19453321463834983, -0.5090925828337958, 0.46518689717993555, 0.7893025846334776, 0.0294679418262902, 0.20712702072041278, -0.8698643752343853, 0.08014945928561268, -0.7416264326591246, 0.22912569270066396, -0.2726993059103242, 0.5355160686614915, -0.902931727160895, -0.7803637637643119, 0.36804643024725525, 0.029307394167312983, 0.1432827432294983, 0.6874139879813108, -0.024524721700651453, 0.6202888442522898, 0.020487258589880097, 0.8534413864805024, 0.333855543079252, -0.7025463211318861, -0.27089364934848836, 0.7315498318881986, -0.29942957828896866, -0.6219484810876903, -0.0547573816684539, -0.21443765035574014, 0.23785985328818726, -0.12646741612097356, -0.47815568541100895, -0.17505557667448635, -0.16193193089539926, 0.8048437117522818, 0.9592325240809707, 0.24713767881382775, -0.8336317548582777, 0.46599743519199, 0.357370804957968, 0.6520457340504391, -0.3050973265778887, -0.8822398116837538, 0.2236436329105842, -0.751970763373456, 0.5190590583266628, 0.5888466351532844, -0.18274642650020412, 0.8875950117660911, -0.6524404124894483, 0.8851716994539605]",rhc,relu,False,False,100,[10],0.1,100,8
835,35,0.11070370010565966,1.7079390999036066,1245.0,100,15,"[0.9340596780273533, 0.09446449835144466, 0.9453687199297687, 0.4296319873487293, 0.3954576491945416, -0.5678210088392472, 0.9525489095524835, -0.9875394895908203, -0.4940352752331121, -0.13041693519110842, 0.5587658435875049, -0.6046298507994938, 0.7259864711984445, 0.9668013543506255, -0.6723155171906026, 0.19466788786571843, -0.98202780466489, -0.22685743471274122, -0.9116798841370009, 0.9133059354284718, -0.1277067062404047, 0.8979546135631256, 0.5726119718701219, 0.7325785971633969, -0.6536691570081037, -0.850102825973786, 0.2014854427555386, -0.6640556325631923, 0.4667603350211398, -0.18311227969597055, 0.05581764683584067, 0.875143167901884, 0.043392244889916, -0.7836132342255386, -0.6835531856304011, 0.09040530340642561, 0.04880816013694678, 0.2752204882519873, -0.1970091128194542, 0.2996102180386846, -0.20619999419653467, 0.24783222709644614, 0.5348099341802477, -0.6420521799177383, -0.24884846282491524, 0.005066118653868745, 0.3733341598326916, -0.4926407026772337, 0.10948172588511706, 0.24986168812819542, 0.7910023321122921, -0.27429282313374714, 0.2751141460374733, -0.6171071957620733, -0.004411770765388567, -0.6351091908575863, 0.8367660782795254, -0.13635585731754474, 0.6603762041966925, -0.16644739064327485, 0.8093351774867339, -0.19034956537818792, -0.33765099381775454, 0.14427754054549724, 0.6908872981882266, 0.7220286235061439, 0.19137623413666893, -0.8306767779591795, 0.19453321463834983, -0.5090925828337958, 0.46518689717993555, 0.7893025846334776, 0.0294679418262902, 0.20712702072041278, -0.8698643752343853, 0.08014945928561268, -0.7416264326591246, 0.22912569270066396, -0.2726993059103242, 0.5355160686614915, -0.902931727160895, -0.7803637637643119, 0.36804643024725525, 0.029307394167312983, 0.1432827432294983, 0.6874139879813108, -0.024524721700651453, 0.6202888442522898, 0.020487258589880097, 0.8534413864805024, 0.333855543079252, -0.7025463211318861, -0.27089364934848836, 0.7315498318881986, -0.29942957828896866, -0.6219484810876903, -0.0547573816684539, -0.21443765035574014, 0.23785985328818726, -0.12646741612097356, -0.47815568541100895, -0.17505557667448635, -0.16193193089539926, 0.8048437117522818, 0.9592325240809707, 0.24713767881382775, -0.8336317548582777, 0.46599743519199, 0.357370804957968, 0.6520457340504391, -0.3050973265778887, -0.8822398116837538, 0.2236436329105842, -0.751970763373456, 0.5190590583266628, 0.5888466351532844, -0.18274642650020412, 0.8875950117660911, -0.6524404124894483, 0.8851716994539605]",rhc,relu,False,False,100,[10],0.1,100,8
836,36,0.1138131000334397,1.6977438078463991,1247.0,100,15,"[0.9340596780273533, 0.09446449835144466, 0.9453687199297687, 0.4296319873487293, 0.3954576491945416, -0.5678210088392472, 0.9525489095524835, -0.9875394895908203, -0.4940352752331121, -0.13041693519110842, 0.5587658435875049, -0.6046298507994938, 0.7259864711984445, 0.9668013543506255, -0.6723155171906026, 0.19466788786571843, -0.98202780466489, -0.22685743471274122, -0.9116798841370009, 0.9133059354284718, -0.1277067062404047, 0.8979546135631256, 0.5726119718701219, 0.7325785971633969, -0.6536691570081037, -0.850102825973786, 0.2014854427555386, -0.6640556325631923, 0.4667603350211398, -0.18311227969597055, 0.05581764683584067, 0.875143167901884, 0.043392244889916, -0.7836132342255386, -0.6835531856304011, 0.09040530340642561, 0.04880816013694678, 0.2752204882519873, -0.1970091128194542, 0.2996102180386846, -0.20619999419653467, 0.24783222709644614, 0.5348099341802477, -0.6420521799177383, -0.24884846282491524, 0.005066118653868745, 0.3733341598326916, -0.4926407026772337, 0.10948172588511706, 0.24986168812819542, 0.7910023321122921, -0.27429282313374714, 0.2751141460374733, -0.6171071957620733, -0.004411770765388567, -0.6351091908575863, 0.8367660782795254, -0.13635585731754474, 0.6603762041966925, -0.16644739064327485, 0.8093351774867339, -0.19034956537818792, -0.33765099381775454, 0.14427754054549724, 0.6908872981882266, 0.7220286235061439, 0.19137623413666893, -0.8306767779591795, 0.19453321463834983, -0.5090925828337958, 0.46518689717993555, 0.7893025846334776, 0.0294679418262902, 0.20712702072041278, -0.8698643752343853, 0.08014945928561268, -0.7416264326591246, 0.22912569270066396, -0.2726993059103242, 0.5355160686614915, -0.902931727160895, -0.7803637637643119, 0.36804643024725525, 0.029307394167312983, 0.1432827432294983, 0.6874139879813108, -0.024524721700651453, 0.6202888442522898, 0.020487258589880097, 0.8534413864805024, 0.333855543079252, -0.7025463211318861, -0.27089364934848836, 0.7315498318881986, -0.29942957828896866, -0.6219484810876903, -0.0547573816684539, -0.21443765035574014, 0.23785985328818726, -0.12646741612097356, -0.47815568541100895, -0.17505557667448635, -0.16193193089539926, 0.8048437117522818, 0.9592325240809707, 0.24713767881382775, -0.8336317548582777, 0.46599743519199, 0.357370804957968, 0.6520457340504391, -0.3050973265778887, -0.8822398116837538, 0.2236436329105842, -0.751970763373456, 0.5190590583266628, 0.5888466351532844, -0.18274642650020412, 0.8875950117660911, -0.6524404124894483, 0.8851716994539605]",rhc,relu,False,False,100,[10],0.1,100,8
837,37,0.1166854000184685,1.6977438078463991,1248.0,100,15,"[0.9340596780273533, 0.09446449835144466, 0.9453687199297687, 0.4296319873487293, 0.3954576491945416, -0.5678210088392472, 0.9525489095524835, -0.9875394895908203, -0.4940352752331121, -0.13041693519110842, 0.5587658435875049, -0.6046298507994938, 0.7259864711984445, 0.9668013543506255, -0.6723155171906026, 0.19466788786571843, -0.98202780466489, -0.22685743471274122, -0.9116798841370009, 0.9133059354284718, -0.1277067062404047, 0.8979546135631256, 0.5726119718701219, 0.7325785971633969, -0.6536691570081037, -0.850102825973786, 0.2014854427555386, -0.6640556325631923, 0.4667603350211398, -0.18311227969597055, 0.05581764683584067, 0.875143167901884, 0.043392244889916, -0.7836132342255386, -0.6835531856304011, 0.09040530340642561, 0.04880816013694678, 0.2752204882519873, -0.1970091128194542, 0.2996102180386846, -0.20619999419653467, 0.24783222709644614, 0.5348099341802477, -0.6420521799177383, -0.24884846282491524, 0.005066118653868745, 0.3733341598326916, -0.4926407026772337, 0.10948172588511706, 0.24986168812819542, 0.7910023321122921, -0.27429282313374714, 0.2751141460374733, -0.6171071957620733, -0.004411770765388567, -0.6351091908575863, 0.8367660782795254, -0.13635585731754474, 0.6603762041966925, -0.16644739064327485, 0.8093351774867339, -0.19034956537818792, -0.33765099381775454, 0.14427754054549724, 0.6908872981882266, 0.7220286235061439, 0.19137623413666893, -0.8306767779591795, 0.19453321463834983, -0.5090925828337958, 0.46518689717993555, 0.7893025846334776, 0.0294679418262902, 0.20712702072041278, -0.8698643752343853, 0.08014945928561268, -0.7416264326591246, 0.22912569270066396, -0.2726993059103242, 0.5355160686614915, -0.902931727160895, -0.7803637637643119, 0.36804643024725525, 0.029307394167312983, 0.1432827432294983, 0.6874139879813108, -0.024524721700651453, 0.6202888442522898, 0.020487258589880097, 0.8534413864805024, 0.333855543079252, -0.7025463211318861, -0.27089364934848836, 0.7315498318881986, -0.29942957828896866, -0.6219484810876903, -0.0547573816684539, -0.21443765035574014, 0.23785985328818726, -0.12646741612097356, -0.47815568541100895, -0.17505557667448635, -0.16193193089539926, 0.8048437117522818, 0.9592325240809707, 0.24713767881382775, -0.8336317548582777, 0.46599743519199, 0.357370804957968, 0.6520457340504391, -0.3050973265778887, -0.8822398116837538, 0.2236436329105842, -0.751970763373456, 0.5190590583266628, 0.5888466351532844, -0.18274642650020412, 0.8875950117660911, -0.6524404124894483, 0.8851716994539605]",rhc,relu,False,False,100,[10],0.1,100,8
838,38,0.11806140001863241,1.694987340869232,1250.0,100,15,"[0.9340596780273533, 0.09446449835144466, 0.9453687199297687, 0.4296319873487293, 0.3954576491945416, -0.5678210088392472, 0.9525489095524835, -0.9875394895908203, -0.4940352752331121, -0.13041693519110842, 0.5587658435875049, -0.6046298507994938, 0.7259864711984445, 0.9668013543506255, -0.6723155171906026, 0.19466788786571843, -0.98202780466489, -0.22685743471274122, -0.9116798841370009, 0.9133059354284718, -0.1277067062404047, 0.8979546135631256, 0.5726119718701219, 0.7325785971633969, -0.6536691570081037, -0.850102825973786, 0.2014854427555386, -0.6640556325631923, 0.4667603350211398, -0.18311227969597055, 0.05581764683584067, 0.875143167901884, 0.043392244889916, -0.7836132342255386, -0.6835531856304011, 0.09040530340642561, 0.04880816013694678, 0.2752204882519873, -0.1970091128194542, 0.2996102180386846, -0.20619999419653467, 0.24783222709644614, 0.5348099341802477, -0.6420521799177383, -0.24884846282491524, 0.005066118653868745, 0.3733341598326916, -0.4926407026772337, 0.10948172588511706, 0.24986168812819542, 0.7910023321122921, -0.27429282313374714, 0.2751141460374733, -0.6171071957620733, -0.004411770765388567, -0.6351091908575863, 0.8367660782795254, -0.13635585731754474, 0.6603762041966925, -0.16644739064327485, 0.8093351774867339, -0.19034956537818792, -0.33765099381775454, 0.14427754054549724, 0.6908872981882266, 0.7220286235061439, 0.19137623413666893, -0.8306767779591795, 0.19453321463834983, -0.5090925828337958, 0.46518689717993555, 0.7893025846334776, 0.0294679418262902, 0.20712702072041278, -0.8698643752343853, 0.08014945928561268, -0.7416264326591246, 0.22912569270066396, -0.2726993059103242, 0.5355160686614915, -0.902931727160895, -0.7803637637643119, 0.36804643024725525, 0.029307394167312983, 0.1432827432294983, 0.6874139879813108, -0.024524721700651453, 0.6202888442522898, 0.020487258589880097, 0.8534413864805024, 0.333855543079252, -0.7025463211318861, -0.27089364934848836, 0.7315498318881986, -0.29942957828896866, -0.6219484810876903, -0.0547573816684539, -0.21443765035574014, 0.23785985328818726, -0.12646741612097356, -0.47815568541100895, -0.17505557667448635, -0.16193193089539926, 0.8048437117522818, 0.9592325240809707, 0.24713767881382775, -0.8336317548582777, 0.46599743519199, 0.357370804957968, 0.6520457340504391, -0.3050973265778887, -0.8822398116837538, 0.2236436329105842, -0.751970763373456, 0.5190590583266628, 0.5888466351532844, -0.18274642650020412, 0.8875950117660911, -0.6524404124894483, 0.8851716994539605]",rhc,relu,False,False,100,[10],0.1,100,8
839,39,0.12082070007454604,1.6873037180384485,1252.0,100,15,"[0.9340596780273533, 0.09446449835144466, 0.9453687199297687, 0.4296319873487293, 0.3954576491945416, -0.5678210088392472, 0.9525489095524835, -0.9875394895908203, -0.4940352752331121, -0.13041693519110842, 0.5587658435875049, -0.6046298507994938, 0.7259864711984445, 0.9668013543506255, -0.6723155171906026, 0.19466788786571843, -0.98202780466489, -0.22685743471274122, -0.9116798841370009, 0.9133059354284718, -0.1277067062404047, 0.8979546135631256, 0.5726119718701219, 0.7325785971633969, -0.6536691570081037, -0.850102825973786, 0.2014854427555386, -0.6640556325631923, 0.4667603350211398, -0.18311227969597055, 0.05581764683584067, 0.875143167901884, 0.043392244889916, -0.7836132342255386, -0.6835531856304011, 0.09040530340642561, 0.04880816013694678, 0.2752204882519873, -0.1970091128194542, 0.2996102180386846, -0.20619999419653467, 0.24783222709644614, 0.5348099341802477, -0.6420521799177383, -0.24884846282491524, 0.005066118653868745, 0.3733341598326916, -0.4926407026772337, 0.10948172588511706, 0.24986168812819542, 0.7910023321122921, -0.27429282313374714, 0.2751141460374733, -0.6171071957620733, -0.004411770765388567, -0.6351091908575863, 0.8367660782795254, -0.13635585731754474, 0.6603762041966925, -0.16644739064327485, 0.8093351774867339, -0.19034956537818792, -0.33765099381775454, 0.14427754054549724, 0.6908872981882266, 0.7220286235061439, 0.19137623413666893, -0.8306767779591795, 0.19453321463834983, -0.5090925828337958, 0.46518689717993555, 0.7893025846334776, 0.0294679418262902, 0.20712702072041278, -0.8698643752343853, 0.08014945928561268, -0.7416264326591246, 0.22912569270066396, -0.2726993059103242, 0.5355160686614915, -0.902931727160895, -0.7803637637643119, 0.36804643024725525, 0.029307394167312983, 0.1432827432294983, 0.6874139879813108, -0.024524721700651453, 0.6202888442522898, 0.020487258589880097, 0.8534413864805024, 0.333855543079252, -0.7025463211318861, -0.27089364934848836, 0.7315498318881986, -0.29942957828896866, -0.6219484810876903, -0.0547573816684539, -0.21443765035574014, 0.23785985328818726, -0.12646741612097356, -0.47815568541100895, -0.17505557667448635, -0.16193193089539926, 0.8048437117522818, 0.9592325240809707, 0.24713767881382775, -0.8336317548582777, 0.46599743519199, 0.357370804957968, 0.6520457340504391, -0.3050973265778887, -0.8822398116837538, 0.2236436329105842, -0.751970763373456, 0.5190590583266628, 0.5888466351532844, -0.18274642650020412, 0.8875950117660911, -0.6524404124894483, 0.8851716994539605]",rhc,relu,False,False,100,[10],0.1,100,8
840,40,0.12267690000589937,1.6240748979939525,1254.0,100,15,"[0.9340596780273533, 0.09446449835144466, 0.9453687199297687, 0.4296319873487293, 0.3954576491945416, -0.5678210088392472, 0.9525489095524835, -0.9875394895908203, -0.4940352752331121, -0.13041693519110842, 0.5587658435875049, -0.6046298507994938, 0.7259864711984445, 0.9668013543506255, -0.6723155171906026, 0.19466788786571843, -0.98202780466489, -0.22685743471274122, -0.9116798841370009, 0.9133059354284718, -0.1277067062404047, 0.8979546135631256, 0.5726119718701219, 0.7325785971633969, -0.6536691570081037, -0.850102825973786, 0.2014854427555386, -0.6640556325631923, 0.4667603350211398, -0.18311227969597055, 0.05581764683584067, 0.875143167901884, 0.043392244889916, -0.7836132342255386, -0.6835531856304011, 0.09040530340642561, 0.04880816013694678, 0.2752204882519873, -0.1970091128194542, 0.2996102180386846, -0.20619999419653467, 0.24783222709644614, 0.5348099341802477, -0.6420521799177383, -0.24884846282491524, 0.005066118653868745, 0.3733341598326916, -0.4926407026772337, 0.10948172588511706, 0.24986168812819542, 0.7910023321122921, -0.27429282313374714, 0.2751141460374733, -0.6171071957620733, -0.004411770765388567, -0.6351091908575863, 0.8367660782795254, -0.13635585731754474, 0.6603762041966925, -0.16644739064327485, 0.8093351774867339, -0.19034956537818792, -0.33765099381775454, 0.14427754054549724, 0.6908872981882266, 0.7220286235061439, 0.19137623413666893, -0.8306767779591795, 0.19453321463834983, -0.5090925828337958, 0.46518689717993555, 0.7893025846334776, 0.0294679418262902, 0.20712702072041278, -0.8698643752343853, 0.08014945928561268, -0.7416264326591246, 0.22912569270066396, -0.2726993059103242, 0.5355160686614915, -0.902931727160895, -0.7803637637643119, 0.36804643024725525, 0.029307394167312983, 0.1432827432294983, 0.6874139879813108, -0.024524721700651453, 0.6202888442522898, 0.020487258589880097, 0.8534413864805024, 0.333855543079252, -0.7025463211318861, -0.27089364934848836, 0.7315498318881986, -0.29942957828896866, -0.6219484810876903, -0.0547573816684539, -0.21443765035574014, 0.23785985328818726, -0.12646741612097356, -0.47815568541100895, -0.17505557667448635, -0.16193193089539926, 0.8048437117522818, 0.9592325240809707, 0.24713767881382775, -0.8336317548582777, 0.46599743519199, 0.357370804957968, 0.6520457340504391, -0.3050973265778887, -0.8822398116837538, 0.2236436329105842, -0.751970763373456, 0.5190590583266628, 0.5888466351532844, -0.18274642650020412, 0.8875950117660911, -0.6524404124894483, 0.8851716994539605]",rhc,relu,False,False,100,[10],0.1,100,8
841,41,0.1255848000291735,1.623724544562352,1256.0,100,15,"[0.9340596780273533, 0.09446449835144466, 0.9453687199297687, 0.4296319873487293, 0.3954576491945416, -0.5678210088392472, 0.9525489095524835, -0.9875394895908203, -0.4940352752331121, -0.13041693519110842, 0.5587658435875049, -0.6046298507994938, 0.7259864711984445, 0.9668013543506255, -0.6723155171906026, 0.19466788786571843, -0.98202780466489, -0.22685743471274122, -0.9116798841370009, 0.9133059354284718, -0.1277067062404047, 0.8979546135631256, 0.5726119718701219, 0.7325785971633969, -0.6536691570081037, -0.850102825973786, 0.2014854427555386, -0.6640556325631923, 0.4667603350211398, -0.18311227969597055, 0.05581764683584067, 0.875143167901884, 0.043392244889916, -0.7836132342255386, -0.6835531856304011, 0.09040530340642561, 0.04880816013694678, 0.2752204882519873, -0.1970091128194542, 0.2996102180386846, -0.20619999419653467, 0.24783222709644614, 0.5348099341802477, -0.6420521799177383, -0.24884846282491524, 0.005066118653868745, 0.3733341598326916, -0.4926407026772337, 0.10948172588511706, 0.24986168812819542, 0.7910023321122921, -0.27429282313374714, 0.2751141460374733, -0.6171071957620733, -0.004411770765388567, -0.6351091908575863, 0.8367660782795254, -0.13635585731754474, 0.6603762041966925, -0.16644739064327485, 0.8093351774867339, -0.19034956537818792, -0.33765099381775454, 0.14427754054549724, 0.6908872981882266, 0.7220286235061439, 0.19137623413666893, -0.8306767779591795, 0.19453321463834983, -0.5090925828337958, 0.46518689717993555, 0.7893025846334776, 0.0294679418262902, 0.20712702072041278, -0.8698643752343853, 0.08014945928561268, -0.7416264326591246, 0.22912569270066396, -0.2726993059103242, 0.5355160686614915, -0.902931727160895, -0.7803637637643119, 0.36804643024725525, 0.029307394167312983, 0.1432827432294983, 0.6874139879813108, -0.024524721700651453, 0.6202888442522898, 0.020487258589880097, 0.8534413864805024, 0.333855543079252, -0.7025463211318861, -0.27089364934848836, 0.7315498318881986, -0.29942957828896866, -0.6219484810876903, -0.0547573816684539, -0.21443765035574014, 0.23785985328818726, -0.12646741612097356, -0.47815568541100895, -0.17505557667448635, -0.16193193089539926, 0.8048437117522818, 0.9592325240809707, 0.24713767881382775, -0.8336317548582777, 0.46599743519199, 0.357370804957968, 0.6520457340504391, -0.3050973265778887, -0.8822398116837538, 0.2236436329105842, -0.751970763373456, 0.5190590583266628, 0.5888466351532844, -0.18274642650020412, 0.8875950117660911, -0.6524404124894483, 0.8851716994539605]",rhc,relu,False,False,100,[10],0.1,100,8
842,42,0.12696350004989654,1.623724544562352,1257.0,100,15,"[0.9340596780273533, 0.09446449835144466, 0.9453687199297687, 0.4296319873487293, 0.3954576491945416, -0.5678210088392472, 0.9525489095524835, -0.9875394895908203, -0.4940352752331121, -0.13041693519110842, 0.5587658435875049, -0.6046298507994938, 0.7259864711984445, 0.9668013543506255, -0.6723155171906026, 0.19466788786571843, -0.98202780466489, -0.22685743471274122, -0.9116798841370009, 0.9133059354284718, -0.1277067062404047, 0.8979546135631256, 0.5726119718701219, 0.7325785971633969, -0.6536691570081037, -0.850102825973786, 0.2014854427555386, -0.6640556325631923, 0.4667603350211398, -0.18311227969597055, 0.05581764683584067, 0.875143167901884, 0.043392244889916, -0.7836132342255386, -0.6835531856304011, 0.09040530340642561, 0.04880816013694678, 0.2752204882519873, -0.1970091128194542, 0.2996102180386846, -0.20619999419653467, 0.24783222709644614, 0.5348099341802477, -0.6420521799177383, -0.24884846282491524, 0.005066118653868745, 0.3733341598326916, -0.4926407026772337, 0.10948172588511706, 0.24986168812819542, 0.7910023321122921, -0.27429282313374714, 0.2751141460374733, -0.6171071957620733, -0.004411770765388567, -0.6351091908575863, 0.8367660782795254, -0.13635585731754474, 0.6603762041966925, -0.16644739064327485, 0.8093351774867339, -0.19034956537818792, -0.33765099381775454, 0.14427754054549724, 0.6908872981882266, 0.7220286235061439, 0.19137623413666893, -0.8306767779591795, 0.19453321463834983, -0.5090925828337958, 0.46518689717993555, 0.7893025846334776, 0.0294679418262902, 0.20712702072041278, -0.8698643752343853, 0.08014945928561268, -0.7416264326591246, 0.22912569270066396, -0.2726993059103242, 0.5355160686614915, -0.902931727160895, -0.7803637637643119, 0.36804643024725525, 0.029307394167312983, 0.1432827432294983, 0.6874139879813108, -0.024524721700651453, 0.6202888442522898, 0.020487258589880097, 0.8534413864805024, 0.333855543079252, -0.7025463211318861, -0.27089364934848836, 0.7315498318881986, -0.29942957828896866, -0.6219484810876903, -0.0547573816684539, -0.21443765035574014, 0.23785985328818726, -0.12646741612097356, -0.47815568541100895, -0.17505557667448635, -0.16193193089539926, 0.8048437117522818, 0.9592325240809707, 0.24713767881382775, -0.8336317548582777, 0.46599743519199, 0.357370804957968, 0.6520457340504391, -0.3050973265778887, -0.8822398116837538, 0.2236436329105842, -0.751970763373456, 0.5190590583266628, 0.5888466351532844, -0.18274642650020412, 0.8875950117660911, -0.6524404124894483, 0.8851716994539605]",rhc,relu,False,False,100,[10],0.1,100,8
843,43,0.13002750009763986,1.6225131188302113,1259.0,100,15,"[0.9340596780273533, 0.09446449835144466, 0.9453687199297687, 0.4296319873487293, 0.3954576491945416, -0.5678210088392472, 0.9525489095524835, -0.9875394895908203, -0.4940352752331121, -0.13041693519110842, 0.5587658435875049, -0.6046298507994938, 0.7259864711984445, 0.9668013543506255, -0.6723155171906026, 0.19466788786571843, -0.98202780466489, -0.22685743471274122, -0.9116798841370009, 0.9133059354284718, -0.1277067062404047, 0.8979546135631256, 0.5726119718701219, 0.7325785971633969, -0.6536691570081037, -0.850102825973786, 0.2014854427555386, -0.6640556325631923, 0.4667603350211398, -0.18311227969597055, 0.05581764683584067, 0.875143167901884, 0.043392244889916, -0.7836132342255386, -0.6835531856304011, 0.09040530340642561, 0.04880816013694678, 0.2752204882519873, -0.1970091128194542, 0.2996102180386846, -0.20619999419653467, 0.24783222709644614, 0.5348099341802477, -0.6420521799177383, -0.24884846282491524, 0.005066118653868745, 0.3733341598326916, -0.4926407026772337, 0.10948172588511706, 0.24986168812819542, 0.7910023321122921, -0.27429282313374714, 0.2751141460374733, -0.6171071957620733, -0.004411770765388567, -0.6351091908575863, 0.8367660782795254, -0.13635585731754474, 0.6603762041966925, -0.16644739064327485, 0.8093351774867339, -0.19034956537818792, -0.33765099381775454, 0.14427754054549724, 0.6908872981882266, 0.7220286235061439, 0.19137623413666893, -0.8306767779591795, 0.19453321463834983, -0.5090925828337958, 0.46518689717993555, 0.7893025846334776, 0.0294679418262902, 0.20712702072041278, -0.8698643752343853, 0.08014945928561268, -0.7416264326591246, 0.22912569270066396, -0.2726993059103242, 0.5355160686614915, -0.902931727160895, -0.7803637637643119, 0.36804643024725525, 0.029307394167312983, 0.1432827432294983, 0.6874139879813108, -0.024524721700651453, 0.6202888442522898, 0.020487258589880097, 0.8534413864805024, 0.333855543079252, -0.7025463211318861, -0.27089364934848836, 0.7315498318881986, -0.29942957828896866, -0.6219484810876903, -0.0547573816684539, -0.21443765035574014, 0.23785985328818726, -0.12646741612097356, -0.47815568541100895, -0.17505557667448635, -0.16193193089539926, 0.8048437117522818, 0.9592325240809707, 0.24713767881382775, -0.8336317548582777, 0.46599743519199, 0.357370804957968, 0.6520457340504391, -0.3050973265778887, -0.8822398116837538, 0.2236436329105842, -0.751970763373456, 0.5190590583266628, 0.5888466351532844, -0.18274642650020412, 0.8875950117660911, -0.6524404124894483, 0.8851716994539605]",rhc,relu,False,False,100,[10],0.1,100,8
844,44,0.1314245000248775,1.6173720661945141,1261.0,100,15,"[0.9340596780273533, 0.09446449835144466, 0.9453687199297687, 0.4296319873487293, 0.3954576491945416, -0.5678210088392472, 0.9525489095524835, -0.9875394895908203, -0.4940352752331121, -0.13041693519110842, 0.5587658435875049, -0.6046298507994938, 0.7259864711984445, 0.9668013543506255, -0.6723155171906026, 0.19466788786571843, -0.98202780466489, -0.22685743471274122, -0.9116798841370009, 0.9133059354284718, -0.1277067062404047, 0.8979546135631256, 0.5726119718701219, 0.7325785971633969, -0.6536691570081037, -0.850102825973786, 0.2014854427555386, -0.6640556325631923, 0.4667603350211398, -0.18311227969597055, 0.05581764683584067, 0.875143167901884, 0.043392244889916, -0.7836132342255386, -0.6835531856304011, 0.09040530340642561, 0.04880816013694678, 0.2752204882519873, -0.1970091128194542, 0.2996102180386846, -0.20619999419653467, 0.24783222709644614, 0.5348099341802477, -0.6420521799177383, -0.24884846282491524, 0.005066118653868745, 0.3733341598326916, -0.4926407026772337, 0.10948172588511706, 0.24986168812819542, 0.7910023321122921, -0.27429282313374714, 0.2751141460374733, -0.6171071957620733, -0.004411770765388567, -0.6351091908575863, 0.8367660782795254, -0.13635585731754474, 0.6603762041966925, -0.16644739064327485, 0.8093351774867339, -0.19034956537818792, -0.33765099381775454, 0.14427754054549724, 0.6908872981882266, 0.7220286235061439, 0.19137623413666893, -0.8306767779591795, 0.19453321463834983, -0.5090925828337958, 0.46518689717993555, 0.7893025846334776, 0.0294679418262902, 0.20712702072041278, -0.8698643752343853, 0.08014945928561268, -0.7416264326591246, 0.22912569270066396, -0.2726993059103242, 0.5355160686614915, -0.902931727160895, -0.7803637637643119, 0.36804643024725525, 0.029307394167312983, 0.1432827432294983, 0.6874139879813108, -0.024524721700651453, 0.6202888442522898, 0.020487258589880097, 0.8534413864805024, 0.333855543079252, -0.7025463211318861, -0.27089364934848836, 0.7315498318881986, -0.29942957828896866, -0.6219484810876903, -0.0547573816684539, -0.21443765035574014, 0.23785985328818726, -0.12646741612097356, -0.47815568541100895, -0.17505557667448635, -0.16193193089539926, 0.8048437117522818, 0.9592325240809707, 0.24713767881382775, -0.8336317548582777, 0.46599743519199, 0.357370804957968, 0.6520457340504391, -0.3050973265778887, -0.8822398116837538, 0.2236436329105842, -0.751970763373456, 0.5190590583266628, 0.5888466351532844, -0.18274642650020412, 0.8875950117660911, -0.6524404124894483, 0.8851716994539605]",rhc,relu,False,False,100,[10],0.1,100,8
845,45,0.13282990001607686,1.5966253941061268,1263.0,100,15,"[0.9340596780273533, 0.09446449835144466, 0.9453687199297687, 0.4296319873487293, 0.3954576491945416, -0.5678210088392472, 0.9525489095524835, -0.9875394895908203, -0.4940352752331121, -0.13041693519110842, 0.5587658435875049, -0.6046298507994938, 0.7259864711984445, 0.9668013543506255, -0.6723155171906026, 0.19466788786571843, -0.98202780466489, -0.22685743471274122, -0.9116798841370009, 0.9133059354284718, -0.1277067062404047, 0.8979546135631256, 0.5726119718701219, 0.7325785971633969, -0.6536691570081037, -0.850102825973786, 0.2014854427555386, -0.6640556325631923, 0.4667603350211398, -0.18311227969597055, 0.05581764683584067, 0.875143167901884, 0.043392244889916, -0.7836132342255386, -0.6835531856304011, 0.09040530340642561, 0.04880816013694678, 0.2752204882519873, -0.1970091128194542, 0.2996102180386846, -0.20619999419653467, 0.24783222709644614, 0.5348099341802477, -0.6420521799177383, -0.24884846282491524, 0.005066118653868745, 0.3733341598326916, -0.4926407026772337, 0.10948172588511706, 0.24986168812819542, 0.7910023321122921, -0.27429282313374714, 0.2751141460374733, -0.6171071957620733, -0.004411770765388567, -0.6351091908575863, 0.8367660782795254, -0.13635585731754474, 0.6603762041966925, -0.16644739064327485, 0.8093351774867339, -0.19034956537818792, -0.33765099381775454, 0.14427754054549724, 0.6908872981882266, 0.7220286235061439, 0.19137623413666893, -0.8306767779591795, 0.19453321463834983, -0.5090925828337958, 0.46518689717993555, 0.7893025846334776, 0.0294679418262902, 0.20712702072041278, -0.8698643752343853, 0.08014945928561268, -0.7416264326591246, 0.22912569270066396, -0.2726993059103242, 0.5355160686614915, -0.902931727160895, -0.7803637637643119, 0.36804643024725525, 0.029307394167312983, 0.1432827432294983, 0.6874139879813108, -0.024524721700651453, 0.6202888442522898, 0.020487258589880097, 0.8534413864805024, 0.333855543079252, -0.7025463211318861, -0.27089364934848836, 0.7315498318881986, -0.29942957828896866, -0.6219484810876903, -0.0547573816684539, -0.21443765035574014, 0.23785985328818726, -0.12646741612097356, -0.47815568541100895, -0.17505557667448635, -0.16193193089539926, 0.8048437117522818, 0.9592325240809707, 0.24713767881382775, -0.8336317548582777, 0.46599743519199, 0.357370804957968, 0.6520457340504391, -0.3050973265778887, -0.8822398116837538, 0.2236436329105842, -0.751970763373456, 0.5190590583266628, 0.5888466351532844, -0.18274642650020412, 0.8875950117660911, -0.6524404124894483, 0.8851716994539605]",rhc,relu,False,False,100,[10],0.1,100,8
846,46,0.13423810002859682,1.5966253941061268,1264.0,100,15,"[0.9340596780273533, 0.09446449835144466, 0.9453687199297687, 0.4296319873487293, 0.3954576491945416, -0.5678210088392472, 0.9525489095524835, -0.9875394895908203, -0.4940352752331121, -0.13041693519110842, 0.5587658435875049, -0.6046298507994938, 0.7259864711984445, 0.9668013543506255, -0.6723155171906026, 0.19466788786571843, -0.98202780466489, -0.22685743471274122, -0.9116798841370009, 0.9133059354284718, -0.1277067062404047, 0.8979546135631256, 0.5726119718701219, 0.7325785971633969, -0.6536691570081037, -0.850102825973786, 0.2014854427555386, -0.6640556325631923, 0.4667603350211398, -0.18311227969597055, 0.05581764683584067, 0.875143167901884, 0.043392244889916, -0.7836132342255386, -0.6835531856304011, 0.09040530340642561, 0.04880816013694678, 0.2752204882519873, -0.1970091128194542, 0.2996102180386846, -0.20619999419653467, 0.24783222709644614, 0.5348099341802477, -0.6420521799177383, -0.24884846282491524, 0.005066118653868745, 0.3733341598326916, -0.4926407026772337, 0.10948172588511706, 0.24986168812819542, 0.7910023321122921, -0.27429282313374714, 0.2751141460374733, -0.6171071957620733, -0.004411770765388567, -0.6351091908575863, 0.8367660782795254, -0.13635585731754474, 0.6603762041966925, -0.16644739064327485, 0.8093351774867339, -0.19034956537818792, -0.33765099381775454, 0.14427754054549724, 0.6908872981882266, 0.7220286235061439, 0.19137623413666893, -0.8306767779591795, 0.19453321463834983, -0.5090925828337958, 0.46518689717993555, 0.7893025846334776, 0.0294679418262902, 0.20712702072041278, -0.8698643752343853, 0.08014945928561268, -0.7416264326591246, 0.22912569270066396, -0.2726993059103242, 0.5355160686614915, -0.902931727160895, -0.7803637637643119, 0.36804643024725525, 0.029307394167312983, 0.1432827432294983, 0.6874139879813108, -0.024524721700651453, 0.6202888442522898, 0.020487258589880097, 0.8534413864805024, 0.333855543079252, -0.7025463211318861, -0.27089364934848836, 0.7315498318881986, -0.29942957828896866, -0.6219484810876903, -0.0547573816684539, -0.21443765035574014, 0.23785985328818726, -0.12646741612097356, -0.47815568541100895, -0.17505557667448635, -0.16193193089539926, 0.8048437117522818, 0.9592325240809707, 0.24713767881382775, -0.8336317548582777, 0.46599743519199, 0.357370804957968, 0.6520457340504391, -0.3050973265778887, -0.8822398116837538, 0.2236436329105842, -0.751970763373456, 0.5190590583266628, 0.5888466351532844, -0.18274642650020412, 0.8875950117660911, -0.6524404124894483, 0.8851716994539605]",rhc,relu,False,False,100,[10],0.1,100,8
847,47,0.13724380009807646,1.5966253941061268,1265.0,100,15,"[0.9340596780273533, 0.09446449835144466, 0.9453687199297687, 0.4296319873487293, 0.3954576491945416, -0.5678210088392472, 0.9525489095524835, -0.9875394895908203, -0.4940352752331121, -0.13041693519110842, 0.5587658435875049, -0.6046298507994938, 0.7259864711984445, 0.9668013543506255, -0.6723155171906026, 0.19466788786571843, -0.98202780466489, -0.22685743471274122, -0.9116798841370009, 0.9133059354284718, -0.1277067062404047, 0.8979546135631256, 0.5726119718701219, 0.7325785971633969, -0.6536691570081037, -0.850102825973786, 0.2014854427555386, -0.6640556325631923, 0.4667603350211398, -0.18311227969597055, 0.05581764683584067, 0.875143167901884, 0.043392244889916, -0.7836132342255386, -0.6835531856304011, 0.09040530340642561, 0.04880816013694678, 0.2752204882519873, -0.1970091128194542, 0.2996102180386846, -0.20619999419653467, 0.24783222709644614, 0.5348099341802477, -0.6420521799177383, -0.24884846282491524, 0.005066118653868745, 0.3733341598326916, -0.4926407026772337, 0.10948172588511706, 0.24986168812819542, 0.7910023321122921, -0.27429282313374714, 0.2751141460374733, -0.6171071957620733, -0.004411770765388567, -0.6351091908575863, 0.8367660782795254, -0.13635585731754474, 0.6603762041966925, -0.16644739064327485, 0.8093351774867339, -0.19034956537818792, -0.33765099381775454, 0.14427754054549724, 0.6908872981882266, 0.7220286235061439, 0.19137623413666893, -0.8306767779591795, 0.19453321463834983, -0.5090925828337958, 0.46518689717993555, 0.7893025846334776, 0.0294679418262902, 0.20712702072041278, -0.8698643752343853, 0.08014945928561268, -0.7416264326591246, 0.22912569270066396, -0.2726993059103242, 0.5355160686614915, -0.902931727160895, -0.7803637637643119, 0.36804643024725525, 0.029307394167312983, 0.1432827432294983, 0.6874139879813108, -0.024524721700651453, 0.6202888442522898, 0.020487258589880097, 0.8534413864805024, 0.333855543079252, -0.7025463211318861, -0.27089364934848836, 0.7315498318881986, -0.29942957828896866, -0.6219484810876903, -0.0547573816684539, -0.21443765035574014, 0.23785985328818726, -0.12646741612097356, -0.47815568541100895, -0.17505557667448635, -0.16193193089539926, 0.8048437117522818, 0.9592325240809707, 0.24713767881382775, -0.8336317548582777, 0.46599743519199, 0.357370804957968, 0.6520457340504391, -0.3050973265778887, -0.8822398116837538, 0.2236436329105842, -0.751970763373456, 0.5190590583266628, 0.5888466351532844, -0.18274642650020412, 0.8875950117660911, -0.6524404124894483, 0.8851716994539605]",rhc,relu,False,False,100,[10],0.1,100,8
848,48,0.13920730003155768,1.5761047384329654,1267.0,100,15,"[0.9340596780273533, 0.09446449835144466, 0.9453687199297687, 0.4296319873487293, 0.3954576491945416, -0.5678210088392472, 0.9525489095524835, -0.9875394895908203, -0.4940352752331121, -0.13041693519110842, 0.5587658435875049, -0.6046298507994938, 0.7259864711984445, 0.9668013543506255, -0.6723155171906026, 0.19466788786571843, -0.98202780466489, -0.22685743471274122, -0.9116798841370009, 0.9133059354284718, -0.1277067062404047, 0.8979546135631256, 0.5726119718701219, 0.7325785971633969, -0.6536691570081037, -0.850102825973786, 0.2014854427555386, -0.6640556325631923, 0.4667603350211398, -0.18311227969597055, 0.05581764683584067, 0.875143167901884, 0.043392244889916, -0.7836132342255386, -0.6835531856304011, 0.09040530340642561, 0.04880816013694678, 0.2752204882519873, -0.1970091128194542, 0.2996102180386846, -0.20619999419653467, 0.24783222709644614, 0.5348099341802477, -0.6420521799177383, -0.24884846282491524, 0.005066118653868745, 0.3733341598326916, -0.4926407026772337, 0.10948172588511706, 0.24986168812819542, 0.7910023321122921, -0.27429282313374714, 0.2751141460374733, -0.6171071957620733, -0.004411770765388567, -0.6351091908575863, 0.8367660782795254, -0.13635585731754474, 0.6603762041966925, -0.16644739064327485, 0.8093351774867339, -0.19034956537818792, -0.33765099381775454, 0.14427754054549724, 0.6908872981882266, 0.7220286235061439, 0.19137623413666893, -0.8306767779591795, 0.19453321463834983, -0.5090925828337958, 0.46518689717993555, 0.7893025846334776, 0.0294679418262902, 0.20712702072041278, -0.8698643752343853, 0.08014945928561268, -0.7416264326591246, 0.22912569270066396, -0.2726993059103242, 0.5355160686614915, -0.902931727160895, -0.7803637637643119, 0.36804643024725525, 0.029307394167312983, 0.1432827432294983, 0.6874139879813108, -0.024524721700651453, 0.6202888442522898, 0.020487258589880097, 0.8534413864805024, 0.333855543079252, -0.7025463211318861, -0.27089364934848836, 0.7315498318881986, -0.29942957828896866, -0.6219484810876903, -0.0547573816684539, -0.21443765035574014, 0.23785985328818726, -0.12646741612097356, -0.47815568541100895, -0.17505557667448635, -0.16193193089539926, 0.8048437117522818, 0.9592325240809707, 0.24713767881382775, -0.8336317548582777, 0.46599743519199, 0.357370804957968, 0.6520457340504391, -0.3050973265778887, -0.8822398116837538, 0.2236436329105842, -0.751970763373456, 0.5190590583266628, 0.5888466351532844, -0.18274642650020412, 0.8875950117660911, -0.6524404124894483, 0.8851716994539605]",rhc,relu,False,False,100,[10],0.1,100,8
849,49,0.14330590004101396,1.5761047384329654,1268.0,100,15,"[0.9340596780273533, 0.09446449835144466, 0.9453687199297687, 0.4296319873487293, 0.3954576491945416, -0.5678210088392472, 0.9525489095524835, -0.9875394895908203, -0.4940352752331121, -0.13041693519110842, 0.5587658435875049, -0.6046298507994938, 0.7259864711984445, 0.9668013543506255, -0.6723155171906026, 0.19466788786571843, -0.98202780466489, -0.22685743471274122, -0.9116798841370009, 0.9133059354284718, -0.1277067062404047, 0.8979546135631256, 0.5726119718701219, 0.7325785971633969, -0.6536691570081037, -0.850102825973786, 0.2014854427555386, -0.6640556325631923, 0.4667603350211398, -0.18311227969597055, 0.05581764683584067, 0.875143167901884, 0.043392244889916, -0.7836132342255386, -0.6835531856304011, 0.09040530340642561, 0.04880816013694678, 0.2752204882519873, -0.1970091128194542, 0.2996102180386846, -0.20619999419653467, 0.24783222709644614, 0.5348099341802477, -0.6420521799177383, -0.24884846282491524, 0.005066118653868745, 0.3733341598326916, -0.4926407026772337, 0.10948172588511706, 0.24986168812819542, 0.7910023321122921, -0.27429282313374714, 0.2751141460374733, -0.6171071957620733, -0.004411770765388567, -0.6351091908575863, 0.8367660782795254, -0.13635585731754474, 0.6603762041966925, -0.16644739064327485, 0.8093351774867339, -0.19034956537818792, -0.33765099381775454, 0.14427754054549724, 0.6908872981882266, 0.7220286235061439, 0.19137623413666893, -0.8306767779591795, 0.19453321463834983, -0.5090925828337958, 0.46518689717993555, 0.7893025846334776, 0.0294679418262902, 0.20712702072041278, -0.8698643752343853, 0.08014945928561268, -0.7416264326591246, 0.22912569270066396, -0.2726993059103242, 0.5355160686614915, -0.902931727160895, -0.7803637637643119, 0.36804643024725525, 0.029307394167312983, 0.1432827432294983, 0.6874139879813108, -0.024524721700651453, 0.6202888442522898, 0.020487258589880097, 0.8534413864805024, 0.333855543079252, -0.7025463211318861, -0.27089364934848836, 0.7315498318881986, -0.29942957828896866, -0.6219484810876903, -0.0547573816684539, -0.21443765035574014, 0.23785985328818726, -0.12646741612097356, -0.47815568541100895, -0.17505557667448635, -0.16193193089539926, 0.8048437117522818, 0.9592325240809707, 0.24713767881382775, -0.8336317548582777, 0.46599743519199, 0.357370804957968, 0.6520457340504391, -0.3050973265778887, -0.8822398116837538, 0.2236436329105842, -0.751970763373456, 0.5190590583266628, 0.5888466351532844, -0.18274642650020412, 0.8875950117660911, -0.6524404124894483, 0.8851716994539605]",rhc,relu,False,False,100,[10],0.1,100,8
850,50,0.14690749999135733,1.57310135927874,1270.0,100,15,"[0.9340596780273533, 0.09446449835144466, 0.9453687199297687, 0.4296319873487293, 0.3954576491945416, -0.5678210088392472, 0.9525489095524835, -0.9875394895908203, -0.4940352752331121, -0.13041693519110842, 0.5587658435875049, -0.6046298507994938, 0.7259864711984445, 0.9668013543506255, -0.6723155171906026, 0.19466788786571843, -0.98202780466489, -0.22685743471274122, -0.9116798841370009, 0.9133059354284718, -0.1277067062404047, 0.8979546135631256, 0.5726119718701219, 0.7325785971633969, -0.6536691570081037, -0.850102825973786, 0.2014854427555386, -0.6640556325631923, 0.4667603350211398, -0.18311227969597055, 0.05581764683584067, 0.875143167901884, 0.043392244889916, -0.7836132342255386, -0.6835531856304011, 0.09040530340642561, 0.04880816013694678, 0.2752204882519873, -0.1970091128194542, 0.2996102180386846, -0.20619999419653467, 0.24783222709644614, 0.5348099341802477, -0.6420521799177383, -0.24884846282491524, 0.005066118653868745, 0.3733341598326916, -0.4926407026772337, 0.10948172588511706, 0.24986168812819542, 0.7910023321122921, -0.27429282313374714, 0.2751141460374733, -0.6171071957620733, -0.004411770765388567, -0.6351091908575863, 0.8367660782795254, -0.13635585731754474, 0.6603762041966925, -0.16644739064327485, 0.8093351774867339, -0.19034956537818792, -0.33765099381775454, 0.14427754054549724, 0.6908872981882266, 0.7220286235061439, 0.19137623413666893, -0.8306767779591795, 0.19453321463834983, -0.5090925828337958, 0.46518689717993555, 0.7893025846334776, 0.0294679418262902, 0.20712702072041278, -0.8698643752343853, 0.08014945928561268, -0.7416264326591246, 0.22912569270066396, -0.2726993059103242, 0.5355160686614915, -0.902931727160895, -0.7803637637643119, 0.36804643024725525, 0.029307394167312983, 0.1432827432294983, 0.6874139879813108, -0.024524721700651453, 0.6202888442522898, 0.020487258589880097, 0.8534413864805024, 0.333855543079252, -0.7025463211318861, -0.27089364934848836, 0.7315498318881986, -0.29942957828896866, -0.6219484810876903, -0.0547573816684539, -0.21443765035574014, 0.23785985328818726, -0.12646741612097356, -0.47815568541100895, -0.17505557667448635, -0.16193193089539926, 0.8048437117522818, 0.9592325240809707, 0.24713767881382775, -0.8336317548582777, 0.46599743519199, 0.357370804957968, 0.6520457340504391, -0.3050973265778887, -0.8822398116837538, 0.2236436329105842, -0.751970763373456, 0.5190590583266628, 0.5888466351532844, -0.18274642650020412, 0.8875950117660911, -0.6524404124894483, 0.8851716994539605]",rhc,relu,False,False,100,[10],0.1,100,8
851,51,0.14868640003260225,1.5727366488127725,1272.0,100,15,"[0.9340596780273533, 0.09446449835144466, 0.9453687199297687, 0.4296319873487293, 0.3954576491945416, -0.5678210088392472, 0.9525489095524835, -0.9875394895908203, -0.4940352752331121, -0.13041693519110842, 0.5587658435875049, -0.6046298507994938, 0.7259864711984445, 0.9668013543506255, -0.6723155171906026, 0.19466788786571843, -0.98202780466489, -0.22685743471274122, -0.9116798841370009, 0.9133059354284718, -0.1277067062404047, 0.8979546135631256, 0.5726119718701219, 0.7325785971633969, -0.6536691570081037, -0.850102825973786, 0.2014854427555386, -0.6640556325631923, 0.4667603350211398, -0.18311227969597055, 0.05581764683584067, 0.875143167901884, 0.043392244889916, -0.7836132342255386, -0.6835531856304011, 0.09040530340642561, 0.04880816013694678, 0.2752204882519873, -0.1970091128194542, 0.2996102180386846, -0.20619999419653467, 0.24783222709644614, 0.5348099341802477, -0.6420521799177383, -0.24884846282491524, 0.005066118653868745, 0.3733341598326916, -0.4926407026772337, 0.10948172588511706, 0.24986168812819542, 0.7910023321122921, -0.27429282313374714, 0.2751141460374733, -0.6171071957620733, -0.004411770765388567, -0.6351091908575863, 0.8367660782795254, -0.13635585731754474, 0.6603762041966925, -0.16644739064327485, 0.8093351774867339, -0.19034956537818792, -0.33765099381775454, 0.14427754054549724, 0.6908872981882266, 0.7220286235061439, 0.19137623413666893, -0.8306767779591795, 0.19453321463834983, -0.5090925828337958, 0.46518689717993555, 0.7893025846334776, 0.0294679418262902, 0.20712702072041278, -0.8698643752343853, 0.08014945928561268, -0.7416264326591246, 0.22912569270066396, -0.2726993059103242, 0.5355160686614915, -0.902931727160895, -0.7803637637643119, 0.36804643024725525, 0.029307394167312983, 0.1432827432294983, 0.6874139879813108, -0.024524721700651453, 0.6202888442522898, 0.020487258589880097, 0.8534413864805024, 0.333855543079252, -0.7025463211318861, -0.27089364934848836, 0.7315498318881986, -0.29942957828896866, -0.6219484810876903, -0.0547573816684539, -0.21443765035574014, 0.23785985328818726, -0.12646741612097356, -0.47815568541100895, -0.17505557667448635, -0.16193193089539926, 0.8048437117522818, 0.9592325240809707, 0.24713767881382775, -0.8336317548582777, 0.46599743519199, 0.357370804957968, 0.6520457340504391, -0.3050973265778887, -0.8822398116837538, 0.2236436329105842, -0.751970763373456, 0.5190590583266628, 0.5888466351532844, -0.18274642650020412, 0.8875950117660911, -0.6524404124894483, 0.8851716994539605]",rhc,relu,False,False,100,[10],0.1,100,8
852,52,0.15030470001511276,1.5727366488127725,1273.0,100,15,"[0.9340596780273533, 0.09446449835144466, 0.9453687199297687, 0.4296319873487293, 0.3954576491945416, -0.5678210088392472, 0.9525489095524835, -0.9875394895908203, -0.4940352752331121, -0.13041693519110842, 0.5587658435875049, -0.6046298507994938, 0.7259864711984445, 0.9668013543506255, -0.6723155171906026, 0.19466788786571843, -0.98202780466489, -0.22685743471274122, -0.9116798841370009, 0.9133059354284718, -0.1277067062404047, 0.8979546135631256, 0.5726119718701219, 0.7325785971633969, -0.6536691570081037, -0.850102825973786, 0.2014854427555386, -0.6640556325631923, 0.4667603350211398, -0.18311227969597055, 0.05581764683584067, 0.875143167901884, 0.043392244889916, -0.7836132342255386, -0.6835531856304011, 0.09040530340642561, 0.04880816013694678, 0.2752204882519873, -0.1970091128194542, 0.2996102180386846, -0.20619999419653467, 0.24783222709644614, 0.5348099341802477, -0.6420521799177383, -0.24884846282491524, 0.005066118653868745, 0.3733341598326916, -0.4926407026772337, 0.10948172588511706, 0.24986168812819542, 0.7910023321122921, -0.27429282313374714, 0.2751141460374733, -0.6171071957620733, -0.004411770765388567, -0.6351091908575863, 0.8367660782795254, -0.13635585731754474, 0.6603762041966925, -0.16644739064327485, 0.8093351774867339, -0.19034956537818792, -0.33765099381775454, 0.14427754054549724, 0.6908872981882266, 0.7220286235061439, 0.19137623413666893, -0.8306767779591795, 0.19453321463834983, -0.5090925828337958, 0.46518689717993555, 0.7893025846334776, 0.0294679418262902, 0.20712702072041278, -0.8698643752343853, 0.08014945928561268, -0.7416264326591246, 0.22912569270066396, -0.2726993059103242, 0.5355160686614915, -0.902931727160895, -0.7803637637643119, 0.36804643024725525, 0.029307394167312983, 0.1432827432294983, 0.6874139879813108, -0.024524721700651453, 0.6202888442522898, 0.020487258589880097, 0.8534413864805024, 0.333855543079252, -0.7025463211318861, -0.27089364934848836, 0.7315498318881986, -0.29942957828896866, -0.6219484810876903, -0.0547573816684539, -0.21443765035574014, 0.23785985328818726, -0.12646741612097356, -0.47815568541100895, -0.17505557667448635, -0.16193193089539926, 0.8048437117522818, 0.9592325240809707, 0.24713767881382775, -0.8336317548582777, 0.46599743519199, 0.357370804957968, 0.6520457340504391, -0.3050973265778887, -0.8822398116837538, 0.2236436329105842, -0.751970763373456, 0.5190590583266628, 0.5888466351532844, -0.18274642650020412, 0.8875950117660911, -0.6524404124894483, 0.8851716994539605]",rhc,relu,False,False,100,[10],0.1,100,8
853,53,0.15169550001155585,1.5514992436414778,1275.0,100,15,"[0.9340596780273533, 0.09446449835144466, 0.9453687199297687, 0.4296319873487293, 0.3954576491945416, -0.5678210088392472, 0.9525489095524835, -0.9875394895908203, -0.4940352752331121, -0.13041693519110842, 0.5587658435875049, -0.6046298507994938, 0.7259864711984445, 0.9668013543506255, -0.6723155171906026, 0.19466788786571843, -0.98202780466489, -0.22685743471274122, -0.9116798841370009, 0.9133059354284718, -0.1277067062404047, 0.8979546135631256, 0.5726119718701219, 0.7325785971633969, -0.6536691570081037, -0.850102825973786, 0.2014854427555386, -0.6640556325631923, 0.4667603350211398, -0.18311227969597055, 0.05581764683584067, 0.875143167901884, 0.043392244889916, -0.7836132342255386, -0.6835531856304011, 0.09040530340642561, 0.04880816013694678, 0.2752204882519873, -0.1970091128194542, 0.2996102180386846, -0.20619999419653467, 0.24783222709644614, 0.5348099341802477, -0.6420521799177383, -0.24884846282491524, 0.005066118653868745, 0.3733341598326916, -0.4926407026772337, 0.10948172588511706, 0.24986168812819542, 0.7910023321122921, -0.27429282313374714, 0.2751141460374733, -0.6171071957620733, -0.004411770765388567, -0.6351091908575863, 0.8367660782795254, -0.13635585731754474, 0.6603762041966925, -0.16644739064327485, 0.8093351774867339, -0.19034956537818792, -0.33765099381775454, 0.14427754054549724, 0.6908872981882266, 0.7220286235061439, 0.19137623413666893, -0.8306767779591795, 0.19453321463834983, -0.5090925828337958, 0.46518689717993555, 0.7893025846334776, 0.0294679418262902, 0.20712702072041278, -0.8698643752343853, 0.08014945928561268, -0.7416264326591246, 0.22912569270066396, -0.2726993059103242, 0.5355160686614915, -0.902931727160895, -0.7803637637643119, 0.36804643024725525, 0.029307394167312983, 0.1432827432294983, 0.6874139879813108, -0.024524721700651453, 0.6202888442522898, 0.020487258589880097, 0.8534413864805024, 0.333855543079252, -0.7025463211318861, -0.27089364934848836, 0.7315498318881986, -0.29942957828896866, -0.6219484810876903, -0.0547573816684539, -0.21443765035574014, 0.23785985328818726, -0.12646741612097356, -0.47815568541100895, -0.17505557667448635, -0.16193193089539926, 0.8048437117522818, 0.9592325240809707, 0.24713767881382775, -0.8336317548582777, 0.46599743519199, 0.357370804957968, 0.6520457340504391, -0.3050973265778887, -0.8822398116837538, 0.2236436329105842, -0.751970763373456, 0.5190590583266628, 0.5888466351532844, -0.18274642650020412, 0.8875950117660911, -0.6524404124894483, 0.8851716994539605]",rhc,relu,False,False,100,[10],0.1,100,8
854,54,0.15469950006809086,1.5456142265645625,1277.0,100,15,"[0.9340596780273533, 0.09446449835144466, 0.9453687199297687, 0.4296319873487293, 0.3954576491945416, -0.5678210088392472, 0.9525489095524835, -0.9875394895908203, -0.4940352752331121, -0.13041693519110842, 0.5587658435875049, -0.6046298507994938, 0.7259864711984445, 0.9668013543506255, -0.6723155171906026, 0.19466788786571843, -0.98202780466489, -0.22685743471274122, -0.9116798841370009, 0.9133059354284718, -0.1277067062404047, 0.8979546135631256, 0.5726119718701219, 0.7325785971633969, -0.6536691570081037, -0.850102825973786, 0.2014854427555386, -0.6640556325631923, 0.4667603350211398, -0.18311227969597055, 0.05581764683584067, 0.875143167901884, 0.043392244889916, -0.7836132342255386, -0.6835531856304011, 0.09040530340642561, 0.04880816013694678, 0.2752204882519873, -0.1970091128194542, 0.2996102180386846, -0.20619999419653467, 0.24783222709644614, 0.5348099341802477, -0.6420521799177383, -0.24884846282491524, 0.005066118653868745, 0.3733341598326916, -0.4926407026772337, 0.10948172588511706, 0.24986168812819542, 0.7910023321122921, -0.27429282313374714, 0.2751141460374733, -0.6171071957620733, -0.004411770765388567, -0.6351091908575863, 0.8367660782795254, -0.13635585731754474, 0.6603762041966925, -0.16644739064327485, 0.8093351774867339, -0.19034956537818792, -0.33765099381775454, 0.14427754054549724, 0.6908872981882266, 0.7220286235061439, 0.19137623413666893, -0.8306767779591795, 0.19453321463834983, -0.5090925828337958, 0.46518689717993555, 0.7893025846334776, 0.0294679418262902, 0.20712702072041278, -0.8698643752343853, 0.08014945928561268, -0.7416264326591246, 0.22912569270066396, -0.2726993059103242, 0.5355160686614915, -0.902931727160895, -0.7803637637643119, 0.36804643024725525, 0.029307394167312983, 0.1432827432294983, 0.6874139879813108, -0.024524721700651453, 0.6202888442522898, 0.020487258589880097, 0.8534413864805024, 0.333855543079252, -0.7025463211318861, -0.27089364934848836, 0.7315498318881986, -0.29942957828896866, -0.6219484810876903, -0.0547573816684539, -0.21443765035574014, 0.23785985328818726, -0.12646741612097356, -0.47815568541100895, -0.17505557667448635, -0.16193193089539926, 0.8048437117522818, 0.9592325240809707, 0.24713767881382775, -0.8336317548582777, 0.46599743519199, 0.357370804957968, 0.6520457340504391, -0.3050973265778887, -0.8822398116837538, 0.2236436329105842, -0.751970763373456, 0.5190590583266628, 0.5888466351532844, -0.18274642650020412, 0.8875950117660911, -0.6524404124894483, 0.8851716994539605]",rhc,relu,False,False,100,[10],0.1,100,8
855,55,0.15623610001057386,1.5456142265645625,1278.0,100,15,"[0.9340596780273533, 0.09446449835144466, 0.9453687199297687, 0.4296319873487293, 0.3954576491945416, -0.5678210088392472, 0.9525489095524835, -0.9875394895908203, -0.4940352752331121, -0.13041693519110842, 0.5587658435875049, -0.6046298507994938, 0.7259864711984445, 0.9668013543506255, -0.6723155171906026, 0.19466788786571843, -0.98202780466489, -0.22685743471274122, -0.9116798841370009, 0.9133059354284718, -0.1277067062404047, 0.8979546135631256, 0.5726119718701219, 0.7325785971633969, -0.6536691570081037, -0.850102825973786, 0.2014854427555386, -0.6640556325631923, 0.4667603350211398, -0.18311227969597055, 0.05581764683584067, 0.875143167901884, 0.043392244889916, -0.7836132342255386, -0.6835531856304011, 0.09040530340642561, 0.04880816013694678, 0.2752204882519873, -0.1970091128194542, 0.2996102180386846, -0.20619999419653467, 0.24783222709644614, 0.5348099341802477, -0.6420521799177383, -0.24884846282491524, 0.005066118653868745, 0.3733341598326916, -0.4926407026772337, 0.10948172588511706, 0.24986168812819542, 0.7910023321122921, -0.27429282313374714, 0.2751141460374733, -0.6171071957620733, -0.004411770765388567, -0.6351091908575863, 0.8367660782795254, -0.13635585731754474, 0.6603762041966925, -0.16644739064327485, 0.8093351774867339, -0.19034956537818792, -0.33765099381775454, 0.14427754054549724, 0.6908872981882266, 0.7220286235061439, 0.19137623413666893, -0.8306767779591795, 0.19453321463834983, -0.5090925828337958, 0.46518689717993555, 0.7893025846334776, 0.0294679418262902, 0.20712702072041278, -0.8698643752343853, 0.08014945928561268, -0.7416264326591246, 0.22912569270066396, -0.2726993059103242, 0.5355160686614915, -0.902931727160895, -0.7803637637643119, 0.36804643024725525, 0.029307394167312983, 0.1432827432294983, 0.6874139879813108, -0.024524721700651453, 0.6202888442522898, 0.020487258589880097, 0.8534413864805024, 0.333855543079252, -0.7025463211318861, -0.27089364934848836, 0.7315498318881986, -0.29942957828896866, -0.6219484810876903, -0.0547573816684539, -0.21443765035574014, 0.23785985328818726, -0.12646741612097356, -0.47815568541100895, -0.17505557667448635, -0.16193193089539926, 0.8048437117522818, 0.9592325240809707, 0.24713767881382775, -0.8336317548582777, 0.46599743519199, 0.357370804957968, 0.6520457340504391, -0.3050973265778887, -0.8822398116837538, 0.2236436329105842, -0.751970763373456, 0.5190590583266628, 0.5888466351532844, -0.18274642650020412, 0.8875950117660911, -0.6524404124894483, 0.8851716994539605]",rhc,relu,False,False,100,[10],0.1,100,8
856,56,0.15794740000274032,1.5332555316767802,1280.0,100,15,"[0.9340596780273533, 0.09446449835144466, 0.9453687199297687, 0.4296319873487293, 0.3954576491945416, -0.5678210088392472, 0.9525489095524835, -0.9875394895908203, -0.4940352752331121, -0.13041693519110842, 0.5587658435875049, -0.6046298507994938, 0.7259864711984445, 0.9668013543506255, -0.6723155171906026, 0.19466788786571843, -0.98202780466489, -0.22685743471274122, -0.9116798841370009, 0.9133059354284718, -0.1277067062404047, 0.8979546135631256, 0.5726119718701219, 0.7325785971633969, -0.6536691570081037, -0.850102825973786, 0.2014854427555386, -0.6640556325631923, 0.4667603350211398, -0.18311227969597055, 0.05581764683584067, 0.875143167901884, 0.043392244889916, -0.7836132342255386, -0.6835531856304011, 0.09040530340642561, 0.04880816013694678, 0.2752204882519873, -0.1970091128194542, 0.2996102180386846, -0.20619999419653467, 0.24783222709644614, 0.5348099341802477, -0.6420521799177383, -0.24884846282491524, 0.005066118653868745, 0.3733341598326916, -0.4926407026772337, 0.10948172588511706, 0.24986168812819542, 0.7910023321122921, -0.27429282313374714, 0.2751141460374733, -0.6171071957620733, -0.004411770765388567, -0.6351091908575863, 0.8367660782795254, -0.13635585731754474, 0.6603762041966925, -0.16644739064327485, 0.8093351774867339, -0.19034956537818792, -0.33765099381775454, 0.14427754054549724, 0.6908872981882266, 0.7220286235061439, 0.19137623413666893, -0.8306767779591795, 0.19453321463834983, -0.5090925828337958, 0.46518689717993555, 0.7893025846334776, 0.0294679418262902, 0.20712702072041278, -0.8698643752343853, 0.08014945928561268, -0.7416264326591246, 0.22912569270066396, -0.2726993059103242, 0.5355160686614915, -0.902931727160895, -0.7803637637643119, 0.36804643024725525, 0.029307394167312983, 0.1432827432294983, 0.6874139879813108, -0.024524721700651453, 0.6202888442522898, 0.020487258589880097, 0.8534413864805024, 0.333855543079252, -0.7025463211318861, -0.27089364934848836, 0.7315498318881986, -0.29942957828896866, -0.6219484810876903, -0.0547573816684539, -0.21443765035574014, 0.23785985328818726, -0.12646741612097356, -0.47815568541100895, -0.17505557667448635, -0.16193193089539926, 0.8048437117522818, 0.9592325240809707, 0.24713767881382775, -0.8336317548582777, 0.46599743519199, 0.357370804957968, 0.6520457340504391, -0.3050973265778887, -0.8822398116837538, 0.2236436329105842, -0.751970763373456, 0.5190590583266628, 0.5888466351532844, -0.18274642650020412, 0.8875950117660911, -0.6524404124894483, 0.8851716994539605]",rhc,relu,False,False,100,[10],0.1,100,8
857,57,0.15946009999606758,1.5315374862984417,1282.0,100,15,"[0.9340596780273533, 0.09446449835144466, 0.9453687199297687, 0.4296319873487293, 0.3954576491945416, -0.5678210088392472, 0.9525489095524835, -0.9875394895908203, -0.4940352752331121, -0.13041693519110842, 0.5587658435875049, -0.6046298507994938, 0.7259864711984445, 0.9668013543506255, -0.6723155171906026, 0.19466788786571843, -0.98202780466489, -0.22685743471274122, -0.9116798841370009, 0.9133059354284718, -0.1277067062404047, 0.8979546135631256, 0.5726119718701219, 0.7325785971633969, -0.6536691570081037, -0.850102825973786, 0.2014854427555386, -0.6640556325631923, 0.4667603350211398, -0.18311227969597055, 0.05581764683584067, 0.875143167901884, 0.043392244889916, -0.7836132342255386, -0.6835531856304011, 0.09040530340642561, 0.04880816013694678, 0.2752204882519873, -0.1970091128194542, 0.2996102180386846, -0.20619999419653467, 0.24783222709644614, 0.5348099341802477, -0.6420521799177383, -0.24884846282491524, 0.005066118653868745, 0.3733341598326916, -0.4926407026772337, 0.10948172588511706, 0.24986168812819542, 0.7910023321122921, -0.27429282313374714, 0.2751141460374733, -0.6171071957620733, -0.004411770765388567, -0.6351091908575863, 0.8367660782795254, -0.13635585731754474, 0.6603762041966925, -0.16644739064327485, 0.8093351774867339, -0.19034956537818792, -0.33765099381775454, 0.14427754054549724, 0.6908872981882266, 0.7220286235061439, 0.19137623413666893, -0.8306767779591795, 0.19453321463834983, -0.5090925828337958, 0.46518689717993555, 0.7893025846334776, 0.0294679418262902, 0.20712702072041278, -0.8698643752343853, 0.08014945928561268, -0.7416264326591246, 0.22912569270066396, -0.2726993059103242, 0.5355160686614915, -0.902931727160895, -0.7803637637643119, 0.36804643024725525, 0.029307394167312983, 0.1432827432294983, 0.6874139879813108, -0.024524721700651453, 0.6202888442522898, 0.020487258589880097, 0.8534413864805024, 0.333855543079252, -0.7025463211318861, -0.27089364934848836, 0.7315498318881986, -0.29942957828896866, -0.6219484810876903, -0.0547573816684539, -0.21443765035574014, 0.23785985328818726, -0.12646741612097356, -0.47815568541100895, -0.17505557667448635, -0.16193193089539926, 0.8048437117522818, 0.9592325240809707, 0.24713767881382775, -0.8336317548582777, 0.46599743519199, 0.357370804957968, 0.6520457340504391, -0.3050973265778887, -0.8822398116837538, 0.2236436329105842, -0.751970763373456, 0.5190590583266628, 0.5888466351532844, -0.18274642650020412, 0.8875950117660911, -0.6524404124894483, 0.8851716994539605]",rhc,relu,False,False,100,[10],0.1,100,8
858,58,0.16259170009288937,1.5315374862984417,1283.0,100,15,"[0.9340596780273533, 0.09446449835144466, 0.9453687199297687, 0.4296319873487293, 0.3954576491945416, -0.5678210088392472, 0.9525489095524835, -0.9875394895908203, -0.4940352752331121, -0.13041693519110842, 0.5587658435875049, -0.6046298507994938, 0.7259864711984445, 0.9668013543506255, -0.6723155171906026, 0.19466788786571843, -0.98202780466489, -0.22685743471274122, -0.9116798841370009, 0.9133059354284718, -0.1277067062404047, 0.8979546135631256, 0.5726119718701219, 0.7325785971633969, -0.6536691570081037, -0.850102825973786, 0.2014854427555386, -0.6640556325631923, 0.4667603350211398, -0.18311227969597055, 0.05581764683584067, 0.875143167901884, 0.043392244889916, -0.7836132342255386, -0.6835531856304011, 0.09040530340642561, 0.04880816013694678, 0.2752204882519873, -0.1970091128194542, 0.2996102180386846, -0.20619999419653467, 0.24783222709644614, 0.5348099341802477, -0.6420521799177383, -0.24884846282491524, 0.005066118653868745, 0.3733341598326916, -0.4926407026772337, 0.10948172588511706, 0.24986168812819542, 0.7910023321122921, -0.27429282313374714, 0.2751141460374733, -0.6171071957620733, -0.004411770765388567, -0.6351091908575863, 0.8367660782795254, -0.13635585731754474, 0.6603762041966925, -0.16644739064327485, 0.8093351774867339, -0.19034956537818792, -0.33765099381775454, 0.14427754054549724, 0.6908872981882266, 0.7220286235061439, 0.19137623413666893, -0.8306767779591795, 0.19453321463834983, -0.5090925828337958, 0.46518689717993555, 0.7893025846334776, 0.0294679418262902, 0.20712702072041278, -0.8698643752343853, 0.08014945928561268, -0.7416264326591246, 0.22912569270066396, -0.2726993059103242, 0.5355160686614915, -0.902931727160895, -0.7803637637643119, 0.36804643024725525, 0.029307394167312983, 0.1432827432294983, 0.6874139879813108, -0.024524721700651453, 0.6202888442522898, 0.020487258589880097, 0.8534413864805024, 0.333855543079252, -0.7025463211318861, -0.27089364934848836, 0.7315498318881986, -0.29942957828896866, -0.6219484810876903, -0.0547573816684539, -0.21443765035574014, 0.23785985328818726, -0.12646741612097356, -0.47815568541100895, -0.17505557667448635, -0.16193193089539926, 0.8048437117522818, 0.9592325240809707, 0.24713767881382775, -0.8336317548582777, 0.46599743519199, 0.357370804957968, 0.6520457340504391, -0.3050973265778887, -0.8822398116837538, 0.2236436329105842, -0.751970763373456, 0.5190590583266628, 0.5888466351532844, -0.18274642650020412, 0.8875950117660911, -0.6524404124894483, 0.8851716994539605]",rhc,relu,False,False,100,[10],0.1,100,8
859,59,0.16467890003696084,1.5315374862984417,1284.0,100,15,"[0.9340596780273533, 0.09446449835144466, 0.9453687199297687, 0.4296319873487293, 0.3954576491945416, -0.5678210088392472, 0.9525489095524835, -0.9875394895908203, -0.4940352752331121, -0.13041693519110842, 0.5587658435875049, -0.6046298507994938, 0.7259864711984445, 0.9668013543506255, -0.6723155171906026, 0.19466788786571843, -0.98202780466489, -0.22685743471274122, -0.9116798841370009, 0.9133059354284718, -0.1277067062404047, 0.8979546135631256, 0.5726119718701219, 0.7325785971633969, -0.6536691570081037, -0.850102825973786, 0.2014854427555386, -0.6640556325631923, 0.4667603350211398, -0.18311227969597055, 0.05581764683584067, 0.875143167901884, 0.043392244889916, -0.7836132342255386, -0.6835531856304011, 0.09040530340642561, 0.04880816013694678, 0.2752204882519873, -0.1970091128194542, 0.2996102180386846, -0.20619999419653467, 0.24783222709644614, 0.5348099341802477, -0.6420521799177383, -0.24884846282491524, 0.005066118653868745, 0.3733341598326916, -0.4926407026772337, 0.10948172588511706, 0.24986168812819542, 0.7910023321122921, -0.27429282313374714, 0.2751141460374733, -0.6171071957620733, -0.004411770765388567, -0.6351091908575863, 0.8367660782795254, -0.13635585731754474, 0.6603762041966925, -0.16644739064327485, 0.8093351774867339, -0.19034956537818792, -0.33765099381775454, 0.14427754054549724, 0.6908872981882266, 0.7220286235061439, 0.19137623413666893, -0.8306767779591795, 0.19453321463834983, -0.5090925828337958, 0.46518689717993555, 0.7893025846334776, 0.0294679418262902, 0.20712702072041278, -0.8698643752343853, 0.08014945928561268, -0.7416264326591246, 0.22912569270066396, -0.2726993059103242, 0.5355160686614915, -0.902931727160895, -0.7803637637643119, 0.36804643024725525, 0.029307394167312983, 0.1432827432294983, 0.6874139879813108, -0.024524721700651453, 0.6202888442522898, 0.020487258589880097, 0.8534413864805024, 0.333855543079252, -0.7025463211318861, -0.27089364934848836, 0.7315498318881986, -0.29942957828896866, -0.6219484810876903, -0.0547573816684539, -0.21443765035574014, 0.23785985328818726, -0.12646741612097356, -0.47815568541100895, -0.17505557667448635, -0.16193193089539926, 0.8048437117522818, 0.9592325240809707, 0.24713767881382775, -0.8336317548582777, 0.46599743519199, 0.357370804957968, 0.6520457340504391, -0.3050973265778887, -0.8822398116837538, 0.2236436329105842, -0.751970763373456, 0.5190590583266628, 0.5888466351532844, -0.18274642650020412, 0.8875950117660911, -0.6524404124894483, 0.8851716994539605]",rhc,relu,False,False,100,[10],0.1,100,8
860,60,0.16787820006720722,1.5293805300616161,1286.0,100,15,"[0.9340596780273533, 0.09446449835144466, 0.9453687199297687, 0.4296319873487293, 0.3954576491945416, -0.5678210088392472, 0.9525489095524835, -0.9875394895908203, -0.4940352752331121, -0.13041693519110842, 0.5587658435875049, -0.6046298507994938, 0.7259864711984445, 0.9668013543506255, -0.6723155171906026, 0.19466788786571843, -0.98202780466489, -0.22685743471274122, -0.9116798841370009, 0.9133059354284718, -0.1277067062404047, 0.8979546135631256, 0.5726119718701219, 0.7325785971633969, -0.6536691570081037, -0.850102825973786, 0.2014854427555386, -0.6640556325631923, 0.4667603350211398, -0.18311227969597055, 0.05581764683584067, 0.875143167901884, 0.043392244889916, -0.7836132342255386, -0.6835531856304011, 0.09040530340642561, 0.04880816013694678, 0.2752204882519873, -0.1970091128194542, 0.2996102180386846, -0.20619999419653467, 0.24783222709644614, 0.5348099341802477, -0.6420521799177383, -0.24884846282491524, 0.005066118653868745, 0.3733341598326916, -0.4926407026772337, 0.10948172588511706, 0.24986168812819542, 0.7910023321122921, -0.27429282313374714, 0.2751141460374733, -0.6171071957620733, -0.004411770765388567, -0.6351091908575863, 0.8367660782795254, -0.13635585731754474, 0.6603762041966925, -0.16644739064327485, 0.8093351774867339, -0.19034956537818792, -0.33765099381775454, 0.14427754054549724, 0.6908872981882266, 0.7220286235061439, 0.19137623413666893, -0.8306767779591795, 0.19453321463834983, -0.5090925828337958, 0.46518689717993555, 0.7893025846334776, 0.0294679418262902, 0.20712702072041278, -0.8698643752343853, 0.08014945928561268, -0.7416264326591246, 0.22912569270066396, -0.2726993059103242, 0.5355160686614915, -0.902931727160895, -0.7803637637643119, 0.36804643024725525, 0.029307394167312983, 0.1432827432294983, 0.6874139879813108, -0.024524721700651453, 0.6202888442522898, 0.020487258589880097, 0.8534413864805024, 0.333855543079252, -0.7025463211318861, -0.27089364934848836, 0.7315498318881986, -0.29942957828896866, -0.6219484810876903, -0.0547573816684539, -0.21443765035574014, 0.23785985328818726, -0.12646741612097356, -0.47815568541100895, -0.17505557667448635, -0.16193193089539926, 0.8048437117522818, 0.9592325240809707, 0.24713767881382775, -0.8336317548582777, 0.46599743519199, 0.357370804957968, 0.6520457340504391, -0.3050973265778887, -0.8822398116837538, 0.2236436329105842, -0.751970763373456, 0.5190590583266628, 0.5888466351532844, -0.18274642650020412, 0.8875950117660911, -0.6524404124894483, 0.8851716994539605]",rhc,relu,False,False,100,[10],0.1,100,8
861,61,0.16964800003916025,1.5293805300616161,1287.0,100,15,"[0.9340596780273533, 0.09446449835144466, 0.9453687199297687, 0.4296319873487293, 0.3954576491945416, -0.5678210088392472, 0.9525489095524835, -0.9875394895908203, -0.4940352752331121, -0.13041693519110842, 0.5587658435875049, -0.6046298507994938, 0.7259864711984445, 0.9668013543506255, -0.6723155171906026, 0.19466788786571843, -0.98202780466489, -0.22685743471274122, -0.9116798841370009, 0.9133059354284718, -0.1277067062404047, 0.8979546135631256, 0.5726119718701219, 0.7325785971633969, -0.6536691570081037, -0.850102825973786, 0.2014854427555386, -0.6640556325631923, 0.4667603350211398, -0.18311227969597055, 0.05581764683584067, 0.875143167901884, 0.043392244889916, -0.7836132342255386, -0.6835531856304011, 0.09040530340642561, 0.04880816013694678, 0.2752204882519873, -0.1970091128194542, 0.2996102180386846, -0.20619999419653467, 0.24783222709644614, 0.5348099341802477, -0.6420521799177383, -0.24884846282491524, 0.005066118653868745, 0.3733341598326916, -0.4926407026772337, 0.10948172588511706, 0.24986168812819542, 0.7910023321122921, -0.27429282313374714, 0.2751141460374733, -0.6171071957620733, -0.004411770765388567, -0.6351091908575863, 0.8367660782795254, -0.13635585731754474, 0.6603762041966925, -0.16644739064327485, 0.8093351774867339, -0.19034956537818792, -0.33765099381775454, 0.14427754054549724, 0.6908872981882266, 0.7220286235061439, 0.19137623413666893, -0.8306767779591795, 0.19453321463834983, -0.5090925828337958, 0.46518689717993555, 0.7893025846334776, 0.0294679418262902, 0.20712702072041278, -0.8698643752343853, 0.08014945928561268, -0.7416264326591246, 0.22912569270066396, -0.2726993059103242, 0.5355160686614915, -0.902931727160895, -0.7803637637643119, 0.36804643024725525, 0.029307394167312983, 0.1432827432294983, 0.6874139879813108, -0.024524721700651453, 0.6202888442522898, 0.020487258589880097, 0.8534413864805024, 0.333855543079252, -0.7025463211318861, -0.27089364934848836, 0.7315498318881986, -0.29942957828896866, -0.6219484810876903, -0.0547573816684539, -0.21443765035574014, 0.23785985328818726, -0.12646741612097356, -0.47815568541100895, -0.17505557667448635, -0.16193193089539926, 0.8048437117522818, 0.9592325240809707, 0.24713767881382775, -0.8336317548582777, 0.46599743519199, 0.357370804957968, 0.6520457340504391, -0.3050973265778887, -0.8822398116837538, 0.2236436329105842, -0.751970763373456, 0.5190590583266628, 0.5888466351532844, -0.18274642650020412, 0.8875950117660911, -0.6524404124894483, 0.8851716994539605]",rhc,relu,False,False,100,[10],0.1,100,8
862,62,0.172666700091213,1.5279409829164845,1289.0,100,15,"[0.9340596780273533, 0.09446449835144466, 0.9453687199297687, 0.4296319873487293, 0.3954576491945416, -0.5678210088392472, 0.9525489095524835, -0.9875394895908203, -0.4940352752331121, -0.13041693519110842, 0.5587658435875049, -0.6046298507994938, 0.7259864711984445, 0.9668013543506255, -0.6723155171906026, 0.19466788786571843, -0.98202780466489, -0.22685743471274122, -0.9116798841370009, 0.9133059354284718, -0.1277067062404047, 0.8979546135631256, 0.5726119718701219, 0.7325785971633969, -0.6536691570081037, -0.850102825973786, 0.2014854427555386, -0.6640556325631923, 0.4667603350211398, -0.18311227969597055, 0.05581764683584067, 0.875143167901884, 0.043392244889916, -0.7836132342255386, -0.6835531856304011, 0.09040530340642561, 0.04880816013694678, 0.2752204882519873, -0.1970091128194542, 0.2996102180386846, -0.20619999419653467, 0.24783222709644614, 0.5348099341802477, -0.6420521799177383, -0.24884846282491524, 0.005066118653868745, 0.3733341598326916, -0.4926407026772337, 0.10948172588511706, 0.24986168812819542, 0.7910023321122921, -0.27429282313374714, 0.2751141460374733, -0.6171071957620733, -0.004411770765388567, -0.6351091908575863, 0.8367660782795254, -0.13635585731754474, 0.6603762041966925, -0.16644739064327485, 0.8093351774867339, -0.19034956537818792, -0.33765099381775454, 0.14427754054549724, 0.6908872981882266, 0.7220286235061439, 0.19137623413666893, -0.8306767779591795, 0.19453321463834983, -0.5090925828337958, 0.46518689717993555, 0.7893025846334776, 0.0294679418262902, 0.20712702072041278, -0.8698643752343853, 0.08014945928561268, -0.7416264326591246, 0.22912569270066396, -0.2726993059103242, 0.5355160686614915, -0.902931727160895, -0.7803637637643119, 0.36804643024725525, 0.029307394167312983, 0.1432827432294983, 0.6874139879813108, -0.024524721700651453, 0.6202888442522898, 0.020487258589880097, 0.8534413864805024, 0.333855543079252, -0.7025463211318861, -0.27089364934848836, 0.7315498318881986, -0.29942957828896866, -0.6219484810876903, -0.0547573816684539, -0.21443765035574014, 0.23785985328818726, -0.12646741612097356, -0.47815568541100895, -0.17505557667448635, -0.16193193089539926, 0.8048437117522818, 0.9592325240809707, 0.24713767881382775, -0.8336317548582777, 0.46599743519199, 0.357370804957968, 0.6520457340504391, -0.3050973265778887, -0.8822398116837538, 0.2236436329105842, -0.751970763373456, 0.5190590583266628, 0.5888466351532844, -0.18274642650020412, 0.8875950117660911, -0.6524404124894483, 0.8851716994539605]",rhc,relu,False,False,100,[10],0.1,100,8
863,63,0.1759350000647828,1.5188408239640918,1291.0,100,15,"[0.9340596780273533, 0.09446449835144466, 0.9453687199297687, 0.4296319873487293, 0.3954576491945416, -0.5678210088392472, 0.9525489095524835, -0.9875394895908203, -0.4940352752331121, -0.13041693519110842, 0.5587658435875049, -0.6046298507994938, 0.7259864711984445, 0.9668013543506255, -0.6723155171906026, 0.19466788786571843, -0.98202780466489, -0.22685743471274122, -0.9116798841370009, 0.9133059354284718, -0.1277067062404047, 0.8979546135631256, 0.5726119718701219, 0.7325785971633969, -0.6536691570081037, -0.850102825973786, 0.2014854427555386, -0.6640556325631923, 0.4667603350211398, -0.18311227969597055, 0.05581764683584067, 0.875143167901884, 0.043392244889916, -0.7836132342255386, -0.6835531856304011, 0.09040530340642561, 0.04880816013694678, 0.2752204882519873, -0.1970091128194542, 0.2996102180386846, -0.20619999419653467, 0.24783222709644614, 0.5348099341802477, -0.6420521799177383, -0.24884846282491524, 0.005066118653868745, 0.3733341598326916, -0.4926407026772337, 0.10948172588511706, 0.24986168812819542, 0.7910023321122921, -0.27429282313374714, 0.2751141460374733, -0.6171071957620733, -0.004411770765388567, -0.6351091908575863, 0.8367660782795254, -0.13635585731754474, 0.6603762041966925, -0.16644739064327485, 0.8093351774867339, -0.19034956537818792, -0.33765099381775454, 0.14427754054549724, 0.6908872981882266, 0.7220286235061439, 0.19137623413666893, -0.8306767779591795, 0.19453321463834983, -0.5090925828337958, 0.46518689717993555, 0.7893025846334776, 0.0294679418262902, 0.20712702072041278, -0.8698643752343853, 0.08014945928561268, -0.7416264326591246, 0.22912569270066396, -0.2726993059103242, 0.5355160686614915, -0.902931727160895, -0.7803637637643119, 0.36804643024725525, 0.029307394167312983, 0.1432827432294983, 0.6874139879813108, -0.024524721700651453, 0.6202888442522898, 0.020487258589880097, 0.8534413864805024, 0.333855543079252, -0.7025463211318861, -0.27089364934848836, 0.7315498318881986, -0.29942957828896866, -0.6219484810876903, -0.0547573816684539, -0.21443765035574014, 0.23785985328818726, -0.12646741612097356, -0.47815568541100895, -0.17505557667448635, -0.16193193089539926, 0.8048437117522818, 0.9592325240809707, 0.24713767881382775, -0.8336317548582777, 0.46599743519199, 0.357370804957968, 0.6520457340504391, -0.3050973265778887, -0.8822398116837538, 0.2236436329105842, -0.751970763373456, 0.5190590583266628, 0.5888466351532844, -0.18274642650020412, 0.8875950117660911, -0.6524404124894483, 0.8851716994539605]",rhc,relu,False,False,100,[10],0.1,100,8
864,64,0.17886750004254282,1.5151106181230047,1293.0,100,15,"[0.9340596780273533, 0.09446449835144466, 0.9453687199297687, 0.4296319873487293, 0.3954576491945416, -0.5678210088392472, 0.9525489095524835, -0.9875394895908203, -0.4940352752331121, -0.13041693519110842, 0.5587658435875049, -0.6046298507994938, 0.7259864711984445, 0.9668013543506255, -0.6723155171906026, 0.19466788786571843, -0.98202780466489, -0.22685743471274122, -0.9116798841370009, 0.9133059354284718, -0.1277067062404047, 0.8979546135631256, 0.5726119718701219, 0.7325785971633969, -0.6536691570081037, -0.850102825973786, 0.2014854427555386, -0.6640556325631923, 0.4667603350211398, -0.18311227969597055, 0.05581764683584067, 0.875143167901884, 0.043392244889916, -0.7836132342255386, -0.6835531856304011, 0.09040530340642561, 0.04880816013694678, 0.2752204882519873, -0.1970091128194542, 0.2996102180386846, -0.20619999419653467, 0.24783222709644614, 0.5348099341802477, -0.6420521799177383, -0.24884846282491524, 0.005066118653868745, 0.3733341598326916, -0.4926407026772337, 0.10948172588511706, 0.24986168812819542, 0.7910023321122921, -0.27429282313374714, 0.2751141460374733, -0.6171071957620733, -0.004411770765388567, -0.6351091908575863, 0.8367660782795254, -0.13635585731754474, 0.6603762041966925, -0.16644739064327485, 0.8093351774867339, -0.19034956537818792, -0.33765099381775454, 0.14427754054549724, 0.6908872981882266, 0.7220286235061439, 0.19137623413666893, -0.8306767779591795, 0.19453321463834983, -0.5090925828337958, 0.46518689717993555, 0.7893025846334776, 0.0294679418262902, 0.20712702072041278, -0.8698643752343853, 0.08014945928561268, -0.7416264326591246, 0.22912569270066396, -0.2726993059103242, 0.5355160686614915, -0.902931727160895, -0.7803637637643119, 0.36804643024725525, 0.029307394167312983, 0.1432827432294983, 0.6874139879813108, -0.024524721700651453, 0.6202888442522898, 0.020487258589880097, 0.8534413864805024, 0.333855543079252, -0.7025463211318861, -0.27089364934848836, 0.7315498318881986, -0.29942957828896866, -0.6219484810876903, -0.0547573816684539, -0.21443765035574014, 0.23785985328818726, -0.12646741612097356, -0.47815568541100895, -0.17505557667448635, -0.16193193089539926, 0.8048437117522818, 0.9592325240809707, 0.24713767881382775, -0.8336317548582777, 0.46599743519199, 0.357370804957968, 0.6520457340504391, -0.3050973265778887, -0.8822398116837538, 0.2236436329105842, -0.751970763373456, 0.5190590583266628, 0.5888466351532844, -0.18274642650020412, 0.8875950117660911, -0.6524404124894483, 0.8851716994539605]",rhc,relu,False,False,100,[10],0.1,100,8
865,65,0.1803774000145495,1.5151106181230047,1294.0,100,15,"[0.9340596780273533, 0.09446449835144466, 0.9453687199297687, 0.4296319873487293, 0.3954576491945416, -0.5678210088392472, 0.9525489095524835, -0.9875394895908203, -0.4940352752331121, -0.13041693519110842, 0.5587658435875049, -0.6046298507994938, 0.7259864711984445, 0.9668013543506255, -0.6723155171906026, 0.19466788786571843, -0.98202780466489, -0.22685743471274122, -0.9116798841370009, 0.9133059354284718, -0.1277067062404047, 0.8979546135631256, 0.5726119718701219, 0.7325785971633969, -0.6536691570081037, -0.850102825973786, 0.2014854427555386, -0.6640556325631923, 0.4667603350211398, -0.18311227969597055, 0.05581764683584067, 0.875143167901884, 0.043392244889916, -0.7836132342255386, -0.6835531856304011, 0.09040530340642561, 0.04880816013694678, 0.2752204882519873, -0.1970091128194542, 0.2996102180386846, -0.20619999419653467, 0.24783222709644614, 0.5348099341802477, -0.6420521799177383, -0.24884846282491524, 0.005066118653868745, 0.3733341598326916, -0.4926407026772337, 0.10948172588511706, 0.24986168812819542, 0.7910023321122921, -0.27429282313374714, 0.2751141460374733, -0.6171071957620733, -0.004411770765388567, -0.6351091908575863, 0.8367660782795254, -0.13635585731754474, 0.6603762041966925, -0.16644739064327485, 0.8093351774867339, -0.19034956537818792, -0.33765099381775454, 0.14427754054549724, 0.6908872981882266, 0.7220286235061439, 0.19137623413666893, -0.8306767779591795, 0.19453321463834983, -0.5090925828337958, 0.46518689717993555, 0.7893025846334776, 0.0294679418262902, 0.20712702072041278, -0.8698643752343853, 0.08014945928561268, -0.7416264326591246, 0.22912569270066396, -0.2726993059103242, 0.5355160686614915, -0.902931727160895, -0.7803637637643119, 0.36804643024725525, 0.029307394167312983, 0.1432827432294983, 0.6874139879813108, -0.024524721700651453, 0.6202888442522898, 0.020487258589880097, 0.8534413864805024, 0.333855543079252, -0.7025463211318861, -0.27089364934848836, 0.7315498318881986, -0.29942957828896866, -0.6219484810876903, -0.0547573816684539, -0.21443765035574014, 0.23785985328818726, -0.12646741612097356, -0.47815568541100895, -0.17505557667448635, -0.16193193089539926, 0.8048437117522818, 0.9592325240809707, 0.24713767881382775, -0.8336317548582777, 0.46599743519199, 0.357370804957968, 0.6520457340504391, -0.3050973265778887, -0.8822398116837538, 0.2236436329105842, -0.751970763373456, 0.5190590583266628, 0.5888466351532844, -0.18274642650020412, 0.8875950117660911, -0.6524404124894483, 0.8851716994539605]",rhc,relu,False,False,100,[10],0.1,100,8
866,66,0.18194050004240125,1.5151106181230047,1295.0,100,15,"[0.9340596780273533, 0.09446449835144466, 0.9453687199297687, 0.4296319873487293, 0.3954576491945416, -0.5678210088392472, 0.9525489095524835, -0.9875394895908203, -0.4940352752331121, -0.13041693519110842, 0.5587658435875049, -0.6046298507994938, 0.7259864711984445, 0.9668013543506255, -0.6723155171906026, 0.19466788786571843, -0.98202780466489, -0.22685743471274122, -0.9116798841370009, 0.9133059354284718, -0.1277067062404047, 0.8979546135631256, 0.5726119718701219, 0.7325785971633969, -0.6536691570081037, -0.850102825973786, 0.2014854427555386, -0.6640556325631923, 0.4667603350211398, -0.18311227969597055, 0.05581764683584067, 0.875143167901884, 0.043392244889916, -0.7836132342255386, -0.6835531856304011, 0.09040530340642561, 0.04880816013694678, 0.2752204882519873, -0.1970091128194542, 0.2996102180386846, -0.20619999419653467, 0.24783222709644614, 0.5348099341802477, -0.6420521799177383, -0.24884846282491524, 0.005066118653868745, 0.3733341598326916, -0.4926407026772337, 0.10948172588511706, 0.24986168812819542, 0.7910023321122921, -0.27429282313374714, 0.2751141460374733, -0.6171071957620733, -0.004411770765388567, -0.6351091908575863, 0.8367660782795254, -0.13635585731754474, 0.6603762041966925, -0.16644739064327485, 0.8093351774867339, -0.19034956537818792, -0.33765099381775454, 0.14427754054549724, 0.6908872981882266, 0.7220286235061439, 0.19137623413666893, -0.8306767779591795, 0.19453321463834983, -0.5090925828337958, 0.46518689717993555, 0.7893025846334776, 0.0294679418262902, 0.20712702072041278, -0.8698643752343853, 0.08014945928561268, -0.7416264326591246, 0.22912569270066396, -0.2726993059103242, 0.5355160686614915, -0.902931727160895, -0.7803637637643119, 0.36804643024725525, 0.029307394167312983, 0.1432827432294983, 0.6874139879813108, -0.024524721700651453, 0.6202888442522898, 0.020487258589880097, 0.8534413864805024, 0.333855543079252, -0.7025463211318861, -0.27089364934848836, 0.7315498318881986, -0.29942957828896866, -0.6219484810876903, -0.0547573816684539, -0.21443765035574014, 0.23785985328818726, -0.12646741612097356, -0.47815568541100895, -0.17505557667448635, -0.16193193089539926, 0.8048437117522818, 0.9592325240809707, 0.24713767881382775, -0.8336317548582777, 0.46599743519199, 0.357370804957968, 0.6520457340504391, -0.3050973265778887, -0.8822398116837538, 0.2236436329105842, -0.751970763373456, 0.5190590583266628, 0.5888466351532844, -0.18274642650020412, 0.8875950117660911, -0.6524404124894483, 0.8851716994539605]",rhc,relu,False,False,100,[10],0.1,100,8
867,67,0.1847929999930784,1.5151106181230047,1296.0,100,15,"[0.9340596780273533, 0.09446449835144466, 0.9453687199297687, 0.4296319873487293, 0.3954576491945416, -0.5678210088392472, 0.9525489095524835, -0.9875394895908203, -0.4940352752331121, -0.13041693519110842, 0.5587658435875049, -0.6046298507994938, 0.7259864711984445, 0.9668013543506255, -0.6723155171906026, 0.19466788786571843, -0.98202780466489, -0.22685743471274122, -0.9116798841370009, 0.9133059354284718, -0.1277067062404047, 0.8979546135631256, 0.5726119718701219, 0.7325785971633969, -0.6536691570081037, -0.850102825973786, 0.2014854427555386, -0.6640556325631923, 0.4667603350211398, -0.18311227969597055, 0.05581764683584067, 0.875143167901884, 0.043392244889916, -0.7836132342255386, -0.6835531856304011, 0.09040530340642561, 0.04880816013694678, 0.2752204882519873, -0.1970091128194542, 0.2996102180386846, -0.20619999419653467, 0.24783222709644614, 0.5348099341802477, -0.6420521799177383, -0.24884846282491524, 0.005066118653868745, 0.3733341598326916, -0.4926407026772337, 0.10948172588511706, 0.24986168812819542, 0.7910023321122921, -0.27429282313374714, 0.2751141460374733, -0.6171071957620733, -0.004411770765388567, -0.6351091908575863, 0.8367660782795254, -0.13635585731754474, 0.6603762041966925, -0.16644739064327485, 0.8093351774867339, -0.19034956537818792, -0.33765099381775454, 0.14427754054549724, 0.6908872981882266, 0.7220286235061439, 0.19137623413666893, -0.8306767779591795, 0.19453321463834983, -0.5090925828337958, 0.46518689717993555, 0.7893025846334776, 0.0294679418262902, 0.20712702072041278, -0.8698643752343853, 0.08014945928561268, -0.7416264326591246, 0.22912569270066396, -0.2726993059103242, 0.5355160686614915, -0.902931727160895, -0.7803637637643119, 0.36804643024725525, 0.029307394167312983, 0.1432827432294983, 0.6874139879813108, -0.024524721700651453, 0.6202888442522898, 0.020487258589880097, 0.8534413864805024, 0.333855543079252, -0.7025463211318861, -0.27089364934848836, 0.7315498318881986, -0.29942957828896866, -0.6219484810876903, -0.0547573816684539, -0.21443765035574014, 0.23785985328818726, -0.12646741612097356, -0.47815568541100895, -0.17505557667448635, -0.16193193089539926, 0.8048437117522818, 0.9592325240809707, 0.24713767881382775, -0.8336317548582777, 0.46599743519199, 0.357370804957968, 0.6520457340504391, -0.3050973265778887, -0.8822398116837538, 0.2236436329105842, -0.751970763373456, 0.5190590583266628, 0.5888466351532844, -0.18274642650020412, 0.8875950117660911, -0.6524404124894483, 0.8851716994539605]",rhc,relu,False,False,100,[10],0.1,100,8
868,68,0.18640930007677525,1.5151106181230047,1297.0,100,15,"[0.9340596780273533, 0.09446449835144466, 0.9453687199297687, 0.4296319873487293, 0.3954576491945416, -0.5678210088392472, 0.9525489095524835, -0.9875394895908203, -0.4940352752331121, -0.13041693519110842, 0.5587658435875049, -0.6046298507994938, 0.7259864711984445, 0.9668013543506255, -0.6723155171906026, 0.19466788786571843, -0.98202780466489, -0.22685743471274122, -0.9116798841370009, 0.9133059354284718, -0.1277067062404047, 0.8979546135631256, 0.5726119718701219, 0.7325785971633969, -0.6536691570081037, -0.850102825973786, 0.2014854427555386, -0.6640556325631923, 0.4667603350211398, -0.18311227969597055, 0.05581764683584067, 0.875143167901884, 0.043392244889916, -0.7836132342255386, -0.6835531856304011, 0.09040530340642561, 0.04880816013694678, 0.2752204882519873, -0.1970091128194542, 0.2996102180386846, -0.20619999419653467, 0.24783222709644614, 0.5348099341802477, -0.6420521799177383, -0.24884846282491524, 0.005066118653868745, 0.3733341598326916, -0.4926407026772337, 0.10948172588511706, 0.24986168812819542, 0.7910023321122921, -0.27429282313374714, 0.2751141460374733, -0.6171071957620733, -0.004411770765388567, -0.6351091908575863, 0.8367660782795254, -0.13635585731754474, 0.6603762041966925, -0.16644739064327485, 0.8093351774867339, -0.19034956537818792, -0.33765099381775454, 0.14427754054549724, 0.6908872981882266, 0.7220286235061439, 0.19137623413666893, -0.8306767779591795, 0.19453321463834983, -0.5090925828337958, 0.46518689717993555, 0.7893025846334776, 0.0294679418262902, 0.20712702072041278, -0.8698643752343853, 0.08014945928561268, -0.7416264326591246, 0.22912569270066396, -0.2726993059103242, 0.5355160686614915, -0.902931727160895, -0.7803637637643119, 0.36804643024725525, 0.029307394167312983, 0.1432827432294983, 0.6874139879813108, -0.024524721700651453, 0.6202888442522898, 0.020487258589880097, 0.8534413864805024, 0.333855543079252, -0.7025463211318861, -0.27089364934848836, 0.7315498318881986, -0.29942957828896866, -0.6219484810876903, -0.0547573816684539, -0.21443765035574014, 0.23785985328818726, -0.12646741612097356, -0.47815568541100895, -0.17505557667448635, -0.16193193089539926, 0.8048437117522818, 0.9592325240809707, 0.24713767881382775, -0.8336317548582777, 0.46599743519199, 0.357370804957968, 0.6520457340504391, -0.3050973265778887, -0.8822398116837538, 0.2236436329105842, -0.751970763373456, 0.5190590583266628, 0.5888466351532844, -0.18274642650020412, 0.8875950117660911, -0.6524404124894483, 0.8851716994539605]",rhc,relu,False,False,100,[10],0.1,100,8
869,69,0.18797269999049604,1.5151106181230047,1298.0,100,15,"[0.9340596780273533, 0.09446449835144466, 0.9453687199297687, 0.4296319873487293, 0.3954576491945416, -0.5678210088392472, 0.9525489095524835, -0.9875394895908203, -0.4940352752331121, -0.13041693519110842, 0.5587658435875049, -0.6046298507994938, 0.7259864711984445, 0.9668013543506255, -0.6723155171906026, 0.19466788786571843, -0.98202780466489, -0.22685743471274122, -0.9116798841370009, 0.9133059354284718, -0.1277067062404047, 0.8979546135631256, 0.5726119718701219, 0.7325785971633969, -0.6536691570081037, -0.850102825973786, 0.2014854427555386, -0.6640556325631923, 0.4667603350211398, -0.18311227969597055, 0.05581764683584067, 0.875143167901884, 0.043392244889916, -0.7836132342255386, -0.6835531856304011, 0.09040530340642561, 0.04880816013694678, 0.2752204882519873, -0.1970091128194542, 0.2996102180386846, -0.20619999419653467, 0.24783222709644614, 0.5348099341802477, -0.6420521799177383, -0.24884846282491524, 0.005066118653868745, 0.3733341598326916, -0.4926407026772337, 0.10948172588511706, 0.24986168812819542, 0.7910023321122921, -0.27429282313374714, 0.2751141460374733, -0.6171071957620733, -0.004411770765388567, -0.6351091908575863, 0.8367660782795254, -0.13635585731754474, 0.6603762041966925, -0.16644739064327485, 0.8093351774867339, -0.19034956537818792, -0.33765099381775454, 0.14427754054549724, 0.6908872981882266, 0.7220286235061439, 0.19137623413666893, -0.8306767779591795, 0.19453321463834983, -0.5090925828337958, 0.46518689717993555, 0.7893025846334776, 0.0294679418262902, 0.20712702072041278, -0.8698643752343853, 0.08014945928561268, -0.7416264326591246, 0.22912569270066396, -0.2726993059103242, 0.5355160686614915, -0.902931727160895, -0.7803637637643119, 0.36804643024725525, 0.029307394167312983, 0.1432827432294983, 0.6874139879813108, -0.024524721700651453, 0.6202888442522898, 0.020487258589880097, 0.8534413864805024, 0.333855543079252, -0.7025463211318861, -0.27089364934848836, 0.7315498318881986, -0.29942957828896866, -0.6219484810876903, -0.0547573816684539, -0.21443765035574014, 0.23785985328818726, -0.12646741612097356, -0.47815568541100895, -0.17505557667448635, -0.16193193089539926, 0.8048437117522818, 0.9592325240809707, 0.24713767881382775, -0.8336317548582777, 0.46599743519199, 0.357370804957968, 0.6520457340504391, -0.3050973265778887, -0.8822398116837538, 0.2236436329105842, -0.751970763373456, 0.5190590583266628, 0.5888466351532844, -0.18274642650020412, 0.8875950117660911, -0.6524404124894483, 0.8851716994539605]",rhc,relu,False,False,100,[10],0.1,100,8
870,70,0.1908457000972703,1.5107396669454327,1300.0,100,15,"[0.9340596780273533, 0.09446449835144466, 0.9453687199297687, 0.4296319873487293, 0.3954576491945416, -0.5678210088392472, 0.9525489095524835, -0.9875394895908203, -0.4940352752331121, -0.13041693519110842, 0.5587658435875049, -0.6046298507994938, 0.7259864711984445, 0.9668013543506255, -0.6723155171906026, 0.19466788786571843, -0.98202780466489, -0.22685743471274122, -0.9116798841370009, 0.9133059354284718, -0.1277067062404047, 0.8979546135631256, 0.5726119718701219, 0.7325785971633969, -0.6536691570081037, -0.850102825973786, 0.2014854427555386, -0.6640556325631923, 0.4667603350211398, -0.18311227969597055, 0.05581764683584067, 0.875143167901884, 0.043392244889916, -0.7836132342255386, -0.6835531856304011, 0.09040530340642561, 0.04880816013694678, 0.2752204882519873, -0.1970091128194542, 0.2996102180386846, -0.20619999419653467, 0.24783222709644614, 0.5348099341802477, -0.6420521799177383, -0.24884846282491524, 0.005066118653868745, 0.3733341598326916, -0.4926407026772337, 0.10948172588511706, 0.24986168812819542, 0.7910023321122921, -0.27429282313374714, 0.2751141460374733, -0.6171071957620733, -0.004411770765388567, -0.6351091908575863, 0.8367660782795254, -0.13635585731754474, 0.6603762041966925, -0.16644739064327485, 0.8093351774867339, -0.19034956537818792, -0.33765099381775454, 0.14427754054549724, 0.6908872981882266, 0.7220286235061439, 0.19137623413666893, -0.8306767779591795, 0.19453321463834983, -0.5090925828337958, 0.46518689717993555, 0.7893025846334776, 0.0294679418262902, 0.20712702072041278, -0.8698643752343853, 0.08014945928561268, -0.7416264326591246, 0.22912569270066396, -0.2726993059103242, 0.5355160686614915, -0.902931727160895, -0.7803637637643119, 0.36804643024725525, 0.029307394167312983, 0.1432827432294983, 0.6874139879813108, -0.024524721700651453, 0.6202888442522898, 0.020487258589880097, 0.8534413864805024, 0.333855543079252, -0.7025463211318861, -0.27089364934848836, 0.7315498318881986, -0.29942957828896866, -0.6219484810876903, -0.0547573816684539, -0.21443765035574014, 0.23785985328818726, -0.12646741612097356, -0.47815568541100895, -0.17505557667448635, -0.16193193089539926, 0.8048437117522818, 0.9592325240809707, 0.24713767881382775, -0.8336317548582777, 0.46599743519199, 0.357370804957968, 0.6520457340504391, -0.3050973265778887, -0.8822398116837538, 0.2236436329105842, -0.751970763373456, 0.5190590583266628, 0.5888466351532844, -0.18274642650020412, 0.8875950117660911, -0.6524404124894483, 0.8851716994539605]",rhc,relu,False,False,100,[10],0.1,100,8
871,71,0.1941902000689879,1.5107396669454327,1301.0,100,15,"[0.9340596780273533, 0.09446449835144466, 0.9453687199297687, 0.4296319873487293, 0.3954576491945416, -0.5678210088392472, 0.9525489095524835, -0.9875394895908203, -0.4940352752331121, -0.13041693519110842, 0.5587658435875049, -0.6046298507994938, 0.7259864711984445, 0.9668013543506255, -0.6723155171906026, 0.19466788786571843, -0.98202780466489, -0.22685743471274122, -0.9116798841370009, 0.9133059354284718, -0.1277067062404047, 0.8979546135631256, 0.5726119718701219, 0.7325785971633969, -0.6536691570081037, -0.850102825973786, 0.2014854427555386, -0.6640556325631923, 0.4667603350211398, -0.18311227969597055, 0.05581764683584067, 0.875143167901884, 0.043392244889916, -0.7836132342255386, -0.6835531856304011, 0.09040530340642561, 0.04880816013694678, 0.2752204882519873, -0.1970091128194542, 0.2996102180386846, -0.20619999419653467, 0.24783222709644614, 0.5348099341802477, -0.6420521799177383, -0.24884846282491524, 0.005066118653868745, 0.3733341598326916, -0.4926407026772337, 0.10948172588511706, 0.24986168812819542, 0.7910023321122921, -0.27429282313374714, 0.2751141460374733, -0.6171071957620733, -0.004411770765388567, -0.6351091908575863, 0.8367660782795254, -0.13635585731754474, 0.6603762041966925, -0.16644739064327485, 0.8093351774867339, -0.19034956537818792, -0.33765099381775454, 0.14427754054549724, 0.6908872981882266, 0.7220286235061439, 0.19137623413666893, -0.8306767779591795, 0.19453321463834983, -0.5090925828337958, 0.46518689717993555, 0.7893025846334776, 0.0294679418262902, 0.20712702072041278, -0.8698643752343853, 0.08014945928561268, -0.7416264326591246, 0.22912569270066396, -0.2726993059103242, 0.5355160686614915, -0.902931727160895, -0.7803637637643119, 0.36804643024725525, 0.029307394167312983, 0.1432827432294983, 0.6874139879813108, -0.024524721700651453, 0.6202888442522898, 0.020487258589880097, 0.8534413864805024, 0.333855543079252, -0.7025463211318861, -0.27089364934848836, 0.7315498318881986, -0.29942957828896866, -0.6219484810876903, -0.0547573816684539, -0.21443765035574014, 0.23785985328818726, -0.12646741612097356, -0.47815568541100895, -0.17505557667448635, -0.16193193089539926, 0.8048437117522818, 0.9592325240809707, 0.24713767881382775, -0.8336317548582777, 0.46599743519199, 0.357370804957968, 0.6520457340504391, -0.3050973265778887, -0.8822398116837538, 0.2236436329105842, -0.751970763373456, 0.5190590583266628, 0.5888466351532844, -0.18274642650020412, 0.8875950117660911, -0.6524404124894483, 0.8851716994539605]",rhc,relu,False,False,100,[10],0.1,100,8
872,72,0.19706690008752048,1.5081359087970128,1303.0,100,15,"[0.9340596780273533, 0.09446449835144466, 0.9453687199297687, 0.4296319873487293, 0.3954576491945416, -0.5678210088392472, 0.9525489095524835, -0.9875394895908203, -0.4940352752331121, -0.13041693519110842, 0.5587658435875049, -0.6046298507994938, 0.7259864711984445, 0.9668013543506255, -0.6723155171906026, 0.19466788786571843, -0.98202780466489, -0.22685743471274122, -0.9116798841370009, 0.9133059354284718, -0.1277067062404047, 0.8979546135631256, 0.5726119718701219, 0.7325785971633969, -0.6536691570081037, -0.850102825973786, 0.2014854427555386, -0.6640556325631923, 0.4667603350211398, -0.18311227969597055, 0.05581764683584067, 0.875143167901884, 0.043392244889916, -0.7836132342255386, -0.6835531856304011, 0.09040530340642561, 0.04880816013694678, 0.2752204882519873, -0.1970091128194542, 0.2996102180386846, -0.20619999419653467, 0.24783222709644614, 0.5348099341802477, -0.6420521799177383, -0.24884846282491524, 0.005066118653868745, 0.3733341598326916, -0.4926407026772337, 0.10948172588511706, 0.24986168812819542, 0.7910023321122921, -0.27429282313374714, 0.2751141460374733, -0.6171071957620733, -0.004411770765388567, -0.6351091908575863, 0.8367660782795254, -0.13635585731754474, 0.6603762041966925, -0.16644739064327485, 0.8093351774867339, -0.19034956537818792, -0.33765099381775454, 0.14427754054549724, 0.6908872981882266, 0.7220286235061439, 0.19137623413666893, -0.8306767779591795, 0.19453321463834983, -0.5090925828337958, 0.46518689717993555, 0.7893025846334776, 0.0294679418262902, 0.20712702072041278, -0.8698643752343853, 0.08014945928561268, -0.7416264326591246, 0.22912569270066396, -0.2726993059103242, 0.5355160686614915, -0.902931727160895, -0.7803637637643119, 0.36804643024725525, 0.029307394167312983, 0.1432827432294983, 0.6874139879813108, -0.024524721700651453, 0.6202888442522898, 0.020487258589880097, 0.8534413864805024, 0.333855543079252, -0.7025463211318861, -0.27089364934848836, 0.7315498318881986, -0.29942957828896866, -0.6219484810876903, -0.0547573816684539, -0.21443765035574014, 0.23785985328818726, -0.12646741612097356, -0.47815568541100895, -0.17505557667448635, -0.16193193089539926, 0.8048437117522818, 0.9592325240809707, 0.24713767881382775, -0.8336317548582777, 0.46599743519199, 0.357370804957968, 0.6520457340504391, -0.3050973265778887, -0.8822398116837538, 0.2236436329105842, -0.751970763373456, 0.5190590583266628, 0.5888466351532844, -0.18274642650020412, 0.8875950117660911, -0.6524404124894483, 0.8851716994539605]",rhc,relu,False,False,100,[10],0.1,100,8
873,73,0.19875830004457384,1.5041274546743242,1305.0,100,15,"[0.9340596780273533, 0.09446449835144466, 0.9453687199297687, 0.4296319873487293, 0.3954576491945416, -0.5678210088392472, 0.9525489095524835, -0.9875394895908203, -0.4940352752331121, -0.13041693519110842, 0.5587658435875049, -0.6046298507994938, 0.7259864711984445, 0.9668013543506255, -0.6723155171906026, 0.19466788786571843, -0.98202780466489, -0.22685743471274122, -0.9116798841370009, 0.9133059354284718, -0.1277067062404047, 0.8979546135631256, 0.5726119718701219, 0.7325785971633969, -0.6536691570081037, -0.850102825973786, 0.2014854427555386, -0.6640556325631923, 0.4667603350211398, -0.18311227969597055, 0.05581764683584067, 0.875143167901884, 0.043392244889916, -0.7836132342255386, -0.6835531856304011, 0.09040530340642561, 0.04880816013694678, 0.2752204882519873, -0.1970091128194542, 0.2996102180386846, -0.20619999419653467, 0.24783222709644614, 0.5348099341802477, -0.6420521799177383, -0.24884846282491524, 0.005066118653868745, 0.3733341598326916, -0.4926407026772337, 0.10948172588511706, 0.24986168812819542, 0.7910023321122921, -0.27429282313374714, 0.2751141460374733, -0.6171071957620733, -0.004411770765388567, -0.6351091908575863, 0.8367660782795254, -0.13635585731754474, 0.6603762041966925, -0.16644739064327485, 0.8093351774867339, -0.19034956537818792, -0.33765099381775454, 0.14427754054549724, 0.6908872981882266, 0.7220286235061439, 0.19137623413666893, -0.8306767779591795, 0.19453321463834983, -0.5090925828337958, 0.46518689717993555, 0.7893025846334776, 0.0294679418262902, 0.20712702072041278, -0.8698643752343853, 0.08014945928561268, -0.7416264326591246, 0.22912569270066396, -0.2726993059103242, 0.5355160686614915, -0.902931727160895, -0.7803637637643119, 0.36804643024725525, 0.029307394167312983, 0.1432827432294983, 0.6874139879813108, -0.024524721700651453, 0.6202888442522898, 0.020487258589880097, 0.8534413864805024, 0.333855543079252, -0.7025463211318861, -0.27089364934848836, 0.7315498318881986, -0.29942957828896866, -0.6219484810876903, -0.0547573816684539, -0.21443765035574014, 0.23785985328818726, -0.12646741612097356, -0.47815568541100895, -0.17505557667448635, -0.16193193089539926, 0.8048437117522818, 0.9592325240809707, 0.24713767881382775, -0.8336317548582777, 0.46599743519199, 0.357370804957968, 0.6520457340504391, -0.3050973265778887, -0.8822398116837538, 0.2236436329105842, -0.751970763373456, 0.5190590583266628, 0.5888466351532844, -0.18274642650020412, 0.8875950117660911, -0.6524404124894483, 0.8851716994539605]",rhc,relu,False,False,100,[10],0.1,100,8
874,74,0.20192090002819896,1.5041274546743242,1306.0,100,15,"[0.9340596780273533, 0.09446449835144466, 0.9453687199297687, 0.4296319873487293, 0.3954576491945416, -0.5678210088392472, 0.9525489095524835, -0.9875394895908203, -0.4940352752331121, -0.13041693519110842, 0.5587658435875049, -0.6046298507994938, 0.7259864711984445, 0.9668013543506255, -0.6723155171906026, 0.19466788786571843, -0.98202780466489, -0.22685743471274122, -0.9116798841370009, 0.9133059354284718, -0.1277067062404047, 0.8979546135631256, 0.5726119718701219, 0.7325785971633969, -0.6536691570081037, -0.850102825973786, 0.2014854427555386, -0.6640556325631923, 0.4667603350211398, -0.18311227969597055, 0.05581764683584067, 0.875143167901884, 0.043392244889916, -0.7836132342255386, -0.6835531856304011, 0.09040530340642561, 0.04880816013694678, 0.2752204882519873, -0.1970091128194542, 0.2996102180386846, -0.20619999419653467, 0.24783222709644614, 0.5348099341802477, -0.6420521799177383, -0.24884846282491524, 0.005066118653868745, 0.3733341598326916, -0.4926407026772337, 0.10948172588511706, 0.24986168812819542, 0.7910023321122921, -0.27429282313374714, 0.2751141460374733, -0.6171071957620733, -0.004411770765388567, -0.6351091908575863, 0.8367660782795254, -0.13635585731754474, 0.6603762041966925, -0.16644739064327485, 0.8093351774867339, -0.19034956537818792, -0.33765099381775454, 0.14427754054549724, 0.6908872981882266, 0.7220286235061439, 0.19137623413666893, -0.8306767779591795, 0.19453321463834983, -0.5090925828337958, 0.46518689717993555, 0.7893025846334776, 0.0294679418262902, 0.20712702072041278, -0.8698643752343853, 0.08014945928561268, -0.7416264326591246, 0.22912569270066396, -0.2726993059103242, 0.5355160686614915, -0.902931727160895, -0.7803637637643119, 0.36804643024725525, 0.029307394167312983, 0.1432827432294983, 0.6874139879813108, -0.024524721700651453, 0.6202888442522898, 0.020487258589880097, 0.8534413864805024, 0.333855543079252, -0.7025463211318861, -0.27089364934848836, 0.7315498318881986, -0.29942957828896866, -0.6219484810876903, -0.0547573816684539, -0.21443765035574014, 0.23785985328818726, -0.12646741612097356, -0.47815568541100895, -0.17505557667448635, -0.16193193089539926, 0.8048437117522818, 0.9592325240809707, 0.24713767881382775, -0.8336317548582777, 0.46599743519199, 0.357370804957968, 0.6520457340504391, -0.3050973265778887, -0.8822398116837538, 0.2236436329105842, -0.751970763373456, 0.5190590583266628, 0.5888466351532844, -0.18274642650020412, 0.8875950117660911, -0.6524404124894483, 0.8851716994539605]",rhc,relu,False,False,100,[10],0.1,100,8
875,75,0.2034730000887066,1.4996347661490572,1308.0,100,15,"[0.9340596780273533, 0.09446449835144466, 0.9453687199297687, 0.4296319873487293, 0.3954576491945416, -0.5678210088392472, 0.9525489095524835, -0.9875394895908203, -0.4940352752331121, -0.13041693519110842, 0.5587658435875049, -0.6046298507994938, 0.7259864711984445, 0.9668013543506255, -0.6723155171906026, 0.19466788786571843, -0.98202780466489, -0.22685743471274122, -0.9116798841370009, 0.9133059354284718, -0.1277067062404047, 0.8979546135631256, 0.5726119718701219, 0.7325785971633969, -0.6536691570081037, -0.850102825973786, 0.2014854427555386, -0.6640556325631923, 0.4667603350211398, -0.18311227969597055, 0.05581764683584067, 0.875143167901884, 0.043392244889916, -0.7836132342255386, -0.6835531856304011, 0.09040530340642561, 0.04880816013694678, 0.2752204882519873, -0.1970091128194542, 0.2996102180386846, -0.20619999419653467, 0.24783222709644614, 0.5348099341802477, -0.6420521799177383, -0.24884846282491524, 0.005066118653868745, 0.3733341598326916, -0.4926407026772337, 0.10948172588511706, 0.24986168812819542, 0.7910023321122921, -0.27429282313374714, 0.2751141460374733, -0.6171071957620733, -0.004411770765388567, -0.6351091908575863, 0.8367660782795254, -0.13635585731754474, 0.6603762041966925, -0.16644739064327485, 0.8093351774867339, -0.19034956537818792, -0.33765099381775454, 0.14427754054549724, 0.6908872981882266, 0.7220286235061439, 0.19137623413666893, -0.8306767779591795, 0.19453321463834983, -0.5090925828337958, 0.46518689717993555, 0.7893025846334776, 0.0294679418262902, 0.20712702072041278, -0.8698643752343853, 0.08014945928561268, -0.7416264326591246, 0.22912569270066396, -0.2726993059103242, 0.5355160686614915, -0.902931727160895, -0.7803637637643119, 0.36804643024725525, 0.029307394167312983, 0.1432827432294983, 0.6874139879813108, -0.024524721700651453, 0.6202888442522898, 0.020487258589880097, 0.8534413864805024, 0.333855543079252, -0.7025463211318861, -0.27089364934848836, 0.7315498318881986, -0.29942957828896866, -0.6219484810876903, -0.0547573816684539, -0.21443765035574014, 0.23785985328818726, -0.12646741612097356, -0.47815568541100895, -0.17505557667448635, -0.16193193089539926, 0.8048437117522818, 0.9592325240809707, 0.24713767881382775, -0.8336317548582777, 0.46599743519199, 0.357370804957968, 0.6520457340504391, -0.3050973265778887, -0.8822398116837538, 0.2236436329105842, -0.751970763373456, 0.5190590583266628, 0.5888466351532844, -0.18274642650020412, 0.8875950117660911, -0.6524404124894483, 0.8851716994539605]",rhc,relu,False,False,100,[10],0.1,100,8
876,76,0.2065150000853464,1.4996347661490572,1309.0,100,15,"[0.9340596780273533, 0.09446449835144466, 0.9453687199297687, 0.4296319873487293, 0.3954576491945416, -0.5678210088392472, 0.9525489095524835, -0.9875394895908203, -0.4940352752331121, -0.13041693519110842, 0.5587658435875049, -0.6046298507994938, 0.7259864711984445, 0.9668013543506255, -0.6723155171906026, 0.19466788786571843, -0.98202780466489, -0.22685743471274122, -0.9116798841370009, 0.9133059354284718, -0.1277067062404047, 0.8979546135631256, 0.5726119718701219, 0.7325785971633969, -0.6536691570081037, -0.850102825973786, 0.2014854427555386, -0.6640556325631923, 0.4667603350211398, -0.18311227969597055, 0.05581764683584067, 0.875143167901884, 0.043392244889916, -0.7836132342255386, -0.6835531856304011, 0.09040530340642561, 0.04880816013694678, 0.2752204882519873, -0.1970091128194542, 0.2996102180386846, -0.20619999419653467, 0.24783222709644614, 0.5348099341802477, -0.6420521799177383, -0.24884846282491524, 0.005066118653868745, 0.3733341598326916, -0.4926407026772337, 0.10948172588511706, 0.24986168812819542, 0.7910023321122921, -0.27429282313374714, 0.2751141460374733, -0.6171071957620733, -0.004411770765388567, -0.6351091908575863, 0.8367660782795254, -0.13635585731754474, 0.6603762041966925, -0.16644739064327485, 0.8093351774867339, -0.19034956537818792, -0.33765099381775454, 0.14427754054549724, 0.6908872981882266, 0.7220286235061439, 0.19137623413666893, -0.8306767779591795, 0.19453321463834983, -0.5090925828337958, 0.46518689717993555, 0.7893025846334776, 0.0294679418262902, 0.20712702072041278, -0.8698643752343853, 0.08014945928561268, -0.7416264326591246, 0.22912569270066396, -0.2726993059103242, 0.5355160686614915, -0.902931727160895, -0.7803637637643119, 0.36804643024725525, 0.029307394167312983, 0.1432827432294983, 0.6874139879813108, -0.024524721700651453, 0.6202888442522898, 0.020487258589880097, 0.8534413864805024, 0.333855543079252, -0.7025463211318861, -0.27089364934848836, 0.7315498318881986, -0.29942957828896866, -0.6219484810876903, -0.0547573816684539, -0.21443765035574014, 0.23785985328818726, -0.12646741612097356, -0.47815568541100895, -0.17505557667448635, -0.16193193089539926, 0.8048437117522818, 0.9592325240809707, 0.24713767881382775, -0.8336317548582777, 0.46599743519199, 0.357370804957968, 0.6520457340504391, -0.3050973265778887, -0.8822398116837538, 0.2236436329105842, -0.751970763373456, 0.5190590583266628, 0.5888466351532844, -0.18274642650020412, 0.8875950117660911, -0.6524404124894483, 0.8851716994539605]",rhc,relu,False,False,100,[10],0.1,100,8
877,77,0.20961990009527653,1.495027867450859,1311.0,100,15,"[0.9340596780273533, 0.09446449835144466, 0.9453687199297687, 0.4296319873487293, 0.3954576491945416, -0.5678210088392472, 0.9525489095524835, -0.9875394895908203, -0.4940352752331121, -0.13041693519110842, 0.5587658435875049, -0.6046298507994938, 0.7259864711984445, 0.9668013543506255, -0.6723155171906026, 0.19466788786571843, -0.98202780466489, -0.22685743471274122, -0.9116798841370009, 0.9133059354284718, -0.1277067062404047, 0.8979546135631256, 0.5726119718701219, 0.7325785971633969, -0.6536691570081037, -0.850102825973786, 0.2014854427555386, -0.6640556325631923, 0.4667603350211398, -0.18311227969597055, 0.05581764683584067, 0.875143167901884, 0.043392244889916, -0.7836132342255386, -0.6835531856304011, 0.09040530340642561, 0.04880816013694678, 0.2752204882519873, -0.1970091128194542, 0.2996102180386846, -0.20619999419653467, 0.24783222709644614, 0.5348099341802477, -0.6420521799177383, -0.24884846282491524, 0.005066118653868745, 0.3733341598326916, -0.4926407026772337, 0.10948172588511706, 0.24986168812819542, 0.7910023321122921, -0.27429282313374714, 0.2751141460374733, -0.6171071957620733, -0.004411770765388567, -0.6351091908575863, 0.8367660782795254, -0.13635585731754474, 0.6603762041966925, -0.16644739064327485, 0.8093351774867339, -0.19034956537818792, -0.33765099381775454, 0.14427754054549724, 0.6908872981882266, 0.7220286235061439, 0.19137623413666893, -0.8306767779591795, 0.19453321463834983, -0.5090925828337958, 0.46518689717993555, 0.7893025846334776, 0.0294679418262902, 0.20712702072041278, -0.8698643752343853, 0.08014945928561268, -0.7416264326591246, 0.22912569270066396, -0.2726993059103242, 0.5355160686614915, -0.902931727160895, -0.7803637637643119, 0.36804643024725525, 0.029307394167312983, 0.1432827432294983, 0.6874139879813108, -0.024524721700651453, 0.6202888442522898, 0.020487258589880097, 0.8534413864805024, 0.333855543079252, -0.7025463211318861, -0.27089364934848836, 0.7315498318881986, -0.29942957828896866, -0.6219484810876903, -0.0547573816684539, -0.21443765035574014, 0.23785985328818726, -0.12646741612097356, -0.47815568541100895, -0.17505557667448635, -0.16193193089539926, 0.8048437117522818, 0.9592325240809707, 0.24713767881382775, -0.8336317548582777, 0.46599743519199, 0.357370804957968, 0.6520457340504391, -0.3050973265778887, -0.8822398116837538, 0.2236436329105842, -0.751970763373456, 0.5190590583266628, 0.5888466351532844, -0.18274642650020412, 0.8875950117660911, -0.6524404124894483, 0.8851716994539605]",rhc,relu,False,False,100,[10],0.1,100,8
878,78,0.2124417000450194,1.495027867450859,1312.0,100,15,"[0.9340596780273533, 0.09446449835144466, 0.9453687199297687, 0.4296319873487293, 0.3954576491945416, -0.5678210088392472, 0.9525489095524835, -0.9875394895908203, -0.4940352752331121, -0.13041693519110842, 0.5587658435875049, -0.6046298507994938, 0.7259864711984445, 0.9668013543506255, -0.6723155171906026, 0.19466788786571843, -0.98202780466489, -0.22685743471274122, -0.9116798841370009, 0.9133059354284718, -0.1277067062404047, 0.8979546135631256, 0.5726119718701219, 0.7325785971633969, -0.6536691570081037, -0.850102825973786, 0.2014854427555386, -0.6640556325631923, 0.4667603350211398, -0.18311227969597055, 0.05581764683584067, 0.875143167901884, 0.043392244889916, -0.7836132342255386, -0.6835531856304011, 0.09040530340642561, 0.04880816013694678, 0.2752204882519873, -0.1970091128194542, 0.2996102180386846, -0.20619999419653467, 0.24783222709644614, 0.5348099341802477, -0.6420521799177383, -0.24884846282491524, 0.005066118653868745, 0.3733341598326916, -0.4926407026772337, 0.10948172588511706, 0.24986168812819542, 0.7910023321122921, -0.27429282313374714, 0.2751141460374733, -0.6171071957620733, -0.004411770765388567, -0.6351091908575863, 0.8367660782795254, -0.13635585731754474, 0.6603762041966925, -0.16644739064327485, 0.8093351774867339, -0.19034956537818792, -0.33765099381775454, 0.14427754054549724, 0.6908872981882266, 0.7220286235061439, 0.19137623413666893, -0.8306767779591795, 0.19453321463834983, -0.5090925828337958, 0.46518689717993555, 0.7893025846334776, 0.0294679418262902, 0.20712702072041278, -0.8698643752343853, 0.08014945928561268, -0.7416264326591246, 0.22912569270066396, -0.2726993059103242, 0.5355160686614915, -0.902931727160895, -0.7803637637643119, 0.36804643024725525, 0.029307394167312983, 0.1432827432294983, 0.6874139879813108, -0.024524721700651453, 0.6202888442522898, 0.020487258589880097, 0.8534413864805024, 0.333855543079252, -0.7025463211318861, -0.27089364934848836, 0.7315498318881986, -0.29942957828896866, -0.6219484810876903, -0.0547573816684539, -0.21443765035574014, 0.23785985328818726, -0.12646741612097356, -0.47815568541100895, -0.17505557667448635, -0.16193193089539926, 0.8048437117522818, 0.9592325240809707, 0.24713767881382775, -0.8336317548582777, 0.46599743519199, 0.357370804957968, 0.6520457340504391, -0.3050973265778887, -0.8822398116837538, 0.2236436329105842, -0.751970763373456, 0.5190590583266628, 0.5888466351532844, -0.18274642650020412, 0.8875950117660911, -0.6524404124894483, 0.8851716994539605]",rhc,relu,False,False,100,[10],0.1,100,8
879,79,0.21469990001060069,1.4917717497348912,1314.0,100,15,"[0.9340596780273533, 0.09446449835144466, 0.9453687199297687, 0.4296319873487293, 0.3954576491945416, -0.5678210088392472, 0.9525489095524835, -0.9875394895908203, -0.4940352752331121, -0.13041693519110842, 0.5587658435875049, -0.6046298507994938, 0.7259864711984445, 0.9668013543506255, -0.6723155171906026, 0.19466788786571843, -0.98202780466489, -0.22685743471274122, -0.9116798841370009, 0.9133059354284718, -0.1277067062404047, 0.8979546135631256, 0.5726119718701219, 0.7325785971633969, -0.6536691570081037, -0.850102825973786, 0.2014854427555386, -0.6640556325631923, 0.4667603350211398, -0.18311227969597055, 0.05581764683584067, 0.875143167901884, 0.043392244889916, -0.7836132342255386, -0.6835531856304011, 0.09040530340642561, 0.04880816013694678, 0.2752204882519873, -0.1970091128194542, 0.2996102180386846, -0.20619999419653467, 0.24783222709644614, 0.5348099341802477, -0.6420521799177383, -0.24884846282491524, 0.005066118653868745, 0.3733341598326916, -0.4926407026772337, 0.10948172588511706, 0.24986168812819542, 0.7910023321122921, -0.27429282313374714, 0.2751141460374733, -0.6171071957620733, -0.004411770765388567, -0.6351091908575863, 0.8367660782795254, -0.13635585731754474, 0.6603762041966925, -0.16644739064327485, 0.8093351774867339, -0.19034956537818792, -0.33765099381775454, 0.14427754054549724, 0.6908872981882266, 0.7220286235061439, 0.19137623413666893, -0.8306767779591795, 0.19453321463834983, -0.5090925828337958, 0.46518689717993555, 0.7893025846334776, 0.0294679418262902, 0.20712702072041278, -0.8698643752343853, 0.08014945928561268, -0.7416264326591246, 0.22912569270066396, -0.2726993059103242, 0.5355160686614915, -0.902931727160895, -0.7803637637643119, 0.36804643024725525, 0.029307394167312983, 0.1432827432294983, 0.6874139879813108, -0.024524721700651453, 0.6202888442522898, 0.020487258589880097, 0.8534413864805024, 0.333855543079252, -0.7025463211318861, -0.27089364934848836, 0.7315498318881986, -0.29942957828896866, -0.6219484810876903, -0.0547573816684539, -0.21443765035574014, 0.23785985328818726, -0.12646741612097356, -0.47815568541100895, -0.17505557667448635, -0.16193193089539926, 0.8048437117522818, 0.9592325240809707, 0.24713767881382775, -0.8336317548582777, 0.46599743519199, 0.357370804957968, 0.6520457340504391, -0.3050973265778887, -0.8822398116837538, 0.2236436329105842, -0.751970763373456, 0.5190590583266628, 0.5888466351532844, -0.18274642650020412, 0.8875950117660911, -0.6524404124894483, 0.8851716994539605]",rhc,relu,False,False,100,[10],0.1,100,8
880,80,0.21622890001162887,1.4889289831554102,1316.0,100,15,"[0.9340596780273533, 0.09446449835144466, 0.9453687199297687, 0.4296319873487293, 0.3954576491945416, -0.5678210088392472, 0.9525489095524835, -0.9875394895908203, -0.4940352752331121, -0.13041693519110842, 0.5587658435875049, -0.6046298507994938, 0.7259864711984445, 0.9668013543506255, -0.6723155171906026, 0.19466788786571843, -0.98202780466489, -0.22685743471274122, -0.9116798841370009, 0.9133059354284718, -0.1277067062404047, 0.8979546135631256, 0.5726119718701219, 0.7325785971633969, -0.6536691570081037, -0.850102825973786, 0.2014854427555386, -0.6640556325631923, 0.4667603350211398, -0.18311227969597055, 0.05581764683584067, 0.875143167901884, 0.043392244889916, -0.7836132342255386, -0.6835531856304011, 0.09040530340642561, 0.04880816013694678, 0.2752204882519873, -0.1970091128194542, 0.2996102180386846, -0.20619999419653467, 0.24783222709644614, 0.5348099341802477, -0.6420521799177383, -0.24884846282491524, 0.005066118653868745, 0.3733341598326916, -0.4926407026772337, 0.10948172588511706, 0.24986168812819542, 0.7910023321122921, -0.27429282313374714, 0.2751141460374733, -0.6171071957620733, -0.004411770765388567, -0.6351091908575863, 0.8367660782795254, -0.13635585731754474, 0.6603762041966925, -0.16644739064327485, 0.8093351774867339, -0.19034956537818792, -0.33765099381775454, 0.14427754054549724, 0.6908872981882266, 0.7220286235061439, 0.19137623413666893, -0.8306767779591795, 0.19453321463834983, -0.5090925828337958, 0.46518689717993555, 0.7893025846334776, 0.0294679418262902, 0.20712702072041278, -0.8698643752343853, 0.08014945928561268, -0.7416264326591246, 0.22912569270066396, -0.2726993059103242, 0.5355160686614915, -0.902931727160895, -0.7803637637643119, 0.36804643024725525, 0.029307394167312983, 0.1432827432294983, 0.6874139879813108, -0.024524721700651453, 0.6202888442522898, 0.020487258589880097, 0.8534413864805024, 0.333855543079252, -0.7025463211318861, -0.27089364934848836, 0.7315498318881986, -0.29942957828896866, -0.6219484810876903, -0.0547573816684539, -0.21443765035574014, 0.23785985328818726, -0.12646741612097356, -0.47815568541100895, -0.17505557667448635, -0.16193193089539926, 0.8048437117522818, 0.9592325240809707, 0.24713767881382775, -0.8336317548582777, 0.46599743519199, 0.357370804957968, 0.6520457340504391, -0.3050973265778887, -0.8822398116837538, 0.2236436329105842, -0.751970763373456, 0.5190590583266628, 0.5888466351532844, -0.18274642650020412, 0.8875950117660911, -0.6524404124894483, 0.8851716994539605]",rhc,relu,False,False,100,[10],0.1,100,8
881,81,0.21764280006755143,1.4889289831554102,1317.0,100,15,"[0.9340596780273533, 0.09446449835144466, 0.9453687199297687, 0.4296319873487293, 0.3954576491945416, -0.5678210088392472, 0.9525489095524835, -0.9875394895908203, -0.4940352752331121, -0.13041693519110842, 0.5587658435875049, -0.6046298507994938, 0.7259864711984445, 0.9668013543506255, -0.6723155171906026, 0.19466788786571843, -0.98202780466489, -0.22685743471274122, -0.9116798841370009, 0.9133059354284718, -0.1277067062404047, 0.8979546135631256, 0.5726119718701219, 0.7325785971633969, -0.6536691570081037, -0.850102825973786, 0.2014854427555386, -0.6640556325631923, 0.4667603350211398, -0.18311227969597055, 0.05581764683584067, 0.875143167901884, 0.043392244889916, -0.7836132342255386, -0.6835531856304011, 0.09040530340642561, 0.04880816013694678, 0.2752204882519873, -0.1970091128194542, 0.2996102180386846, -0.20619999419653467, 0.24783222709644614, 0.5348099341802477, -0.6420521799177383, -0.24884846282491524, 0.005066118653868745, 0.3733341598326916, -0.4926407026772337, 0.10948172588511706, 0.24986168812819542, 0.7910023321122921, -0.27429282313374714, 0.2751141460374733, -0.6171071957620733, -0.004411770765388567, -0.6351091908575863, 0.8367660782795254, -0.13635585731754474, 0.6603762041966925, -0.16644739064327485, 0.8093351774867339, -0.19034956537818792, -0.33765099381775454, 0.14427754054549724, 0.6908872981882266, 0.7220286235061439, 0.19137623413666893, -0.8306767779591795, 0.19453321463834983, -0.5090925828337958, 0.46518689717993555, 0.7893025846334776, 0.0294679418262902, 0.20712702072041278, -0.8698643752343853, 0.08014945928561268, -0.7416264326591246, 0.22912569270066396, -0.2726993059103242, 0.5355160686614915, -0.902931727160895, -0.7803637637643119, 0.36804643024725525, 0.029307394167312983, 0.1432827432294983, 0.6874139879813108, -0.024524721700651453, 0.6202888442522898, 0.020487258589880097, 0.8534413864805024, 0.333855543079252, -0.7025463211318861, -0.27089364934848836, 0.7315498318881986, -0.29942957828896866, -0.6219484810876903, -0.0547573816684539, -0.21443765035574014, 0.23785985328818726, -0.12646741612097356, -0.47815568541100895, -0.17505557667448635, -0.16193193089539926, 0.8048437117522818, 0.9592325240809707, 0.24713767881382775, -0.8336317548582777, 0.46599743519199, 0.357370804957968, 0.6520457340504391, -0.3050973265778887, -0.8822398116837538, 0.2236436329105842, -0.751970763373456, 0.5190590583266628, 0.5888466351532844, -0.18274642650020412, 0.8875950117660911, -0.6524404124894483, 0.8851716994539605]",rhc,relu,False,False,100,[10],0.1,100,8
882,82,0.2193455999949947,1.4813018116975807,1319.0,100,15,"[0.9340596780273533, 0.09446449835144466, 0.9453687199297687, 0.4296319873487293, 0.3954576491945416, -0.5678210088392472, 0.9525489095524835, -0.9875394895908203, -0.4940352752331121, -0.13041693519110842, 0.5587658435875049, -0.6046298507994938, 0.7259864711984445, 0.9668013543506255, -0.6723155171906026, 0.19466788786571843, -0.98202780466489, -0.22685743471274122, -0.9116798841370009, 0.9133059354284718, -0.1277067062404047, 0.8979546135631256, 0.5726119718701219, 0.7325785971633969, -0.6536691570081037, -0.850102825973786, 0.2014854427555386, -0.6640556325631923, 0.4667603350211398, -0.18311227969597055, 0.05581764683584067, 0.875143167901884, 0.043392244889916, -0.7836132342255386, -0.6835531856304011, 0.09040530340642561, 0.04880816013694678, 0.2752204882519873, -0.1970091128194542, 0.2996102180386846, -0.20619999419653467, 0.24783222709644614, 0.5348099341802477, -0.6420521799177383, -0.24884846282491524, 0.005066118653868745, 0.3733341598326916, -0.4926407026772337, 0.10948172588511706, 0.24986168812819542, 0.7910023321122921, -0.27429282313374714, 0.2751141460374733, -0.6171071957620733, -0.004411770765388567, -0.6351091908575863, 0.8367660782795254, -0.13635585731754474, 0.6603762041966925, -0.16644739064327485, 0.8093351774867339, -0.19034956537818792, -0.33765099381775454, 0.14427754054549724, 0.6908872981882266, 0.7220286235061439, 0.19137623413666893, -0.8306767779591795, 0.19453321463834983, -0.5090925828337958, 0.46518689717993555, 0.7893025846334776, 0.0294679418262902, 0.20712702072041278, -0.8698643752343853, 0.08014945928561268, -0.7416264326591246, 0.22912569270066396, -0.2726993059103242, 0.5355160686614915, -0.902931727160895, -0.7803637637643119, 0.36804643024725525, 0.029307394167312983, 0.1432827432294983, 0.6874139879813108, -0.024524721700651453, 0.6202888442522898, 0.020487258589880097, 0.8534413864805024, 0.333855543079252, -0.7025463211318861, -0.27089364934848836, 0.7315498318881986, -0.29942957828896866, -0.6219484810876903, -0.0547573816684539, -0.21443765035574014, 0.23785985328818726, -0.12646741612097356, -0.47815568541100895, -0.17505557667448635, -0.16193193089539926, 0.8048437117522818, 0.9592325240809707, 0.24713767881382775, -0.8336317548582777, 0.46599743519199, 0.357370804957968, 0.6520457340504391, -0.3050973265778887, -0.8822398116837538, 0.2236436329105842, -0.751970763373456, 0.5190590583266628, 0.5888466351532844, -0.18274642650020412, 0.8875950117660911, -0.6524404124894483, 0.8851716994539605]",rhc,relu,False,False,100,[10],0.1,100,8
883,83,0.22115360002499074,1.4774715511431662,1321.0,100,15,"[0.9340596780273533, 0.09446449835144466, 0.9453687199297687, 0.4296319873487293, 0.3954576491945416, -0.5678210088392472, 0.9525489095524835, -0.9875394895908203, -0.4940352752331121, -0.13041693519110842, 0.5587658435875049, -0.6046298507994938, 0.7259864711984445, 0.9668013543506255, -0.6723155171906026, 0.19466788786571843, -0.98202780466489, -0.22685743471274122, -0.9116798841370009, 0.9133059354284718, -0.1277067062404047, 0.8979546135631256, 0.5726119718701219, 0.7325785971633969, -0.6536691570081037, -0.850102825973786, 0.2014854427555386, -0.6640556325631923, 0.4667603350211398, -0.18311227969597055, 0.05581764683584067, 0.875143167901884, 0.043392244889916, -0.7836132342255386, -0.6835531856304011, 0.09040530340642561, 0.04880816013694678, 0.2752204882519873, -0.1970091128194542, 0.2996102180386846, -0.20619999419653467, 0.24783222709644614, 0.5348099341802477, -0.6420521799177383, -0.24884846282491524, 0.005066118653868745, 0.3733341598326916, -0.4926407026772337, 0.10948172588511706, 0.24986168812819542, 0.7910023321122921, -0.27429282313374714, 0.2751141460374733, -0.6171071957620733, -0.004411770765388567, -0.6351091908575863, 0.8367660782795254, -0.13635585731754474, 0.6603762041966925, -0.16644739064327485, 0.8093351774867339, -0.19034956537818792, -0.33765099381775454, 0.14427754054549724, 0.6908872981882266, 0.7220286235061439, 0.19137623413666893, -0.8306767779591795, 0.19453321463834983, -0.5090925828337958, 0.46518689717993555, 0.7893025846334776, 0.0294679418262902, 0.20712702072041278, -0.8698643752343853, 0.08014945928561268, -0.7416264326591246, 0.22912569270066396, -0.2726993059103242, 0.5355160686614915, -0.902931727160895, -0.7803637637643119, 0.36804643024725525, 0.029307394167312983, 0.1432827432294983, 0.6874139879813108, -0.024524721700651453, 0.6202888442522898, 0.020487258589880097, 0.8534413864805024, 0.333855543079252, -0.7025463211318861, -0.27089364934848836, 0.7315498318881986, -0.29942957828896866, -0.6219484810876903, -0.0547573816684539, -0.21443765035574014, 0.23785985328818726, -0.12646741612097356, -0.47815568541100895, -0.17505557667448635, -0.16193193089539926, 0.8048437117522818, 0.9592325240809707, 0.24713767881382775, -0.8336317548582777, 0.46599743519199, 0.357370804957968, 0.6520457340504391, -0.3050973265778887, -0.8822398116837538, 0.2236436329105842, -0.751970763373456, 0.5190590583266628, 0.5888466351532844, -0.18274642650020412, 0.8875950117660911, -0.6524404124894483, 0.8851716994539605]",rhc,relu,False,False,100,[10],0.1,100,8
884,84,0.22437200008425862,1.4683061000714253,1323.0,100,15,"[0.9340596780273533, 0.09446449835144466, 0.9453687199297687, 0.4296319873487293, 0.3954576491945416, -0.5678210088392472, 0.9525489095524835, -0.9875394895908203, -0.4940352752331121, -0.13041693519110842, 0.5587658435875049, -0.6046298507994938, 0.7259864711984445, 0.9668013543506255, -0.6723155171906026, 0.19466788786571843, -0.98202780466489, -0.22685743471274122, -0.9116798841370009, 0.9133059354284718, -0.1277067062404047, 0.8979546135631256, 0.5726119718701219, 0.7325785971633969, -0.6536691570081037, -0.850102825973786, 0.2014854427555386, -0.6640556325631923, 0.4667603350211398, -0.18311227969597055, 0.05581764683584067, 0.875143167901884, 0.043392244889916, -0.7836132342255386, -0.6835531856304011, 0.09040530340642561, 0.04880816013694678, 0.2752204882519873, -0.1970091128194542, 0.2996102180386846, -0.20619999419653467, 0.24783222709644614, 0.5348099341802477, -0.6420521799177383, -0.24884846282491524, 0.005066118653868745, 0.3733341598326916, -0.4926407026772337, 0.10948172588511706, 0.24986168812819542, 0.7910023321122921, -0.27429282313374714, 0.2751141460374733, -0.6171071957620733, -0.004411770765388567, -0.6351091908575863, 0.8367660782795254, -0.13635585731754474, 0.6603762041966925, -0.16644739064327485, 0.8093351774867339, -0.19034956537818792, -0.33765099381775454, 0.14427754054549724, 0.6908872981882266, 0.7220286235061439, 0.19137623413666893, -0.8306767779591795, 0.19453321463834983, -0.5090925828337958, 0.46518689717993555, 0.7893025846334776, 0.0294679418262902, 0.20712702072041278, -0.8698643752343853, 0.08014945928561268, -0.7416264326591246, 0.22912569270066396, -0.2726993059103242, 0.5355160686614915, -0.902931727160895, -0.7803637637643119, 0.36804643024725525, 0.029307394167312983, 0.1432827432294983, 0.6874139879813108, -0.024524721700651453, 0.6202888442522898, 0.020487258589880097, 0.8534413864805024, 0.333855543079252, -0.7025463211318861, -0.27089364934848836, 0.7315498318881986, -0.29942957828896866, -0.6219484810876903, -0.0547573816684539, -0.21443765035574014, 0.23785985328818726, -0.12646741612097356, -0.47815568541100895, -0.17505557667448635, -0.16193193089539926, 0.8048437117522818, 0.9592325240809707, 0.24713767881382775, -0.8336317548582777, 0.46599743519199, 0.357370804957968, 0.6520457340504391, -0.3050973265778887, -0.8822398116837538, 0.2236436329105842, -0.751970763373456, 0.5190590583266628, 0.5888466351532844, -0.18274642650020412, 0.8875950117660911, -0.6524404124894483, 0.8851716994539605]",rhc,relu,False,False,100,[10],0.1,100,8
885,85,0.2259537000209093,1.4436738908611197,1325.0,100,15,"[0.9340596780273533, 0.09446449835144466, 0.9453687199297687, 0.4296319873487293, 0.3954576491945416, -0.5678210088392472, 0.9525489095524835, -0.9875394895908203, -0.4940352752331121, -0.13041693519110842, 0.5587658435875049, -0.6046298507994938, 0.7259864711984445, 0.9668013543506255, -0.6723155171906026, 0.19466788786571843, -0.98202780466489, -0.22685743471274122, -0.9116798841370009, 0.9133059354284718, -0.1277067062404047, 0.8979546135631256, 0.5726119718701219, 0.7325785971633969, -0.6536691570081037, -0.850102825973786, 0.2014854427555386, -0.6640556325631923, 0.4667603350211398, -0.18311227969597055, 0.05581764683584067, 0.875143167901884, 0.043392244889916, -0.7836132342255386, -0.6835531856304011, 0.09040530340642561, 0.04880816013694678, 0.2752204882519873, -0.1970091128194542, 0.2996102180386846, -0.20619999419653467, 0.24783222709644614, 0.5348099341802477, -0.6420521799177383, -0.24884846282491524, 0.005066118653868745, 0.3733341598326916, -0.4926407026772337, 0.10948172588511706, 0.24986168812819542, 0.7910023321122921, -0.27429282313374714, 0.2751141460374733, -0.6171071957620733, -0.004411770765388567, -0.6351091908575863, 0.8367660782795254, -0.13635585731754474, 0.6603762041966925, -0.16644739064327485, 0.8093351774867339, -0.19034956537818792, -0.33765099381775454, 0.14427754054549724, 0.6908872981882266, 0.7220286235061439, 0.19137623413666893, -0.8306767779591795, 0.19453321463834983, -0.5090925828337958, 0.46518689717993555, 0.7893025846334776, 0.0294679418262902, 0.20712702072041278, -0.8698643752343853, 0.08014945928561268, -0.7416264326591246, 0.22912569270066396, -0.2726993059103242, 0.5355160686614915, -0.902931727160895, -0.7803637637643119, 0.36804643024725525, 0.029307394167312983, 0.1432827432294983, 0.6874139879813108, -0.024524721700651453, 0.6202888442522898, 0.020487258589880097, 0.8534413864805024, 0.333855543079252, -0.7025463211318861, -0.27089364934848836, 0.7315498318881986, -0.29942957828896866, -0.6219484810876903, -0.0547573816684539, -0.21443765035574014, 0.23785985328818726, -0.12646741612097356, -0.47815568541100895, -0.17505557667448635, -0.16193193089539926, 0.8048437117522818, 0.9592325240809707, 0.24713767881382775, -0.8336317548582777, 0.46599743519199, 0.357370804957968, 0.6520457340504391, -0.3050973265778887, -0.8822398116837538, 0.2236436329105842, -0.751970763373456, 0.5190590583266628, 0.5888466351532844, -0.18274642650020412, 0.8875950117660911, -0.6524404124894483, 0.8851716994539605]",rhc,relu,False,False,100,[10],0.1,100,8
886,86,0.22897670010570437,1.4436738908611197,1326.0,100,15,"[0.9340596780273533, 0.09446449835144466, 0.9453687199297687, 0.4296319873487293, 0.3954576491945416, -0.5678210088392472, 0.9525489095524835, -0.9875394895908203, -0.4940352752331121, -0.13041693519110842, 0.5587658435875049, -0.6046298507994938, 0.7259864711984445, 0.9668013543506255, -0.6723155171906026, 0.19466788786571843, -0.98202780466489, -0.22685743471274122, -0.9116798841370009, 0.9133059354284718, -0.1277067062404047, 0.8979546135631256, 0.5726119718701219, 0.7325785971633969, -0.6536691570081037, -0.850102825973786, 0.2014854427555386, -0.6640556325631923, 0.4667603350211398, -0.18311227969597055, 0.05581764683584067, 0.875143167901884, 0.043392244889916, -0.7836132342255386, -0.6835531856304011, 0.09040530340642561, 0.04880816013694678, 0.2752204882519873, -0.1970091128194542, 0.2996102180386846, -0.20619999419653467, 0.24783222709644614, 0.5348099341802477, -0.6420521799177383, -0.24884846282491524, 0.005066118653868745, 0.3733341598326916, -0.4926407026772337, 0.10948172588511706, 0.24986168812819542, 0.7910023321122921, -0.27429282313374714, 0.2751141460374733, -0.6171071957620733, -0.004411770765388567, -0.6351091908575863, 0.8367660782795254, -0.13635585731754474, 0.6603762041966925, -0.16644739064327485, 0.8093351774867339, -0.19034956537818792, -0.33765099381775454, 0.14427754054549724, 0.6908872981882266, 0.7220286235061439, 0.19137623413666893, -0.8306767779591795, 0.19453321463834983, -0.5090925828337958, 0.46518689717993555, 0.7893025846334776, 0.0294679418262902, 0.20712702072041278, -0.8698643752343853, 0.08014945928561268, -0.7416264326591246, 0.22912569270066396, -0.2726993059103242, 0.5355160686614915, -0.902931727160895, -0.7803637637643119, 0.36804643024725525, 0.029307394167312983, 0.1432827432294983, 0.6874139879813108, -0.024524721700651453, 0.6202888442522898, 0.020487258589880097, 0.8534413864805024, 0.333855543079252, -0.7025463211318861, -0.27089364934848836, 0.7315498318881986, -0.29942957828896866, -0.6219484810876903, -0.0547573816684539, -0.21443765035574014, 0.23785985328818726, -0.12646741612097356, -0.47815568541100895, -0.17505557667448635, -0.16193193089539926, 0.8048437117522818, 0.9592325240809707, 0.24713767881382775, -0.8336317548582777, 0.46599743519199, 0.357370804957968, 0.6520457340504391, -0.3050973265778887, -0.8822398116837538, 0.2236436329105842, -0.751970763373456, 0.5190590583266628, 0.5888466351532844, -0.18274642650020412, 0.8875950117660911, -0.6524404124894483, 0.8851716994539605]",rhc,relu,False,False,100,[10],0.1,100,8
887,87,0.23168840003199875,1.4436738908611197,1327.0,100,15,"[0.9340596780273533, 0.09446449835144466, 0.9453687199297687, 0.4296319873487293, 0.3954576491945416, -0.5678210088392472, 0.9525489095524835, -0.9875394895908203, -0.4940352752331121, -0.13041693519110842, 0.5587658435875049, -0.6046298507994938, 0.7259864711984445, 0.9668013543506255, -0.6723155171906026, 0.19466788786571843, -0.98202780466489, -0.22685743471274122, -0.9116798841370009, 0.9133059354284718, -0.1277067062404047, 0.8979546135631256, 0.5726119718701219, 0.7325785971633969, -0.6536691570081037, -0.850102825973786, 0.2014854427555386, -0.6640556325631923, 0.4667603350211398, -0.18311227969597055, 0.05581764683584067, 0.875143167901884, 0.043392244889916, -0.7836132342255386, -0.6835531856304011, 0.09040530340642561, 0.04880816013694678, 0.2752204882519873, -0.1970091128194542, 0.2996102180386846, -0.20619999419653467, 0.24783222709644614, 0.5348099341802477, -0.6420521799177383, -0.24884846282491524, 0.005066118653868745, 0.3733341598326916, -0.4926407026772337, 0.10948172588511706, 0.24986168812819542, 0.7910023321122921, -0.27429282313374714, 0.2751141460374733, -0.6171071957620733, -0.004411770765388567, -0.6351091908575863, 0.8367660782795254, -0.13635585731754474, 0.6603762041966925, -0.16644739064327485, 0.8093351774867339, -0.19034956537818792, -0.33765099381775454, 0.14427754054549724, 0.6908872981882266, 0.7220286235061439, 0.19137623413666893, -0.8306767779591795, 0.19453321463834983, -0.5090925828337958, 0.46518689717993555, 0.7893025846334776, 0.0294679418262902, 0.20712702072041278, -0.8698643752343853, 0.08014945928561268, -0.7416264326591246, 0.22912569270066396, -0.2726993059103242, 0.5355160686614915, -0.902931727160895, -0.7803637637643119, 0.36804643024725525, 0.029307394167312983, 0.1432827432294983, 0.6874139879813108, -0.024524721700651453, 0.6202888442522898, 0.020487258589880097, 0.8534413864805024, 0.333855543079252, -0.7025463211318861, -0.27089364934848836, 0.7315498318881986, -0.29942957828896866, -0.6219484810876903, -0.0547573816684539, -0.21443765035574014, 0.23785985328818726, -0.12646741612097356, -0.47815568541100895, -0.17505557667448635, -0.16193193089539926, 0.8048437117522818, 0.9592325240809707, 0.24713767881382775, -0.8336317548582777, 0.46599743519199, 0.357370804957968, 0.6520457340504391, -0.3050973265778887, -0.8822398116837538, 0.2236436329105842, -0.751970763373456, 0.5190590583266628, 0.5888466351532844, -0.18274642650020412, 0.8875950117660911, -0.6524404124894483, 0.8851716994539605]",rhc,relu,False,False,100,[10],0.1,100,8
888,88,0.23309100000187755,1.4436738908611197,1328.0,100,15,"[0.9340596780273533, 0.09446449835144466, 0.9453687199297687, 0.4296319873487293, 0.3954576491945416, -0.5678210088392472, 0.9525489095524835, -0.9875394895908203, -0.4940352752331121, -0.13041693519110842, 0.5587658435875049, -0.6046298507994938, 0.7259864711984445, 0.9668013543506255, -0.6723155171906026, 0.19466788786571843, -0.98202780466489, -0.22685743471274122, -0.9116798841370009, 0.9133059354284718, -0.1277067062404047, 0.8979546135631256, 0.5726119718701219, 0.7325785971633969, -0.6536691570081037, -0.850102825973786, 0.2014854427555386, -0.6640556325631923, 0.4667603350211398, -0.18311227969597055, 0.05581764683584067, 0.875143167901884, 0.043392244889916, -0.7836132342255386, -0.6835531856304011, 0.09040530340642561, 0.04880816013694678, 0.2752204882519873, -0.1970091128194542, 0.2996102180386846, -0.20619999419653467, 0.24783222709644614, 0.5348099341802477, -0.6420521799177383, -0.24884846282491524, 0.005066118653868745, 0.3733341598326916, -0.4926407026772337, 0.10948172588511706, 0.24986168812819542, 0.7910023321122921, -0.27429282313374714, 0.2751141460374733, -0.6171071957620733, -0.004411770765388567, -0.6351091908575863, 0.8367660782795254, -0.13635585731754474, 0.6603762041966925, -0.16644739064327485, 0.8093351774867339, -0.19034956537818792, -0.33765099381775454, 0.14427754054549724, 0.6908872981882266, 0.7220286235061439, 0.19137623413666893, -0.8306767779591795, 0.19453321463834983, -0.5090925828337958, 0.46518689717993555, 0.7893025846334776, 0.0294679418262902, 0.20712702072041278, -0.8698643752343853, 0.08014945928561268, -0.7416264326591246, 0.22912569270066396, -0.2726993059103242, 0.5355160686614915, -0.902931727160895, -0.7803637637643119, 0.36804643024725525, 0.029307394167312983, 0.1432827432294983, 0.6874139879813108, -0.024524721700651453, 0.6202888442522898, 0.020487258589880097, 0.8534413864805024, 0.333855543079252, -0.7025463211318861, -0.27089364934848836, 0.7315498318881986, -0.29942957828896866, -0.6219484810876903, -0.0547573816684539, -0.21443765035574014, 0.23785985328818726, -0.12646741612097356, -0.47815568541100895, -0.17505557667448635, -0.16193193089539926, 0.8048437117522818, 0.9592325240809707, 0.24713767881382775, -0.8336317548582777, 0.46599743519199, 0.357370804957968, 0.6520457340504391, -0.3050973265778887, -0.8822398116837538, 0.2236436329105842, -0.751970763373456, 0.5190590583266628, 0.5888466351532844, -0.18274642650020412, 0.8875950117660911, -0.6524404124894483, 0.8851716994539605]",rhc,relu,False,False,100,[10],0.1,100,8
889,89,0.23613770003430545,1.4416697981563689,1330.0,100,15,"[0.9340596780273533, 0.09446449835144466, 0.9453687199297687, 0.4296319873487293, 0.3954576491945416, -0.5678210088392472, 0.9525489095524835, -0.9875394895908203, -0.4940352752331121, -0.13041693519110842, 0.5587658435875049, -0.6046298507994938, 0.7259864711984445, 0.9668013543506255, -0.6723155171906026, 0.19466788786571843, -0.98202780466489, -0.22685743471274122, -0.9116798841370009, 0.9133059354284718, -0.1277067062404047, 0.8979546135631256, 0.5726119718701219, 0.7325785971633969, -0.6536691570081037, -0.850102825973786, 0.2014854427555386, -0.6640556325631923, 0.4667603350211398, -0.18311227969597055, 0.05581764683584067, 0.875143167901884, 0.043392244889916, -0.7836132342255386, -0.6835531856304011, 0.09040530340642561, 0.04880816013694678, 0.2752204882519873, -0.1970091128194542, 0.2996102180386846, -0.20619999419653467, 0.24783222709644614, 0.5348099341802477, -0.6420521799177383, -0.24884846282491524, 0.005066118653868745, 0.3733341598326916, -0.4926407026772337, 0.10948172588511706, 0.24986168812819542, 0.7910023321122921, -0.27429282313374714, 0.2751141460374733, -0.6171071957620733, -0.004411770765388567, -0.6351091908575863, 0.8367660782795254, -0.13635585731754474, 0.6603762041966925, -0.16644739064327485, 0.8093351774867339, -0.19034956537818792, -0.33765099381775454, 0.14427754054549724, 0.6908872981882266, 0.7220286235061439, 0.19137623413666893, -0.8306767779591795, 0.19453321463834983, -0.5090925828337958, 0.46518689717993555, 0.7893025846334776, 0.0294679418262902, 0.20712702072041278, -0.8698643752343853, 0.08014945928561268, -0.7416264326591246, 0.22912569270066396, -0.2726993059103242, 0.5355160686614915, -0.902931727160895, -0.7803637637643119, 0.36804643024725525, 0.029307394167312983, 0.1432827432294983, 0.6874139879813108, -0.024524721700651453, 0.6202888442522898, 0.020487258589880097, 0.8534413864805024, 0.333855543079252, -0.7025463211318861, -0.27089364934848836, 0.7315498318881986, -0.29942957828896866, -0.6219484810876903, -0.0547573816684539, -0.21443765035574014, 0.23785985328818726, -0.12646741612097356, -0.47815568541100895, -0.17505557667448635, -0.16193193089539926, 0.8048437117522818, 0.9592325240809707, 0.24713767881382775, -0.8336317548582777, 0.46599743519199, 0.357370804957968, 0.6520457340504391, -0.3050973265778887, -0.8822398116837538, 0.2236436329105842, -0.751970763373456, 0.5190590583266628, 0.5888466351532844, -0.18274642650020412, 0.8875950117660911, -0.6524404124894483, 0.8851716994539605]",rhc,relu,False,False,100,[10],0.1,100,8
890,90,0.23915060004219413,1.4416697981563689,1331.0,100,15,"[0.9340596780273533, 0.09446449835144466, 0.9453687199297687, 0.4296319873487293, 0.3954576491945416, -0.5678210088392472, 0.9525489095524835, -0.9875394895908203, -0.4940352752331121, -0.13041693519110842, 0.5587658435875049, -0.6046298507994938, 0.7259864711984445, 0.9668013543506255, -0.6723155171906026, 0.19466788786571843, -0.98202780466489, -0.22685743471274122, -0.9116798841370009, 0.9133059354284718, -0.1277067062404047, 0.8979546135631256, 0.5726119718701219, 0.7325785971633969, -0.6536691570081037, -0.850102825973786, 0.2014854427555386, -0.6640556325631923, 0.4667603350211398, -0.18311227969597055, 0.05581764683584067, 0.875143167901884, 0.043392244889916, -0.7836132342255386, -0.6835531856304011, 0.09040530340642561, 0.04880816013694678, 0.2752204882519873, -0.1970091128194542, 0.2996102180386846, -0.20619999419653467, 0.24783222709644614, 0.5348099341802477, -0.6420521799177383, -0.24884846282491524, 0.005066118653868745, 0.3733341598326916, -0.4926407026772337, 0.10948172588511706, 0.24986168812819542, 0.7910023321122921, -0.27429282313374714, 0.2751141460374733, -0.6171071957620733, -0.004411770765388567, -0.6351091908575863, 0.8367660782795254, -0.13635585731754474, 0.6603762041966925, -0.16644739064327485, 0.8093351774867339, -0.19034956537818792, -0.33765099381775454, 0.14427754054549724, 0.6908872981882266, 0.7220286235061439, 0.19137623413666893, -0.8306767779591795, 0.19453321463834983, -0.5090925828337958, 0.46518689717993555, 0.7893025846334776, 0.0294679418262902, 0.20712702072041278, -0.8698643752343853, 0.08014945928561268, -0.7416264326591246, 0.22912569270066396, -0.2726993059103242, 0.5355160686614915, -0.902931727160895, -0.7803637637643119, 0.36804643024725525, 0.029307394167312983, 0.1432827432294983, 0.6874139879813108, -0.024524721700651453, 0.6202888442522898, 0.020487258589880097, 0.8534413864805024, 0.333855543079252, -0.7025463211318861, -0.27089364934848836, 0.7315498318881986, -0.29942957828896866, -0.6219484810876903, -0.0547573816684539, -0.21443765035574014, 0.23785985328818726, -0.12646741612097356, -0.47815568541100895, -0.17505557667448635, -0.16193193089539926, 0.8048437117522818, 0.9592325240809707, 0.24713767881382775, -0.8336317548582777, 0.46599743519199, 0.357370804957968, 0.6520457340504391, -0.3050973265778887, -0.8822398116837538, 0.2236436329105842, -0.751970763373456, 0.5190590583266628, 0.5888466351532844, -0.18274642650020412, 0.8875950117660911, -0.6524404124894483, 0.8851716994539605]",rhc,relu,False,False,100,[10],0.1,100,8
891,91,0.24208670004736632,1.4183933578344283,1333.0,100,15,"[0.9340596780273533, 0.09446449835144466, 0.9453687199297687, 0.4296319873487293, 0.3954576491945416, -0.5678210088392472, 0.9525489095524835, -0.9875394895908203, -0.4940352752331121, -0.13041693519110842, 0.5587658435875049, -0.6046298507994938, 0.7259864711984445, 0.9668013543506255, -0.6723155171906026, 0.19466788786571843, -0.98202780466489, -0.22685743471274122, -0.9116798841370009, 0.9133059354284718, -0.1277067062404047, 0.8979546135631256, 0.5726119718701219, 0.7325785971633969, -0.6536691570081037, -0.850102825973786, 0.2014854427555386, -0.6640556325631923, 0.4667603350211398, -0.18311227969597055, 0.05581764683584067, 0.875143167901884, 0.043392244889916, -0.7836132342255386, -0.6835531856304011, 0.09040530340642561, 0.04880816013694678, 0.2752204882519873, -0.1970091128194542, 0.2996102180386846, -0.20619999419653467, 0.24783222709644614, 0.5348099341802477, -0.6420521799177383, -0.24884846282491524, 0.005066118653868745, 0.3733341598326916, -0.4926407026772337, 0.10948172588511706, 0.24986168812819542, 0.7910023321122921, -0.27429282313374714, 0.2751141460374733, -0.6171071957620733, -0.004411770765388567, -0.6351091908575863, 0.8367660782795254, -0.13635585731754474, 0.6603762041966925, -0.16644739064327485, 0.8093351774867339, -0.19034956537818792, -0.33765099381775454, 0.14427754054549724, 0.6908872981882266, 0.7220286235061439, 0.19137623413666893, -0.8306767779591795, 0.19453321463834983, -0.5090925828337958, 0.46518689717993555, 0.7893025846334776, 0.0294679418262902, 0.20712702072041278, -0.8698643752343853, 0.08014945928561268, -0.7416264326591246, 0.22912569270066396, -0.2726993059103242, 0.5355160686614915, -0.902931727160895, -0.7803637637643119, 0.36804643024725525, 0.029307394167312983, 0.1432827432294983, 0.6874139879813108, -0.024524721700651453, 0.6202888442522898, 0.020487258589880097, 0.8534413864805024, 0.333855543079252, -0.7025463211318861, -0.27089364934848836, 0.7315498318881986, -0.29942957828896866, -0.6219484810876903, -0.0547573816684539, -0.21443765035574014, 0.23785985328818726, -0.12646741612097356, -0.47815568541100895, -0.17505557667448635, -0.16193193089539926, 0.8048437117522818, 0.9592325240809707, 0.24713767881382775, -0.8336317548582777, 0.46599743519199, 0.357370804957968, 0.6520457340504391, -0.3050973265778887, -0.8822398116837538, 0.2236436329105842, -0.751970763373456, 0.5190590583266628, 0.5888466351532844, -0.18274642650020412, 0.8875950117660911, -0.6524404124894483, 0.8851716994539605]",rhc,relu,False,False,100,[10],0.1,100,8
892,92,0.24406210007146,1.4172199346019896,1335.0,100,15,"[0.9340596780273533, 0.09446449835144466, 0.9453687199297687, 0.4296319873487293, 0.3954576491945416, -0.5678210088392472, 0.9525489095524835, -0.9875394895908203, -0.4940352752331121, -0.13041693519110842, 0.5587658435875049, -0.6046298507994938, 0.7259864711984445, 0.9668013543506255, -0.6723155171906026, 0.19466788786571843, -0.98202780466489, -0.22685743471274122, -0.9116798841370009, 0.9133059354284718, -0.1277067062404047, 0.8979546135631256, 0.5726119718701219, 0.7325785971633969, -0.6536691570081037, -0.850102825973786, 0.2014854427555386, -0.6640556325631923, 0.4667603350211398, -0.18311227969597055, 0.05581764683584067, 0.875143167901884, 0.043392244889916, -0.7836132342255386, -0.6835531856304011, 0.09040530340642561, 0.04880816013694678, 0.2752204882519873, -0.1970091128194542, 0.2996102180386846, -0.20619999419653467, 0.24783222709644614, 0.5348099341802477, -0.6420521799177383, -0.24884846282491524, 0.005066118653868745, 0.3733341598326916, -0.4926407026772337, 0.10948172588511706, 0.24986168812819542, 0.7910023321122921, -0.27429282313374714, 0.2751141460374733, -0.6171071957620733, -0.004411770765388567, -0.6351091908575863, 0.8367660782795254, -0.13635585731754474, 0.6603762041966925, -0.16644739064327485, 0.8093351774867339, -0.19034956537818792, -0.33765099381775454, 0.14427754054549724, 0.6908872981882266, 0.7220286235061439, 0.19137623413666893, -0.8306767779591795, 0.19453321463834983, -0.5090925828337958, 0.46518689717993555, 0.7893025846334776, 0.0294679418262902, 0.20712702072041278, -0.8698643752343853, 0.08014945928561268, -0.7416264326591246, 0.22912569270066396, -0.2726993059103242, 0.5355160686614915, -0.902931727160895, -0.7803637637643119, 0.36804643024725525, 0.029307394167312983, 0.1432827432294983, 0.6874139879813108, -0.024524721700651453, 0.6202888442522898, 0.020487258589880097, 0.8534413864805024, 0.333855543079252, -0.7025463211318861, -0.27089364934848836, 0.7315498318881986, -0.29942957828896866, -0.6219484810876903, -0.0547573816684539, -0.21443765035574014, 0.23785985328818726, -0.12646741612097356, -0.47815568541100895, -0.17505557667448635, -0.16193193089539926, 0.8048437117522818, 0.9592325240809707, 0.24713767881382775, -0.8336317548582777, 0.46599743519199, 0.357370804957968, 0.6520457340504391, -0.3050973265778887, -0.8822398116837538, 0.2236436329105842, -0.751970763373456, 0.5190590583266628, 0.5888466351532844, -0.18274642650020412, 0.8875950117660911, -0.6524404124894483, 0.8851716994539605]",rhc,relu,False,False,100,[10],0.1,100,8
893,93,0.2456533000804484,1.415105664188495,1337.0,100,15,"[0.9340596780273533, 0.09446449835144466, 0.9453687199297687, 0.4296319873487293, 0.3954576491945416, -0.5678210088392472, 0.9525489095524835, -0.9875394895908203, -0.4940352752331121, -0.13041693519110842, 0.5587658435875049, -0.6046298507994938, 0.7259864711984445, 0.9668013543506255, -0.6723155171906026, 0.19466788786571843, -0.98202780466489, -0.22685743471274122, -0.9116798841370009, 0.9133059354284718, -0.1277067062404047, 0.8979546135631256, 0.5726119718701219, 0.7325785971633969, -0.6536691570081037, -0.850102825973786, 0.2014854427555386, -0.6640556325631923, 0.4667603350211398, -0.18311227969597055, 0.05581764683584067, 0.875143167901884, 0.043392244889916, -0.7836132342255386, -0.6835531856304011, 0.09040530340642561, 0.04880816013694678, 0.2752204882519873, -0.1970091128194542, 0.2996102180386846, -0.20619999419653467, 0.24783222709644614, 0.5348099341802477, -0.6420521799177383, -0.24884846282491524, 0.005066118653868745, 0.3733341598326916, -0.4926407026772337, 0.10948172588511706, 0.24986168812819542, 0.7910023321122921, -0.27429282313374714, 0.2751141460374733, -0.6171071957620733, -0.004411770765388567, -0.6351091908575863, 0.8367660782795254, -0.13635585731754474, 0.6603762041966925, -0.16644739064327485, 0.8093351774867339, -0.19034956537818792, -0.33765099381775454, 0.14427754054549724, 0.6908872981882266, 0.7220286235061439, 0.19137623413666893, -0.8306767779591795, 0.19453321463834983, -0.5090925828337958, 0.46518689717993555, 0.7893025846334776, 0.0294679418262902, 0.20712702072041278, -0.8698643752343853, 0.08014945928561268, -0.7416264326591246, 0.22912569270066396, -0.2726993059103242, 0.5355160686614915, -0.902931727160895, -0.7803637637643119, 0.36804643024725525, 0.029307394167312983, 0.1432827432294983, 0.6874139879813108, -0.024524721700651453, 0.6202888442522898, 0.020487258589880097, 0.8534413864805024, 0.333855543079252, -0.7025463211318861, -0.27089364934848836, 0.7315498318881986, -0.29942957828896866, -0.6219484810876903, -0.0547573816684539, -0.21443765035574014, 0.23785985328818726, -0.12646741612097356, -0.47815568541100895, -0.17505557667448635, -0.16193193089539926, 0.8048437117522818, 0.9592325240809707, 0.24713767881382775, -0.8336317548582777, 0.46599743519199, 0.357370804957968, 0.6520457340504391, -0.3050973265778887, -0.8822398116837538, 0.2236436329105842, -0.751970763373456, 0.5190590583266628, 0.5888466351532844, -0.18274642650020412, 0.8875950117660911, -0.6524404124894483, 0.8851716994539605]",rhc,relu,False,False,100,[10],0.1,100,8
894,94,0.24860799999441952,1.415105664188495,1338.0,100,15,"[0.9340596780273533, 0.09446449835144466, 0.9453687199297687, 0.4296319873487293, 0.3954576491945416, -0.5678210088392472, 0.9525489095524835, -0.9875394895908203, -0.4940352752331121, -0.13041693519110842, 0.5587658435875049, -0.6046298507994938, 0.7259864711984445, 0.9668013543506255, -0.6723155171906026, 0.19466788786571843, -0.98202780466489, -0.22685743471274122, -0.9116798841370009, 0.9133059354284718, -0.1277067062404047, 0.8979546135631256, 0.5726119718701219, 0.7325785971633969, -0.6536691570081037, -0.850102825973786, 0.2014854427555386, -0.6640556325631923, 0.4667603350211398, -0.18311227969597055, 0.05581764683584067, 0.875143167901884, 0.043392244889916, -0.7836132342255386, -0.6835531856304011, 0.09040530340642561, 0.04880816013694678, 0.2752204882519873, -0.1970091128194542, 0.2996102180386846, -0.20619999419653467, 0.24783222709644614, 0.5348099341802477, -0.6420521799177383, -0.24884846282491524, 0.005066118653868745, 0.3733341598326916, -0.4926407026772337, 0.10948172588511706, 0.24986168812819542, 0.7910023321122921, -0.27429282313374714, 0.2751141460374733, -0.6171071957620733, -0.004411770765388567, -0.6351091908575863, 0.8367660782795254, -0.13635585731754474, 0.6603762041966925, -0.16644739064327485, 0.8093351774867339, -0.19034956537818792, -0.33765099381775454, 0.14427754054549724, 0.6908872981882266, 0.7220286235061439, 0.19137623413666893, -0.8306767779591795, 0.19453321463834983, -0.5090925828337958, 0.46518689717993555, 0.7893025846334776, 0.0294679418262902, 0.20712702072041278, -0.8698643752343853, 0.08014945928561268, -0.7416264326591246, 0.22912569270066396, -0.2726993059103242, 0.5355160686614915, -0.902931727160895, -0.7803637637643119, 0.36804643024725525, 0.029307394167312983, 0.1432827432294983, 0.6874139879813108, -0.024524721700651453, 0.6202888442522898, 0.020487258589880097, 0.8534413864805024, 0.333855543079252, -0.7025463211318861, -0.27089364934848836, 0.7315498318881986, -0.29942957828896866, -0.6219484810876903, -0.0547573816684539, -0.21443765035574014, 0.23785985328818726, -0.12646741612097356, -0.47815568541100895, -0.17505557667448635, -0.16193193089539926, 0.8048437117522818, 0.9592325240809707, 0.24713767881382775, -0.8336317548582777, 0.46599743519199, 0.357370804957968, 0.6520457340504391, -0.3050973265778887, -0.8822398116837538, 0.2236436329105842, -0.751970763373456, 0.5190590583266628, 0.5888466351532844, -0.18274642650020412, 0.8875950117660911, -0.6524404124894483, 0.8851716994539605]",rhc,relu,False,False,100,[10],0.1,100,8
895,95,0.25007430010009557,1.4071628707436654,1340.0,100,15,"[0.9340596780273533, 0.09446449835144466, 0.9453687199297687, 0.4296319873487293, 0.3954576491945416, -0.5678210088392472, 0.9525489095524835, -0.9875394895908203, -0.4940352752331121, -0.13041693519110842, 0.5587658435875049, -0.6046298507994938, 0.7259864711984445, 0.9668013543506255, -0.6723155171906026, 0.19466788786571843, -0.98202780466489, -0.22685743471274122, -0.9116798841370009, 0.9133059354284718, -0.1277067062404047, 0.8979546135631256, 0.5726119718701219, 0.7325785971633969, -0.6536691570081037, -0.850102825973786, 0.2014854427555386, -0.6640556325631923, 0.4667603350211398, -0.18311227969597055, 0.05581764683584067, 0.875143167901884, 0.043392244889916, -0.7836132342255386, -0.6835531856304011, 0.09040530340642561, 0.04880816013694678, 0.2752204882519873, -0.1970091128194542, 0.2996102180386846, -0.20619999419653467, 0.24783222709644614, 0.5348099341802477, -0.6420521799177383, -0.24884846282491524, 0.005066118653868745, 0.3733341598326916, -0.4926407026772337, 0.10948172588511706, 0.24986168812819542, 0.7910023321122921, -0.27429282313374714, 0.2751141460374733, -0.6171071957620733, -0.004411770765388567, -0.6351091908575863, 0.8367660782795254, -0.13635585731754474, 0.6603762041966925, -0.16644739064327485, 0.8093351774867339, -0.19034956537818792, -0.33765099381775454, 0.14427754054549724, 0.6908872981882266, 0.7220286235061439, 0.19137623413666893, -0.8306767779591795, 0.19453321463834983, -0.5090925828337958, 0.46518689717993555, 0.7893025846334776, 0.0294679418262902, 0.20712702072041278, -0.8698643752343853, 0.08014945928561268, -0.7416264326591246, 0.22912569270066396, -0.2726993059103242, 0.5355160686614915, -0.902931727160895, -0.7803637637643119, 0.36804643024725525, 0.029307394167312983, 0.1432827432294983, 0.6874139879813108, -0.024524721700651453, 0.6202888442522898, 0.020487258589880097, 0.8534413864805024, 0.333855543079252, -0.7025463211318861, -0.27089364934848836, 0.7315498318881986, -0.29942957828896866, -0.6219484810876903, -0.0547573816684539, -0.21443765035574014, 0.23785985328818726, -0.12646741612097356, -0.47815568541100895, -0.17505557667448635, -0.16193193089539926, 0.8048437117522818, 0.9592325240809707, 0.24713767881382775, -0.8336317548582777, 0.46599743519199, 0.357370804957968, 0.6520457340504391, -0.3050973265778887, -0.8822398116837538, 0.2236436329105842, -0.751970763373456, 0.5190590583266628, 0.5888466351532844, -0.18274642650020412, 0.8875950117660911, -0.6524404124894483, 0.8851716994539605]",rhc,relu,False,False,100,[10],0.1,100,8
896,96,0.253057699999772,1.4071628707436654,1341.0,100,15,"[0.9340596780273533, 0.09446449835144466, 0.9453687199297687, 0.4296319873487293, 0.3954576491945416, -0.5678210088392472, 0.9525489095524835, -0.9875394895908203, -0.4940352752331121, -0.13041693519110842, 0.5587658435875049, -0.6046298507994938, 0.7259864711984445, 0.9668013543506255, -0.6723155171906026, 0.19466788786571843, -0.98202780466489, -0.22685743471274122, -0.9116798841370009, 0.9133059354284718, -0.1277067062404047, 0.8979546135631256, 0.5726119718701219, 0.7325785971633969, -0.6536691570081037, -0.850102825973786, 0.2014854427555386, -0.6640556325631923, 0.4667603350211398, -0.18311227969597055, 0.05581764683584067, 0.875143167901884, 0.043392244889916, -0.7836132342255386, -0.6835531856304011, 0.09040530340642561, 0.04880816013694678, 0.2752204882519873, -0.1970091128194542, 0.2996102180386846, -0.20619999419653467, 0.24783222709644614, 0.5348099341802477, -0.6420521799177383, -0.24884846282491524, 0.005066118653868745, 0.3733341598326916, -0.4926407026772337, 0.10948172588511706, 0.24986168812819542, 0.7910023321122921, -0.27429282313374714, 0.2751141460374733, -0.6171071957620733, -0.004411770765388567, -0.6351091908575863, 0.8367660782795254, -0.13635585731754474, 0.6603762041966925, -0.16644739064327485, 0.8093351774867339, -0.19034956537818792, -0.33765099381775454, 0.14427754054549724, 0.6908872981882266, 0.7220286235061439, 0.19137623413666893, -0.8306767779591795, 0.19453321463834983, -0.5090925828337958, 0.46518689717993555, 0.7893025846334776, 0.0294679418262902, 0.20712702072041278, -0.8698643752343853, 0.08014945928561268, -0.7416264326591246, 0.22912569270066396, -0.2726993059103242, 0.5355160686614915, -0.902931727160895, -0.7803637637643119, 0.36804643024725525, 0.029307394167312983, 0.1432827432294983, 0.6874139879813108, -0.024524721700651453, 0.6202888442522898, 0.020487258589880097, 0.8534413864805024, 0.333855543079252, -0.7025463211318861, -0.27089364934848836, 0.7315498318881986, -0.29942957828896866, -0.6219484810876903, -0.0547573816684539, -0.21443765035574014, 0.23785985328818726, -0.12646741612097356, -0.47815568541100895, -0.17505557667448635, -0.16193193089539926, 0.8048437117522818, 0.9592325240809707, 0.24713767881382775, -0.8336317548582777, 0.46599743519199, 0.357370804957968, 0.6520457340504391, -0.3050973265778887, -0.8822398116837538, 0.2236436329105842, -0.751970763373456, 0.5190590583266628, 0.5888466351532844, -0.18274642650020412, 0.8875950117660911, -0.6524404124894483, 0.8851716994539605]",rhc,relu,False,False,100,[10],0.1,100,8
897,97,0.2544917000923306,1.4071628707436654,1342.0,100,15,"[0.9340596780273533, 0.09446449835144466, 0.9453687199297687, 0.4296319873487293, 0.3954576491945416, -0.5678210088392472, 0.9525489095524835, -0.9875394895908203, -0.4940352752331121, -0.13041693519110842, 0.5587658435875049, -0.6046298507994938, 0.7259864711984445, 0.9668013543506255, -0.6723155171906026, 0.19466788786571843, -0.98202780466489, -0.22685743471274122, -0.9116798841370009, 0.9133059354284718, -0.1277067062404047, 0.8979546135631256, 0.5726119718701219, 0.7325785971633969, -0.6536691570081037, -0.850102825973786, 0.2014854427555386, -0.6640556325631923, 0.4667603350211398, -0.18311227969597055, 0.05581764683584067, 0.875143167901884, 0.043392244889916, -0.7836132342255386, -0.6835531856304011, 0.09040530340642561, 0.04880816013694678, 0.2752204882519873, -0.1970091128194542, 0.2996102180386846, -0.20619999419653467, 0.24783222709644614, 0.5348099341802477, -0.6420521799177383, -0.24884846282491524, 0.005066118653868745, 0.3733341598326916, -0.4926407026772337, 0.10948172588511706, 0.24986168812819542, 0.7910023321122921, -0.27429282313374714, 0.2751141460374733, -0.6171071957620733, -0.004411770765388567, -0.6351091908575863, 0.8367660782795254, -0.13635585731754474, 0.6603762041966925, -0.16644739064327485, 0.8093351774867339, -0.19034956537818792, -0.33765099381775454, 0.14427754054549724, 0.6908872981882266, 0.7220286235061439, 0.19137623413666893, -0.8306767779591795, 0.19453321463834983, -0.5090925828337958, 0.46518689717993555, 0.7893025846334776, 0.0294679418262902, 0.20712702072041278, -0.8698643752343853, 0.08014945928561268, -0.7416264326591246, 0.22912569270066396, -0.2726993059103242, 0.5355160686614915, -0.902931727160895, -0.7803637637643119, 0.36804643024725525, 0.029307394167312983, 0.1432827432294983, 0.6874139879813108, -0.024524721700651453, 0.6202888442522898, 0.020487258589880097, 0.8534413864805024, 0.333855543079252, -0.7025463211318861, -0.27089364934848836, 0.7315498318881986, -0.29942957828896866, -0.6219484810876903, -0.0547573816684539, -0.21443765035574014, 0.23785985328818726, -0.12646741612097356, -0.47815568541100895, -0.17505557667448635, -0.16193193089539926, 0.8048437117522818, 0.9592325240809707, 0.24713767881382775, -0.8336317548582777, 0.46599743519199, 0.357370804957968, 0.6520457340504391, -0.3050973265778887, -0.8822398116837538, 0.2236436329105842, -0.751970763373456, 0.5190590583266628, 0.5888466351532844, -0.18274642650020412, 0.8875950117660911, -0.6524404124894483, 0.8851716994539605]",rhc,relu,False,False,100,[10],0.1,100,8
898,98,0.25626020005438477,1.4071628707436654,1343.0,100,15,"[0.9340596780273533, 0.09446449835144466, 0.9453687199297687, 0.4296319873487293, 0.3954576491945416, -0.5678210088392472, 0.9525489095524835, -0.9875394895908203, -0.4940352752331121, -0.13041693519110842, 0.5587658435875049, -0.6046298507994938, 0.7259864711984445, 0.9668013543506255, -0.6723155171906026, 0.19466788786571843, -0.98202780466489, -0.22685743471274122, -0.9116798841370009, 0.9133059354284718, -0.1277067062404047, 0.8979546135631256, 0.5726119718701219, 0.7325785971633969, -0.6536691570081037, -0.850102825973786, 0.2014854427555386, -0.6640556325631923, 0.4667603350211398, -0.18311227969597055, 0.05581764683584067, 0.875143167901884, 0.043392244889916, -0.7836132342255386, -0.6835531856304011, 0.09040530340642561, 0.04880816013694678, 0.2752204882519873, -0.1970091128194542, 0.2996102180386846, -0.20619999419653467, 0.24783222709644614, 0.5348099341802477, -0.6420521799177383, -0.24884846282491524, 0.005066118653868745, 0.3733341598326916, -0.4926407026772337, 0.10948172588511706, 0.24986168812819542, 0.7910023321122921, -0.27429282313374714, 0.2751141460374733, -0.6171071957620733, -0.004411770765388567, -0.6351091908575863, 0.8367660782795254, -0.13635585731754474, 0.6603762041966925, -0.16644739064327485, 0.8093351774867339, -0.19034956537818792, -0.33765099381775454, 0.14427754054549724, 0.6908872981882266, 0.7220286235061439, 0.19137623413666893, -0.8306767779591795, 0.19453321463834983, -0.5090925828337958, 0.46518689717993555, 0.7893025846334776, 0.0294679418262902, 0.20712702072041278, -0.8698643752343853, 0.08014945928561268, -0.7416264326591246, 0.22912569270066396, -0.2726993059103242, 0.5355160686614915, -0.902931727160895, -0.7803637637643119, 0.36804643024725525, 0.029307394167312983, 0.1432827432294983, 0.6874139879813108, -0.024524721700651453, 0.6202888442522898, 0.020487258589880097, 0.8534413864805024, 0.333855543079252, -0.7025463211318861, -0.27089364934848836, 0.7315498318881986, -0.29942957828896866, -0.6219484810876903, -0.0547573816684539, -0.21443765035574014, 0.23785985328818726, -0.12646741612097356, -0.47815568541100895, -0.17505557667448635, -0.16193193089539926, 0.8048437117522818, 0.9592325240809707, 0.24713767881382775, -0.8336317548582777, 0.46599743519199, 0.357370804957968, 0.6520457340504391, -0.3050973265778887, -0.8822398116837538, 0.2236436329105842, -0.751970763373456, 0.5190590583266628, 0.5888466351532844, -0.18274642650020412, 0.8875950117660911, -0.6524404124894483, 0.8851716994539605]",rhc,relu,False,False,100,[10],0.1,100,8
899,99,0.2595394999952987,1.4053291828472587,1345.0,100,15,"[0.9340596780273533, 0.09446449835144466, 0.9453687199297687, 0.4296319873487293, 0.3954576491945416, -0.5678210088392472, 0.9525489095524835, -0.9875394895908203, -0.4940352752331121, -0.13041693519110842, 0.5587658435875049, -0.6046298507994938, 0.7259864711984445, 0.9668013543506255, -0.6723155171906026, 0.19466788786571843, -0.98202780466489, -0.22685743471274122, -0.9116798841370009, 0.9133059354284718, -0.1277067062404047, 0.8979546135631256, 0.5726119718701219, 0.7325785971633969, -0.6536691570081037, -0.850102825973786, 0.2014854427555386, -0.6640556325631923, 0.4667603350211398, -0.18311227969597055, 0.05581764683584067, 0.875143167901884, 0.043392244889916, -0.7836132342255386, -0.6835531856304011, 0.09040530340642561, 0.04880816013694678, 0.2752204882519873, -0.1970091128194542, 0.2996102180386846, -0.20619999419653467, 0.24783222709644614, 0.5348099341802477, -0.6420521799177383, -0.24884846282491524, 0.005066118653868745, 0.3733341598326916, -0.4926407026772337, 0.10948172588511706, 0.24986168812819542, 0.7910023321122921, -0.27429282313374714, 0.2751141460374733, -0.6171071957620733, -0.004411770765388567, -0.6351091908575863, 0.8367660782795254, -0.13635585731754474, 0.6603762041966925, -0.16644739064327485, 0.8093351774867339, -0.19034956537818792, -0.33765099381775454, 0.14427754054549724, 0.6908872981882266, 0.7220286235061439, 0.19137623413666893, -0.8306767779591795, 0.19453321463834983, -0.5090925828337958, 0.46518689717993555, 0.7893025846334776, 0.0294679418262902, 0.20712702072041278, -0.8698643752343853, 0.08014945928561268, -0.7416264326591246, 0.22912569270066396, -0.2726993059103242, 0.5355160686614915, -0.902931727160895, -0.7803637637643119, 0.36804643024725525, 0.029307394167312983, 0.1432827432294983, 0.6874139879813108, -0.024524721700651453, 0.6202888442522898, 0.020487258589880097, 0.8534413864805024, 0.333855543079252, -0.7025463211318861, -0.27089364934848836, 0.7315498318881986, -0.29942957828896866, -0.6219484810876903, -0.0547573816684539, -0.21443765035574014, 0.23785985328818726, -0.12646741612097356, -0.47815568541100895, -0.17505557667448635, -0.16193193089539926, 0.8048437117522818, 0.9592325240809707, 0.24713767881382775, -0.8336317548582777, 0.46599743519199, 0.357370804957968, 0.6520457340504391, -0.3050973265778887, -0.8822398116837538, 0.2236436329105842, -0.751970763373456, 0.5190590583266628, 0.5888466351532844, -0.18274642650020412, 0.8875950117660911, -0.6524404124894483, 0.8851716994539605]",rhc,relu,False,False,100,[10],0.1,100,8
900,100,0.26120120007544756,1.3931336008886983,1347.0,100,15,"[0.9340596780273533, 0.09446449835144466, 0.9453687199297687, 0.4296319873487293, 0.3954576491945416, -0.5678210088392472, 0.9525489095524835, -0.9875394895908203, -0.4940352752331121, -0.13041693519110842, 0.5587658435875049, -0.6046298507994938, 0.7259864711984445, 0.9668013543506255, -0.6723155171906026, 0.19466788786571843, -0.98202780466489, -0.22685743471274122, -0.9116798841370009, 0.9133059354284718, -0.1277067062404047, 0.8979546135631256, 0.5726119718701219, 0.7325785971633969, -0.6536691570081037, -0.850102825973786, 0.2014854427555386, -0.6640556325631923, 0.4667603350211398, -0.18311227969597055, 0.05581764683584067, 0.875143167901884, 0.043392244889916, -0.7836132342255386, -0.6835531856304011, 0.09040530340642561, 0.04880816013694678, 0.2752204882519873, -0.1970091128194542, 0.2996102180386846, -0.20619999419653467, 0.24783222709644614, 0.5348099341802477, -0.6420521799177383, -0.24884846282491524, 0.005066118653868745, 0.3733341598326916, -0.4926407026772337, 0.10948172588511706, 0.24986168812819542, 0.7910023321122921, -0.27429282313374714, 0.2751141460374733, -0.6171071957620733, -0.004411770765388567, -0.6351091908575863, 0.8367660782795254, -0.13635585731754474, 0.6603762041966925, -0.16644739064327485, 0.8093351774867339, -0.19034956537818792, -0.33765099381775454, 0.14427754054549724, 0.6908872981882266, 0.7220286235061439, 0.19137623413666893, -0.8306767779591795, 0.19453321463834983, -0.5090925828337958, 0.46518689717993555, 0.7893025846334776, 0.0294679418262902, 0.20712702072041278, -0.8698643752343853, 0.08014945928561268, -0.7416264326591246, 0.22912569270066396, -0.2726993059103242, 0.5355160686614915, -0.902931727160895, -0.7803637637643119, 0.36804643024725525, 0.029307394167312983, 0.1432827432294983, 0.6874139879813108, -0.024524721700651453, 0.6202888442522898, 0.020487258589880097, 0.8534413864805024, 0.333855543079252, -0.7025463211318861, -0.27089364934848836, 0.7315498318881986, -0.29942957828896866, -0.6219484810876903, -0.0547573816684539, -0.21443765035574014, 0.23785985328818726, -0.12646741612097356, -0.47815568541100895, -0.17505557667448635, -0.16193193089539926, 0.8048437117522818, 0.9592325240809707, 0.24713767881382775, -0.8336317548582777, 0.46599743519199, 0.357370804957968, 0.6520457340504391, -0.3050973265778887, -0.8822398116837538, 0.2236436329105842, -0.751970763373456, 0.5190590583266628, 0.5888466351532844, -0.18274642650020412, 0.8875950117660911, -0.6524404124894483, 0.8851716994539605]",rhc,relu,False,False,100,[10],0.1,100,8
901,1,0.03315600007772446,1.9099841090186194,1348.0,100,15,"[0.9340596780273533, 0.09446449835144466, 0.9453687199297687, 0.4296319873487293, 0.3954576491945416, -0.5678210088392472, 0.9525489095524835, -0.9875394895908203, -0.4940352752331121, -0.13041693519110842, 0.5587658435875049, -0.6046298507994938, 0.7259864711984445, 0.9668013543506255, -0.6723155171906026, 0.19466788786571843, -0.98202780466489, -0.22685743471274122, -0.9116798841370009, 0.9133059354284718, -0.1277067062404047, 0.8979546135631256, 0.5726119718701219, 0.7325785971633969, -0.6536691570081037, -0.850102825973786, 0.2014854427555386, -0.6640556325631923, 0.4667603350211398, -0.18311227969597055, 0.05581764683584067, 0.875143167901884, 0.043392244889916, -0.7836132342255386, -0.6835531856304011, 0.09040530340642561, 0.04880816013694678, 0.2752204882519873, -0.1970091128194542, 0.2996102180386846, -0.20619999419653467, 0.24783222709644614, 0.5348099341802477, -0.6420521799177383, -0.24884846282491524, 0.005066118653868745, 0.3733341598326916, -0.4926407026772337, 0.10948172588511706, 0.24986168812819542, 0.7910023321122921, -0.27429282313374714, 0.2751141460374733, -0.6171071957620733, -0.004411770765388567, -0.6351091908575863, 0.8367660782795254, -0.13635585731754474, 0.6603762041966925, -0.16644739064327485, 0.8093351774867339, -0.19034956537818792, -0.33765099381775454, 0.14427754054549724, 0.6908872981882266, 0.7220286235061439, 0.19137623413666893, -0.8306767779591795, 0.19453321463834983, -0.5090925828337958, 0.46518689717993555, 0.7893025846334776, 0.0294679418262902, 0.20712702072041278, -0.8698643752343853, 0.08014945928561268, -0.7416264326591246, 0.22912569270066396, -0.2726993059103242, 0.5355160686614915, -0.902931727160895, -0.7803637637643119, 0.36804643024725525, 0.029307394167312983, 0.1432827432294983, 0.6874139879813108, -0.024524721700651453, 0.6202888442522898, 0.020487258589880097, 0.8534413864805024, 0.333855543079252, -0.7025463211318861, -0.27089364934848836, 0.7315498318881986, -0.29942957828896866, -0.6219484810876903, -0.0547573816684539, -0.21443765035574014, 0.23785985328818726, -0.12646741612097356, -0.47815568541100895, -0.17505557667448635, -0.16193193089539926, 0.8048437117522818, 0.9592325240809707, 0.24713767881382775, -0.8336317548582777, 0.46599743519199, 0.357370804957968, 0.6520457340504391, -0.3050973265778887, -0.8822398116837538, 0.2236436329105842, -0.751970763373456, 0.5190590583266628, 0.5888466351532844, -0.18274642650020412, 0.8875950117660911, -0.6524404124894483, 0.8851716994539605]",rhc,relu,False,False,100,[10],0.1,100,9
902,2,0.03611099999397993,1.90861981953255,1350.0,100,15,"[0.9340596780273533, 0.09446449835144466, 0.9453687199297687, 0.4296319873487293, 0.3954576491945416, -0.5678210088392472, 0.9525489095524835, -0.9875394895908203, -0.4940352752331121, -0.13041693519110842, 0.5587658435875049, -0.6046298507994938, 0.7259864711984445, 0.9668013543506255, -0.6723155171906026, 0.19466788786571843, -0.98202780466489, -0.22685743471274122, -0.9116798841370009, 0.9133059354284718, -0.1277067062404047, 0.8979546135631256, 0.5726119718701219, 0.7325785971633969, -0.6536691570081037, -0.850102825973786, 0.2014854427555386, -0.6640556325631923, 0.4667603350211398, -0.18311227969597055, 0.05581764683584067, 0.875143167901884, 0.043392244889916, -0.7836132342255386, -0.6835531856304011, 0.09040530340642561, 0.04880816013694678, 0.2752204882519873, -0.1970091128194542, 0.2996102180386846, -0.20619999419653467, 0.24783222709644614, 0.5348099341802477, -0.6420521799177383, -0.24884846282491524, 0.005066118653868745, 0.3733341598326916, -0.4926407026772337, 0.10948172588511706, 0.24986168812819542, 0.7910023321122921, -0.27429282313374714, 0.2751141460374733, -0.6171071957620733, -0.004411770765388567, -0.6351091908575863, 0.8367660782795254, -0.13635585731754474, 0.6603762041966925, -0.16644739064327485, 0.8093351774867339, -0.19034956537818792, -0.33765099381775454, 0.14427754054549724, 0.6908872981882266, 0.7220286235061439, 0.19137623413666893, -0.8306767779591795, 0.19453321463834983, -0.5090925828337958, 0.46518689717993555, 0.7893025846334776, 0.0294679418262902, 0.20712702072041278, -0.8698643752343853, 0.08014945928561268, -0.7416264326591246, 0.22912569270066396, -0.2726993059103242, 0.5355160686614915, -0.902931727160895, -0.7803637637643119, 0.36804643024725525, 0.029307394167312983, 0.1432827432294983, 0.6874139879813108, -0.024524721700651453, 0.6202888442522898, 0.020487258589880097, 0.8534413864805024, 0.333855543079252, -0.7025463211318861, -0.27089364934848836, 0.7315498318881986, -0.29942957828896866, -0.6219484810876903, -0.0547573816684539, -0.21443765035574014, 0.23785985328818726, -0.12646741612097356, -0.47815568541100895, -0.17505557667448635, -0.16193193089539926, 0.8048437117522818, 0.9592325240809707, 0.24713767881382775, -0.8336317548582777, 0.46599743519199, 0.357370804957968, 0.6520457340504391, -0.3050973265778887, -0.8822398116837538, 0.2236436329105842, -0.751970763373456, 0.5190590583266628, 0.5888466351532844, -0.18274642650020412, 0.8875950117660911, -0.6524404124894483, 0.8851716994539605]",rhc,relu,False,False,100,[10],0.1,100,9
903,3,0.03751040005590767,1.90861981953255,1351.0,100,15,"[0.9340596780273533, 0.09446449835144466, 0.9453687199297687, 0.4296319873487293, 0.3954576491945416, -0.5678210088392472, 0.9525489095524835, -0.9875394895908203, -0.4940352752331121, -0.13041693519110842, 0.5587658435875049, -0.6046298507994938, 0.7259864711984445, 0.9668013543506255, -0.6723155171906026, 0.19466788786571843, -0.98202780466489, -0.22685743471274122, -0.9116798841370009, 0.9133059354284718, -0.1277067062404047, 0.8979546135631256, 0.5726119718701219, 0.7325785971633969, -0.6536691570081037, -0.850102825973786, 0.2014854427555386, -0.6640556325631923, 0.4667603350211398, -0.18311227969597055, 0.05581764683584067, 0.875143167901884, 0.043392244889916, -0.7836132342255386, -0.6835531856304011, 0.09040530340642561, 0.04880816013694678, 0.2752204882519873, -0.1970091128194542, 0.2996102180386846, -0.20619999419653467, 0.24783222709644614, 0.5348099341802477, -0.6420521799177383, -0.24884846282491524, 0.005066118653868745, 0.3733341598326916, -0.4926407026772337, 0.10948172588511706, 0.24986168812819542, 0.7910023321122921, -0.27429282313374714, 0.2751141460374733, -0.6171071957620733, -0.004411770765388567, -0.6351091908575863, 0.8367660782795254, -0.13635585731754474, 0.6603762041966925, -0.16644739064327485, 0.8093351774867339, -0.19034956537818792, -0.33765099381775454, 0.14427754054549724, 0.6908872981882266, 0.7220286235061439, 0.19137623413666893, -0.8306767779591795, 0.19453321463834983, -0.5090925828337958, 0.46518689717993555, 0.7893025846334776, 0.0294679418262902, 0.20712702072041278, -0.8698643752343853, 0.08014945928561268, -0.7416264326591246, 0.22912569270066396, -0.2726993059103242, 0.5355160686614915, -0.902931727160895, -0.7803637637643119, 0.36804643024725525, 0.029307394167312983, 0.1432827432294983, 0.6874139879813108, -0.024524721700651453, 0.6202888442522898, 0.020487258589880097, 0.8534413864805024, 0.333855543079252, -0.7025463211318861, -0.27089364934848836, 0.7315498318881986, -0.29942957828896866, -0.6219484810876903, -0.0547573816684539, -0.21443765035574014, 0.23785985328818726, -0.12646741612097356, -0.47815568541100895, -0.17505557667448635, -0.16193193089539926, 0.8048437117522818, 0.9592325240809707, 0.24713767881382775, -0.8336317548582777, 0.46599743519199, 0.357370804957968, 0.6520457340504391, -0.3050973265778887, -0.8822398116837538, 0.2236436329105842, -0.751970763373456, 0.5190590583266628, 0.5888466351532844, -0.18274642650020412, 0.8875950117660911, -0.6524404124894483, 0.8851716994539605]",rhc,relu,False,False,100,[10],0.1,100,9
904,4,0.0403158999979496,1.90861981953255,1352.0,100,15,"[0.9340596780273533, 0.09446449835144466, 0.9453687199297687, 0.4296319873487293, 0.3954576491945416, -0.5678210088392472, 0.9525489095524835, -0.9875394895908203, -0.4940352752331121, -0.13041693519110842, 0.5587658435875049, -0.6046298507994938, 0.7259864711984445, 0.9668013543506255, -0.6723155171906026, 0.19466788786571843, -0.98202780466489, -0.22685743471274122, -0.9116798841370009, 0.9133059354284718, -0.1277067062404047, 0.8979546135631256, 0.5726119718701219, 0.7325785971633969, -0.6536691570081037, -0.850102825973786, 0.2014854427555386, -0.6640556325631923, 0.4667603350211398, -0.18311227969597055, 0.05581764683584067, 0.875143167901884, 0.043392244889916, -0.7836132342255386, -0.6835531856304011, 0.09040530340642561, 0.04880816013694678, 0.2752204882519873, -0.1970091128194542, 0.2996102180386846, -0.20619999419653467, 0.24783222709644614, 0.5348099341802477, -0.6420521799177383, -0.24884846282491524, 0.005066118653868745, 0.3733341598326916, -0.4926407026772337, 0.10948172588511706, 0.24986168812819542, 0.7910023321122921, -0.27429282313374714, 0.2751141460374733, -0.6171071957620733, -0.004411770765388567, -0.6351091908575863, 0.8367660782795254, -0.13635585731754474, 0.6603762041966925, -0.16644739064327485, 0.8093351774867339, -0.19034956537818792, -0.33765099381775454, 0.14427754054549724, 0.6908872981882266, 0.7220286235061439, 0.19137623413666893, -0.8306767779591795, 0.19453321463834983, -0.5090925828337958, 0.46518689717993555, 0.7893025846334776, 0.0294679418262902, 0.20712702072041278, -0.8698643752343853, 0.08014945928561268, -0.7416264326591246, 0.22912569270066396, -0.2726993059103242, 0.5355160686614915, -0.902931727160895, -0.7803637637643119, 0.36804643024725525, 0.029307394167312983, 0.1432827432294983, 0.6874139879813108, -0.024524721700651453, 0.6202888442522898, 0.020487258589880097, 0.8534413864805024, 0.333855543079252, -0.7025463211318861, -0.27089364934848836, 0.7315498318881986, -0.29942957828896866, -0.6219484810876903, -0.0547573816684539, -0.21443765035574014, 0.23785985328818726, -0.12646741612097356, -0.47815568541100895, -0.17505557667448635, -0.16193193089539926, 0.8048437117522818, 0.9592325240809707, 0.24713767881382775, -0.8336317548582777, 0.46599743519199, 0.357370804957968, 0.6520457340504391, -0.3050973265778887, -0.8822398116837538, 0.2236436329105842, -0.751970763373456, 0.5190590583266628, 0.5888466351532844, -0.18274642650020412, 0.8875950117660911, -0.6524404124894483, 0.8851716994539605]",rhc,relu,False,False,100,[10],0.1,100,9
905,5,0.041674000094644725,1.90861981953255,1353.0,100,15,"[0.9340596780273533, 0.09446449835144466, 0.9453687199297687, 0.4296319873487293, 0.3954576491945416, -0.5678210088392472, 0.9525489095524835, -0.9875394895908203, -0.4940352752331121, -0.13041693519110842, 0.5587658435875049, -0.6046298507994938, 0.7259864711984445, 0.9668013543506255, -0.6723155171906026, 0.19466788786571843, -0.98202780466489, -0.22685743471274122, -0.9116798841370009, 0.9133059354284718, -0.1277067062404047, 0.8979546135631256, 0.5726119718701219, 0.7325785971633969, -0.6536691570081037, -0.850102825973786, 0.2014854427555386, -0.6640556325631923, 0.4667603350211398, -0.18311227969597055, 0.05581764683584067, 0.875143167901884, 0.043392244889916, -0.7836132342255386, -0.6835531856304011, 0.09040530340642561, 0.04880816013694678, 0.2752204882519873, -0.1970091128194542, 0.2996102180386846, -0.20619999419653467, 0.24783222709644614, 0.5348099341802477, -0.6420521799177383, -0.24884846282491524, 0.005066118653868745, 0.3733341598326916, -0.4926407026772337, 0.10948172588511706, 0.24986168812819542, 0.7910023321122921, -0.27429282313374714, 0.2751141460374733, -0.6171071957620733, -0.004411770765388567, -0.6351091908575863, 0.8367660782795254, -0.13635585731754474, 0.6603762041966925, -0.16644739064327485, 0.8093351774867339, -0.19034956537818792, -0.33765099381775454, 0.14427754054549724, 0.6908872981882266, 0.7220286235061439, 0.19137623413666893, -0.8306767779591795, 0.19453321463834983, -0.5090925828337958, 0.46518689717993555, 0.7893025846334776, 0.0294679418262902, 0.20712702072041278, -0.8698643752343853, 0.08014945928561268, -0.7416264326591246, 0.22912569270066396, -0.2726993059103242, 0.5355160686614915, -0.902931727160895, -0.7803637637643119, 0.36804643024725525, 0.029307394167312983, 0.1432827432294983, 0.6874139879813108, -0.024524721700651453, 0.6202888442522898, 0.020487258589880097, 0.8534413864805024, 0.333855543079252, -0.7025463211318861, -0.27089364934848836, 0.7315498318881986, -0.29942957828896866, -0.6219484810876903, -0.0547573816684539, -0.21443765035574014, 0.23785985328818726, -0.12646741612097356, -0.47815568541100895, -0.17505557667448635, -0.16193193089539926, 0.8048437117522818, 0.9592325240809707, 0.24713767881382775, -0.8336317548582777, 0.46599743519199, 0.357370804957968, 0.6520457340504391, -0.3050973265778887, -0.8822398116837538, 0.2236436329105842, -0.751970763373456, 0.5190590583266628, 0.5888466351532844, -0.18274642650020412, 0.8875950117660911, -0.6524404124894483, 0.8851716994539605]",rhc,relu,False,False,100,[10],0.1,100,9
906,6,0.04435340000782162,1.90861981953255,1354.0,100,15,"[0.9340596780273533, 0.09446449835144466, 0.9453687199297687, 0.4296319873487293, 0.3954576491945416, -0.5678210088392472, 0.9525489095524835, -0.9875394895908203, -0.4940352752331121, -0.13041693519110842, 0.5587658435875049, -0.6046298507994938, 0.7259864711984445, 0.9668013543506255, -0.6723155171906026, 0.19466788786571843, -0.98202780466489, -0.22685743471274122, -0.9116798841370009, 0.9133059354284718, -0.1277067062404047, 0.8979546135631256, 0.5726119718701219, 0.7325785971633969, -0.6536691570081037, -0.850102825973786, 0.2014854427555386, -0.6640556325631923, 0.4667603350211398, -0.18311227969597055, 0.05581764683584067, 0.875143167901884, 0.043392244889916, -0.7836132342255386, -0.6835531856304011, 0.09040530340642561, 0.04880816013694678, 0.2752204882519873, -0.1970091128194542, 0.2996102180386846, -0.20619999419653467, 0.24783222709644614, 0.5348099341802477, -0.6420521799177383, -0.24884846282491524, 0.005066118653868745, 0.3733341598326916, -0.4926407026772337, 0.10948172588511706, 0.24986168812819542, 0.7910023321122921, -0.27429282313374714, 0.2751141460374733, -0.6171071957620733, -0.004411770765388567, -0.6351091908575863, 0.8367660782795254, -0.13635585731754474, 0.6603762041966925, -0.16644739064327485, 0.8093351774867339, -0.19034956537818792, -0.33765099381775454, 0.14427754054549724, 0.6908872981882266, 0.7220286235061439, 0.19137623413666893, -0.8306767779591795, 0.19453321463834983, -0.5090925828337958, 0.46518689717993555, 0.7893025846334776, 0.0294679418262902, 0.20712702072041278, -0.8698643752343853, 0.08014945928561268, -0.7416264326591246, 0.22912569270066396, -0.2726993059103242, 0.5355160686614915, -0.902931727160895, -0.7803637637643119, 0.36804643024725525, 0.029307394167312983, 0.1432827432294983, 0.6874139879813108, -0.024524721700651453, 0.6202888442522898, 0.020487258589880097, 0.8534413864805024, 0.333855543079252, -0.7025463211318861, -0.27089364934848836, 0.7315498318881986, -0.29942957828896866, -0.6219484810876903, -0.0547573816684539, -0.21443765035574014, 0.23785985328818726, -0.12646741612097356, -0.47815568541100895, -0.17505557667448635, -0.16193193089539926, 0.8048437117522818, 0.9592325240809707, 0.24713767881382775, -0.8336317548582777, 0.46599743519199, 0.357370804957968, 0.6520457340504391, -0.3050973265778887, -0.8822398116837538, 0.2236436329105842, -0.751970763373456, 0.5190590583266628, 0.5888466351532844, -0.18274642650020412, 0.8875950117660911, -0.6524404124894483, 0.8851716994539605]",rhc,relu,False,False,100,[10],0.1,100,9
907,7,0.04734460008330643,1.90861981953255,1355.0,100,15,"[0.9340596780273533, 0.09446449835144466, 0.9453687199297687, 0.4296319873487293, 0.3954576491945416, -0.5678210088392472, 0.9525489095524835, -0.9875394895908203, -0.4940352752331121, -0.13041693519110842, 0.5587658435875049, -0.6046298507994938, 0.7259864711984445, 0.9668013543506255, -0.6723155171906026, 0.19466788786571843, -0.98202780466489, -0.22685743471274122, -0.9116798841370009, 0.9133059354284718, -0.1277067062404047, 0.8979546135631256, 0.5726119718701219, 0.7325785971633969, -0.6536691570081037, -0.850102825973786, 0.2014854427555386, -0.6640556325631923, 0.4667603350211398, -0.18311227969597055, 0.05581764683584067, 0.875143167901884, 0.043392244889916, -0.7836132342255386, -0.6835531856304011, 0.09040530340642561, 0.04880816013694678, 0.2752204882519873, -0.1970091128194542, 0.2996102180386846, -0.20619999419653467, 0.24783222709644614, 0.5348099341802477, -0.6420521799177383, -0.24884846282491524, 0.005066118653868745, 0.3733341598326916, -0.4926407026772337, 0.10948172588511706, 0.24986168812819542, 0.7910023321122921, -0.27429282313374714, 0.2751141460374733, -0.6171071957620733, -0.004411770765388567, -0.6351091908575863, 0.8367660782795254, -0.13635585731754474, 0.6603762041966925, -0.16644739064327485, 0.8093351774867339, -0.19034956537818792, -0.33765099381775454, 0.14427754054549724, 0.6908872981882266, 0.7220286235061439, 0.19137623413666893, -0.8306767779591795, 0.19453321463834983, -0.5090925828337958, 0.46518689717993555, 0.7893025846334776, 0.0294679418262902, 0.20712702072041278, -0.8698643752343853, 0.08014945928561268, -0.7416264326591246, 0.22912569270066396, -0.2726993059103242, 0.5355160686614915, -0.902931727160895, -0.7803637637643119, 0.36804643024725525, 0.029307394167312983, 0.1432827432294983, 0.6874139879813108, -0.024524721700651453, 0.6202888442522898, 0.020487258589880097, 0.8534413864805024, 0.333855543079252, -0.7025463211318861, -0.27089364934848836, 0.7315498318881986, -0.29942957828896866, -0.6219484810876903, -0.0547573816684539, -0.21443765035574014, 0.23785985328818726, -0.12646741612097356, -0.47815568541100895, -0.17505557667448635, -0.16193193089539926, 0.8048437117522818, 0.9592325240809707, 0.24713767881382775, -0.8336317548582777, 0.46599743519199, 0.357370804957968, 0.6520457340504391, -0.3050973265778887, -0.8822398116837538, 0.2236436329105842, -0.751970763373456, 0.5190590583266628, 0.5888466351532844, -0.18274642650020412, 0.8875950117660911, -0.6524404124894483, 0.8851716994539605]",rhc,relu,False,False,100,[10],0.1,100,9
908,8,0.049982900032773614,1.90861981953255,1356.0,100,15,"[0.9340596780273533, 0.09446449835144466, 0.9453687199297687, 0.4296319873487293, 0.3954576491945416, -0.5678210088392472, 0.9525489095524835, -0.9875394895908203, -0.4940352752331121, -0.13041693519110842, 0.5587658435875049, -0.6046298507994938, 0.7259864711984445, 0.9668013543506255, -0.6723155171906026, 0.19466788786571843, -0.98202780466489, -0.22685743471274122, -0.9116798841370009, 0.9133059354284718, -0.1277067062404047, 0.8979546135631256, 0.5726119718701219, 0.7325785971633969, -0.6536691570081037, -0.850102825973786, 0.2014854427555386, -0.6640556325631923, 0.4667603350211398, -0.18311227969597055, 0.05581764683584067, 0.875143167901884, 0.043392244889916, -0.7836132342255386, -0.6835531856304011, 0.09040530340642561, 0.04880816013694678, 0.2752204882519873, -0.1970091128194542, 0.2996102180386846, -0.20619999419653467, 0.24783222709644614, 0.5348099341802477, -0.6420521799177383, -0.24884846282491524, 0.005066118653868745, 0.3733341598326916, -0.4926407026772337, 0.10948172588511706, 0.24986168812819542, 0.7910023321122921, -0.27429282313374714, 0.2751141460374733, -0.6171071957620733, -0.004411770765388567, -0.6351091908575863, 0.8367660782795254, -0.13635585731754474, 0.6603762041966925, -0.16644739064327485, 0.8093351774867339, -0.19034956537818792, -0.33765099381775454, 0.14427754054549724, 0.6908872981882266, 0.7220286235061439, 0.19137623413666893, -0.8306767779591795, 0.19453321463834983, -0.5090925828337958, 0.46518689717993555, 0.7893025846334776, 0.0294679418262902, 0.20712702072041278, -0.8698643752343853, 0.08014945928561268, -0.7416264326591246, 0.22912569270066396, -0.2726993059103242, 0.5355160686614915, -0.902931727160895, -0.7803637637643119, 0.36804643024725525, 0.029307394167312983, 0.1432827432294983, 0.6874139879813108, -0.024524721700651453, 0.6202888442522898, 0.020487258589880097, 0.8534413864805024, 0.333855543079252, -0.7025463211318861, -0.27089364934848836, 0.7315498318881986, -0.29942957828896866, -0.6219484810876903, -0.0547573816684539, -0.21443765035574014, 0.23785985328818726, -0.12646741612097356, -0.47815568541100895, -0.17505557667448635, -0.16193193089539926, 0.8048437117522818, 0.9592325240809707, 0.24713767881382775, -0.8336317548582777, 0.46599743519199, 0.357370804957968, 0.6520457340504391, -0.3050973265778887, -0.8822398116837538, 0.2236436329105842, -0.751970763373456, 0.5190590583266628, 0.5888466351532844, -0.18274642650020412, 0.8875950117660911, -0.6524404124894483, 0.8851716994539605]",rhc,relu,False,False,100,[10],0.1,100,9
909,9,0.05281060002744198,1.9069180441752203,1358.0,100,15,"[0.9340596780273533, 0.09446449835144466, 0.9453687199297687, 0.4296319873487293, 0.3954576491945416, -0.5678210088392472, 0.9525489095524835, -0.9875394895908203, -0.4940352752331121, -0.13041693519110842, 0.5587658435875049, -0.6046298507994938, 0.7259864711984445, 0.9668013543506255, -0.6723155171906026, 0.19466788786571843, -0.98202780466489, -0.22685743471274122, -0.9116798841370009, 0.9133059354284718, -0.1277067062404047, 0.8979546135631256, 0.5726119718701219, 0.7325785971633969, -0.6536691570081037, -0.850102825973786, 0.2014854427555386, -0.6640556325631923, 0.4667603350211398, -0.18311227969597055, 0.05581764683584067, 0.875143167901884, 0.043392244889916, -0.7836132342255386, -0.6835531856304011, 0.09040530340642561, 0.04880816013694678, 0.2752204882519873, -0.1970091128194542, 0.2996102180386846, -0.20619999419653467, 0.24783222709644614, 0.5348099341802477, -0.6420521799177383, -0.24884846282491524, 0.005066118653868745, 0.3733341598326916, -0.4926407026772337, 0.10948172588511706, 0.24986168812819542, 0.7910023321122921, -0.27429282313374714, 0.2751141460374733, -0.6171071957620733, -0.004411770765388567, -0.6351091908575863, 0.8367660782795254, -0.13635585731754474, 0.6603762041966925, -0.16644739064327485, 0.8093351774867339, -0.19034956537818792, -0.33765099381775454, 0.14427754054549724, 0.6908872981882266, 0.7220286235061439, 0.19137623413666893, -0.8306767779591795, 0.19453321463834983, -0.5090925828337958, 0.46518689717993555, 0.7893025846334776, 0.0294679418262902, 0.20712702072041278, -0.8698643752343853, 0.08014945928561268, -0.7416264326591246, 0.22912569270066396, -0.2726993059103242, 0.5355160686614915, -0.902931727160895, -0.7803637637643119, 0.36804643024725525, 0.029307394167312983, 0.1432827432294983, 0.6874139879813108, -0.024524721700651453, 0.6202888442522898, 0.020487258589880097, 0.8534413864805024, 0.333855543079252, -0.7025463211318861, -0.27089364934848836, 0.7315498318881986, -0.29942957828896866, -0.6219484810876903, -0.0547573816684539, -0.21443765035574014, 0.23785985328818726, -0.12646741612097356, -0.47815568541100895, -0.17505557667448635, -0.16193193089539926, 0.8048437117522818, 0.9592325240809707, 0.24713767881382775, -0.8336317548582777, 0.46599743519199, 0.357370804957968, 0.6520457340504391, -0.3050973265778887, -0.8822398116837538, 0.2236436329105842, -0.751970763373456, 0.5190590583266628, 0.5888466351532844, -0.18274642650020412, 0.8875950117660911, -0.6524404124894483, 0.8851716994539605]",rhc,relu,False,False,100,[10],0.1,100,9
910,10,0.054268900072202086,1.9069180441752203,1359.0,100,15,"[0.9340596780273533, 0.09446449835144466, 0.9453687199297687, 0.4296319873487293, 0.3954576491945416, -0.5678210088392472, 0.9525489095524835, -0.9875394895908203, -0.4940352752331121, -0.13041693519110842, 0.5587658435875049, -0.6046298507994938, 0.7259864711984445, 0.9668013543506255, -0.6723155171906026, 0.19466788786571843, -0.98202780466489, -0.22685743471274122, -0.9116798841370009, 0.9133059354284718, -0.1277067062404047, 0.8979546135631256, 0.5726119718701219, 0.7325785971633969, -0.6536691570081037, -0.850102825973786, 0.2014854427555386, -0.6640556325631923, 0.4667603350211398, -0.18311227969597055, 0.05581764683584067, 0.875143167901884, 0.043392244889916, -0.7836132342255386, -0.6835531856304011, 0.09040530340642561, 0.04880816013694678, 0.2752204882519873, -0.1970091128194542, 0.2996102180386846, -0.20619999419653467, 0.24783222709644614, 0.5348099341802477, -0.6420521799177383, -0.24884846282491524, 0.005066118653868745, 0.3733341598326916, -0.4926407026772337, 0.10948172588511706, 0.24986168812819542, 0.7910023321122921, -0.27429282313374714, 0.2751141460374733, -0.6171071957620733, -0.004411770765388567, -0.6351091908575863, 0.8367660782795254, -0.13635585731754474, 0.6603762041966925, -0.16644739064327485, 0.8093351774867339, -0.19034956537818792, -0.33765099381775454, 0.14427754054549724, 0.6908872981882266, 0.7220286235061439, 0.19137623413666893, -0.8306767779591795, 0.19453321463834983, -0.5090925828337958, 0.46518689717993555, 0.7893025846334776, 0.0294679418262902, 0.20712702072041278, -0.8698643752343853, 0.08014945928561268, -0.7416264326591246, 0.22912569270066396, -0.2726993059103242, 0.5355160686614915, -0.902931727160895, -0.7803637637643119, 0.36804643024725525, 0.029307394167312983, 0.1432827432294983, 0.6874139879813108, -0.024524721700651453, 0.6202888442522898, 0.020487258589880097, 0.8534413864805024, 0.333855543079252, -0.7025463211318861, -0.27089364934848836, 0.7315498318881986, -0.29942957828896866, -0.6219484810876903, -0.0547573816684539, -0.21443765035574014, 0.23785985328818726, -0.12646741612097356, -0.47815568541100895, -0.17505557667448635, -0.16193193089539926, 0.8048437117522818, 0.9592325240809707, 0.24713767881382775, -0.8336317548582777, 0.46599743519199, 0.357370804957968, 0.6520457340504391, -0.3050973265778887, -0.8822398116837538, 0.2236436329105842, -0.751970763373456, 0.5190590583266628, 0.5888466351532844, -0.18274642650020412, 0.8875950117660911, -0.6524404124894483, 0.8851716994539605]",rhc,relu,False,False,100,[10],0.1,100,9
911,11,0.05699730000924319,1.9010167735705434,1361.0,100,15,"[0.9340596780273533, 0.09446449835144466, 0.9453687199297687, 0.4296319873487293, 0.3954576491945416, -0.5678210088392472, 0.9525489095524835, -0.9875394895908203, -0.4940352752331121, -0.13041693519110842, 0.5587658435875049, -0.6046298507994938, 0.7259864711984445, 0.9668013543506255, -0.6723155171906026, 0.19466788786571843, -0.98202780466489, -0.22685743471274122, -0.9116798841370009, 0.9133059354284718, -0.1277067062404047, 0.8979546135631256, 0.5726119718701219, 0.7325785971633969, -0.6536691570081037, -0.850102825973786, 0.2014854427555386, -0.6640556325631923, 0.4667603350211398, -0.18311227969597055, 0.05581764683584067, 0.875143167901884, 0.043392244889916, -0.7836132342255386, -0.6835531856304011, 0.09040530340642561, 0.04880816013694678, 0.2752204882519873, -0.1970091128194542, 0.2996102180386846, -0.20619999419653467, 0.24783222709644614, 0.5348099341802477, -0.6420521799177383, -0.24884846282491524, 0.005066118653868745, 0.3733341598326916, -0.4926407026772337, 0.10948172588511706, 0.24986168812819542, 0.7910023321122921, -0.27429282313374714, 0.2751141460374733, -0.6171071957620733, -0.004411770765388567, -0.6351091908575863, 0.8367660782795254, -0.13635585731754474, 0.6603762041966925, -0.16644739064327485, 0.8093351774867339, -0.19034956537818792, -0.33765099381775454, 0.14427754054549724, 0.6908872981882266, 0.7220286235061439, 0.19137623413666893, -0.8306767779591795, 0.19453321463834983, -0.5090925828337958, 0.46518689717993555, 0.7893025846334776, 0.0294679418262902, 0.20712702072041278, -0.8698643752343853, 0.08014945928561268, -0.7416264326591246, 0.22912569270066396, -0.2726993059103242, 0.5355160686614915, -0.902931727160895, -0.7803637637643119, 0.36804643024725525, 0.029307394167312983, 0.1432827432294983, 0.6874139879813108, -0.024524721700651453, 0.6202888442522898, 0.020487258589880097, 0.8534413864805024, 0.333855543079252, -0.7025463211318861, -0.27089364934848836, 0.7315498318881986, -0.29942957828896866, -0.6219484810876903, -0.0547573816684539, -0.21443765035574014, 0.23785985328818726, -0.12646741612097356, -0.47815568541100895, -0.17505557667448635, -0.16193193089539926, 0.8048437117522818, 0.9592325240809707, 0.24713767881382775, -0.8336317548582777, 0.46599743519199, 0.357370804957968, 0.6520457340504391, -0.3050973265778887, -0.8822398116837538, 0.2236436329105842, -0.751970763373456, 0.5190590583266628, 0.5888466351532844, -0.18274642650020412, 0.8875950117660911, -0.6524404124894483, 0.8851716994539605]",rhc,relu,False,False,100,[10],0.1,100,9
912,12,0.05975670006591827,1.9010167735705434,1362.0,100,15,"[0.9340596780273533, 0.09446449835144466, 0.9453687199297687, 0.4296319873487293, 0.3954576491945416, -0.5678210088392472, 0.9525489095524835, -0.9875394895908203, -0.4940352752331121, -0.13041693519110842, 0.5587658435875049, -0.6046298507994938, 0.7259864711984445, 0.9668013543506255, -0.6723155171906026, 0.19466788786571843, -0.98202780466489, -0.22685743471274122, -0.9116798841370009, 0.9133059354284718, -0.1277067062404047, 0.8979546135631256, 0.5726119718701219, 0.7325785971633969, -0.6536691570081037, -0.850102825973786, 0.2014854427555386, -0.6640556325631923, 0.4667603350211398, -0.18311227969597055, 0.05581764683584067, 0.875143167901884, 0.043392244889916, -0.7836132342255386, -0.6835531856304011, 0.09040530340642561, 0.04880816013694678, 0.2752204882519873, -0.1970091128194542, 0.2996102180386846, -0.20619999419653467, 0.24783222709644614, 0.5348099341802477, -0.6420521799177383, -0.24884846282491524, 0.005066118653868745, 0.3733341598326916, -0.4926407026772337, 0.10948172588511706, 0.24986168812819542, 0.7910023321122921, -0.27429282313374714, 0.2751141460374733, -0.6171071957620733, -0.004411770765388567, -0.6351091908575863, 0.8367660782795254, -0.13635585731754474, 0.6603762041966925, -0.16644739064327485, 0.8093351774867339, -0.19034956537818792, -0.33765099381775454, 0.14427754054549724, 0.6908872981882266, 0.7220286235061439, 0.19137623413666893, -0.8306767779591795, 0.19453321463834983, -0.5090925828337958, 0.46518689717993555, 0.7893025846334776, 0.0294679418262902, 0.20712702072041278, -0.8698643752343853, 0.08014945928561268, -0.7416264326591246, 0.22912569270066396, -0.2726993059103242, 0.5355160686614915, -0.902931727160895, -0.7803637637643119, 0.36804643024725525, 0.029307394167312983, 0.1432827432294983, 0.6874139879813108, -0.024524721700651453, 0.6202888442522898, 0.020487258589880097, 0.8534413864805024, 0.333855543079252, -0.7025463211318861, -0.27089364934848836, 0.7315498318881986, -0.29942957828896866, -0.6219484810876903, -0.0547573816684539, -0.21443765035574014, 0.23785985328818726, -0.12646741612097356, -0.47815568541100895, -0.17505557667448635, -0.16193193089539926, 0.8048437117522818, 0.9592325240809707, 0.24713767881382775, -0.8336317548582777, 0.46599743519199, 0.357370804957968, 0.6520457340504391, -0.3050973265778887, -0.8822398116837538, 0.2236436329105842, -0.751970763373456, 0.5190590583266628, 0.5888466351532844, -0.18274642650020412, 0.8875950117660911, -0.6524404124894483, 0.8851716994539605]",rhc,relu,False,False,100,[10],0.1,100,9
913,13,0.06276760005857795,1.9010167735705434,1363.0,100,15,"[0.9340596780273533, 0.09446449835144466, 0.9453687199297687, 0.4296319873487293, 0.3954576491945416, -0.5678210088392472, 0.9525489095524835, -0.9875394895908203, -0.4940352752331121, -0.13041693519110842, 0.5587658435875049, -0.6046298507994938, 0.7259864711984445, 0.9668013543506255, -0.6723155171906026, 0.19466788786571843, -0.98202780466489, -0.22685743471274122, -0.9116798841370009, 0.9133059354284718, -0.1277067062404047, 0.8979546135631256, 0.5726119718701219, 0.7325785971633969, -0.6536691570081037, -0.850102825973786, 0.2014854427555386, -0.6640556325631923, 0.4667603350211398, -0.18311227969597055, 0.05581764683584067, 0.875143167901884, 0.043392244889916, -0.7836132342255386, -0.6835531856304011, 0.09040530340642561, 0.04880816013694678, 0.2752204882519873, -0.1970091128194542, 0.2996102180386846, -0.20619999419653467, 0.24783222709644614, 0.5348099341802477, -0.6420521799177383, -0.24884846282491524, 0.005066118653868745, 0.3733341598326916, -0.4926407026772337, 0.10948172588511706, 0.24986168812819542, 0.7910023321122921, -0.27429282313374714, 0.2751141460374733, -0.6171071957620733, -0.004411770765388567, -0.6351091908575863, 0.8367660782795254, -0.13635585731754474, 0.6603762041966925, -0.16644739064327485, 0.8093351774867339, -0.19034956537818792, -0.33765099381775454, 0.14427754054549724, 0.6908872981882266, 0.7220286235061439, 0.19137623413666893, -0.8306767779591795, 0.19453321463834983, -0.5090925828337958, 0.46518689717993555, 0.7893025846334776, 0.0294679418262902, 0.20712702072041278, -0.8698643752343853, 0.08014945928561268, -0.7416264326591246, 0.22912569270066396, -0.2726993059103242, 0.5355160686614915, -0.902931727160895, -0.7803637637643119, 0.36804643024725525, 0.029307394167312983, 0.1432827432294983, 0.6874139879813108, -0.024524721700651453, 0.6202888442522898, 0.020487258589880097, 0.8534413864805024, 0.333855543079252, -0.7025463211318861, -0.27089364934848836, 0.7315498318881986, -0.29942957828896866, -0.6219484810876903, -0.0547573816684539, -0.21443765035574014, 0.23785985328818726, -0.12646741612097356, -0.47815568541100895, -0.17505557667448635, -0.16193193089539926, 0.8048437117522818, 0.9592325240809707, 0.24713767881382775, -0.8336317548582777, 0.46599743519199, 0.357370804957968, 0.6520457340504391, -0.3050973265778887, -0.8822398116837538, 0.2236436329105842, -0.751970763373456, 0.5190590583266628, 0.5888466351532844, -0.18274642650020412, 0.8875950117660911, -0.6524404124894483, 0.8851716994539605]",rhc,relu,False,False,100,[10],0.1,100,9
914,14,0.06632550002541393,1.9010167735705434,1364.0,100,15,"[0.9340596780273533, 0.09446449835144466, 0.9453687199297687, 0.4296319873487293, 0.3954576491945416, -0.5678210088392472, 0.9525489095524835, -0.9875394895908203, -0.4940352752331121, -0.13041693519110842, 0.5587658435875049, -0.6046298507994938, 0.7259864711984445, 0.9668013543506255, -0.6723155171906026, 0.19466788786571843, -0.98202780466489, -0.22685743471274122, -0.9116798841370009, 0.9133059354284718, -0.1277067062404047, 0.8979546135631256, 0.5726119718701219, 0.7325785971633969, -0.6536691570081037, -0.850102825973786, 0.2014854427555386, -0.6640556325631923, 0.4667603350211398, -0.18311227969597055, 0.05581764683584067, 0.875143167901884, 0.043392244889916, -0.7836132342255386, -0.6835531856304011, 0.09040530340642561, 0.04880816013694678, 0.2752204882519873, -0.1970091128194542, 0.2996102180386846, -0.20619999419653467, 0.24783222709644614, 0.5348099341802477, -0.6420521799177383, -0.24884846282491524, 0.005066118653868745, 0.3733341598326916, -0.4926407026772337, 0.10948172588511706, 0.24986168812819542, 0.7910023321122921, -0.27429282313374714, 0.2751141460374733, -0.6171071957620733, -0.004411770765388567, -0.6351091908575863, 0.8367660782795254, -0.13635585731754474, 0.6603762041966925, -0.16644739064327485, 0.8093351774867339, -0.19034956537818792, -0.33765099381775454, 0.14427754054549724, 0.6908872981882266, 0.7220286235061439, 0.19137623413666893, -0.8306767779591795, 0.19453321463834983, -0.5090925828337958, 0.46518689717993555, 0.7893025846334776, 0.0294679418262902, 0.20712702072041278, -0.8698643752343853, 0.08014945928561268, -0.7416264326591246, 0.22912569270066396, -0.2726993059103242, 0.5355160686614915, -0.902931727160895, -0.7803637637643119, 0.36804643024725525, 0.029307394167312983, 0.1432827432294983, 0.6874139879813108, -0.024524721700651453, 0.6202888442522898, 0.020487258589880097, 0.8534413864805024, 0.333855543079252, -0.7025463211318861, -0.27089364934848836, 0.7315498318881986, -0.29942957828896866, -0.6219484810876903, -0.0547573816684539, -0.21443765035574014, 0.23785985328818726, -0.12646741612097356, -0.47815568541100895, -0.17505557667448635, -0.16193193089539926, 0.8048437117522818, 0.9592325240809707, 0.24713767881382775, -0.8336317548582777, 0.46599743519199, 0.357370804957968, 0.6520457340504391, -0.3050973265778887, -0.8822398116837538, 0.2236436329105842, -0.751970763373456, 0.5190590583266628, 0.5888466351532844, -0.18274642650020412, 0.8875950117660911, -0.6524404124894483, 0.8851716994539605]",rhc,relu,False,False,100,[10],0.1,100,9
915,15,0.06922320008743554,1.9010167735705434,1365.0,100,15,"[0.9340596780273533, 0.09446449835144466, 0.9453687199297687, 0.4296319873487293, 0.3954576491945416, -0.5678210088392472, 0.9525489095524835, -0.9875394895908203, -0.4940352752331121, -0.13041693519110842, 0.5587658435875049, -0.6046298507994938, 0.7259864711984445, 0.9668013543506255, -0.6723155171906026, 0.19466788786571843, -0.98202780466489, -0.22685743471274122, -0.9116798841370009, 0.9133059354284718, -0.1277067062404047, 0.8979546135631256, 0.5726119718701219, 0.7325785971633969, -0.6536691570081037, -0.850102825973786, 0.2014854427555386, -0.6640556325631923, 0.4667603350211398, -0.18311227969597055, 0.05581764683584067, 0.875143167901884, 0.043392244889916, -0.7836132342255386, -0.6835531856304011, 0.09040530340642561, 0.04880816013694678, 0.2752204882519873, -0.1970091128194542, 0.2996102180386846, -0.20619999419653467, 0.24783222709644614, 0.5348099341802477, -0.6420521799177383, -0.24884846282491524, 0.005066118653868745, 0.3733341598326916, -0.4926407026772337, 0.10948172588511706, 0.24986168812819542, 0.7910023321122921, -0.27429282313374714, 0.2751141460374733, -0.6171071957620733, -0.004411770765388567, -0.6351091908575863, 0.8367660782795254, -0.13635585731754474, 0.6603762041966925, -0.16644739064327485, 0.8093351774867339, -0.19034956537818792, -0.33765099381775454, 0.14427754054549724, 0.6908872981882266, 0.7220286235061439, 0.19137623413666893, -0.8306767779591795, 0.19453321463834983, -0.5090925828337958, 0.46518689717993555, 0.7893025846334776, 0.0294679418262902, 0.20712702072041278, -0.8698643752343853, 0.08014945928561268, -0.7416264326591246, 0.22912569270066396, -0.2726993059103242, 0.5355160686614915, -0.902931727160895, -0.7803637637643119, 0.36804643024725525, 0.029307394167312983, 0.1432827432294983, 0.6874139879813108, -0.024524721700651453, 0.6202888442522898, 0.020487258589880097, 0.8534413864805024, 0.333855543079252, -0.7025463211318861, -0.27089364934848836, 0.7315498318881986, -0.29942957828896866, -0.6219484810876903, -0.0547573816684539, -0.21443765035574014, 0.23785985328818726, -0.12646741612097356, -0.47815568541100895, -0.17505557667448635, -0.16193193089539926, 0.8048437117522818, 0.9592325240809707, 0.24713767881382775, -0.8336317548582777, 0.46599743519199, 0.357370804957968, 0.6520457340504391, -0.3050973265778887, -0.8822398116837538, 0.2236436329105842, -0.751970763373456, 0.5190590583266628, 0.5888466351532844, -0.18274642650020412, 0.8875950117660911, -0.6524404124894483, 0.8851716994539605]",rhc,relu,False,False,100,[10],0.1,100,9
916,16,0.07063110009767115,1.8983539244564092,1367.0,100,15,"[0.9340596780273533, 0.09446449835144466, 0.9453687199297687, 0.4296319873487293, 0.3954576491945416, -0.5678210088392472, 0.9525489095524835, -0.9875394895908203, -0.4940352752331121, -0.13041693519110842, 0.5587658435875049, -0.6046298507994938, 0.7259864711984445, 0.9668013543506255, -0.6723155171906026, 0.19466788786571843, -0.98202780466489, -0.22685743471274122, -0.9116798841370009, 0.9133059354284718, -0.1277067062404047, 0.8979546135631256, 0.5726119718701219, 0.7325785971633969, -0.6536691570081037, -0.850102825973786, 0.2014854427555386, -0.6640556325631923, 0.4667603350211398, -0.18311227969597055, 0.05581764683584067, 0.875143167901884, 0.043392244889916, -0.7836132342255386, -0.6835531856304011, 0.09040530340642561, 0.04880816013694678, 0.2752204882519873, -0.1970091128194542, 0.2996102180386846, -0.20619999419653467, 0.24783222709644614, 0.5348099341802477, -0.6420521799177383, -0.24884846282491524, 0.005066118653868745, 0.3733341598326916, -0.4926407026772337, 0.10948172588511706, 0.24986168812819542, 0.7910023321122921, -0.27429282313374714, 0.2751141460374733, -0.6171071957620733, -0.004411770765388567, -0.6351091908575863, 0.8367660782795254, -0.13635585731754474, 0.6603762041966925, -0.16644739064327485, 0.8093351774867339, -0.19034956537818792, -0.33765099381775454, 0.14427754054549724, 0.6908872981882266, 0.7220286235061439, 0.19137623413666893, -0.8306767779591795, 0.19453321463834983, -0.5090925828337958, 0.46518689717993555, 0.7893025846334776, 0.0294679418262902, 0.20712702072041278, -0.8698643752343853, 0.08014945928561268, -0.7416264326591246, 0.22912569270066396, -0.2726993059103242, 0.5355160686614915, -0.902931727160895, -0.7803637637643119, 0.36804643024725525, 0.029307394167312983, 0.1432827432294983, 0.6874139879813108, -0.024524721700651453, 0.6202888442522898, 0.020487258589880097, 0.8534413864805024, 0.333855543079252, -0.7025463211318861, -0.27089364934848836, 0.7315498318881986, -0.29942957828896866, -0.6219484810876903, -0.0547573816684539, -0.21443765035574014, 0.23785985328818726, -0.12646741612097356, -0.47815568541100895, -0.17505557667448635, -0.16193193089539926, 0.8048437117522818, 0.9592325240809707, 0.24713767881382775, -0.8336317548582777, 0.46599743519199, 0.357370804957968, 0.6520457340504391, -0.3050973265778887, -0.8822398116837538, 0.2236436329105842, -0.751970763373456, 0.5190590583266628, 0.5888466351532844, -0.18274642650020412, 0.8875950117660911, -0.6524404124894483, 0.8851716994539605]",rhc,relu,False,False,100,[10],0.1,100,9
917,17,0.07200020004529506,1.8983539244564092,1368.0,100,15,"[0.9340596780273533, 0.09446449835144466, 0.9453687199297687, 0.4296319873487293, 0.3954576491945416, -0.5678210088392472, 0.9525489095524835, -0.9875394895908203, -0.4940352752331121, -0.13041693519110842, 0.5587658435875049, -0.6046298507994938, 0.7259864711984445, 0.9668013543506255, -0.6723155171906026, 0.19466788786571843, -0.98202780466489, -0.22685743471274122, -0.9116798841370009, 0.9133059354284718, -0.1277067062404047, 0.8979546135631256, 0.5726119718701219, 0.7325785971633969, -0.6536691570081037, -0.850102825973786, 0.2014854427555386, -0.6640556325631923, 0.4667603350211398, -0.18311227969597055, 0.05581764683584067, 0.875143167901884, 0.043392244889916, -0.7836132342255386, -0.6835531856304011, 0.09040530340642561, 0.04880816013694678, 0.2752204882519873, -0.1970091128194542, 0.2996102180386846, -0.20619999419653467, 0.24783222709644614, 0.5348099341802477, -0.6420521799177383, -0.24884846282491524, 0.005066118653868745, 0.3733341598326916, -0.4926407026772337, 0.10948172588511706, 0.24986168812819542, 0.7910023321122921, -0.27429282313374714, 0.2751141460374733, -0.6171071957620733, -0.004411770765388567, -0.6351091908575863, 0.8367660782795254, -0.13635585731754474, 0.6603762041966925, -0.16644739064327485, 0.8093351774867339, -0.19034956537818792, -0.33765099381775454, 0.14427754054549724, 0.6908872981882266, 0.7220286235061439, 0.19137623413666893, -0.8306767779591795, 0.19453321463834983, -0.5090925828337958, 0.46518689717993555, 0.7893025846334776, 0.0294679418262902, 0.20712702072041278, -0.8698643752343853, 0.08014945928561268, -0.7416264326591246, 0.22912569270066396, -0.2726993059103242, 0.5355160686614915, -0.902931727160895, -0.7803637637643119, 0.36804643024725525, 0.029307394167312983, 0.1432827432294983, 0.6874139879813108, -0.024524721700651453, 0.6202888442522898, 0.020487258589880097, 0.8534413864805024, 0.333855543079252, -0.7025463211318861, -0.27089364934848836, 0.7315498318881986, -0.29942957828896866, -0.6219484810876903, -0.0547573816684539, -0.21443765035574014, 0.23785985328818726, -0.12646741612097356, -0.47815568541100895, -0.17505557667448635, -0.16193193089539926, 0.8048437117522818, 0.9592325240809707, 0.24713767881382775, -0.8336317548582777, 0.46599743519199, 0.357370804957968, 0.6520457340504391, -0.3050973265778887, -0.8822398116837538, 0.2236436329105842, -0.751970763373456, 0.5190590583266628, 0.5888466351532844, -0.18274642650020412, 0.8875950117660911, -0.6524404124894483, 0.8851716994539605]",rhc,relu,False,False,100,[10],0.1,100,9
918,18,0.07342060003429651,1.8983539244564092,1369.0,100,15,"[0.9340596780273533, 0.09446449835144466, 0.9453687199297687, 0.4296319873487293, 0.3954576491945416, -0.5678210088392472, 0.9525489095524835, -0.9875394895908203, -0.4940352752331121, -0.13041693519110842, 0.5587658435875049, -0.6046298507994938, 0.7259864711984445, 0.9668013543506255, -0.6723155171906026, 0.19466788786571843, -0.98202780466489, -0.22685743471274122, -0.9116798841370009, 0.9133059354284718, -0.1277067062404047, 0.8979546135631256, 0.5726119718701219, 0.7325785971633969, -0.6536691570081037, -0.850102825973786, 0.2014854427555386, -0.6640556325631923, 0.4667603350211398, -0.18311227969597055, 0.05581764683584067, 0.875143167901884, 0.043392244889916, -0.7836132342255386, -0.6835531856304011, 0.09040530340642561, 0.04880816013694678, 0.2752204882519873, -0.1970091128194542, 0.2996102180386846, -0.20619999419653467, 0.24783222709644614, 0.5348099341802477, -0.6420521799177383, -0.24884846282491524, 0.005066118653868745, 0.3733341598326916, -0.4926407026772337, 0.10948172588511706, 0.24986168812819542, 0.7910023321122921, -0.27429282313374714, 0.2751141460374733, -0.6171071957620733, -0.004411770765388567, -0.6351091908575863, 0.8367660782795254, -0.13635585731754474, 0.6603762041966925, -0.16644739064327485, 0.8093351774867339, -0.19034956537818792, -0.33765099381775454, 0.14427754054549724, 0.6908872981882266, 0.7220286235061439, 0.19137623413666893, -0.8306767779591795, 0.19453321463834983, -0.5090925828337958, 0.46518689717993555, 0.7893025846334776, 0.0294679418262902, 0.20712702072041278, -0.8698643752343853, 0.08014945928561268, -0.7416264326591246, 0.22912569270066396, -0.2726993059103242, 0.5355160686614915, -0.902931727160895, -0.7803637637643119, 0.36804643024725525, 0.029307394167312983, 0.1432827432294983, 0.6874139879813108, -0.024524721700651453, 0.6202888442522898, 0.020487258589880097, 0.8534413864805024, 0.333855543079252, -0.7025463211318861, -0.27089364934848836, 0.7315498318881986, -0.29942957828896866, -0.6219484810876903, -0.0547573816684539, -0.21443765035574014, 0.23785985328818726, -0.12646741612097356, -0.47815568541100895, -0.17505557667448635, -0.16193193089539926, 0.8048437117522818, 0.9592325240809707, 0.24713767881382775, -0.8336317548582777, 0.46599743519199, 0.357370804957968, 0.6520457340504391, -0.3050973265778887, -0.8822398116837538, 0.2236436329105842, -0.751970763373456, 0.5190590583266628, 0.5888466351532844, -0.18274642650020412, 0.8875950117660911, -0.6524404124894483, 0.8851716994539605]",rhc,relu,False,False,100,[10],0.1,100,9
919,19,0.07618380000349134,1.8976272324988446,1371.0,100,15,"[0.9340596780273533, 0.09446449835144466, 0.9453687199297687, 0.4296319873487293, 0.3954576491945416, -0.5678210088392472, 0.9525489095524835, -0.9875394895908203, -0.4940352752331121, -0.13041693519110842, 0.5587658435875049, -0.6046298507994938, 0.7259864711984445, 0.9668013543506255, -0.6723155171906026, 0.19466788786571843, -0.98202780466489, -0.22685743471274122, -0.9116798841370009, 0.9133059354284718, -0.1277067062404047, 0.8979546135631256, 0.5726119718701219, 0.7325785971633969, -0.6536691570081037, -0.850102825973786, 0.2014854427555386, -0.6640556325631923, 0.4667603350211398, -0.18311227969597055, 0.05581764683584067, 0.875143167901884, 0.043392244889916, -0.7836132342255386, -0.6835531856304011, 0.09040530340642561, 0.04880816013694678, 0.2752204882519873, -0.1970091128194542, 0.2996102180386846, -0.20619999419653467, 0.24783222709644614, 0.5348099341802477, -0.6420521799177383, -0.24884846282491524, 0.005066118653868745, 0.3733341598326916, -0.4926407026772337, 0.10948172588511706, 0.24986168812819542, 0.7910023321122921, -0.27429282313374714, 0.2751141460374733, -0.6171071957620733, -0.004411770765388567, -0.6351091908575863, 0.8367660782795254, -0.13635585731754474, 0.6603762041966925, -0.16644739064327485, 0.8093351774867339, -0.19034956537818792, -0.33765099381775454, 0.14427754054549724, 0.6908872981882266, 0.7220286235061439, 0.19137623413666893, -0.8306767779591795, 0.19453321463834983, -0.5090925828337958, 0.46518689717993555, 0.7893025846334776, 0.0294679418262902, 0.20712702072041278, -0.8698643752343853, 0.08014945928561268, -0.7416264326591246, 0.22912569270066396, -0.2726993059103242, 0.5355160686614915, -0.902931727160895, -0.7803637637643119, 0.36804643024725525, 0.029307394167312983, 0.1432827432294983, 0.6874139879813108, -0.024524721700651453, 0.6202888442522898, 0.020487258589880097, 0.8534413864805024, 0.333855543079252, -0.7025463211318861, -0.27089364934848836, 0.7315498318881986, -0.29942957828896866, -0.6219484810876903, -0.0547573816684539, -0.21443765035574014, 0.23785985328818726, -0.12646741612097356, -0.47815568541100895, -0.17505557667448635, -0.16193193089539926, 0.8048437117522818, 0.9592325240809707, 0.24713767881382775, -0.8336317548582777, 0.46599743519199, 0.357370804957968, 0.6520457340504391, -0.3050973265778887, -0.8822398116837538, 0.2236436329105842, -0.751970763373456, 0.5190590583266628, 0.5888466351532844, -0.18274642650020412, 0.8875950117660911, -0.6524404124894483, 0.8851716994539605]",rhc,relu,False,False,100,[10],0.1,100,9
920,20,0.07762070000171661,1.8966623443230999,1373.0,100,15,"[0.9340596780273533, 0.09446449835144466, 0.9453687199297687, 0.4296319873487293, 0.3954576491945416, -0.5678210088392472, 0.9525489095524835, -0.9875394895908203, -0.4940352752331121, -0.13041693519110842, 0.5587658435875049, -0.6046298507994938, 0.7259864711984445, 0.9668013543506255, -0.6723155171906026, 0.19466788786571843, -0.98202780466489, -0.22685743471274122, -0.9116798841370009, 0.9133059354284718, -0.1277067062404047, 0.8979546135631256, 0.5726119718701219, 0.7325785971633969, -0.6536691570081037, -0.850102825973786, 0.2014854427555386, -0.6640556325631923, 0.4667603350211398, -0.18311227969597055, 0.05581764683584067, 0.875143167901884, 0.043392244889916, -0.7836132342255386, -0.6835531856304011, 0.09040530340642561, 0.04880816013694678, 0.2752204882519873, -0.1970091128194542, 0.2996102180386846, -0.20619999419653467, 0.24783222709644614, 0.5348099341802477, -0.6420521799177383, -0.24884846282491524, 0.005066118653868745, 0.3733341598326916, -0.4926407026772337, 0.10948172588511706, 0.24986168812819542, 0.7910023321122921, -0.27429282313374714, 0.2751141460374733, -0.6171071957620733, -0.004411770765388567, -0.6351091908575863, 0.8367660782795254, -0.13635585731754474, 0.6603762041966925, -0.16644739064327485, 0.8093351774867339, -0.19034956537818792, -0.33765099381775454, 0.14427754054549724, 0.6908872981882266, 0.7220286235061439, 0.19137623413666893, -0.8306767779591795, 0.19453321463834983, -0.5090925828337958, 0.46518689717993555, 0.7893025846334776, 0.0294679418262902, 0.20712702072041278, -0.8698643752343853, 0.08014945928561268, -0.7416264326591246, 0.22912569270066396, -0.2726993059103242, 0.5355160686614915, -0.902931727160895, -0.7803637637643119, 0.36804643024725525, 0.029307394167312983, 0.1432827432294983, 0.6874139879813108, -0.024524721700651453, 0.6202888442522898, 0.020487258589880097, 0.8534413864805024, 0.333855543079252, -0.7025463211318861, -0.27089364934848836, 0.7315498318881986, -0.29942957828896866, -0.6219484810876903, -0.0547573816684539, -0.21443765035574014, 0.23785985328818726, -0.12646741612097356, -0.47815568541100895, -0.17505557667448635, -0.16193193089539926, 0.8048437117522818, 0.9592325240809707, 0.24713767881382775, -0.8336317548582777, 0.46599743519199, 0.357370804957968, 0.6520457340504391, -0.3050973265778887, -0.8822398116837538, 0.2236436329105842, -0.751970763373456, 0.5190590583266628, 0.5888466351532844, -0.18274642650020412, 0.8875950117660911, -0.6524404124894483, 0.8851716994539605]",rhc,relu,False,False,100,[10],0.1,100,9
921,21,0.07905250007752329,1.8757591106438591,1375.0,100,15,"[0.9340596780273533, 0.09446449835144466, 0.9453687199297687, 0.4296319873487293, 0.3954576491945416, -0.5678210088392472, 0.9525489095524835, -0.9875394895908203, -0.4940352752331121, -0.13041693519110842, 0.5587658435875049, -0.6046298507994938, 0.7259864711984445, 0.9668013543506255, -0.6723155171906026, 0.19466788786571843, -0.98202780466489, -0.22685743471274122, -0.9116798841370009, 0.9133059354284718, -0.1277067062404047, 0.8979546135631256, 0.5726119718701219, 0.7325785971633969, -0.6536691570081037, -0.850102825973786, 0.2014854427555386, -0.6640556325631923, 0.4667603350211398, -0.18311227969597055, 0.05581764683584067, 0.875143167901884, 0.043392244889916, -0.7836132342255386, -0.6835531856304011, 0.09040530340642561, 0.04880816013694678, 0.2752204882519873, -0.1970091128194542, 0.2996102180386846, -0.20619999419653467, 0.24783222709644614, 0.5348099341802477, -0.6420521799177383, -0.24884846282491524, 0.005066118653868745, 0.3733341598326916, -0.4926407026772337, 0.10948172588511706, 0.24986168812819542, 0.7910023321122921, -0.27429282313374714, 0.2751141460374733, -0.6171071957620733, -0.004411770765388567, -0.6351091908575863, 0.8367660782795254, -0.13635585731754474, 0.6603762041966925, -0.16644739064327485, 0.8093351774867339, -0.19034956537818792, -0.33765099381775454, 0.14427754054549724, 0.6908872981882266, 0.7220286235061439, 0.19137623413666893, -0.8306767779591795, 0.19453321463834983, -0.5090925828337958, 0.46518689717993555, 0.7893025846334776, 0.0294679418262902, 0.20712702072041278, -0.8698643752343853, 0.08014945928561268, -0.7416264326591246, 0.22912569270066396, -0.2726993059103242, 0.5355160686614915, -0.902931727160895, -0.7803637637643119, 0.36804643024725525, 0.029307394167312983, 0.1432827432294983, 0.6874139879813108, -0.024524721700651453, 0.6202888442522898, 0.020487258589880097, 0.8534413864805024, 0.333855543079252, -0.7025463211318861, -0.27089364934848836, 0.7315498318881986, -0.29942957828896866, -0.6219484810876903, -0.0547573816684539, -0.21443765035574014, 0.23785985328818726, -0.12646741612097356, -0.47815568541100895, -0.17505557667448635, -0.16193193089539926, 0.8048437117522818, 0.9592325240809707, 0.24713767881382775, -0.8336317548582777, 0.46599743519199, 0.357370804957968, 0.6520457340504391, -0.3050973265778887, -0.8822398116837538, 0.2236436329105842, -0.751970763373456, 0.5190590583266628, 0.5888466351532844, -0.18274642650020412, 0.8875950117660911, -0.6524404124894483, 0.8851716994539605]",rhc,relu,False,False,100,[10],0.1,100,9
922,22,0.08195150003302842,1.868729616430686,1377.0,100,15,"[0.9340596780273533, 0.09446449835144466, 0.9453687199297687, 0.4296319873487293, 0.3954576491945416, -0.5678210088392472, 0.9525489095524835, -0.9875394895908203, -0.4940352752331121, -0.13041693519110842, 0.5587658435875049, -0.6046298507994938, 0.7259864711984445, 0.9668013543506255, -0.6723155171906026, 0.19466788786571843, -0.98202780466489, -0.22685743471274122, -0.9116798841370009, 0.9133059354284718, -0.1277067062404047, 0.8979546135631256, 0.5726119718701219, 0.7325785971633969, -0.6536691570081037, -0.850102825973786, 0.2014854427555386, -0.6640556325631923, 0.4667603350211398, -0.18311227969597055, 0.05581764683584067, 0.875143167901884, 0.043392244889916, -0.7836132342255386, -0.6835531856304011, 0.09040530340642561, 0.04880816013694678, 0.2752204882519873, -0.1970091128194542, 0.2996102180386846, -0.20619999419653467, 0.24783222709644614, 0.5348099341802477, -0.6420521799177383, -0.24884846282491524, 0.005066118653868745, 0.3733341598326916, -0.4926407026772337, 0.10948172588511706, 0.24986168812819542, 0.7910023321122921, -0.27429282313374714, 0.2751141460374733, -0.6171071957620733, -0.004411770765388567, -0.6351091908575863, 0.8367660782795254, -0.13635585731754474, 0.6603762041966925, -0.16644739064327485, 0.8093351774867339, -0.19034956537818792, -0.33765099381775454, 0.14427754054549724, 0.6908872981882266, 0.7220286235061439, 0.19137623413666893, -0.8306767779591795, 0.19453321463834983, -0.5090925828337958, 0.46518689717993555, 0.7893025846334776, 0.0294679418262902, 0.20712702072041278, -0.8698643752343853, 0.08014945928561268, -0.7416264326591246, 0.22912569270066396, -0.2726993059103242, 0.5355160686614915, -0.902931727160895, -0.7803637637643119, 0.36804643024725525, 0.029307394167312983, 0.1432827432294983, 0.6874139879813108, -0.024524721700651453, 0.6202888442522898, 0.020487258589880097, 0.8534413864805024, 0.333855543079252, -0.7025463211318861, -0.27089364934848836, 0.7315498318881986, -0.29942957828896866, -0.6219484810876903, -0.0547573816684539, -0.21443765035574014, 0.23785985328818726, -0.12646741612097356, -0.47815568541100895, -0.17505557667448635, -0.16193193089539926, 0.8048437117522818, 0.9592325240809707, 0.24713767881382775, -0.8336317548582777, 0.46599743519199, 0.357370804957968, 0.6520457340504391, -0.3050973265778887, -0.8822398116837538, 0.2236436329105842, -0.751970763373456, 0.5190590583266628, 0.5888466351532844, -0.18274642650020412, 0.8875950117660911, -0.6524404124894483, 0.8851716994539605]",rhc,relu,False,False,100,[10],0.1,100,9
923,23,0.08453910006210208,1.868729616430686,1378.0,100,15,"[0.9340596780273533, 0.09446449835144466, 0.9453687199297687, 0.4296319873487293, 0.3954576491945416, -0.5678210088392472, 0.9525489095524835, -0.9875394895908203, -0.4940352752331121, -0.13041693519110842, 0.5587658435875049, -0.6046298507994938, 0.7259864711984445, 0.9668013543506255, -0.6723155171906026, 0.19466788786571843, -0.98202780466489, -0.22685743471274122, -0.9116798841370009, 0.9133059354284718, -0.1277067062404047, 0.8979546135631256, 0.5726119718701219, 0.7325785971633969, -0.6536691570081037, -0.850102825973786, 0.2014854427555386, -0.6640556325631923, 0.4667603350211398, -0.18311227969597055, 0.05581764683584067, 0.875143167901884, 0.043392244889916, -0.7836132342255386, -0.6835531856304011, 0.09040530340642561, 0.04880816013694678, 0.2752204882519873, -0.1970091128194542, 0.2996102180386846, -0.20619999419653467, 0.24783222709644614, 0.5348099341802477, -0.6420521799177383, -0.24884846282491524, 0.005066118653868745, 0.3733341598326916, -0.4926407026772337, 0.10948172588511706, 0.24986168812819542, 0.7910023321122921, -0.27429282313374714, 0.2751141460374733, -0.6171071957620733, -0.004411770765388567, -0.6351091908575863, 0.8367660782795254, -0.13635585731754474, 0.6603762041966925, -0.16644739064327485, 0.8093351774867339, -0.19034956537818792, -0.33765099381775454, 0.14427754054549724, 0.6908872981882266, 0.7220286235061439, 0.19137623413666893, -0.8306767779591795, 0.19453321463834983, -0.5090925828337958, 0.46518689717993555, 0.7893025846334776, 0.0294679418262902, 0.20712702072041278, -0.8698643752343853, 0.08014945928561268, -0.7416264326591246, 0.22912569270066396, -0.2726993059103242, 0.5355160686614915, -0.902931727160895, -0.7803637637643119, 0.36804643024725525, 0.029307394167312983, 0.1432827432294983, 0.6874139879813108, -0.024524721700651453, 0.6202888442522898, 0.020487258589880097, 0.8534413864805024, 0.333855543079252, -0.7025463211318861, -0.27089364934848836, 0.7315498318881986, -0.29942957828896866, -0.6219484810876903, -0.0547573816684539, -0.21443765035574014, 0.23785985328818726, -0.12646741612097356, -0.47815568541100895, -0.17505557667448635, -0.16193193089539926, 0.8048437117522818, 0.9592325240809707, 0.24713767881382775, -0.8336317548582777, 0.46599743519199, 0.357370804957968, 0.6520457340504391, -0.3050973265778887, -0.8822398116837538, 0.2236436329105842, -0.751970763373456, 0.5190590583266628, 0.5888466351532844, -0.18274642650020412, 0.8875950117660911, -0.6524404124894483, 0.8851716994539605]",rhc,relu,False,False,100,[10],0.1,100,9
924,24,0.08600310003384948,1.856449905700254,1380.0,100,15,"[0.9340596780273533, 0.09446449835144466, 0.9453687199297687, 0.4296319873487293, 0.3954576491945416, -0.5678210088392472, 0.9525489095524835, -0.9875394895908203, -0.4940352752331121, -0.13041693519110842, 0.5587658435875049, -0.6046298507994938, 0.7259864711984445, 0.9668013543506255, -0.6723155171906026, 0.19466788786571843, -0.98202780466489, -0.22685743471274122, -0.9116798841370009, 0.9133059354284718, -0.1277067062404047, 0.8979546135631256, 0.5726119718701219, 0.7325785971633969, -0.6536691570081037, -0.850102825973786, 0.2014854427555386, -0.6640556325631923, 0.4667603350211398, -0.18311227969597055, 0.05581764683584067, 0.875143167901884, 0.043392244889916, -0.7836132342255386, -0.6835531856304011, 0.09040530340642561, 0.04880816013694678, 0.2752204882519873, -0.1970091128194542, 0.2996102180386846, -0.20619999419653467, 0.24783222709644614, 0.5348099341802477, -0.6420521799177383, -0.24884846282491524, 0.005066118653868745, 0.3733341598326916, -0.4926407026772337, 0.10948172588511706, 0.24986168812819542, 0.7910023321122921, -0.27429282313374714, 0.2751141460374733, -0.6171071957620733, -0.004411770765388567, -0.6351091908575863, 0.8367660782795254, -0.13635585731754474, 0.6603762041966925, -0.16644739064327485, 0.8093351774867339, -0.19034956537818792, -0.33765099381775454, 0.14427754054549724, 0.6908872981882266, 0.7220286235061439, 0.19137623413666893, -0.8306767779591795, 0.19453321463834983, -0.5090925828337958, 0.46518689717993555, 0.7893025846334776, 0.0294679418262902, 0.20712702072041278, -0.8698643752343853, 0.08014945928561268, -0.7416264326591246, 0.22912569270066396, -0.2726993059103242, 0.5355160686614915, -0.902931727160895, -0.7803637637643119, 0.36804643024725525, 0.029307394167312983, 0.1432827432294983, 0.6874139879813108, -0.024524721700651453, 0.6202888442522898, 0.020487258589880097, 0.8534413864805024, 0.333855543079252, -0.7025463211318861, -0.27089364934848836, 0.7315498318881986, -0.29942957828896866, -0.6219484810876903, -0.0547573816684539, -0.21443765035574014, 0.23785985328818726, -0.12646741612097356, -0.47815568541100895, -0.17505557667448635, -0.16193193089539926, 0.8048437117522818, 0.9592325240809707, 0.24713767881382775, -0.8336317548582777, 0.46599743519199, 0.357370804957968, 0.6520457340504391, -0.3050973265778887, -0.8822398116837538, 0.2236436329105842, -0.751970763373456, 0.5190590583266628, 0.5888466351532844, -0.18274642650020412, 0.8875950117660911, -0.6524404124894483, 0.8851716994539605]",rhc,relu,False,False,100,[10],0.1,100,9
925,25,0.08905609999783337,1.856449905700254,1381.0,100,15,"[0.9340596780273533, 0.09446449835144466, 0.9453687199297687, 0.4296319873487293, 0.3954576491945416, -0.5678210088392472, 0.9525489095524835, -0.9875394895908203, -0.4940352752331121, -0.13041693519110842, 0.5587658435875049, -0.6046298507994938, 0.7259864711984445, 0.9668013543506255, -0.6723155171906026, 0.19466788786571843, -0.98202780466489, -0.22685743471274122, -0.9116798841370009, 0.9133059354284718, -0.1277067062404047, 0.8979546135631256, 0.5726119718701219, 0.7325785971633969, -0.6536691570081037, -0.850102825973786, 0.2014854427555386, -0.6640556325631923, 0.4667603350211398, -0.18311227969597055, 0.05581764683584067, 0.875143167901884, 0.043392244889916, -0.7836132342255386, -0.6835531856304011, 0.09040530340642561, 0.04880816013694678, 0.2752204882519873, -0.1970091128194542, 0.2996102180386846, -0.20619999419653467, 0.24783222709644614, 0.5348099341802477, -0.6420521799177383, -0.24884846282491524, 0.005066118653868745, 0.3733341598326916, -0.4926407026772337, 0.10948172588511706, 0.24986168812819542, 0.7910023321122921, -0.27429282313374714, 0.2751141460374733, -0.6171071957620733, -0.004411770765388567, -0.6351091908575863, 0.8367660782795254, -0.13635585731754474, 0.6603762041966925, -0.16644739064327485, 0.8093351774867339, -0.19034956537818792, -0.33765099381775454, 0.14427754054549724, 0.6908872981882266, 0.7220286235061439, 0.19137623413666893, -0.8306767779591795, 0.19453321463834983, -0.5090925828337958, 0.46518689717993555, 0.7893025846334776, 0.0294679418262902, 0.20712702072041278, -0.8698643752343853, 0.08014945928561268, -0.7416264326591246, 0.22912569270066396, -0.2726993059103242, 0.5355160686614915, -0.902931727160895, -0.7803637637643119, 0.36804643024725525, 0.029307394167312983, 0.1432827432294983, 0.6874139879813108, -0.024524721700651453, 0.6202888442522898, 0.020487258589880097, 0.8534413864805024, 0.333855543079252, -0.7025463211318861, -0.27089364934848836, 0.7315498318881986, -0.29942957828896866, -0.6219484810876903, -0.0547573816684539, -0.21443765035574014, 0.23785985328818726, -0.12646741612097356, -0.47815568541100895, -0.17505557667448635, -0.16193193089539926, 0.8048437117522818, 0.9592325240809707, 0.24713767881382775, -0.8336317548582777, 0.46599743519199, 0.357370804957968, 0.6520457340504391, -0.3050973265778887, -0.8822398116837538, 0.2236436329105842, -0.751970763373456, 0.5190590583266628, 0.5888466351532844, -0.18274642650020412, 0.8875950117660911, -0.6524404124894483, 0.8851716994539605]",rhc,relu,False,False,100,[10],0.1,100,9
926,26,0.09043240000028163,1.856449905700254,1382.0,100,15,"[0.9340596780273533, 0.09446449835144466, 0.9453687199297687, 0.4296319873487293, 0.3954576491945416, -0.5678210088392472, 0.9525489095524835, -0.9875394895908203, -0.4940352752331121, -0.13041693519110842, 0.5587658435875049, -0.6046298507994938, 0.7259864711984445, 0.9668013543506255, -0.6723155171906026, 0.19466788786571843, -0.98202780466489, -0.22685743471274122, -0.9116798841370009, 0.9133059354284718, -0.1277067062404047, 0.8979546135631256, 0.5726119718701219, 0.7325785971633969, -0.6536691570081037, -0.850102825973786, 0.2014854427555386, -0.6640556325631923, 0.4667603350211398, -0.18311227969597055, 0.05581764683584067, 0.875143167901884, 0.043392244889916, -0.7836132342255386, -0.6835531856304011, 0.09040530340642561, 0.04880816013694678, 0.2752204882519873, -0.1970091128194542, 0.2996102180386846, -0.20619999419653467, 0.24783222709644614, 0.5348099341802477, -0.6420521799177383, -0.24884846282491524, 0.005066118653868745, 0.3733341598326916, -0.4926407026772337, 0.10948172588511706, 0.24986168812819542, 0.7910023321122921, -0.27429282313374714, 0.2751141460374733, -0.6171071957620733, -0.004411770765388567, -0.6351091908575863, 0.8367660782795254, -0.13635585731754474, 0.6603762041966925, -0.16644739064327485, 0.8093351774867339, -0.19034956537818792, -0.33765099381775454, 0.14427754054549724, 0.6908872981882266, 0.7220286235061439, 0.19137623413666893, -0.8306767779591795, 0.19453321463834983, -0.5090925828337958, 0.46518689717993555, 0.7893025846334776, 0.0294679418262902, 0.20712702072041278, -0.8698643752343853, 0.08014945928561268, -0.7416264326591246, 0.22912569270066396, -0.2726993059103242, 0.5355160686614915, -0.902931727160895, -0.7803637637643119, 0.36804643024725525, 0.029307394167312983, 0.1432827432294983, 0.6874139879813108, -0.024524721700651453, 0.6202888442522898, 0.020487258589880097, 0.8534413864805024, 0.333855543079252, -0.7025463211318861, -0.27089364934848836, 0.7315498318881986, -0.29942957828896866, -0.6219484810876903, -0.0547573816684539, -0.21443765035574014, 0.23785985328818726, -0.12646741612097356, -0.47815568541100895, -0.17505557667448635, -0.16193193089539926, 0.8048437117522818, 0.9592325240809707, 0.24713767881382775, -0.8336317548582777, 0.46599743519199, 0.357370804957968, 0.6520457340504391, -0.3050973265778887, -0.8822398116837538, 0.2236436329105842, -0.751970763373456, 0.5190590583266628, 0.5888466351532844, -0.18274642650020412, 0.8875950117660911, -0.6524404124894483, 0.8851716994539605]",rhc,relu,False,False,100,[10],0.1,100,9
927,27,0.09306690003722906,1.856449905700254,1383.0,100,15,"[0.9340596780273533, 0.09446449835144466, 0.9453687199297687, 0.4296319873487293, 0.3954576491945416, -0.5678210088392472, 0.9525489095524835, -0.9875394895908203, -0.4940352752331121, -0.13041693519110842, 0.5587658435875049, -0.6046298507994938, 0.7259864711984445, 0.9668013543506255, -0.6723155171906026, 0.19466788786571843, -0.98202780466489, -0.22685743471274122, -0.9116798841370009, 0.9133059354284718, -0.1277067062404047, 0.8979546135631256, 0.5726119718701219, 0.7325785971633969, -0.6536691570081037, -0.850102825973786, 0.2014854427555386, -0.6640556325631923, 0.4667603350211398, -0.18311227969597055, 0.05581764683584067, 0.875143167901884, 0.043392244889916, -0.7836132342255386, -0.6835531856304011, 0.09040530340642561, 0.04880816013694678, 0.2752204882519873, -0.1970091128194542, 0.2996102180386846, -0.20619999419653467, 0.24783222709644614, 0.5348099341802477, -0.6420521799177383, -0.24884846282491524, 0.005066118653868745, 0.3733341598326916, -0.4926407026772337, 0.10948172588511706, 0.24986168812819542, 0.7910023321122921, -0.27429282313374714, 0.2751141460374733, -0.6171071957620733, -0.004411770765388567, -0.6351091908575863, 0.8367660782795254, -0.13635585731754474, 0.6603762041966925, -0.16644739064327485, 0.8093351774867339, -0.19034956537818792, -0.33765099381775454, 0.14427754054549724, 0.6908872981882266, 0.7220286235061439, 0.19137623413666893, -0.8306767779591795, 0.19453321463834983, -0.5090925828337958, 0.46518689717993555, 0.7893025846334776, 0.0294679418262902, 0.20712702072041278, -0.8698643752343853, 0.08014945928561268, -0.7416264326591246, 0.22912569270066396, -0.2726993059103242, 0.5355160686614915, -0.902931727160895, -0.7803637637643119, 0.36804643024725525, 0.029307394167312983, 0.1432827432294983, 0.6874139879813108, -0.024524721700651453, 0.6202888442522898, 0.020487258589880097, 0.8534413864805024, 0.333855543079252, -0.7025463211318861, -0.27089364934848836, 0.7315498318881986, -0.29942957828896866, -0.6219484810876903, -0.0547573816684539, -0.21443765035574014, 0.23785985328818726, -0.12646741612097356, -0.47815568541100895, -0.17505557667448635, -0.16193193089539926, 0.8048437117522818, 0.9592325240809707, 0.24713767881382775, -0.8336317548582777, 0.46599743519199, 0.357370804957968, 0.6520457340504391, -0.3050973265778887, -0.8822398116837538, 0.2236436329105842, -0.751970763373456, 0.5190590583266628, 0.5888466351532844, -0.18274642650020412, 0.8875950117660911, -0.6524404124894483, 0.8851716994539605]",rhc,relu,False,False,100,[10],0.1,100,9
928,28,0.0945393000729382,1.8545586289548528,1385.0,100,15,"[0.9340596780273533, 0.09446449835144466, 0.9453687199297687, 0.4296319873487293, 0.3954576491945416, -0.5678210088392472, 0.9525489095524835, -0.9875394895908203, -0.4940352752331121, -0.13041693519110842, 0.5587658435875049, -0.6046298507994938, 0.7259864711984445, 0.9668013543506255, -0.6723155171906026, 0.19466788786571843, -0.98202780466489, -0.22685743471274122, -0.9116798841370009, 0.9133059354284718, -0.1277067062404047, 0.8979546135631256, 0.5726119718701219, 0.7325785971633969, -0.6536691570081037, -0.850102825973786, 0.2014854427555386, -0.6640556325631923, 0.4667603350211398, -0.18311227969597055, 0.05581764683584067, 0.875143167901884, 0.043392244889916, -0.7836132342255386, -0.6835531856304011, 0.09040530340642561, 0.04880816013694678, 0.2752204882519873, -0.1970091128194542, 0.2996102180386846, -0.20619999419653467, 0.24783222709644614, 0.5348099341802477, -0.6420521799177383, -0.24884846282491524, 0.005066118653868745, 0.3733341598326916, -0.4926407026772337, 0.10948172588511706, 0.24986168812819542, 0.7910023321122921, -0.27429282313374714, 0.2751141460374733, -0.6171071957620733, -0.004411770765388567, -0.6351091908575863, 0.8367660782795254, -0.13635585731754474, 0.6603762041966925, -0.16644739064327485, 0.8093351774867339, -0.19034956537818792, -0.33765099381775454, 0.14427754054549724, 0.6908872981882266, 0.7220286235061439, 0.19137623413666893, -0.8306767779591795, 0.19453321463834983, -0.5090925828337958, 0.46518689717993555, 0.7893025846334776, 0.0294679418262902, 0.20712702072041278, -0.8698643752343853, 0.08014945928561268, -0.7416264326591246, 0.22912569270066396, -0.2726993059103242, 0.5355160686614915, -0.902931727160895, -0.7803637637643119, 0.36804643024725525, 0.029307394167312983, 0.1432827432294983, 0.6874139879813108, -0.024524721700651453, 0.6202888442522898, 0.020487258589880097, 0.8534413864805024, 0.333855543079252, -0.7025463211318861, -0.27089364934848836, 0.7315498318881986, -0.29942957828896866, -0.6219484810876903, -0.0547573816684539, -0.21443765035574014, 0.23785985328818726, -0.12646741612097356, -0.47815568541100895, -0.17505557667448635, -0.16193193089539926, 0.8048437117522818, 0.9592325240809707, 0.24713767881382775, -0.8336317548582777, 0.46599743519199, 0.357370804957968, 0.6520457340504391, -0.3050973265778887, -0.8822398116837538, 0.2236436329105842, -0.751970763373456, 0.5190590583266628, 0.5888466351532844, -0.18274642650020412, 0.8875950117660911, -0.6524404124894483, 0.8851716994539605]",rhc,relu,False,False,100,[10],0.1,100,9
929,29,0.09622690000105649,1.85352007928716,1387.0,100,15,"[0.9340596780273533, 0.09446449835144466, 0.9453687199297687, 0.4296319873487293, 0.3954576491945416, -0.5678210088392472, 0.9525489095524835, -0.9875394895908203, -0.4940352752331121, -0.13041693519110842, 0.5587658435875049, -0.6046298507994938, 0.7259864711984445, 0.9668013543506255, -0.6723155171906026, 0.19466788786571843, -0.98202780466489, -0.22685743471274122, -0.9116798841370009, 0.9133059354284718, -0.1277067062404047, 0.8979546135631256, 0.5726119718701219, 0.7325785971633969, -0.6536691570081037, -0.850102825973786, 0.2014854427555386, -0.6640556325631923, 0.4667603350211398, -0.18311227969597055, 0.05581764683584067, 0.875143167901884, 0.043392244889916, -0.7836132342255386, -0.6835531856304011, 0.09040530340642561, 0.04880816013694678, 0.2752204882519873, -0.1970091128194542, 0.2996102180386846, -0.20619999419653467, 0.24783222709644614, 0.5348099341802477, -0.6420521799177383, -0.24884846282491524, 0.005066118653868745, 0.3733341598326916, -0.4926407026772337, 0.10948172588511706, 0.24986168812819542, 0.7910023321122921, -0.27429282313374714, 0.2751141460374733, -0.6171071957620733, -0.004411770765388567, -0.6351091908575863, 0.8367660782795254, -0.13635585731754474, 0.6603762041966925, -0.16644739064327485, 0.8093351774867339, -0.19034956537818792, -0.33765099381775454, 0.14427754054549724, 0.6908872981882266, 0.7220286235061439, 0.19137623413666893, -0.8306767779591795, 0.19453321463834983, -0.5090925828337958, 0.46518689717993555, 0.7893025846334776, 0.0294679418262902, 0.20712702072041278, -0.8698643752343853, 0.08014945928561268, -0.7416264326591246, 0.22912569270066396, -0.2726993059103242, 0.5355160686614915, -0.902931727160895, -0.7803637637643119, 0.36804643024725525, 0.029307394167312983, 0.1432827432294983, 0.6874139879813108, -0.024524721700651453, 0.6202888442522898, 0.020487258589880097, 0.8534413864805024, 0.333855543079252, -0.7025463211318861, -0.27089364934848836, 0.7315498318881986, -0.29942957828896866, -0.6219484810876903, -0.0547573816684539, -0.21443765035574014, 0.23785985328818726, -0.12646741612097356, -0.47815568541100895, -0.17505557667448635, -0.16193193089539926, 0.8048437117522818, 0.9592325240809707, 0.24713767881382775, -0.8336317548582777, 0.46599743519199, 0.357370804957968, 0.6520457340504391, -0.3050973265778887, -0.8822398116837538, 0.2236436329105842, -0.751970763373456, 0.5190590583266628, 0.5888466351532844, -0.18274642650020412, 0.8875950117660911, -0.6524404124894483, 0.8851716994539605]",rhc,relu,False,False,100,[10],0.1,100,9
930,30,0.09977780003100634,1.85352007928716,1388.0,100,15,"[0.9340596780273533, 0.09446449835144466, 0.9453687199297687, 0.4296319873487293, 0.3954576491945416, -0.5678210088392472, 0.9525489095524835, -0.9875394895908203, -0.4940352752331121, -0.13041693519110842, 0.5587658435875049, -0.6046298507994938, 0.7259864711984445, 0.9668013543506255, -0.6723155171906026, 0.19466788786571843, -0.98202780466489, -0.22685743471274122, -0.9116798841370009, 0.9133059354284718, -0.1277067062404047, 0.8979546135631256, 0.5726119718701219, 0.7325785971633969, -0.6536691570081037, -0.850102825973786, 0.2014854427555386, -0.6640556325631923, 0.4667603350211398, -0.18311227969597055, 0.05581764683584067, 0.875143167901884, 0.043392244889916, -0.7836132342255386, -0.6835531856304011, 0.09040530340642561, 0.04880816013694678, 0.2752204882519873, -0.1970091128194542, 0.2996102180386846, -0.20619999419653467, 0.24783222709644614, 0.5348099341802477, -0.6420521799177383, -0.24884846282491524, 0.005066118653868745, 0.3733341598326916, -0.4926407026772337, 0.10948172588511706, 0.24986168812819542, 0.7910023321122921, -0.27429282313374714, 0.2751141460374733, -0.6171071957620733, -0.004411770765388567, -0.6351091908575863, 0.8367660782795254, -0.13635585731754474, 0.6603762041966925, -0.16644739064327485, 0.8093351774867339, -0.19034956537818792, -0.33765099381775454, 0.14427754054549724, 0.6908872981882266, 0.7220286235061439, 0.19137623413666893, -0.8306767779591795, 0.19453321463834983, -0.5090925828337958, 0.46518689717993555, 0.7893025846334776, 0.0294679418262902, 0.20712702072041278, -0.8698643752343853, 0.08014945928561268, -0.7416264326591246, 0.22912569270066396, -0.2726993059103242, 0.5355160686614915, -0.902931727160895, -0.7803637637643119, 0.36804643024725525, 0.029307394167312983, 0.1432827432294983, 0.6874139879813108, -0.024524721700651453, 0.6202888442522898, 0.020487258589880097, 0.8534413864805024, 0.333855543079252, -0.7025463211318861, -0.27089364934848836, 0.7315498318881986, -0.29942957828896866, -0.6219484810876903, -0.0547573816684539, -0.21443765035574014, 0.23785985328818726, -0.12646741612097356, -0.47815568541100895, -0.17505557667448635, -0.16193193089539926, 0.8048437117522818, 0.9592325240809707, 0.24713767881382775, -0.8336317548582777, 0.46599743519199, 0.357370804957968, 0.6520457340504391, -0.3050973265778887, -0.8822398116837538, 0.2236436329105842, -0.751970763373456, 0.5190590583266628, 0.5888466351532844, -0.18274642650020412, 0.8875950117660911, -0.6524404124894483, 0.8851716994539605]",rhc,relu,False,False,100,[10],0.1,100,9
931,31,0.10406230005901307,1.8276255464900493,1390.0,100,15,"[0.9340596780273533, 0.09446449835144466, 0.9453687199297687, 0.4296319873487293, 0.3954576491945416, -0.5678210088392472, 0.9525489095524835, -0.9875394895908203, -0.4940352752331121, -0.13041693519110842, 0.5587658435875049, -0.6046298507994938, 0.7259864711984445, 0.9668013543506255, -0.6723155171906026, 0.19466788786571843, -0.98202780466489, -0.22685743471274122, -0.9116798841370009, 0.9133059354284718, -0.1277067062404047, 0.8979546135631256, 0.5726119718701219, 0.7325785971633969, -0.6536691570081037, -0.850102825973786, 0.2014854427555386, -0.6640556325631923, 0.4667603350211398, -0.18311227969597055, 0.05581764683584067, 0.875143167901884, 0.043392244889916, -0.7836132342255386, -0.6835531856304011, 0.09040530340642561, 0.04880816013694678, 0.2752204882519873, -0.1970091128194542, 0.2996102180386846, -0.20619999419653467, 0.24783222709644614, 0.5348099341802477, -0.6420521799177383, -0.24884846282491524, 0.005066118653868745, 0.3733341598326916, -0.4926407026772337, 0.10948172588511706, 0.24986168812819542, 0.7910023321122921, -0.27429282313374714, 0.2751141460374733, -0.6171071957620733, -0.004411770765388567, -0.6351091908575863, 0.8367660782795254, -0.13635585731754474, 0.6603762041966925, -0.16644739064327485, 0.8093351774867339, -0.19034956537818792, -0.33765099381775454, 0.14427754054549724, 0.6908872981882266, 0.7220286235061439, 0.19137623413666893, -0.8306767779591795, 0.19453321463834983, -0.5090925828337958, 0.46518689717993555, 0.7893025846334776, 0.0294679418262902, 0.20712702072041278, -0.8698643752343853, 0.08014945928561268, -0.7416264326591246, 0.22912569270066396, -0.2726993059103242, 0.5355160686614915, -0.902931727160895, -0.7803637637643119, 0.36804643024725525, 0.029307394167312983, 0.1432827432294983, 0.6874139879813108, -0.024524721700651453, 0.6202888442522898, 0.020487258589880097, 0.8534413864805024, 0.333855543079252, -0.7025463211318861, -0.27089364934848836, 0.7315498318881986, -0.29942957828896866, -0.6219484810876903, -0.0547573816684539, -0.21443765035574014, 0.23785985328818726, -0.12646741612097356, -0.47815568541100895, -0.17505557667448635, -0.16193193089539926, 0.8048437117522818, 0.9592325240809707, 0.24713767881382775, -0.8336317548582777, 0.46599743519199, 0.357370804957968, 0.6520457340504391, -0.3050973265778887, -0.8822398116837538, 0.2236436329105842, -0.751970763373456, 0.5190590583266628, 0.5888466351532844, -0.18274642650020412, 0.8875950117660911, -0.6524404124894483, 0.8851716994539605]",rhc,relu,False,False,100,[10],0.1,100,9
932,32,0.1062065000878647,1.8276255464900493,1391.0,100,15,"[0.9340596780273533, 0.09446449835144466, 0.9453687199297687, 0.4296319873487293, 0.3954576491945416, -0.5678210088392472, 0.9525489095524835, -0.9875394895908203, -0.4940352752331121, -0.13041693519110842, 0.5587658435875049, -0.6046298507994938, 0.7259864711984445, 0.9668013543506255, -0.6723155171906026, 0.19466788786571843, -0.98202780466489, -0.22685743471274122, -0.9116798841370009, 0.9133059354284718, -0.1277067062404047, 0.8979546135631256, 0.5726119718701219, 0.7325785971633969, -0.6536691570081037, -0.850102825973786, 0.2014854427555386, -0.6640556325631923, 0.4667603350211398, -0.18311227969597055, 0.05581764683584067, 0.875143167901884, 0.043392244889916, -0.7836132342255386, -0.6835531856304011, 0.09040530340642561, 0.04880816013694678, 0.2752204882519873, -0.1970091128194542, 0.2996102180386846, -0.20619999419653467, 0.24783222709644614, 0.5348099341802477, -0.6420521799177383, -0.24884846282491524, 0.005066118653868745, 0.3733341598326916, -0.4926407026772337, 0.10948172588511706, 0.24986168812819542, 0.7910023321122921, -0.27429282313374714, 0.2751141460374733, -0.6171071957620733, -0.004411770765388567, -0.6351091908575863, 0.8367660782795254, -0.13635585731754474, 0.6603762041966925, -0.16644739064327485, 0.8093351774867339, -0.19034956537818792, -0.33765099381775454, 0.14427754054549724, 0.6908872981882266, 0.7220286235061439, 0.19137623413666893, -0.8306767779591795, 0.19453321463834983, -0.5090925828337958, 0.46518689717993555, 0.7893025846334776, 0.0294679418262902, 0.20712702072041278, -0.8698643752343853, 0.08014945928561268, -0.7416264326591246, 0.22912569270066396, -0.2726993059103242, 0.5355160686614915, -0.902931727160895, -0.7803637637643119, 0.36804643024725525, 0.029307394167312983, 0.1432827432294983, 0.6874139879813108, -0.024524721700651453, 0.6202888442522898, 0.020487258589880097, 0.8534413864805024, 0.333855543079252, -0.7025463211318861, -0.27089364934848836, 0.7315498318881986, -0.29942957828896866, -0.6219484810876903, -0.0547573816684539, -0.21443765035574014, 0.23785985328818726, -0.12646741612097356, -0.47815568541100895, -0.17505557667448635, -0.16193193089539926, 0.8048437117522818, 0.9592325240809707, 0.24713767881382775, -0.8336317548582777, 0.46599743519199, 0.357370804957968, 0.6520457340504391, -0.3050973265778887, -0.8822398116837538, 0.2236436329105842, -0.751970763373456, 0.5190590583266628, 0.5888466351532844, -0.18274642650020412, 0.8875950117660911, -0.6524404124894483, 0.8851716994539605]",rhc,relu,False,False,100,[10],0.1,100,9
933,33,0.10762970009818673,1.8017212644968945,1393.0,100,15,"[0.9340596780273533, 0.09446449835144466, 0.9453687199297687, 0.4296319873487293, 0.3954576491945416, -0.5678210088392472, 0.9525489095524835, -0.9875394895908203, -0.4940352752331121, -0.13041693519110842, 0.5587658435875049, -0.6046298507994938, 0.7259864711984445, 0.9668013543506255, -0.6723155171906026, 0.19466788786571843, -0.98202780466489, -0.22685743471274122, -0.9116798841370009, 0.9133059354284718, -0.1277067062404047, 0.8979546135631256, 0.5726119718701219, 0.7325785971633969, -0.6536691570081037, -0.850102825973786, 0.2014854427555386, -0.6640556325631923, 0.4667603350211398, -0.18311227969597055, 0.05581764683584067, 0.875143167901884, 0.043392244889916, -0.7836132342255386, -0.6835531856304011, 0.09040530340642561, 0.04880816013694678, 0.2752204882519873, -0.1970091128194542, 0.2996102180386846, -0.20619999419653467, 0.24783222709644614, 0.5348099341802477, -0.6420521799177383, -0.24884846282491524, 0.005066118653868745, 0.3733341598326916, -0.4926407026772337, 0.10948172588511706, 0.24986168812819542, 0.7910023321122921, -0.27429282313374714, 0.2751141460374733, -0.6171071957620733, -0.004411770765388567, -0.6351091908575863, 0.8367660782795254, -0.13635585731754474, 0.6603762041966925, -0.16644739064327485, 0.8093351774867339, -0.19034956537818792, -0.33765099381775454, 0.14427754054549724, 0.6908872981882266, 0.7220286235061439, 0.19137623413666893, -0.8306767779591795, 0.19453321463834983, -0.5090925828337958, 0.46518689717993555, 0.7893025846334776, 0.0294679418262902, 0.20712702072041278, -0.8698643752343853, 0.08014945928561268, -0.7416264326591246, 0.22912569270066396, -0.2726993059103242, 0.5355160686614915, -0.902931727160895, -0.7803637637643119, 0.36804643024725525, 0.029307394167312983, 0.1432827432294983, 0.6874139879813108, -0.024524721700651453, 0.6202888442522898, 0.020487258589880097, 0.8534413864805024, 0.333855543079252, -0.7025463211318861, -0.27089364934848836, 0.7315498318881986, -0.29942957828896866, -0.6219484810876903, -0.0547573816684539, -0.21443765035574014, 0.23785985328818726, -0.12646741612097356, -0.47815568541100895, -0.17505557667448635, -0.16193193089539926, 0.8048437117522818, 0.9592325240809707, 0.24713767881382775, -0.8336317548582777, 0.46599743519199, 0.357370804957968, 0.6520457340504391, -0.3050973265778887, -0.8822398116837538, 0.2236436329105842, -0.751970763373456, 0.5190590583266628, 0.5888466351532844, -0.18274642650020412, 0.8875950117660911, -0.6524404124894483, 0.8851716994539605]",rhc,relu,False,False,100,[10],0.1,100,9
934,34,0.10928710002917796,1.8017212644968945,1394.0,100,15,"[0.9340596780273533, 0.09446449835144466, 0.9453687199297687, 0.4296319873487293, 0.3954576491945416, -0.5678210088392472, 0.9525489095524835, -0.9875394895908203, -0.4940352752331121, -0.13041693519110842, 0.5587658435875049, -0.6046298507994938, 0.7259864711984445, 0.9668013543506255, -0.6723155171906026, 0.19466788786571843, -0.98202780466489, -0.22685743471274122, -0.9116798841370009, 0.9133059354284718, -0.1277067062404047, 0.8979546135631256, 0.5726119718701219, 0.7325785971633969, -0.6536691570081037, -0.850102825973786, 0.2014854427555386, -0.6640556325631923, 0.4667603350211398, -0.18311227969597055, 0.05581764683584067, 0.875143167901884, 0.043392244889916, -0.7836132342255386, -0.6835531856304011, 0.09040530340642561, 0.04880816013694678, 0.2752204882519873, -0.1970091128194542, 0.2996102180386846, -0.20619999419653467, 0.24783222709644614, 0.5348099341802477, -0.6420521799177383, -0.24884846282491524, 0.005066118653868745, 0.3733341598326916, -0.4926407026772337, 0.10948172588511706, 0.24986168812819542, 0.7910023321122921, -0.27429282313374714, 0.2751141460374733, -0.6171071957620733, -0.004411770765388567, -0.6351091908575863, 0.8367660782795254, -0.13635585731754474, 0.6603762041966925, -0.16644739064327485, 0.8093351774867339, -0.19034956537818792, -0.33765099381775454, 0.14427754054549724, 0.6908872981882266, 0.7220286235061439, 0.19137623413666893, -0.8306767779591795, 0.19453321463834983, -0.5090925828337958, 0.46518689717993555, 0.7893025846334776, 0.0294679418262902, 0.20712702072041278, -0.8698643752343853, 0.08014945928561268, -0.7416264326591246, 0.22912569270066396, -0.2726993059103242, 0.5355160686614915, -0.902931727160895, -0.7803637637643119, 0.36804643024725525, 0.029307394167312983, 0.1432827432294983, 0.6874139879813108, -0.024524721700651453, 0.6202888442522898, 0.020487258589880097, 0.8534413864805024, 0.333855543079252, -0.7025463211318861, -0.27089364934848836, 0.7315498318881986, -0.29942957828896866, -0.6219484810876903, -0.0547573816684539, -0.21443765035574014, 0.23785985328818726, -0.12646741612097356, -0.47815568541100895, -0.17505557667448635, -0.16193193089539926, 0.8048437117522818, 0.9592325240809707, 0.24713767881382775, -0.8336317548582777, 0.46599743519199, 0.357370804957968, 0.6520457340504391, -0.3050973265778887, -0.8822398116837538, 0.2236436329105842, -0.751970763373456, 0.5190590583266628, 0.5888466351532844, -0.18274642650020412, 0.8875950117660911, -0.6524404124894483, 0.8851716994539605]",rhc,relu,False,False,100,[10],0.1,100,9
935,35,0.11070370010565966,1.8017212644968945,1395.0,100,15,"[0.9340596780273533, 0.09446449835144466, 0.9453687199297687, 0.4296319873487293, 0.3954576491945416, -0.5678210088392472, 0.9525489095524835, -0.9875394895908203, -0.4940352752331121, -0.13041693519110842, 0.5587658435875049, -0.6046298507994938, 0.7259864711984445, 0.9668013543506255, -0.6723155171906026, 0.19466788786571843, -0.98202780466489, -0.22685743471274122, -0.9116798841370009, 0.9133059354284718, -0.1277067062404047, 0.8979546135631256, 0.5726119718701219, 0.7325785971633969, -0.6536691570081037, -0.850102825973786, 0.2014854427555386, -0.6640556325631923, 0.4667603350211398, -0.18311227969597055, 0.05581764683584067, 0.875143167901884, 0.043392244889916, -0.7836132342255386, -0.6835531856304011, 0.09040530340642561, 0.04880816013694678, 0.2752204882519873, -0.1970091128194542, 0.2996102180386846, -0.20619999419653467, 0.24783222709644614, 0.5348099341802477, -0.6420521799177383, -0.24884846282491524, 0.005066118653868745, 0.3733341598326916, -0.4926407026772337, 0.10948172588511706, 0.24986168812819542, 0.7910023321122921, -0.27429282313374714, 0.2751141460374733, -0.6171071957620733, -0.004411770765388567, -0.6351091908575863, 0.8367660782795254, -0.13635585731754474, 0.6603762041966925, -0.16644739064327485, 0.8093351774867339, -0.19034956537818792, -0.33765099381775454, 0.14427754054549724, 0.6908872981882266, 0.7220286235061439, 0.19137623413666893, -0.8306767779591795, 0.19453321463834983, -0.5090925828337958, 0.46518689717993555, 0.7893025846334776, 0.0294679418262902, 0.20712702072041278, -0.8698643752343853, 0.08014945928561268, -0.7416264326591246, 0.22912569270066396, -0.2726993059103242, 0.5355160686614915, -0.902931727160895, -0.7803637637643119, 0.36804643024725525, 0.029307394167312983, 0.1432827432294983, 0.6874139879813108, -0.024524721700651453, 0.6202888442522898, 0.020487258589880097, 0.8534413864805024, 0.333855543079252, -0.7025463211318861, -0.27089364934848836, 0.7315498318881986, -0.29942957828896866, -0.6219484810876903, -0.0547573816684539, -0.21443765035574014, 0.23785985328818726, -0.12646741612097356, -0.47815568541100895, -0.17505557667448635, -0.16193193089539926, 0.8048437117522818, 0.9592325240809707, 0.24713767881382775, -0.8336317548582777, 0.46599743519199, 0.357370804957968, 0.6520457340504391, -0.3050973265778887, -0.8822398116837538, 0.2236436329105842, -0.751970763373456, 0.5190590583266628, 0.5888466351532844, -0.18274642650020412, 0.8875950117660911, -0.6524404124894483, 0.8851716994539605]",rhc,relu,False,False,100,[10],0.1,100,9
936,36,0.1138131000334397,1.8017212644968945,1396.0,100,15,"[0.9340596780273533, 0.09446449835144466, 0.9453687199297687, 0.4296319873487293, 0.3954576491945416, -0.5678210088392472, 0.9525489095524835, -0.9875394895908203, -0.4940352752331121, -0.13041693519110842, 0.5587658435875049, -0.6046298507994938, 0.7259864711984445, 0.9668013543506255, -0.6723155171906026, 0.19466788786571843, -0.98202780466489, -0.22685743471274122, -0.9116798841370009, 0.9133059354284718, -0.1277067062404047, 0.8979546135631256, 0.5726119718701219, 0.7325785971633969, -0.6536691570081037, -0.850102825973786, 0.2014854427555386, -0.6640556325631923, 0.4667603350211398, -0.18311227969597055, 0.05581764683584067, 0.875143167901884, 0.043392244889916, -0.7836132342255386, -0.6835531856304011, 0.09040530340642561, 0.04880816013694678, 0.2752204882519873, -0.1970091128194542, 0.2996102180386846, -0.20619999419653467, 0.24783222709644614, 0.5348099341802477, -0.6420521799177383, -0.24884846282491524, 0.005066118653868745, 0.3733341598326916, -0.4926407026772337, 0.10948172588511706, 0.24986168812819542, 0.7910023321122921, -0.27429282313374714, 0.2751141460374733, -0.6171071957620733, -0.004411770765388567, -0.6351091908575863, 0.8367660782795254, -0.13635585731754474, 0.6603762041966925, -0.16644739064327485, 0.8093351774867339, -0.19034956537818792, -0.33765099381775454, 0.14427754054549724, 0.6908872981882266, 0.7220286235061439, 0.19137623413666893, -0.8306767779591795, 0.19453321463834983, -0.5090925828337958, 0.46518689717993555, 0.7893025846334776, 0.0294679418262902, 0.20712702072041278, -0.8698643752343853, 0.08014945928561268, -0.7416264326591246, 0.22912569270066396, -0.2726993059103242, 0.5355160686614915, -0.902931727160895, -0.7803637637643119, 0.36804643024725525, 0.029307394167312983, 0.1432827432294983, 0.6874139879813108, -0.024524721700651453, 0.6202888442522898, 0.020487258589880097, 0.8534413864805024, 0.333855543079252, -0.7025463211318861, -0.27089364934848836, 0.7315498318881986, -0.29942957828896866, -0.6219484810876903, -0.0547573816684539, -0.21443765035574014, 0.23785985328818726, -0.12646741612097356, -0.47815568541100895, -0.17505557667448635, -0.16193193089539926, 0.8048437117522818, 0.9592325240809707, 0.24713767881382775, -0.8336317548582777, 0.46599743519199, 0.357370804957968, 0.6520457340504391, -0.3050973265778887, -0.8822398116837538, 0.2236436329105842, -0.751970763373456, 0.5190590583266628, 0.5888466351532844, -0.18274642650020412, 0.8875950117660911, -0.6524404124894483, 0.8851716994539605]",rhc,relu,False,False,100,[10],0.1,100,9
937,37,0.1166854000184685,1.789855258357639,1398.0,100,15,"[0.9340596780273533, 0.09446449835144466, 0.9453687199297687, 0.4296319873487293, 0.3954576491945416, -0.5678210088392472, 0.9525489095524835, -0.9875394895908203, -0.4940352752331121, -0.13041693519110842, 0.5587658435875049, -0.6046298507994938, 0.7259864711984445, 0.9668013543506255, -0.6723155171906026, 0.19466788786571843, -0.98202780466489, -0.22685743471274122, -0.9116798841370009, 0.9133059354284718, -0.1277067062404047, 0.8979546135631256, 0.5726119718701219, 0.7325785971633969, -0.6536691570081037, -0.850102825973786, 0.2014854427555386, -0.6640556325631923, 0.4667603350211398, -0.18311227969597055, 0.05581764683584067, 0.875143167901884, 0.043392244889916, -0.7836132342255386, -0.6835531856304011, 0.09040530340642561, 0.04880816013694678, 0.2752204882519873, -0.1970091128194542, 0.2996102180386846, -0.20619999419653467, 0.24783222709644614, 0.5348099341802477, -0.6420521799177383, -0.24884846282491524, 0.005066118653868745, 0.3733341598326916, -0.4926407026772337, 0.10948172588511706, 0.24986168812819542, 0.7910023321122921, -0.27429282313374714, 0.2751141460374733, -0.6171071957620733, -0.004411770765388567, -0.6351091908575863, 0.8367660782795254, -0.13635585731754474, 0.6603762041966925, -0.16644739064327485, 0.8093351774867339, -0.19034956537818792, -0.33765099381775454, 0.14427754054549724, 0.6908872981882266, 0.7220286235061439, 0.19137623413666893, -0.8306767779591795, 0.19453321463834983, -0.5090925828337958, 0.46518689717993555, 0.7893025846334776, 0.0294679418262902, 0.20712702072041278, -0.8698643752343853, 0.08014945928561268, -0.7416264326591246, 0.22912569270066396, -0.2726993059103242, 0.5355160686614915, -0.902931727160895, -0.7803637637643119, 0.36804643024725525, 0.029307394167312983, 0.1432827432294983, 0.6874139879813108, -0.024524721700651453, 0.6202888442522898, 0.020487258589880097, 0.8534413864805024, 0.333855543079252, -0.7025463211318861, -0.27089364934848836, 0.7315498318881986, -0.29942957828896866, -0.6219484810876903, -0.0547573816684539, -0.21443765035574014, 0.23785985328818726, -0.12646741612097356, -0.47815568541100895, -0.17505557667448635, -0.16193193089539926, 0.8048437117522818, 0.9592325240809707, 0.24713767881382775, -0.8336317548582777, 0.46599743519199, 0.357370804957968, 0.6520457340504391, -0.3050973265778887, -0.8822398116837538, 0.2236436329105842, -0.751970763373456, 0.5190590583266628, 0.5888466351532844, -0.18274642650020412, 0.8875950117660911, -0.6524404124894483, 0.8851716994539605]",rhc,relu,False,False,100,[10],0.1,100,9
938,38,0.11806140001863241,1.789855258357639,1399.0,100,15,"[0.9340596780273533, 0.09446449835144466, 0.9453687199297687, 0.4296319873487293, 0.3954576491945416, -0.5678210088392472, 0.9525489095524835, -0.9875394895908203, -0.4940352752331121, -0.13041693519110842, 0.5587658435875049, -0.6046298507994938, 0.7259864711984445, 0.9668013543506255, -0.6723155171906026, 0.19466788786571843, -0.98202780466489, -0.22685743471274122, -0.9116798841370009, 0.9133059354284718, -0.1277067062404047, 0.8979546135631256, 0.5726119718701219, 0.7325785971633969, -0.6536691570081037, -0.850102825973786, 0.2014854427555386, -0.6640556325631923, 0.4667603350211398, -0.18311227969597055, 0.05581764683584067, 0.875143167901884, 0.043392244889916, -0.7836132342255386, -0.6835531856304011, 0.09040530340642561, 0.04880816013694678, 0.2752204882519873, -0.1970091128194542, 0.2996102180386846, -0.20619999419653467, 0.24783222709644614, 0.5348099341802477, -0.6420521799177383, -0.24884846282491524, 0.005066118653868745, 0.3733341598326916, -0.4926407026772337, 0.10948172588511706, 0.24986168812819542, 0.7910023321122921, -0.27429282313374714, 0.2751141460374733, -0.6171071957620733, -0.004411770765388567, -0.6351091908575863, 0.8367660782795254, -0.13635585731754474, 0.6603762041966925, -0.16644739064327485, 0.8093351774867339, -0.19034956537818792, -0.33765099381775454, 0.14427754054549724, 0.6908872981882266, 0.7220286235061439, 0.19137623413666893, -0.8306767779591795, 0.19453321463834983, -0.5090925828337958, 0.46518689717993555, 0.7893025846334776, 0.0294679418262902, 0.20712702072041278, -0.8698643752343853, 0.08014945928561268, -0.7416264326591246, 0.22912569270066396, -0.2726993059103242, 0.5355160686614915, -0.902931727160895, -0.7803637637643119, 0.36804643024725525, 0.029307394167312983, 0.1432827432294983, 0.6874139879813108, -0.024524721700651453, 0.6202888442522898, 0.020487258589880097, 0.8534413864805024, 0.333855543079252, -0.7025463211318861, -0.27089364934848836, 0.7315498318881986, -0.29942957828896866, -0.6219484810876903, -0.0547573816684539, -0.21443765035574014, 0.23785985328818726, -0.12646741612097356, -0.47815568541100895, -0.17505557667448635, -0.16193193089539926, 0.8048437117522818, 0.9592325240809707, 0.24713767881382775, -0.8336317548582777, 0.46599743519199, 0.357370804957968, 0.6520457340504391, -0.3050973265778887, -0.8822398116837538, 0.2236436329105842, -0.751970763373456, 0.5190590583266628, 0.5888466351532844, -0.18274642650020412, 0.8875950117660911, -0.6524404124894483, 0.8851716994539605]",rhc,relu,False,False,100,[10],0.1,100,9
939,39,0.12082070007454604,1.7830881666292329,1401.0,100,15,"[0.9340596780273533, 0.09446449835144466, 0.9453687199297687, 0.4296319873487293, 0.3954576491945416, -0.5678210088392472, 0.9525489095524835, -0.9875394895908203, -0.4940352752331121, -0.13041693519110842, 0.5587658435875049, -0.6046298507994938, 0.7259864711984445, 0.9668013543506255, -0.6723155171906026, 0.19466788786571843, -0.98202780466489, -0.22685743471274122, -0.9116798841370009, 0.9133059354284718, -0.1277067062404047, 0.8979546135631256, 0.5726119718701219, 0.7325785971633969, -0.6536691570081037, -0.850102825973786, 0.2014854427555386, -0.6640556325631923, 0.4667603350211398, -0.18311227969597055, 0.05581764683584067, 0.875143167901884, 0.043392244889916, -0.7836132342255386, -0.6835531856304011, 0.09040530340642561, 0.04880816013694678, 0.2752204882519873, -0.1970091128194542, 0.2996102180386846, -0.20619999419653467, 0.24783222709644614, 0.5348099341802477, -0.6420521799177383, -0.24884846282491524, 0.005066118653868745, 0.3733341598326916, -0.4926407026772337, 0.10948172588511706, 0.24986168812819542, 0.7910023321122921, -0.27429282313374714, 0.2751141460374733, -0.6171071957620733, -0.004411770765388567, -0.6351091908575863, 0.8367660782795254, -0.13635585731754474, 0.6603762041966925, -0.16644739064327485, 0.8093351774867339, -0.19034956537818792, -0.33765099381775454, 0.14427754054549724, 0.6908872981882266, 0.7220286235061439, 0.19137623413666893, -0.8306767779591795, 0.19453321463834983, -0.5090925828337958, 0.46518689717993555, 0.7893025846334776, 0.0294679418262902, 0.20712702072041278, -0.8698643752343853, 0.08014945928561268, -0.7416264326591246, 0.22912569270066396, -0.2726993059103242, 0.5355160686614915, -0.902931727160895, -0.7803637637643119, 0.36804643024725525, 0.029307394167312983, 0.1432827432294983, 0.6874139879813108, -0.024524721700651453, 0.6202888442522898, 0.020487258589880097, 0.8534413864805024, 0.333855543079252, -0.7025463211318861, -0.27089364934848836, 0.7315498318881986, -0.29942957828896866, -0.6219484810876903, -0.0547573816684539, -0.21443765035574014, 0.23785985328818726, -0.12646741612097356, -0.47815568541100895, -0.17505557667448635, -0.16193193089539926, 0.8048437117522818, 0.9592325240809707, 0.24713767881382775, -0.8336317548582777, 0.46599743519199, 0.357370804957968, 0.6520457340504391, -0.3050973265778887, -0.8822398116837538, 0.2236436329105842, -0.751970763373456, 0.5190590583266628, 0.5888466351532844, -0.18274642650020412, 0.8875950117660911, -0.6524404124894483, 0.8851716994539605]",rhc,relu,False,False,100,[10],0.1,100,9
940,40,0.12267690000589937,1.7830881666292329,1402.0,100,15,"[0.9340596780273533, 0.09446449835144466, 0.9453687199297687, 0.4296319873487293, 0.3954576491945416, -0.5678210088392472, 0.9525489095524835, -0.9875394895908203, -0.4940352752331121, -0.13041693519110842, 0.5587658435875049, -0.6046298507994938, 0.7259864711984445, 0.9668013543506255, -0.6723155171906026, 0.19466788786571843, -0.98202780466489, -0.22685743471274122, -0.9116798841370009, 0.9133059354284718, -0.1277067062404047, 0.8979546135631256, 0.5726119718701219, 0.7325785971633969, -0.6536691570081037, -0.850102825973786, 0.2014854427555386, -0.6640556325631923, 0.4667603350211398, -0.18311227969597055, 0.05581764683584067, 0.875143167901884, 0.043392244889916, -0.7836132342255386, -0.6835531856304011, 0.09040530340642561, 0.04880816013694678, 0.2752204882519873, -0.1970091128194542, 0.2996102180386846, -0.20619999419653467, 0.24783222709644614, 0.5348099341802477, -0.6420521799177383, -0.24884846282491524, 0.005066118653868745, 0.3733341598326916, -0.4926407026772337, 0.10948172588511706, 0.24986168812819542, 0.7910023321122921, -0.27429282313374714, 0.2751141460374733, -0.6171071957620733, -0.004411770765388567, -0.6351091908575863, 0.8367660782795254, -0.13635585731754474, 0.6603762041966925, -0.16644739064327485, 0.8093351774867339, -0.19034956537818792, -0.33765099381775454, 0.14427754054549724, 0.6908872981882266, 0.7220286235061439, 0.19137623413666893, -0.8306767779591795, 0.19453321463834983, -0.5090925828337958, 0.46518689717993555, 0.7893025846334776, 0.0294679418262902, 0.20712702072041278, -0.8698643752343853, 0.08014945928561268, -0.7416264326591246, 0.22912569270066396, -0.2726993059103242, 0.5355160686614915, -0.902931727160895, -0.7803637637643119, 0.36804643024725525, 0.029307394167312983, 0.1432827432294983, 0.6874139879813108, -0.024524721700651453, 0.6202888442522898, 0.020487258589880097, 0.8534413864805024, 0.333855543079252, -0.7025463211318861, -0.27089364934848836, 0.7315498318881986, -0.29942957828896866, -0.6219484810876903, -0.0547573816684539, -0.21443765035574014, 0.23785985328818726, -0.12646741612097356, -0.47815568541100895, -0.17505557667448635, -0.16193193089539926, 0.8048437117522818, 0.9592325240809707, 0.24713767881382775, -0.8336317548582777, 0.46599743519199, 0.357370804957968, 0.6520457340504391, -0.3050973265778887, -0.8822398116837538, 0.2236436329105842, -0.751970763373456, 0.5190590583266628, 0.5888466351532844, -0.18274642650020412, 0.8875950117660911, -0.6524404124894483, 0.8851716994539605]",rhc,relu,False,False,100,[10],0.1,100,9
941,41,0.1255848000291735,1.7830881666292329,1403.0,100,15,"[0.9340596780273533, 0.09446449835144466, 0.9453687199297687, 0.4296319873487293, 0.3954576491945416, -0.5678210088392472, 0.9525489095524835, -0.9875394895908203, -0.4940352752331121, -0.13041693519110842, 0.5587658435875049, -0.6046298507994938, 0.7259864711984445, 0.9668013543506255, -0.6723155171906026, 0.19466788786571843, -0.98202780466489, -0.22685743471274122, -0.9116798841370009, 0.9133059354284718, -0.1277067062404047, 0.8979546135631256, 0.5726119718701219, 0.7325785971633969, -0.6536691570081037, -0.850102825973786, 0.2014854427555386, -0.6640556325631923, 0.4667603350211398, -0.18311227969597055, 0.05581764683584067, 0.875143167901884, 0.043392244889916, -0.7836132342255386, -0.6835531856304011, 0.09040530340642561, 0.04880816013694678, 0.2752204882519873, -0.1970091128194542, 0.2996102180386846, -0.20619999419653467, 0.24783222709644614, 0.5348099341802477, -0.6420521799177383, -0.24884846282491524, 0.005066118653868745, 0.3733341598326916, -0.4926407026772337, 0.10948172588511706, 0.24986168812819542, 0.7910023321122921, -0.27429282313374714, 0.2751141460374733, -0.6171071957620733, -0.004411770765388567, -0.6351091908575863, 0.8367660782795254, -0.13635585731754474, 0.6603762041966925, -0.16644739064327485, 0.8093351774867339, -0.19034956537818792, -0.33765099381775454, 0.14427754054549724, 0.6908872981882266, 0.7220286235061439, 0.19137623413666893, -0.8306767779591795, 0.19453321463834983, -0.5090925828337958, 0.46518689717993555, 0.7893025846334776, 0.0294679418262902, 0.20712702072041278, -0.8698643752343853, 0.08014945928561268, -0.7416264326591246, 0.22912569270066396, -0.2726993059103242, 0.5355160686614915, -0.902931727160895, -0.7803637637643119, 0.36804643024725525, 0.029307394167312983, 0.1432827432294983, 0.6874139879813108, -0.024524721700651453, 0.6202888442522898, 0.020487258589880097, 0.8534413864805024, 0.333855543079252, -0.7025463211318861, -0.27089364934848836, 0.7315498318881986, -0.29942957828896866, -0.6219484810876903, -0.0547573816684539, -0.21443765035574014, 0.23785985328818726, -0.12646741612097356, -0.47815568541100895, -0.17505557667448635, -0.16193193089539926, 0.8048437117522818, 0.9592325240809707, 0.24713767881382775, -0.8336317548582777, 0.46599743519199, 0.357370804957968, 0.6520457340504391, -0.3050973265778887, -0.8822398116837538, 0.2236436329105842, -0.751970763373456, 0.5190590583266628, 0.5888466351532844, -0.18274642650020412, 0.8875950117660911, -0.6524404124894483, 0.8851716994539605]",rhc,relu,False,False,100,[10],0.1,100,9
942,42,0.12696350004989654,1.7767085908093,1405.0,100,15,"[0.9340596780273533, 0.09446449835144466, 0.9453687199297687, 0.4296319873487293, 0.3954576491945416, -0.5678210088392472, 0.9525489095524835, -0.9875394895908203, -0.4940352752331121, -0.13041693519110842, 0.5587658435875049, -0.6046298507994938, 0.7259864711984445, 0.9668013543506255, -0.6723155171906026, 0.19466788786571843, -0.98202780466489, -0.22685743471274122, -0.9116798841370009, 0.9133059354284718, -0.1277067062404047, 0.8979546135631256, 0.5726119718701219, 0.7325785971633969, -0.6536691570081037, -0.850102825973786, 0.2014854427555386, -0.6640556325631923, 0.4667603350211398, -0.18311227969597055, 0.05581764683584067, 0.875143167901884, 0.043392244889916, -0.7836132342255386, -0.6835531856304011, 0.09040530340642561, 0.04880816013694678, 0.2752204882519873, -0.1970091128194542, 0.2996102180386846, -0.20619999419653467, 0.24783222709644614, 0.5348099341802477, -0.6420521799177383, -0.24884846282491524, 0.005066118653868745, 0.3733341598326916, -0.4926407026772337, 0.10948172588511706, 0.24986168812819542, 0.7910023321122921, -0.27429282313374714, 0.2751141460374733, -0.6171071957620733, -0.004411770765388567, -0.6351091908575863, 0.8367660782795254, -0.13635585731754474, 0.6603762041966925, -0.16644739064327485, 0.8093351774867339, -0.19034956537818792, -0.33765099381775454, 0.14427754054549724, 0.6908872981882266, 0.7220286235061439, 0.19137623413666893, -0.8306767779591795, 0.19453321463834983, -0.5090925828337958, 0.46518689717993555, 0.7893025846334776, 0.0294679418262902, 0.20712702072041278, -0.8698643752343853, 0.08014945928561268, -0.7416264326591246, 0.22912569270066396, -0.2726993059103242, 0.5355160686614915, -0.902931727160895, -0.7803637637643119, 0.36804643024725525, 0.029307394167312983, 0.1432827432294983, 0.6874139879813108, -0.024524721700651453, 0.6202888442522898, 0.020487258589880097, 0.8534413864805024, 0.333855543079252, -0.7025463211318861, -0.27089364934848836, 0.7315498318881986, -0.29942957828896866, -0.6219484810876903, -0.0547573816684539, -0.21443765035574014, 0.23785985328818726, -0.12646741612097356, -0.47815568541100895, -0.17505557667448635, -0.16193193089539926, 0.8048437117522818, 0.9592325240809707, 0.24713767881382775, -0.8336317548582777, 0.46599743519199, 0.357370804957968, 0.6520457340504391, -0.3050973265778887, -0.8822398116837538, 0.2236436329105842, -0.751970763373456, 0.5190590583266628, 0.5888466351532844, -0.18274642650020412, 0.8875950117660911, -0.6524404124894483, 0.8851716994539605]",rhc,relu,False,False,100,[10],0.1,100,9
943,43,0.13002750009763986,1.7683335293624556,1407.0,100,15,"[0.9340596780273533, 0.09446449835144466, 0.9453687199297687, 0.4296319873487293, 0.3954576491945416, -0.5678210088392472, 0.9525489095524835, -0.9875394895908203, -0.4940352752331121, -0.13041693519110842, 0.5587658435875049, -0.6046298507994938, 0.7259864711984445, 0.9668013543506255, -0.6723155171906026, 0.19466788786571843, -0.98202780466489, -0.22685743471274122, -0.9116798841370009, 0.9133059354284718, -0.1277067062404047, 0.8979546135631256, 0.5726119718701219, 0.7325785971633969, -0.6536691570081037, -0.850102825973786, 0.2014854427555386, -0.6640556325631923, 0.4667603350211398, -0.18311227969597055, 0.05581764683584067, 0.875143167901884, 0.043392244889916, -0.7836132342255386, -0.6835531856304011, 0.09040530340642561, 0.04880816013694678, 0.2752204882519873, -0.1970091128194542, 0.2996102180386846, -0.20619999419653467, 0.24783222709644614, 0.5348099341802477, -0.6420521799177383, -0.24884846282491524, 0.005066118653868745, 0.3733341598326916, -0.4926407026772337, 0.10948172588511706, 0.24986168812819542, 0.7910023321122921, -0.27429282313374714, 0.2751141460374733, -0.6171071957620733, -0.004411770765388567, -0.6351091908575863, 0.8367660782795254, -0.13635585731754474, 0.6603762041966925, -0.16644739064327485, 0.8093351774867339, -0.19034956537818792, -0.33765099381775454, 0.14427754054549724, 0.6908872981882266, 0.7220286235061439, 0.19137623413666893, -0.8306767779591795, 0.19453321463834983, -0.5090925828337958, 0.46518689717993555, 0.7893025846334776, 0.0294679418262902, 0.20712702072041278, -0.8698643752343853, 0.08014945928561268, -0.7416264326591246, 0.22912569270066396, -0.2726993059103242, 0.5355160686614915, -0.902931727160895, -0.7803637637643119, 0.36804643024725525, 0.029307394167312983, 0.1432827432294983, 0.6874139879813108, -0.024524721700651453, 0.6202888442522898, 0.020487258589880097, 0.8534413864805024, 0.333855543079252, -0.7025463211318861, -0.27089364934848836, 0.7315498318881986, -0.29942957828896866, -0.6219484810876903, -0.0547573816684539, -0.21443765035574014, 0.23785985328818726, -0.12646741612097356, -0.47815568541100895, -0.17505557667448635, -0.16193193089539926, 0.8048437117522818, 0.9592325240809707, 0.24713767881382775, -0.8336317548582777, 0.46599743519199, 0.357370804957968, 0.6520457340504391, -0.3050973265778887, -0.8822398116837538, 0.2236436329105842, -0.751970763373456, 0.5190590583266628, 0.5888466351532844, -0.18274642650020412, 0.8875950117660911, -0.6524404124894483, 0.8851716994539605]",rhc,relu,False,False,100,[10],0.1,100,9
944,44,0.1314245000248775,1.7683335293624556,1408.0,100,15,"[0.9340596780273533, 0.09446449835144466, 0.9453687199297687, 0.4296319873487293, 0.3954576491945416, -0.5678210088392472, 0.9525489095524835, -0.9875394895908203, -0.4940352752331121, -0.13041693519110842, 0.5587658435875049, -0.6046298507994938, 0.7259864711984445, 0.9668013543506255, -0.6723155171906026, 0.19466788786571843, -0.98202780466489, -0.22685743471274122, -0.9116798841370009, 0.9133059354284718, -0.1277067062404047, 0.8979546135631256, 0.5726119718701219, 0.7325785971633969, -0.6536691570081037, -0.850102825973786, 0.2014854427555386, -0.6640556325631923, 0.4667603350211398, -0.18311227969597055, 0.05581764683584067, 0.875143167901884, 0.043392244889916, -0.7836132342255386, -0.6835531856304011, 0.09040530340642561, 0.04880816013694678, 0.2752204882519873, -0.1970091128194542, 0.2996102180386846, -0.20619999419653467, 0.24783222709644614, 0.5348099341802477, -0.6420521799177383, -0.24884846282491524, 0.005066118653868745, 0.3733341598326916, -0.4926407026772337, 0.10948172588511706, 0.24986168812819542, 0.7910023321122921, -0.27429282313374714, 0.2751141460374733, -0.6171071957620733, -0.004411770765388567, -0.6351091908575863, 0.8367660782795254, -0.13635585731754474, 0.6603762041966925, -0.16644739064327485, 0.8093351774867339, -0.19034956537818792, -0.33765099381775454, 0.14427754054549724, 0.6908872981882266, 0.7220286235061439, 0.19137623413666893, -0.8306767779591795, 0.19453321463834983, -0.5090925828337958, 0.46518689717993555, 0.7893025846334776, 0.0294679418262902, 0.20712702072041278, -0.8698643752343853, 0.08014945928561268, -0.7416264326591246, 0.22912569270066396, -0.2726993059103242, 0.5355160686614915, -0.902931727160895, -0.7803637637643119, 0.36804643024725525, 0.029307394167312983, 0.1432827432294983, 0.6874139879813108, -0.024524721700651453, 0.6202888442522898, 0.020487258589880097, 0.8534413864805024, 0.333855543079252, -0.7025463211318861, -0.27089364934848836, 0.7315498318881986, -0.29942957828896866, -0.6219484810876903, -0.0547573816684539, -0.21443765035574014, 0.23785985328818726, -0.12646741612097356, -0.47815568541100895, -0.17505557667448635, -0.16193193089539926, 0.8048437117522818, 0.9592325240809707, 0.24713767881382775, -0.8336317548582777, 0.46599743519199, 0.357370804957968, 0.6520457340504391, -0.3050973265778887, -0.8822398116837538, 0.2236436329105842, -0.751970763373456, 0.5190590583266628, 0.5888466351532844, -0.18274642650020412, 0.8875950117660911, -0.6524404124894483, 0.8851716994539605]",rhc,relu,False,False,100,[10],0.1,100,9
945,45,0.13282990001607686,1.7683335293624556,1409.0,100,15,"[0.9340596780273533, 0.09446449835144466, 0.9453687199297687, 0.4296319873487293, 0.3954576491945416, -0.5678210088392472, 0.9525489095524835, -0.9875394895908203, -0.4940352752331121, -0.13041693519110842, 0.5587658435875049, -0.6046298507994938, 0.7259864711984445, 0.9668013543506255, -0.6723155171906026, 0.19466788786571843, -0.98202780466489, -0.22685743471274122, -0.9116798841370009, 0.9133059354284718, -0.1277067062404047, 0.8979546135631256, 0.5726119718701219, 0.7325785971633969, -0.6536691570081037, -0.850102825973786, 0.2014854427555386, -0.6640556325631923, 0.4667603350211398, -0.18311227969597055, 0.05581764683584067, 0.875143167901884, 0.043392244889916, -0.7836132342255386, -0.6835531856304011, 0.09040530340642561, 0.04880816013694678, 0.2752204882519873, -0.1970091128194542, 0.2996102180386846, -0.20619999419653467, 0.24783222709644614, 0.5348099341802477, -0.6420521799177383, -0.24884846282491524, 0.005066118653868745, 0.3733341598326916, -0.4926407026772337, 0.10948172588511706, 0.24986168812819542, 0.7910023321122921, -0.27429282313374714, 0.2751141460374733, -0.6171071957620733, -0.004411770765388567, -0.6351091908575863, 0.8367660782795254, -0.13635585731754474, 0.6603762041966925, -0.16644739064327485, 0.8093351774867339, -0.19034956537818792, -0.33765099381775454, 0.14427754054549724, 0.6908872981882266, 0.7220286235061439, 0.19137623413666893, -0.8306767779591795, 0.19453321463834983, -0.5090925828337958, 0.46518689717993555, 0.7893025846334776, 0.0294679418262902, 0.20712702072041278, -0.8698643752343853, 0.08014945928561268, -0.7416264326591246, 0.22912569270066396, -0.2726993059103242, 0.5355160686614915, -0.902931727160895, -0.7803637637643119, 0.36804643024725525, 0.029307394167312983, 0.1432827432294983, 0.6874139879813108, -0.024524721700651453, 0.6202888442522898, 0.020487258589880097, 0.8534413864805024, 0.333855543079252, -0.7025463211318861, -0.27089364934848836, 0.7315498318881986, -0.29942957828896866, -0.6219484810876903, -0.0547573816684539, -0.21443765035574014, 0.23785985328818726, -0.12646741612097356, -0.47815568541100895, -0.17505557667448635, -0.16193193089539926, 0.8048437117522818, 0.9592325240809707, 0.24713767881382775, -0.8336317548582777, 0.46599743519199, 0.357370804957968, 0.6520457340504391, -0.3050973265778887, -0.8822398116837538, 0.2236436329105842, -0.751970763373456, 0.5190590583266628, 0.5888466351532844, -0.18274642650020412, 0.8875950117660911, -0.6524404124894483, 0.8851716994539605]",rhc,relu,False,False,100,[10],0.1,100,9
946,46,0.13423810002859682,1.7683335293624556,1410.0,100,15,"[0.9340596780273533, 0.09446449835144466, 0.9453687199297687, 0.4296319873487293, 0.3954576491945416, -0.5678210088392472, 0.9525489095524835, -0.9875394895908203, -0.4940352752331121, -0.13041693519110842, 0.5587658435875049, -0.6046298507994938, 0.7259864711984445, 0.9668013543506255, -0.6723155171906026, 0.19466788786571843, -0.98202780466489, -0.22685743471274122, -0.9116798841370009, 0.9133059354284718, -0.1277067062404047, 0.8979546135631256, 0.5726119718701219, 0.7325785971633969, -0.6536691570081037, -0.850102825973786, 0.2014854427555386, -0.6640556325631923, 0.4667603350211398, -0.18311227969597055, 0.05581764683584067, 0.875143167901884, 0.043392244889916, -0.7836132342255386, -0.6835531856304011, 0.09040530340642561, 0.04880816013694678, 0.2752204882519873, -0.1970091128194542, 0.2996102180386846, -0.20619999419653467, 0.24783222709644614, 0.5348099341802477, -0.6420521799177383, -0.24884846282491524, 0.005066118653868745, 0.3733341598326916, -0.4926407026772337, 0.10948172588511706, 0.24986168812819542, 0.7910023321122921, -0.27429282313374714, 0.2751141460374733, -0.6171071957620733, -0.004411770765388567, -0.6351091908575863, 0.8367660782795254, -0.13635585731754474, 0.6603762041966925, -0.16644739064327485, 0.8093351774867339, -0.19034956537818792, -0.33765099381775454, 0.14427754054549724, 0.6908872981882266, 0.7220286235061439, 0.19137623413666893, -0.8306767779591795, 0.19453321463834983, -0.5090925828337958, 0.46518689717993555, 0.7893025846334776, 0.0294679418262902, 0.20712702072041278, -0.8698643752343853, 0.08014945928561268, -0.7416264326591246, 0.22912569270066396, -0.2726993059103242, 0.5355160686614915, -0.902931727160895, -0.7803637637643119, 0.36804643024725525, 0.029307394167312983, 0.1432827432294983, 0.6874139879813108, -0.024524721700651453, 0.6202888442522898, 0.020487258589880097, 0.8534413864805024, 0.333855543079252, -0.7025463211318861, -0.27089364934848836, 0.7315498318881986, -0.29942957828896866, -0.6219484810876903, -0.0547573816684539, -0.21443765035574014, 0.23785985328818726, -0.12646741612097356, -0.47815568541100895, -0.17505557667448635, -0.16193193089539926, 0.8048437117522818, 0.9592325240809707, 0.24713767881382775, -0.8336317548582777, 0.46599743519199, 0.357370804957968, 0.6520457340504391, -0.3050973265778887, -0.8822398116837538, 0.2236436329105842, -0.751970763373456, 0.5190590583266628, 0.5888466351532844, -0.18274642650020412, 0.8875950117660911, -0.6524404124894483, 0.8851716994539605]",rhc,relu,False,False,100,[10],0.1,100,9
947,47,0.13724380009807646,1.7683335293624556,1411.0,100,15,"[0.9340596780273533, 0.09446449835144466, 0.9453687199297687, 0.4296319873487293, 0.3954576491945416, -0.5678210088392472, 0.9525489095524835, -0.9875394895908203, -0.4940352752331121, -0.13041693519110842, 0.5587658435875049, -0.6046298507994938, 0.7259864711984445, 0.9668013543506255, -0.6723155171906026, 0.19466788786571843, -0.98202780466489, -0.22685743471274122, -0.9116798841370009, 0.9133059354284718, -0.1277067062404047, 0.8979546135631256, 0.5726119718701219, 0.7325785971633969, -0.6536691570081037, -0.850102825973786, 0.2014854427555386, -0.6640556325631923, 0.4667603350211398, -0.18311227969597055, 0.05581764683584067, 0.875143167901884, 0.043392244889916, -0.7836132342255386, -0.6835531856304011, 0.09040530340642561, 0.04880816013694678, 0.2752204882519873, -0.1970091128194542, 0.2996102180386846, -0.20619999419653467, 0.24783222709644614, 0.5348099341802477, -0.6420521799177383, -0.24884846282491524, 0.005066118653868745, 0.3733341598326916, -0.4926407026772337, 0.10948172588511706, 0.24986168812819542, 0.7910023321122921, -0.27429282313374714, 0.2751141460374733, -0.6171071957620733, -0.004411770765388567, -0.6351091908575863, 0.8367660782795254, -0.13635585731754474, 0.6603762041966925, -0.16644739064327485, 0.8093351774867339, -0.19034956537818792, -0.33765099381775454, 0.14427754054549724, 0.6908872981882266, 0.7220286235061439, 0.19137623413666893, -0.8306767779591795, 0.19453321463834983, -0.5090925828337958, 0.46518689717993555, 0.7893025846334776, 0.0294679418262902, 0.20712702072041278, -0.8698643752343853, 0.08014945928561268, -0.7416264326591246, 0.22912569270066396, -0.2726993059103242, 0.5355160686614915, -0.902931727160895, -0.7803637637643119, 0.36804643024725525, 0.029307394167312983, 0.1432827432294983, 0.6874139879813108, -0.024524721700651453, 0.6202888442522898, 0.020487258589880097, 0.8534413864805024, 0.333855543079252, -0.7025463211318861, -0.27089364934848836, 0.7315498318881986, -0.29942957828896866, -0.6219484810876903, -0.0547573816684539, -0.21443765035574014, 0.23785985328818726, -0.12646741612097356, -0.47815568541100895, -0.17505557667448635, -0.16193193089539926, 0.8048437117522818, 0.9592325240809707, 0.24713767881382775, -0.8336317548582777, 0.46599743519199, 0.357370804957968, 0.6520457340504391, -0.3050973265778887, -0.8822398116837538, 0.2236436329105842, -0.751970763373456, 0.5190590583266628, 0.5888466351532844, -0.18274642650020412, 0.8875950117660911, -0.6524404124894483, 0.8851716994539605]",rhc,relu,False,False,100,[10],0.1,100,9
948,48,0.13920730003155768,1.7683335293624556,1412.0,100,15,"[0.9340596780273533, 0.09446449835144466, 0.9453687199297687, 0.4296319873487293, 0.3954576491945416, -0.5678210088392472, 0.9525489095524835, -0.9875394895908203, -0.4940352752331121, -0.13041693519110842, 0.5587658435875049, -0.6046298507994938, 0.7259864711984445, 0.9668013543506255, -0.6723155171906026, 0.19466788786571843, -0.98202780466489, -0.22685743471274122, -0.9116798841370009, 0.9133059354284718, -0.1277067062404047, 0.8979546135631256, 0.5726119718701219, 0.7325785971633969, -0.6536691570081037, -0.850102825973786, 0.2014854427555386, -0.6640556325631923, 0.4667603350211398, -0.18311227969597055, 0.05581764683584067, 0.875143167901884, 0.043392244889916, -0.7836132342255386, -0.6835531856304011, 0.09040530340642561, 0.04880816013694678, 0.2752204882519873, -0.1970091128194542, 0.2996102180386846, -0.20619999419653467, 0.24783222709644614, 0.5348099341802477, -0.6420521799177383, -0.24884846282491524, 0.005066118653868745, 0.3733341598326916, -0.4926407026772337, 0.10948172588511706, 0.24986168812819542, 0.7910023321122921, -0.27429282313374714, 0.2751141460374733, -0.6171071957620733, -0.004411770765388567, -0.6351091908575863, 0.8367660782795254, -0.13635585731754474, 0.6603762041966925, -0.16644739064327485, 0.8093351774867339, -0.19034956537818792, -0.33765099381775454, 0.14427754054549724, 0.6908872981882266, 0.7220286235061439, 0.19137623413666893, -0.8306767779591795, 0.19453321463834983, -0.5090925828337958, 0.46518689717993555, 0.7893025846334776, 0.0294679418262902, 0.20712702072041278, -0.8698643752343853, 0.08014945928561268, -0.7416264326591246, 0.22912569270066396, -0.2726993059103242, 0.5355160686614915, -0.902931727160895, -0.7803637637643119, 0.36804643024725525, 0.029307394167312983, 0.1432827432294983, 0.6874139879813108, -0.024524721700651453, 0.6202888442522898, 0.020487258589880097, 0.8534413864805024, 0.333855543079252, -0.7025463211318861, -0.27089364934848836, 0.7315498318881986, -0.29942957828896866, -0.6219484810876903, -0.0547573816684539, -0.21443765035574014, 0.23785985328818726, -0.12646741612097356, -0.47815568541100895, -0.17505557667448635, -0.16193193089539926, 0.8048437117522818, 0.9592325240809707, 0.24713767881382775, -0.8336317548582777, 0.46599743519199, 0.357370804957968, 0.6520457340504391, -0.3050973265778887, -0.8822398116837538, 0.2236436329105842, -0.751970763373456, 0.5190590583266628, 0.5888466351532844, -0.18274642650020412, 0.8875950117660911, -0.6524404124894483, 0.8851716994539605]",rhc,relu,False,False,100,[10],0.1,100,9
949,49,0.14330590004101396,1.7670048219449273,1414.0,100,15,"[0.9340596780273533, 0.09446449835144466, 0.9453687199297687, 0.4296319873487293, 0.3954576491945416, -0.5678210088392472, 0.9525489095524835, -0.9875394895908203, -0.4940352752331121, -0.13041693519110842, 0.5587658435875049, -0.6046298507994938, 0.7259864711984445, 0.9668013543506255, -0.6723155171906026, 0.19466788786571843, -0.98202780466489, -0.22685743471274122, -0.9116798841370009, 0.9133059354284718, -0.1277067062404047, 0.8979546135631256, 0.5726119718701219, 0.7325785971633969, -0.6536691570081037, -0.850102825973786, 0.2014854427555386, -0.6640556325631923, 0.4667603350211398, -0.18311227969597055, 0.05581764683584067, 0.875143167901884, 0.043392244889916, -0.7836132342255386, -0.6835531856304011, 0.09040530340642561, 0.04880816013694678, 0.2752204882519873, -0.1970091128194542, 0.2996102180386846, -0.20619999419653467, 0.24783222709644614, 0.5348099341802477, -0.6420521799177383, -0.24884846282491524, 0.005066118653868745, 0.3733341598326916, -0.4926407026772337, 0.10948172588511706, 0.24986168812819542, 0.7910023321122921, -0.27429282313374714, 0.2751141460374733, -0.6171071957620733, -0.004411770765388567, -0.6351091908575863, 0.8367660782795254, -0.13635585731754474, 0.6603762041966925, -0.16644739064327485, 0.8093351774867339, -0.19034956537818792, -0.33765099381775454, 0.14427754054549724, 0.6908872981882266, 0.7220286235061439, 0.19137623413666893, -0.8306767779591795, 0.19453321463834983, -0.5090925828337958, 0.46518689717993555, 0.7893025846334776, 0.0294679418262902, 0.20712702072041278, -0.8698643752343853, 0.08014945928561268, -0.7416264326591246, 0.22912569270066396, -0.2726993059103242, 0.5355160686614915, -0.902931727160895, -0.7803637637643119, 0.36804643024725525, 0.029307394167312983, 0.1432827432294983, 0.6874139879813108, -0.024524721700651453, 0.6202888442522898, 0.020487258589880097, 0.8534413864805024, 0.333855543079252, -0.7025463211318861, -0.27089364934848836, 0.7315498318881986, -0.29942957828896866, -0.6219484810876903, -0.0547573816684539, -0.21443765035574014, 0.23785985328818726, -0.12646741612097356, -0.47815568541100895, -0.17505557667448635, -0.16193193089539926, 0.8048437117522818, 0.9592325240809707, 0.24713767881382775, -0.8336317548582777, 0.46599743519199, 0.357370804957968, 0.6520457340504391, -0.3050973265778887, -0.8822398116837538, 0.2236436329105842, -0.751970763373456, 0.5190590583266628, 0.5888466351532844, -0.18274642650020412, 0.8875950117660911, -0.6524404124894483, 0.8851716994539605]",rhc,relu,False,False,100,[10],0.1,100,9
950,50,0.14690749999135733,1.7670048219449273,1415.0,100,15,"[0.9340596780273533, 0.09446449835144466, 0.9453687199297687, 0.4296319873487293, 0.3954576491945416, -0.5678210088392472, 0.9525489095524835, -0.9875394895908203, -0.4940352752331121, -0.13041693519110842, 0.5587658435875049, -0.6046298507994938, 0.7259864711984445, 0.9668013543506255, -0.6723155171906026, 0.19466788786571843, -0.98202780466489, -0.22685743471274122, -0.9116798841370009, 0.9133059354284718, -0.1277067062404047, 0.8979546135631256, 0.5726119718701219, 0.7325785971633969, -0.6536691570081037, -0.850102825973786, 0.2014854427555386, -0.6640556325631923, 0.4667603350211398, -0.18311227969597055, 0.05581764683584067, 0.875143167901884, 0.043392244889916, -0.7836132342255386, -0.6835531856304011, 0.09040530340642561, 0.04880816013694678, 0.2752204882519873, -0.1970091128194542, 0.2996102180386846, -0.20619999419653467, 0.24783222709644614, 0.5348099341802477, -0.6420521799177383, -0.24884846282491524, 0.005066118653868745, 0.3733341598326916, -0.4926407026772337, 0.10948172588511706, 0.24986168812819542, 0.7910023321122921, -0.27429282313374714, 0.2751141460374733, -0.6171071957620733, -0.004411770765388567, -0.6351091908575863, 0.8367660782795254, -0.13635585731754474, 0.6603762041966925, -0.16644739064327485, 0.8093351774867339, -0.19034956537818792, -0.33765099381775454, 0.14427754054549724, 0.6908872981882266, 0.7220286235061439, 0.19137623413666893, -0.8306767779591795, 0.19453321463834983, -0.5090925828337958, 0.46518689717993555, 0.7893025846334776, 0.0294679418262902, 0.20712702072041278, -0.8698643752343853, 0.08014945928561268, -0.7416264326591246, 0.22912569270066396, -0.2726993059103242, 0.5355160686614915, -0.902931727160895, -0.7803637637643119, 0.36804643024725525, 0.029307394167312983, 0.1432827432294983, 0.6874139879813108, -0.024524721700651453, 0.6202888442522898, 0.020487258589880097, 0.8534413864805024, 0.333855543079252, -0.7025463211318861, -0.27089364934848836, 0.7315498318881986, -0.29942957828896866, -0.6219484810876903, -0.0547573816684539, -0.21443765035574014, 0.23785985328818726, -0.12646741612097356, -0.47815568541100895, -0.17505557667448635, -0.16193193089539926, 0.8048437117522818, 0.9592325240809707, 0.24713767881382775, -0.8336317548582777, 0.46599743519199, 0.357370804957968, 0.6520457340504391, -0.3050973265778887, -0.8822398116837538, 0.2236436329105842, -0.751970763373456, 0.5190590583266628, 0.5888466351532844, -0.18274642650020412, 0.8875950117660911, -0.6524404124894483, 0.8851716994539605]",rhc,relu,False,False,100,[10],0.1,100,9
951,51,0.14868640003260225,1.765268671455139,1417.0,100,15,"[0.9340596780273533, 0.09446449835144466, 0.9453687199297687, 0.4296319873487293, 0.3954576491945416, -0.5678210088392472, 0.9525489095524835, -0.9875394895908203, -0.4940352752331121, -0.13041693519110842, 0.5587658435875049, -0.6046298507994938, 0.7259864711984445, 0.9668013543506255, -0.6723155171906026, 0.19466788786571843, -0.98202780466489, -0.22685743471274122, -0.9116798841370009, 0.9133059354284718, -0.1277067062404047, 0.8979546135631256, 0.5726119718701219, 0.7325785971633969, -0.6536691570081037, -0.850102825973786, 0.2014854427555386, -0.6640556325631923, 0.4667603350211398, -0.18311227969597055, 0.05581764683584067, 0.875143167901884, 0.043392244889916, -0.7836132342255386, -0.6835531856304011, 0.09040530340642561, 0.04880816013694678, 0.2752204882519873, -0.1970091128194542, 0.2996102180386846, -0.20619999419653467, 0.24783222709644614, 0.5348099341802477, -0.6420521799177383, -0.24884846282491524, 0.005066118653868745, 0.3733341598326916, -0.4926407026772337, 0.10948172588511706, 0.24986168812819542, 0.7910023321122921, -0.27429282313374714, 0.2751141460374733, -0.6171071957620733, -0.004411770765388567, -0.6351091908575863, 0.8367660782795254, -0.13635585731754474, 0.6603762041966925, -0.16644739064327485, 0.8093351774867339, -0.19034956537818792, -0.33765099381775454, 0.14427754054549724, 0.6908872981882266, 0.7220286235061439, 0.19137623413666893, -0.8306767779591795, 0.19453321463834983, -0.5090925828337958, 0.46518689717993555, 0.7893025846334776, 0.0294679418262902, 0.20712702072041278, -0.8698643752343853, 0.08014945928561268, -0.7416264326591246, 0.22912569270066396, -0.2726993059103242, 0.5355160686614915, -0.902931727160895, -0.7803637637643119, 0.36804643024725525, 0.029307394167312983, 0.1432827432294983, 0.6874139879813108, -0.024524721700651453, 0.6202888442522898, 0.020487258589880097, 0.8534413864805024, 0.333855543079252, -0.7025463211318861, -0.27089364934848836, 0.7315498318881986, -0.29942957828896866, -0.6219484810876903, -0.0547573816684539, -0.21443765035574014, 0.23785985328818726, -0.12646741612097356, -0.47815568541100895, -0.17505557667448635, -0.16193193089539926, 0.8048437117522818, 0.9592325240809707, 0.24713767881382775, -0.8336317548582777, 0.46599743519199, 0.357370804957968, 0.6520457340504391, -0.3050973265778887, -0.8822398116837538, 0.2236436329105842, -0.751970763373456, 0.5190590583266628, 0.5888466351532844, -0.18274642650020412, 0.8875950117660911, -0.6524404124894483, 0.8851716994539605]",rhc,relu,False,False,100,[10],0.1,100,9
952,52,0.15030470001511276,1.7475022109094018,1419.0,100,15,"[0.9340596780273533, 0.09446449835144466, 0.9453687199297687, 0.4296319873487293, 0.3954576491945416, -0.5678210088392472, 0.9525489095524835, -0.9875394895908203, -0.4940352752331121, -0.13041693519110842, 0.5587658435875049, -0.6046298507994938, 0.7259864711984445, 0.9668013543506255, -0.6723155171906026, 0.19466788786571843, -0.98202780466489, -0.22685743471274122, -0.9116798841370009, 0.9133059354284718, -0.1277067062404047, 0.8979546135631256, 0.5726119718701219, 0.7325785971633969, -0.6536691570081037, -0.850102825973786, 0.2014854427555386, -0.6640556325631923, 0.4667603350211398, -0.18311227969597055, 0.05581764683584067, 0.875143167901884, 0.043392244889916, -0.7836132342255386, -0.6835531856304011, 0.09040530340642561, 0.04880816013694678, 0.2752204882519873, -0.1970091128194542, 0.2996102180386846, -0.20619999419653467, 0.24783222709644614, 0.5348099341802477, -0.6420521799177383, -0.24884846282491524, 0.005066118653868745, 0.3733341598326916, -0.4926407026772337, 0.10948172588511706, 0.24986168812819542, 0.7910023321122921, -0.27429282313374714, 0.2751141460374733, -0.6171071957620733, -0.004411770765388567, -0.6351091908575863, 0.8367660782795254, -0.13635585731754474, 0.6603762041966925, -0.16644739064327485, 0.8093351774867339, -0.19034956537818792, -0.33765099381775454, 0.14427754054549724, 0.6908872981882266, 0.7220286235061439, 0.19137623413666893, -0.8306767779591795, 0.19453321463834983, -0.5090925828337958, 0.46518689717993555, 0.7893025846334776, 0.0294679418262902, 0.20712702072041278, -0.8698643752343853, 0.08014945928561268, -0.7416264326591246, 0.22912569270066396, -0.2726993059103242, 0.5355160686614915, -0.902931727160895, -0.7803637637643119, 0.36804643024725525, 0.029307394167312983, 0.1432827432294983, 0.6874139879813108, -0.024524721700651453, 0.6202888442522898, 0.020487258589880097, 0.8534413864805024, 0.333855543079252, -0.7025463211318861, -0.27089364934848836, 0.7315498318881986, -0.29942957828896866, -0.6219484810876903, -0.0547573816684539, -0.21443765035574014, 0.23785985328818726, -0.12646741612097356, -0.47815568541100895, -0.17505557667448635, -0.16193193089539926, 0.8048437117522818, 0.9592325240809707, 0.24713767881382775, -0.8336317548582777, 0.46599743519199, 0.357370804957968, 0.6520457340504391, -0.3050973265778887, -0.8822398116837538, 0.2236436329105842, -0.751970763373456, 0.5190590583266628, 0.5888466351532844, -0.18274642650020412, 0.8875950117660911, -0.6524404124894483, 0.8851716994539605]",rhc,relu,False,False,100,[10],0.1,100,9
953,53,0.15169550001155585,1.7475022109094018,1420.0,100,15,"[0.9340596780273533, 0.09446449835144466, 0.9453687199297687, 0.4296319873487293, 0.3954576491945416, -0.5678210088392472, 0.9525489095524835, -0.9875394895908203, -0.4940352752331121, -0.13041693519110842, 0.5587658435875049, -0.6046298507994938, 0.7259864711984445, 0.9668013543506255, -0.6723155171906026, 0.19466788786571843, -0.98202780466489, -0.22685743471274122, -0.9116798841370009, 0.9133059354284718, -0.1277067062404047, 0.8979546135631256, 0.5726119718701219, 0.7325785971633969, -0.6536691570081037, -0.850102825973786, 0.2014854427555386, -0.6640556325631923, 0.4667603350211398, -0.18311227969597055, 0.05581764683584067, 0.875143167901884, 0.043392244889916, -0.7836132342255386, -0.6835531856304011, 0.09040530340642561, 0.04880816013694678, 0.2752204882519873, -0.1970091128194542, 0.2996102180386846, -0.20619999419653467, 0.24783222709644614, 0.5348099341802477, -0.6420521799177383, -0.24884846282491524, 0.005066118653868745, 0.3733341598326916, -0.4926407026772337, 0.10948172588511706, 0.24986168812819542, 0.7910023321122921, -0.27429282313374714, 0.2751141460374733, -0.6171071957620733, -0.004411770765388567, -0.6351091908575863, 0.8367660782795254, -0.13635585731754474, 0.6603762041966925, -0.16644739064327485, 0.8093351774867339, -0.19034956537818792, -0.33765099381775454, 0.14427754054549724, 0.6908872981882266, 0.7220286235061439, 0.19137623413666893, -0.8306767779591795, 0.19453321463834983, -0.5090925828337958, 0.46518689717993555, 0.7893025846334776, 0.0294679418262902, 0.20712702072041278, -0.8698643752343853, 0.08014945928561268, -0.7416264326591246, 0.22912569270066396, -0.2726993059103242, 0.5355160686614915, -0.902931727160895, -0.7803637637643119, 0.36804643024725525, 0.029307394167312983, 0.1432827432294983, 0.6874139879813108, -0.024524721700651453, 0.6202888442522898, 0.020487258589880097, 0.8534413864805024, 0.333855543079252, -0.7025463211318861, -0.27089364934848836, 0.7315498318881986, -0.29942957828896866, -0.6219484810876903, -0.0547573816684539, -0.21443765035574014, 0.23785985328818726, -0.12646741612097356, -0.47815568541100895, -0.17505557667448635, -0.16193193089539926, 0.8048437117522818, 0.9592325240809707, 0.24713767881382775, -0.8336317548582777, 0.46599743519199, 0.357370804957968, 0.6520457340504391, -0.3050973265778887, -0.8822398116837538, 0.2236436329105842, -0.751970763373456, 0.5190590583266628, 0.5888466351532844, -0.18274642650020412, 0.8875950117660911, -0.6524404124894483, 0.8851716994539605]",rhc,relu,False,False,100,[10],0.1,100,9
954,54,0.15469950006809086,1.7425419395741946,1422.0,100,15,"[0.9340596780273533, 0.09446449835144466, 0.9453687199297687, 0.4296319873487293, 0.3954576491945416, -0.5678210088392472, 0.9525489095524835, -0.9875394895908203, -0.4940352752331121, -0.13041693519110842, 0.5587658435875049, -0.6046298507994938, 0.7259864711984445, 0.9668013543506255, -0.6723155171906026, 0.19466788786571843, -0.98202780466489, -0.22685743471274122, -0.9116798841370009, 0.9133059354284718, -0.1277067062404047, 0.8979546135631256, 0.5726119718701219, 0.7325785971633969, -0.6536691570081037, -0.850102825973786, 0.2014854427555386, -0.6640556325631923, 0.4667603350211398, -0.18311227969597055, 0.05581764683584067, 0.875143167901884, 0.043392244889916, -0.7836132342255386, -0.6835531856304011, 0.09040530340642561, 0.04880816013694678, 0.2752204882519873, -0.1970091128194542, 0.2996102180386846, -0.20619999419653467, 0.24783222709644614, 0.5348099341802477, -0.6420521799177383, -0.24884846282491524, 0.005066118653868745, 0.3733341598326916, -0.4926407026772337, 0.10948172588511706, 0.24986168812819542, 0.7910023321122921, -0.27429282313374714, 0.2751141460374733, -0.6171071957620733, -0.004411770765388567, -0.6351091908575863, 0.8367660782795254, -0.13635585731754474, 0.6603762041966925, -0.16644739064327485, 0.8093351774867339, -0.19034956537818792, -0.33765099381775454, 0.14427754054549724, 0.6908872981882266, 0.7220286235061439, 0.19137623413666893, -0.8306767779591795, 0.19453321463834983, -0.5090925828337958, 0.46518689717993555, 0.7893025846334776, 0.0294679418262902, 0.20712702072041278, -0.8698643752343853, 0.08014945928561268, -0.7416264326591246, 0.22912569270066396, -0.2726993059103242, 0.5355160686614915, -0.902931727160895, -0.7803637637643119, 0.36804643024725525, 0.029307394167312983, 0.1432827432294983, 0.6874139879813108, -0.024524721700651453, 0.6202888442522898, 0.020487258589880097, 0.8534413864805024, 0.333855543079252, -0.7025463211318861, -0.27089364934848836, 0.7315498318881986, -0.29942957828896866, -0.6219484810876903, -0.0547573816684539, -0.21443765035574014, 0.23785985328818726, -0.12646741612097356, -0.47815568541100895, -0.17505557667448635, -0.16193193089539926, 0.8048437117522818, 0.9592325240809707, 0.24713767881382775, -0.8336317548582777, 0.46599743519199, 0.357370804957968, 0.6520457340504391, -0.3050973265778887, -0.8822398116837538, 0.2236436329105842, -0.751970763373456, 0.5190590583266628, 0.5888466351532844, -0.18274642650020412, 0.8875950117660911, -0.6524404124894483, 0.8851716994539605]",rhc,relu,False,False,100,[10],0.1,100,9
955,55,0.15623610001057386,1.7425419395741946,1423.0,100,15,"[0.9340596780273533, 0.09446449835144466, 0.9453687199297687, 0.4296319873487293, 0.3954576491945416, -0.5678210088392472, 0.9525489095524835, -0.9875394895908203, -0.4940352752331121, -0.13041693519110842, 0.5587658435875049, -0.6046298507994938, 0.7259864711984445, 0.9668013543506255, -0.6723155171906026, 0.19466788786571843, -0.98202780466489, -0.22685743471274122, -0.9116798841370009, 0.9133059354284718, -0.1277067062404047, 0.8979546135631256, 0.5726119718701219, 0.7325785971633969, -0.6536691570081037, -0.850102825973786, 0.2014854427555386, -0.6640556325631923, 0.4667603350211398, -0.18311227969597055, 0.05581764683584067, 0.875143167901884, 0.043392244889916, -0.7836132342255386, -0.6835531856304011, 0.09040530340642561, 0.04880816013694678, 0.2752204882519873, -0.1970091128194542, 0.2996102180386846, -0.20619999419653467, 0.24783222709644614, 0.5348099341802477, -0.6420521799177383, -0.24884846282491524, 0.005066118653868745, 0.3733341598326916, -0.4926407026772337, 0.10948172588511706, 0.24986168812819542, 0.7910023321122921, -0.27429282313374714, 0.2751141460374733, -0.6171071957620733, -0.004411770765388567, -0.6351091908575863, 0.8367660782795254, -0.13635585731754474, 0.6603762041966925, -0.16644739064327485, 0.8093351774867339, -0.19034956537818792, -0.33765099381775454, 0.14427754054549724, 0.6908872981882266, 0.7220286235061439, 0.19137623413666893, -0.8306767779591795, 0.19453321463834983, -0.5090925828337958, 0.46518689717993555, 0.7893025846334776, 0.0294679418262902, 0.20712702072041278, -0.8698643752343853, 0.08014945928561268, -0.7416264326591246, 0.22912569270066396, -0.2726993059103242, 0.5355160686614915, -0.902931727160895, -0.7803637637643119, 0.36804643024725525, 0.029307394167312983, 0.1432827432294983, 0.6874139879813108, -0.024524721700651453, 0.6202888442522898, 0.020487258589880097, 0.8534413864805024, 0.333855543079252, -0.7025463211318861, -0.27089364934848836, 0.7315498318881986, -0.29942957828896866, -0.6219484810876903, -0.0547573816684539, -0.21443765035574014, 0.23785985328818726, -0.12646741612097356, -0.47815568541100895, -0.17505557667448635, -0.16193193089539926, 0.8048437117522818, 0.9592325240809707, 0.24713767881382775, -0.8336317548582777, 0.46599743519199, 0.357370804957968, 0.6520457340504391, -0.3050973265778887, -0.8822398116837538, 0.2236436329105842, -0.751970763373456, 0.5190590583266628, 0.5888466351532844, -0.18274642650020412, 0.8875950117660911, -0.6524404124894483, 0.8851716994539605]",rhc,relu,False,False,100,[10],0.1,100,9
956,56,0.15794740000274032,1.7425419395741946,1424.0,100,15,"[0.9340596780273533, 0.09446449835144466, 0.9453687199297687, 0.4296319873487293, 0.3954576491945416, -0.5678210088392472, 0.9525489095524835, -0.9875394895908203, -0.4940352752331121, -0.13041693519110842, 0.5587658435875049, -0.6046298507994938, 0.7259864711984445, 0.9668013543506255, -0.6723155171906026, 0.19466788786571843, -0.98202780466489, -0.22685743471274122, -0.9116798841370009, 0.9133059354284718, -0.1277067062404047, 0.8979546135631256, 0.5726119718701219, 0.7325785971633969, -0.6536691570081037, -0.850102825973786, 0.2014854427555386, -0.6640556325631923, 0.4667603350211398, -0.18311227969597055, 0.05581764683584067, 0.875143167901884, 0.043392244889916, -0.7836132342255386, -0.6835531856304011, 0.09040530340642561, 0.04880816013694678, 0.2752204882519873, -0.1970091128194542, 0.2996102180386846, -0.20619999419653467, 0.24783222709644614, 0.5348099341802477, -0.6420521799177383, -0.24884846282491524, 0.005066118653868745, 0.3733341598326916, -0.4926407026772337, 0.10948172588511706, 0.24986168812819542, 0.7910023321122921, -0.27429282313374714, 0.2751141460374733, -0.6171071957620733, -0.004411770765388567, -0.6351091908575863, 0.8367660782795254, -0.13635585731754474, 0.6603762041966925, -0.16644739064327485, 0.8093351774867339, -0.19034956537818792, -0.33765099381775454, 0.14427754054549724, 0.6908872981882266, 0.7220286235061439, 0.19137623413666893, -0.8306767779591795, 0.19453321463834983, -0.5090925828337958, 0.46518689717993555, 0.7893025846334776, 0.0294679418262902, 0.20712702072041278, -0.8698643752343853, 0.08014945928561268, -0.7416264326591246, 0.22912569270066396, -0.2726993059103242, 0.5355160686614915, -0.902931727160895, -0.7803637637643119, 0.36804643024725525, 0.029307394167312983, 0.1432827432294983, 0.6874139879813108, -0.024524721700651453, 0.6202888442522898, 0.020487258589880097, 0.8534413864805024, 0.333855543079252, -0.7025463211318861, -0.27089364934848836, 0.7315498318881986, -0.29942957828896866, -0.6219484810876903, -0.0547573816684539, -0.21443765035574014, 0.23785985328818726, -0.12646741612097356, -0.47815568541100895, -0.17505557667448635, -0.16193193089539926, 0.8048437117522818, 0.9592325240809707, 0.24713767881382775, -0.8336317548582777, 0.46599743519199, 0.357370804957968, 0.6520457340504391, -0.3050973265778887, -0.8822398116837538, 0.2236436329105842, -0.751970763373456, 0.5190590583266628, 0.5888466351532844, -0.18274642650020412, 0.8875950117660911, -0.6524404124894483, 0.8851716994539605]",rhc,relu,False,False,100,[10],0.1,100,9
957,57,0.15946009999606758,1.7345974232474104,1426.0,100,15,"[0.9340596780273533, 0.09446449835144466, 0.9453687199297687, 0.4296319873487293, 0.3954576491945416, -0.5678210088392472, 0.9525489095524835, -0.9875394895908203, -0.4940352752331121, -0.13041693519110842, 0.5587658435875049, -0.6046298507994938, 0.7259864711984445, 0.9668013543506255, -0.6723155171906026, 0.19466788786571843, -0.98202780466489, -0.22685743471274122, -0.9116798841370009, 0.9133059354284718, -0.1277067062404047, 0.8979546135631256, 0.5726119718701219, 0.7325785971633969, -0.6536691570081037, -0.850102825973786, 0.2014854427555386, -0.6640556325631923, 0.4667603350211398, -0.18311227969597055, 0.05581764683584067, 0.875143167901884, 0.043392244889916, -0.7836132342255386, -0.6835531856304011, 0.09040530340642561, 0.04880816013694678, 0.2752204882519873, -0.1970091128194542, 0.2996102180386846, -0.20619999419653467, 0.24783222709644614, 0.5348099341802477, -0.6420521799177383, -0.24884846282491524, 0.005066118653868745, 0.3733341598326916, -0.4926407026772337, 0.10948172588511706, 0.24986168812819542, 0.7910023321122921, -0.27429282313374714, 0.2751141460374733, -0.6171071957620733, -0.004411770765388567, -0.6351091908575863, 0.8367660782795254, -0.13635585731754474, 0.6603762041966925, -0.16644739064327485, 0.8093351774867339, -0.19034956537818792, -0.33765099381775454, 0.14427754054549724, 0.6908872981882266, 0.7220286235061439, 0.19137623413666893, -0.8306767779591795, 0.19453321463834983, -0.5090925828337958, 0.46518689717993555, 0.7893025846334776, 0.0294679418262902, 0.20712702072041278, -0.8698643752343853, 0.08014945928561268, -0.7416264326591246, 0.22912569270066396, -0.2726993059103242, 0.5355160686614915, -0.902931727160895, -0.7803637637643119, 0.36804643024725525, 0.029307394167312983, 0.1432827432294983, 0.6874139879813108, -0.024524721700651453, 0.6202888442522898, 0.020487258589880097, 0.8534413864805024, 0.333855543079252, -0.7025463211318861, -0.27089364934848836, 0.7315498318881986, -0.29942957828896866, -0.6219484810876903, -0.0547573816684539, -0.21443765035574014, 0.23785985328818726, -0.12646741612097356, -0.47815568541100895, -0.17505557667448635, -0.16193193089539926, 0.8048437117522818, 0.9592325240809707, 0.24713767881382775, -0.8336317548582777, 0.46599743519199, 0.357370804957968, 0.6520457340504391, -0.3050973265778887, -0.8822398116837538, 0.2236436329105842, -0.751970763373456, 0.5190590583266628, 0.5888466351532844, -0.18274642650020412, 0.8875950117660911, -0.6524404124894483, 0.8851716994539605]",rhc,relu,False,False,100,[10],0.1,100,9
958,58,0.16259170009288937,1.7344510187469269,1428.0,100,15,"[0.9340596780273533, 0.09446449835144466, 0.9453687199297687, 0.4296319873487293, 0.3954576491945416, -0.5678210088392472, 0.9525489095524835, -0.9875394895908203, -0.4940352752331121, -0.13041693519110842, 0.5587658435875049, -0.6046298507994938, 0.7259864711984445, 0.9668013543506255, -0.6723155171906026, 0.19466788786571843, -0.98202780466489, -0.22685743471274122, -0.9116798841370009, 0.9133059354284718, -0.1277067062404047, 0.8979546135631256, 0.5726119718701219, 0.7325785971633969, -0.6536691570081037, -0.850102825973786, 0.2014854427555386, -0.6640556325631923, 0.4667603350211398, -0.18311227969597055, 0.05581764683584067, 0.875143167901884, 0.043392244889916, -0.7836132342255386, -0.6835531856304011, 0.09040530340642561, 0.04880816013694678, 0.2752204882519873, -0.1970091128194542, 0.2996102180386846, -0.20619999419653467, 0.24783222709644614, 0.5348099341802477, -0.6420521799177383, -0.24884846282491524, 0.005066118653868745, 0.3733341598326916, -0.4926407026772337, 0.10948172588511706, 0.24986168812819542, 0.7910023321122921, -0.27429282313374714, 0.2751141460374733, -0.6171071957620733, -0.004411770765388567, -0.6351091908575863, 0.8367660782795254, -0.13635585731754474, 0.6603762041966925, -0.16644739064327485, 0.8093351774867339, -0.19034956537818792, -0.33765099381775454, 0.14427754054549724, 0.6908872981882266, 0.7220286235061439, 0.19137623413666893, -0.8306767779591795, 0.19453321463834983, -0.5090925828337958, 0.46518689717993555, 0.7893025846334776, 0.0294679418262902, 0.20712702072041278, -0.8698643752343853, 0.08014945928561268, -0.7416264326591246, 0.22912569270066396, -0.2726993059103242, 0.5355160686614915, -0.902931727160895, -0.7803637637643119, 0.36804643024725525, 0.029307394167312983, 0.1432827432294983, 0.6874139879813108, -0.024524721700651453, 0.6202888442522898, 0.020487258589880097, 0.8534413864805024, 0.333855543079252, -0.7025463211318861, -0.27089364934848836, 0.7315498318881986, -0.29942957828896866, -0.6219484810876903, -0.0547573816684539, -0.21443765035574014, 0.23785985328818726, -0.12646741612097356, -0.47815568541100895, -0.17505557667448635, -0.16193193089539926, 0.8048437117522818, 0.9592325240809707, 0.24713767881382775, -0.8336317548582777, 0.46599743519199, 0.357370804957968, 0.6520457340504391, -0.3050973265778887, -0.8822398116837538, 0.2236436329105842, -0.751970763373456, 0.5190590583266628, 0.5888466351532844, -0.18274642650020412, 0.8875950117660911, -0.6524404124894483, 0.8851716994539605]",rhc,relu,False,False,100,[10],0.1,100,9
959,59,0.16467890003696084,1.7338405301172337,1430.0,100,15,"[0.9340596780273533, 0.09446449835144466, 0.9453687199297687, 0.4296319873487293, 0.3954576491945416, -0.5678210088392472, 0.9525489095524835, -0.9875394895908203, -0.4940352752331121, -0.13041693519110842, 0.5587658435875049, -0.6046298507994938, 0.7259864711984445, 0.9668013543506255, -0.6723155171906026, 0.19466788786571843, -0.98202780466489, -0.22685743471274122, -0.9116798841370009, 0.9133059354284718, -0.1277067062404047, 0.8979546135631256, 0.5726119718701219, 0.7325785971633969, -0.6536691570081037, -0.850102825973786, 0.2014854427555386, -0.6640556325631923, 0.4667603350211398, -0.18311227969597055, 0.05581764683584067, 0.875143167901884, 0.043392244889916, -0.7836132342255386, -0.6835531856304011, 0.09040530340642561, 0.04880816013694678, 0.2752204882519873, -0.1970091128194542, 0.2996102180386846, -0.20619999419653467, 0.24783222709644614, 0.5348099341802477, -0.6420521799177383, -0.24884846282491524, 0.005066118653868745, 0.3733341598326916, -0.4926407026772337, 0.10948172588511706, 0.24986168812819542, 0.7910023321122921, -0.27429282313374714, 0.2751141460374733, -0.6171071957620733, -0.004411770765388567, -0.6351091908575863, 0.8367660782795254, -0.13635585731754474, 0.6603762041966925, -0.16644739064327485, 0.8093351774867339, -0.19034956537818792, -0.33765099381775454, 0.14427754054549724, 0.6908872981882266, 0.7220286235061439, 0.19137623413666893, -0.8306767779591795, 0.19453321463834983, -0.5090925828337958, 0.46518689717993555, 0.7893025846334776, 0.0294679418262902, 0.20712702072041278, -0.8698643752343853, 0.08014945928561268, -0.7416264326591246, 0.22912569270066396, -0.2726993059103242, 0.5355160686614915, -0.902931727160895, -0.7803637637643119, 0.36804643024725525, 0.029307394167312983, 0.1432827432294983, 0.6874139879813108, -0.024524721700651453, 0.6202888442522898, 0.020487258589880097, 0.8534413864805024, 0.333855543079252, -0.7025463211318861, -0.27089364934848836, 0.7315498318881986, -0.29942957828896866, -0.6219484810876903, -0.0547573816684539, -0.21443765035574014, 0.23785985328818726, -0.12646741612097356, -0.47815568541100895, -0.17505557667448635, -0.16193193089539926, 0.8048437117522818, 0.9592325240809707, 0.24713767881382775, -0.8336317548582777, 0.46599743519199, 0.357370804957968, 0.6520457340504391, -0.3050973265778887, -0.8822398116837538, 0.2236436329105842, -0.751970763373456, 0.5190590583266628, 0.5888466351532844, -0.18274642650020412, 0.8875950117660911, -0.6524404124894483, 0.8851716994539605]",rhc,relu,False,False,100,[10],0.1,100,9
960,60,0.16787820006720722,1.7338405301172337,1431.0,100,15,"[0.9340596780273533, 0.09446449835144466, 0.9453687199297687, 0.4296319873487293, 0.3954576491945416, -0.5678210088392472, 0.9525489095524835, -0.9875394895908203, -0.4940352752331121, -0.13041693519110842, 0.5587658435875049, -0.6046298507994938, 0.7259864711984445, 0.9668013543506255, -0.6723155171906026, 0.19466788786571843, -0.98202780466489, -0.22685743471274122, -0.9116798841370009, 0.9133059354284718, -0.1277067062404047, 0.8979546135631256, 0.5726119718701219, 0.7325785971633969, -0.6536691570081037, -0.850102825973786, 0.2014854427555386, -0.6640556325631923, 0.4667603350211398, -0.18311227969597055, 0.05581764683584067, 0.875143167901884, 0.043392244889916, -0.7836132342255386, -0.6835531856304011, 0.09040530340642561, 0.04880816013694678, 0.2752204882519873, -0.1970091128194542, 0.2996102180386846, -0.20619999419653467, 0.24783222709644614, 0.5348099341802477, -0.6420521799177383, -0.24884846282491524, 0.005066118653868745, 0.3733341598326916, -0.4926407026772337, 0.10948172588511706, 0.24986168812819542, 0.7910023321122921, -0.27429282313374714, 0.2751141460374733, -0.6171071957620733, -0.004411770765388567, -0.6351091908575863, 0.8367660782795254, -0.13635585731754474, 0.6603762041966925, -0.16644739064327485, 0.8093351774867339, -0.19034956537818792, -0.33765099381775454, 0.14427754054549724, 0.6908872981882266, 0.7220286235061439, 0.19137623413666893, -0.8306767779591795, 0.19453321463834983, -0.5090925828337958, 0.46518689717993555, 0.7893025846334776, 0.0294679418262902, 0.20712702072041278, -0.8698643752343853, 0.08014945928561268, -0.7416264326591246, 0.22912569270066396, -0.2726993059103242, 0.5355160686614915, -0.902931727160895, -0.7803637637643119, 0.36804643024725525, 0.029307394167312983, 0.1432827432294983, 0.6874139879813108, -0.024524721700651453, 0.6202888442522898, 0.020487258589880097, 0.8534413864805024, 0.333855543079252, -0.7025463211318861, -0.27089364934848836, 0.7315498318881986, -0.29942957828896866, -0.6219484810876903, -0.0547573816684539, -0.21443765035574014, 0.23785985328818726, -0.12646741612097356, -0.47815568541100895, -0.17505557667448635, -0.16193193089539926, 0.8048437117522818, 0.9592325240809707, 0.24713767881382775, -0.8336317548582777, 0.46599743519199, 0.357370804957968, 0.6520457340504391, -0.3050973265778887, -0.8822398116837538, 0.2236436329105842, -0.751970763373456, 0.5190590583266628, 0.5888466351532844, -0.18274642650020412, 0.8875950117660911, -0.6524404124894483, 0.8851716994539605]",rhc,relu,False,False,100,[10],0.1,100,9
961,61,0.16964800003916025,1.7222753902047674,1433.0,100,15,"[0.9340596780273533, 0.09446449835144466, 0.9453687199297687, 0.4296319873487293, 0.3954576491945416, -0.5678210088392472, 0.9525489095524835, -0.9875394895908203, -0.4940352752331121, -0.13041693519110842, 0.5587658435875049, -0.6046298507994938, 0.7259864711984445, 0.9668013543506255, -0.6723155171906026, 0.19466788786571843, -0.98202780466489, -0.22685743471274122, -0.9116798841370009, 0.9133059354284718, -0.1277067062404047, 0.8979546135631256, 0.5726119718701219, 0.7325785971633969, -0.6536691570081037, -0.850102825973786, 0.2014854427555386, -0.6640556325631923, 0.4667603350211398, -0.18311227969597055, 0.05581764683584067, 0.875143167901884, 0.043392244889916, -0.7836132342255386, -0.6835531856304011, 0.09040530340642561, 0.04880816013694678, 0.2752204882519873, -0.1970091128194542, 0.2996102180386846, -0.20619999419653467, 0.24783222709644614, 0.5348099341802477, -0.6420521799177383, -0.24884846282491524, 0.005066118653868745, 0.3733341598326916, -0.4926407026772337, 0.10948172588511706, 0.24986168812819542, 0.7910023321122921, -0.27429282313374714, 0.2751141460374733, -0.6171071957620733, -0.004411770765388567, -0.6351091908575863, 0.8367660782795254, -0.13635585731754474, 0.6603762041966925, -0.16644739064327485, 0.8093351774867339, -0.19034956537818792, -0.33765099381775454, 0.14427754054549724, 0.6908872981882266, 0.7220286235061439, 0.19137623413666893, -0.8306767779591795, 0.19453321463834983, -0.5090925828337958, 0.46518689717993555, 0.7893025846334776, 0.0294679418262902, 0.20712702072041278, -0.8698643752343853, 0.08014945928561268, -0.7416264326591246, 0.22912569270066396, -0.2726993059103242, 0.5355160686614915, -0.902931727160895, -0.7803637637643119, 0.36804643024725525, 0.029307394167312983, 0.1432827432294983, 0.6874139879813108, -0.024524721700651453, 0.6202888442522898, 0.020487258589880097, 0.8534413864805024, 0.333855543079252, -0.7025463211318861, -0.27089364934848836, 0.7315498318881986, -0.29942957828896866, -0.6219484810876903, -0.0547573816684539, -0.21443765035574014, 0.23785985328818726, -0.12646741612097356, -0.47815568541100895, -0.17505557667448635, -0.16193193089539926, 0.8048437117522818, 0.9592325240809707, 0.24713767881382775, -0.8336317548582777, 0.46599743519199, 0.357370804957968, 0.6520457340504391, -0.3050973265778887, -0.8822398116837538, 0.2236436329105842, -0.751970763373456, 0.5190590583266628, 0.5888466351532844, -0.18274642650020412, 0.8875950117660911, -0.6524404124894483, 0.8851716994539605]",rhc,relu,False,False,100,[10],0.1,100,9
962,62,0.172666700091213,1.721865958777001,1435.0,100,15,"[0.9340596780273533, 0.09446449835144466, 0.9453687199297687, 0.4296319873487293, 0.3954576491945416, -0.5678210088392472, 0.9525489095524835, -0.9875394895908203, -0.4940352752331121, -0.13041693519110842, 0.5587658435875049, -0.6046298507994938, 0.7259864711984445, 0.9668013543506255, -0.6723155171906026, 0.19466788786571843, -0.98202780466489, -0.22685743471274122, -0.9116798841370009, 0.9133059354284718, -0.1277067062404047, 0.8979546135631256, 0.5726119718701219, 0.7325785971633969, -0.6536691570081037, -0.850102825973786, 0.2014854427555386, -0.6640556325631923, 0.4667603350211398, -0.18311227969597055, 0.05581764683584067, 0.875143167901884, 0.043392244889916, -0.7836132342255386, -0.6835531856304011, 0.09040530340642561, 0.04880816013694678, 0.2752204882519873, -0.1970091128194542, 0.2996102180386846, -0.20619999419653467, 0.24783222709644614, 0.5348099341802477, -0.6420521799177383, -0.24884846282491524, 0.005066118653868745, 0.3733341598326916, -0.4926407026772337, 0.10948172588511706, 0.24986168812819542, 0.7910023321122921, -0.27429282313374714, 0.2751141460374733, -0.6171071957620733, -0.004411770765388567, -0.6351091908575863, 0.8367660782795254, -0.13635585731754474, 0.6603762041966925, -0.16644739064327485, 0.8093351774867339, -0.19034956537818792, -0.33765099381775454, 0.14427754054549724, 0.6908872981882266, 0.7220286235061439, 0.19137623413666893, -0.8306767779591795, 0.19453321463834983, -0.5090925828337958, 0.46518689717993555, 0.7893025846334776, 0.0294679418262902, 0.20712702072041278, -0.8698643752343853, 0.08014945928561268, -0.7416264326591246, 0.22912569270066396, -0.2726993059103242, 0.5355160686614915, -0.902931727160895, -0.7803637637643119, 0.36804643024725525, 0.029307394167312983, 0.1432827432294983, 0.6874139879813108, -0.024524721700651453, 0.6202888442522898, 0.020487258589880097, 0.8534413864805024, 0.333855543079252, -0.7025463211318861, -0.27089364934848836, 0.7315498318881986, -0.29942957828896866, -0.6219484810876903, -0.0547573816684539, -0.21443765035574014, 0.23785985328818726, -0.12646741612097356, -0.47815568541100895, -0.17505557667448635, -0.16193193089539926, 0.8048437117522818, 0.9592325240809707, 0.24713767881382775, -0.8336317548582777, 0.46599743519199, 0.357370804957968, 0.6520457340504391, -0.3050973265778887, -0.8822398116837538, 0.2236436329105842, -0.751970763373456, 0.5190590583266628, 0.5888466351532844, -0.18274642650020412, 0.8875950117660911, -0.6524404124894483, 0.8851716994539605]",rhc,relu,False,False,100,[10],0.1,100,9
963,63,0.1759350000647828,1.721865958777001,1436.0,100,15,"[0.9340596780273533, 0.09446449835144466, 0.9453687199297687, 0.4296319873487293, 0.3954576491945416, -0.5678210088392472, 0.9525489095524835, -0.9875394895908203, -0.4940352752331121, -0.13041693519110842, 0.5587658435875049, -0.6046298507994938, 0.7259864711984445, 0.9668013543506255, -0.6723155171906026, 0.19466788786571843, -0.98202780466489, -0.22685743471274122, -0.9116798841370009, 0.9133059354284718, -0.1277067062404047, 0.8979546135631256, 0.5726119718701219, 0.7325785971633969, -0.6536691570081037, -0.850102825973786, 0.2014854427555386, -0.6640556325631923, 0.4667603350211398, -0.18311227969597055, 0.05581764683584067, 0.875143167901884, 0.043392244889916, -0.7836132342255386, -0.6835531856304011, 0.09040530340642561, 0.04880816013694678, 0.2752204882519873, -0.1970091128194542, 0.2996102180386846, -0.20619999419653467, 0.24783222709644614, 0.5348099341802477, -0.6420521799177383, -0.24884846282491524, 0.005066118653868745, 0.3733341598326916, -0.4926407026772337, 0.10948172588511706, 0.24986168812819542, 0.7910023321122921, -0.27429282313374714, 0.2751141460374733, -0.6171071957620733, -0.004411770765388567, -0.6351091908575863, 0.8367660782795254, -0.13635585731754474, 0.6603762041966925, -0.16644739064327485, 0.8093351774867339, -0.19034956537818792, -0.33765099381775454, 0.14427754054549724, 0.6908872981882266, 0.7220286235061439, 0.19137623413666893, -0.8306767779591795, 0.19453321463834983, -0.5090925828337958, 0.46518689717993555, 0.7893025846334776, 0.0294679418262902, 0.20712702072041278, -0.8698643752343853, 0.08014945928561268, -0.7416264326591246, 0.22912569270066396, -0.2726993059103242, 0.5355160686614915, -0.902931727160895, -0.7803637637643119, 0.36804643024725525, 0.029307394167312983, 0.1432827432294983, 0.6874139879813108, -0.024524721700651453, 0.6202888442522898, 0.020487258589880097, 0.8534413864805024, 0.333855543079252, -0.7025463211318861, -0.27089364934848836, 0.7315498318881986, -0.29942957828896866, -0.6219484810876903, -0.0547573816684539, -0.21443765035574014, 0.23785985328818726, -0.12646741612097356, -0.47815568541100895, -0.17505557667448635, -0.16193193089539926, 0.8048437117522818, 0.9592325240809707, 0.24713767881382775, -0.8336317548582777, 0.46599743519199, 0.357370804957968, 0.6520457340504391, -0.3050973265778887, -0.8822398116837538, 0.2236436329105842, -0.751970763373456, 0.5190590583266628, 0.5888466351532844, -0.18274642650020412, 0.8875950117660911, -0.6524404124894483, 0.8851716994539605]",rhc,relu,False,False,100,[10],0.1,100,9
964,64,0.17886750004254282,1.721865958777001,1437.0,100,15,"[0.9340596780273533, 0.09446449835144466, 0.9453687199297687, 0.4296319873487293, 0.3954576491945416, -0.5678210088392472, 0.9525489095524835, -0.9875394895908203, -0.4940352752331121, -0.13041693519110842, 0.5587658435875049, -0.6046298507994938, 0.7259864711984445, 0.9668013543506255, -0.6723155171906026, 0.19466788786571843, -0.98202780466489, -0.22685743471274122, -0.9116798841370009, 0.9133059354284718, -0.1277067062404047, 0.8979546135631256, 0.5726119718701219, 0.7325785971633969, -0.6536691570081037, -0.850102825973786, 0.2014854427555386, -0.6640556325631923, 0.4667603350211398, -0.18311227969597055, 0.05581764683584067, 0.875143167901884, 0.043392244889916, -0.7836132342255386, -0.6835531856304011, 0.09040530340642561, 0.04880816013694678, 0.2752204882519873, -0.1970091128194542, 0.2996102180386846, -0.20619999419653467, 0.24783222709644614, 0.5348099341802477, -0.6420521799177383, -0.24884846282491524, 0.005066118653868745, 0.3733341598326916, -0.4926407026772337, 0.10948172588511706, 0.24986168812819542, 0.7910023321122921, -0.27429282313374714, 0.2751141460374733, -0.6171071957620733, -0.004411770765388567, -0.6351091908575863, 0.8367660782795254, -0.13635585731754474, 0.6603762041966925, -0.16644739064327485, 0.8093351774867339, -0.19034956537818792, -0.33765099381775454, 0.14427754054549724, 0.6908872981882266, 0.7220286235061439, 0.19137623413666893, -0.8306767779591795, 0.19453321463834983, -0.5090925828337958, 0.46518689717993555, 0.7893025846334776, 0.0294679418262902, 0.20712702072041278, -0.8698643752343853, 0.08014945928561268, -0.7416264326591246, 0.22912569270066396, -0.2726993059103242, 0.5355160686614915, -0.902931727160895, -0.7803637637643119, 0.36804643024725525, 0.029307394167312983, 0.1432827432294983, 0.6874139879813108, -0.024524721700651453, 0.6202888442522898, 0.020487258589880097, 0.8534413864805024, 0.333855543079252, -0.7025463211318861, -0.27089364934848836, 0.7315498318881986, -0.29942957828896866, -0.6219484810876903, -0.0547573816684539, -0.21443765035574014, 0.23785985328818726, -0.12646741612097356, -0.47815568541100895, -0.17505557667448635, -0.16193193089539926, 0.8048437117522818, 0.9592325240809707, 0.24713767881382775, -0.8336317548582777, 0.46599743519199, 0.357370804957968, 0.6520457340504391, -0.3050973265778887, -0.8822398116837538, 0.2236436329105842, -0.751970763373456, 0.5190590583266628, 0.5888466351532844, -0.18274642650020412, 0.8875950117660911, -0.6524404124894483, 0.8851716994539605]",rhc,relu,False,False,100,[10],0.1,100,9
965,65,0.1803774000145495,1.7195280943991538,1439.0,100,15,"[0.9340596780273533, 0.09446449835144466, 0.9453687199297687, 0.4296319873487293, 0.3954576491945416, -0.5678210088392472, 0.9525489095524835, -0.9875394895908203, -0.4940352752331121, -0.13041693519110842, 0.5587658435875049, -0.6046298507994938, 0.7259864711984445, 0.9668013543506255, -0.6723155171906026, 0.19466788786571843, -0.98202780466489, -0.22685743471274122, -0.9116798841370009, 0.9133059354284718, -0.1277067062404047, 0.8979546135631256, 0.5726119718701219, 0.7325785971633969, -0.6536691570081037, -0.850102825973786, 0.2014854427555386, -0.6640556325631923, 0.4667603350211398, -0.18311227969597055, 0.05581764683584067, 0.875143167901884, 0.043392244889916, -0.7836132342255386, -0.6835531856304011, 0.09040530340642561, 0.04880816013694678, 0.2752204882519873, -0.1970091128194542, 0.2996102180386846, -0.20619999419653467, 0.24783222709644614, 0.5348099341802477, -0.6420521799177383, -0.24884846282491524, 0.005066118653868745, 0.3733341598326916, -0.4926407026772337, 0.10948172588511706, 0.24986168812819542, 0.7910023321122921, -0.27429282313374714, 0.2751141460374733, -0.6171071957620733, -0.004411770765388567, -0.6351091908575863, 0.8367660782795254, -0.13635585731754474, 0.6603762041966925, -0.16644739064327485, 0.8093351774867339, -0.19034956537818792, -0.33765099381775454, 0.14427754054549724, 0.6908872981882266, 0.7220286235061439, 0.19137623413666893, -0.8306767779591795, 0.19453321463834983, -0.5090925828337958, 0.46518689717993555, 0.7893025846334776, 0.0294679418262902, 0.20712702072041278, -0.8698643752343853, 0.08014945928561268, -0.7416264326591246, 0.22912569270066396, -0.2726993059103242, 0.5355160686614915, -0.902931727160895, -0.7803637637643119, 0.36804643024725525, 0.029307394167312983, 0.1432827432294983, 0.6874139879813108, -0.024524721700651453, 0.6202888442522898, 0.020487258589880097, 0.8534413864805024, 0.333855543079252, -0.7025463211318861, -0.27089364934848836, 0.7315498318881986, -0.29942957828896866, -0.6219484810876903, -0.0547573816684539, -0.21443765035574014, 0.23785985328818726, -0.12646741612097356, -0.47815568541100895, -0.17505557667448635, -0.16193193089539926, 0.8048437117522818, 0.9592325240809707, 0.24713767881382775, -0.8336317548582777, 0.46599743519199, 0.357370804957968, 0.6520457340504391, -0.3050973265778887, -0.8822398116837538, 0.2236436329105842, -0.751970763373456, 0.5190590583266628, 0.5888466351532844, -0.18274642650020412, 0.8875950117660911, -0.6524404124894483, 0.8851716994539605]",rhc,relu,False,False,100,[10],0.1,100,9
966,66,0.18194050004240125,1.7195280943991538,1440.0,100,15,"[0.9340596780273533, 0.09446449835144466, 0.9453687199297687, 0.4296319873487293, 0.3954576491945416, -0.5678210088392472, 0.9525489095524835, -0.9875394895908203, -0.4940352752331121, -0.13041693519110842, 0.5587658435875049, -0.6046298507994938, 0.7259864711984445, 0.9668013543506255, -0.6723155171906026, 0.19466788786571843, -0.98202780466489, -0.22685743471274122, -0.9116798841370009, 0.9133059354284718, -0.1277067062404047, 0.8979546135631256, 0.5726119718701219, 0.7325785971633969, -0.6536691570081037, -0.850102825973786, 0.2014854427555386, -0.6640556325631923, 0.4667603350211398, -0.18311227969597055, 0.05581764683584067, 0.875143167901884, 0.043392244889916, -0.7836132342255386, -0.6835531856304011, 0.09040530340642561, 0.04880816013694678, 0.2752204882519873, -0.1970091128194542, 0.2996102180386846, -0.20619999419653467, 0.24783222709644614, 0.5348099341802477, -0.6420521799177383, -0.24884846282491524, 0.005066118653868745, 0.3733341598326916, -0.4926407026772337, 0.10948172588511706, 0.24986168812819542, 0.7910023321122921, -0.27429282313374714, 0.2751141460374733, -0.6171071957620733, -0.004411770765388567, -0.6351091908575863, 0.8367660782795254, -0.13635585731754474, 0.6603762041966925, -0.16644739064327485, 0.8093351774867339, -0.19034956537818792, -0.33765099381775454, 0.14427754054549724, 0.6908872981882266, 0.7220286235061439, 0.19137623413666893, -0.8306767779591795, 0.19453321463834983, -0.5090925828337958, 0.46518689717993555, 0.7893025846334776, 0.0294679418262902, 0.20712702072041278, -0.8698643752343853, 0.08014945928561268, -0.7416264326591246, 0.22912569270066396, -0.2726993059103242, 0.5355160686614915, -0.902931727160895, -0.7803637637643119, 0.36804643024725525, 0.029307394167312983, 0.1432827432294983, 0.6874139879813108, -0.024524721700651453, 0.6202888442522898, 0.020487258589880097, 0.8534413864805024, 0.333855543079252, -0.7025463211318861, -0.27089364934848836, 0.7315498318881986, -0.29942957828896866, -0.6219484810876903, -0.0547573816684539, -0.21443765035574014, 0.23785985328818726, -0.12646741612097356, -0.47815568541100895, -0.17505557667448635, -0.16193193089539926, 0.8048437117522818, 0.9592325240809707, 0.24713767881382775, -0.8336317548582777, 0.46599743519199, 0.357370804957968, 0.6520457340504391, -0.3050973265778887, -0.8822398116837538, 0.2236436329105842, -0.751970763373456, 0.5190590583266628, 0.5888466351532844, -0.18274642650020412, 0.8875950117660911, -0.6524404124894483, 0.8851716994539605]",rhc,relu,False,False,100,[10],0.1,100,9
967,67,0.1847929999930784,1.7170562768765634,1442.0,100,15,"[0.9340596780273533, 0.09446449835144466, 0.9453687199297687, 0.4296319873487293, 0.3954576491945416, -0.5678210088392472, 0.9525489095524835, -0.9875394895908203, -0.4940352752331121, -0.13041693519110842, 0.5587658435875049, -0.6046298507994938, 0.7259864711984445, 0.9668013543506255, -0.6723155171906026, 0.19466788786571843, -0.98202780466489, -0.22685743471274122, -0.9116798841370009, 0.9133059354284718, -0.1277067062404047, 0.8979546135631256, 0.5726119718701219, 0.7325785971633969, -0.6536691570081037, -0.850102825973786, 0.2014854427555386, -0.6640556325631923, 0.4667603350211398, -0.18311227969597055, 0.05581764683584067, 0.875143167901884, 0.043392244889916, -0.7836132342255386, -0.6835531856304011, 0.09040530340642561, 0.04880816013694678, 0.2752204882519873, -0.1970091128194542, 0.2996102180386846, -0.20619999419653467, 0.24783222709644614, 0.5348099341802477, -0.6420521799177383, -0.24884846282491524, 0.005066118653868745, 0.3733341598326916, -0.4926407026772337, 0.10948172588511706, 0.24986168812819542, 0.7910023321122921, -0.27429282313374714, 0.2751141460374733, -0.6171071957620733, -0.004411770765388567, -0.6351091908575863, 0.8367660782795254, -0.13635585731754474, 0.6603762041966925, -0.16644739064327485, 0.8093351774867339, -0.19034956537818792, -0.33765099381775454, 0.14427754054549724, 0.6908872981882266, 0.7220286235061439, 0.19137623413666893, -0.8306767779591795, 0.19453321463834983, -0.5090925828337958, 0.46518689717993555, 0.7893025846334776, 0.0294679418262902, 0.20712702072041278, -0.8698643752343853, 0.08014945928561268, -0.7416264326591246, 0.22912569270066396, -0.2726993059103242, 0.5355160686614915, -0.902931727160895, -0.7803637637643119, 0.36804643024725525, 0.029307394167312983, 0.1432827432294983, 0.6874139879813108, -0.024524721700651453, 0.6202888442522898, 0.020487258589880097, 0.8534413864805024, 0.333855543079252, -0.7025463211318861, -0.27089364934848836, 0.7315498318881986, -0.29942957828896866, -0.6219484810876903, -0.0547573816684539, -0.21443765035574014, 0.23785985328818726, -0.12646741612097356, -0.47815568541100895, -0.17505557667448635, -0.16193193089539926, 0.8048437117522818, 0.9592325240809707, 0.24713767881382775, -0.8336317548582777, 0.46599743519199, 0.357370804957968, 0.6520457340504391, -0.3050973265778887, -0.8822398116837538, 0.2236436329105842, -0.751970763373456, 0.5190590583266628, 0.5888466351532844, -0.18274642650020412, 0.8875950117660911, -0.6524404124894483, 0.8851716994539605]",rhc,relu,False,False,100,[10],0.1,100,9
968,68,0.18640930007677525,1.7130997021019863,1444.0,100,15,"[0.9340596780273533, 0.09446449835144466, 0.9453687199297687, 0.4296319873487293, 0.3954576491945416, -0.5678210088392472, 0.9525489095524835, -0.9875394895908203, -0.4940352752331121, -0.13041693519110842, 0.5587658435875049, -0.6046298507994938, 0.7259864711984445, 0.9668013543506255, -0.6723155171906026, 0.19466788786571843, -0.98202780466489, -0.22685743471274122, -0.9116798841370009, 0.9133059354284718, -0.1277067062404047, 0.8979546135631256, 0.5726119718701219, 0.7325785971633969, -0.6536691570081037, -0.850102825973786, 0.2014854427555386, -0.6640556325631923, 0.4667603350211398, -0.18311227969597055, 0.05581764683584067, 0.875143167901884, 0.043392244889916, -0.7836132342255386, -0.6835531856304011, 0.09040530340642561, 0.04880816013694678, 0.2752204882519873, -0.1970091128194542, 0.2996102180386846, -0.20619999419653467, 0.24783222709644614, 0.5348099341802477, -0.6420521799177383, -0.24884846282491524, 0.005066118653868745, 0.3733341598326916, -0.4926407026772337, 0.10948172588511706, 0.24986168812819542, 0.7910023321122921, -0.27429282313374714, 0.2751141460374733, -0.6171071957620733, -0.004411770765388567, -0.6351091908575863, 0.8367660782795254, -0.13635585731754474, 0.6603762041966925, -0.16644739064327485, 0.8093351774867339, -0.19034956537818792, -0.33765099381775454, 0.14427754054549724, 0.6908872981882266, 0.7220286235061439, 0.19137623413666893, -0.8306767779591795, 0.19453321463834983, -0.5090925828337958, 0.46518689717993555, 0.7893025846334776, 0.0294679418262902, 0.20712702072041278, -0.8698643752343853, 0.08014945928561268, -0.7416264326591246, 0.22912569270066396, -0.2726993059103242, 0.5355160686614915, -0.902931727160895, -0.7803637637643119, 0.36804643024725525, 0.029307394167312983, 0.1432827432294983, 0.6874139879813108, -0.024524721700651453, 0.6202888442522898, 0.020487258589880097, 0.8534413864805024, 0.333855543079252, -0.7025463211318861, -0.27089364934848836, 0.7315498318881986, -0.29942957828896866, -0.6219484810876903, -0.0547573816684539, -0.21443765035574014, 0.23785985328818726, -0.12646741612097356, -0.47815568541100895, -0.17505557667448635, -0.16193193089539926, 0.8048437117522818, 0.9592325240809707, 0.24713767881382775, -0.8336317548582777, 0.46599743519199, 0.357370804957968, 0.6520457340504391, -0.3050973265778887, -0.8822398116837538, 0.2236436329105842, -0.751970763373456, 0.5190590583266628, 0.5888466351532844, -0.18274642650020412, 0.8875950117660911, -0.6524404124894483, 0.8851716994539605]",rhc,relu,False,False,100,[10],0.1,100,9
969,69,0.18797269999049604,1.7130997021019863,1445.0,100,15,"[0.9340596780273533, 0.09446449835144466, 0.9453687199297687, 0.4296319873487293, 0.3954576491945416, -0.5678210088392472, 0.9525489095524835, -0.9875394895908203, -0.4940352752331121, -0.13041693519110842, 0.5587658435875049, -0.6046298507994938, 0.7259864711984445, 0.9668013543506255, -0.6723155171906026, 0.19466788786571843, -0.98202780466489, -0.22685743471274122, -0.9116798841370009, 0.9133059354284718, -0.1277067062404047, 0.8979546135631256, 0.5726119718701219, 0.7325785971633969, -0.6536691570081037, -0.850102825973786, 0.2014854427555386, -0.6640556325631923, 0.4667603350211398, -0.18311227969597055, 0.05581764683584067, 0.875143167901884, 0.043392244889916, -0.7836132342255386, -0.6835531856304011, 0.09040530340642561, 0.04880816013694678, 0.2752204882519873, -0.1970091128194542, 0.2996102180386846, -0.20619999419653467, 0.24783222709644614, 0.5348099341802477, -0.6420521799177383, -0.24884846282491524, 0.005066118653868745, 0.3733341598326916, -0.4926407026772337, 0.10948172588511706, 0.24986168812819542, 0.7910023321122921, -0.27429282313374714, 0.2751141460374733, -0.6171071957620733, -0.004411770765388567, -0.6351091908575863, 0.8367660782795254, -0.13635585731754474, 0.6603762041966925, -0.16644739064327485, 0.8093351774867339, -0.19034956537818792, -0.33765099381775454, 0.14427754054549724, 0.6908872981882266, 0.7220286235061439, 0.19137623413666893, -0.8306767779591795, 0.19453321463834983, -0.5090925828337958, 0.46518689717993555, 0.7893025846334776, 0.0294679418262902, 0.20712702072041278, -0.8698643752343853, 0.08014945928561268, -0.7416264326591246, 0.22912569270066396, -0.2726993059103242, 0.5355160686614915, -0.902931727160895, -0.7803637637643119, 0.36804643024725525, 0.029307394167312983, 0.1432827432294983, 0.6874139879813108, -0.024524721700651453, 0.6202888442522898, 0.020487258589880097, 0.8534413864805024, 0.333855543079252, -0.7025463211318861, -0.27089364934848836, 0.7315498318881986, -0.29942957828896866, -0.6219484810876903, -0.0547573816684539, -0.21443765035574014, 0.23785985328818726, -0.12646741612097356, -0.47815568541100895, -0.17505557667448635, -0.16193193089539926, 0.8048437117522818, 0.9592325240809707, 0.24713767881382775, -0.8336317548582777, 0.46599743519199, 0.357370804957968, 0.6520457340504391, -0.3050973265778887, -0.8822398116837538, 0.2236436329105842, -0.751970763373456, 0.5190590583266628, 0.5888466351532844, -0.18274642650020412, 0.8875950117660911, -0.6524404124894483, 0.8851716994539605]",rhc,relu,False,False,100,[10],0.1,100,9
970,70,0.1908457000972703,1.7130997021019863,1446.0,100,15,"[0.9340596780273533, 0.09446449835144466, 0.9453687199297687, 0.4296319873487293, 0.3954576491945416, -0.5678210088392472, 0.9525489095524835, -0.9875394895908203, -0.4940352752331121, -0.13041693519110842, 0.5587658435875049, -0.6046298507994938, 0.7259864711984445, 0.9668013543506255, -0.6723155171906026, 0.19466788786571843, -0.98202780466489, -0.22685743471274122, -0.9116798841370009, 0.9133059354284718, -0.1277067062404047, 0.8979546135631256, 0.5726119718701219, 0.7325785971633969, -0.6536691570081037, -0.850102825973786, 0.2014854427555386, -0.6640556325631923, 0.4667603350211398, -0.18311227969597055, 0.05581764683584067, 0.875143167901884, 0.043392244889916, -0.7836132342255386, -0.6835531856304011, 0.09040530340642561, 0.04880816013694678, 0.2752204882519873, -0.1970091128194542, 0.2996102180386846, -0.20619999419653467, 0.24783222709644614, 0.5348099341802477, -0.6420521799177383, -0.24884846282491524, 0.005066118653868745, 0.3733341598326916, -0.4926407026772337, 0.10948172588511706, 0.24986168812819542, 0.7910023321122921, -0.27429282313374714, 0.2751141460374733, -0.6171071957620733, -0.004411770765388567, -0.6351091908575863, 0.8367660782795254, -0.13635585731754474, 0.6603762041966925, -0.16644739064327485, 0.8093351774867339, -0.19034956537818792, -0.33765099381775454, 0.14427754054549724, 0.6908872981882266, 0.7220286235061439, 0.19137623413666893, -0.8306767779591795, 0.19453321463834983, -0.5090925828337958, 0.46518689717993555, 0.7893025846334776, 0.0294679418262902, 0.20712702072041278, -0.8698643752343853, 0.08014945928561268, -0.7416264326591246, 0.22912569270066396, -0.2726993059103242, 0.5355160686614915, -0.902931727160895, -0.7803637637643119, 0.36804643024725525, 0.029307394167312983, 0.1432827432294983, 0.6874139879813108, -0.024524721700651453, 0.6202888442522898, 0.020487258589880097, 0.8534413864805024, 0.333855543079252, -0.7025463211318861, -0.27089364934848836, 0.7315498318881986, -0.29942957828896866, -0.6219484810876903, -0.0547573816684539, -0.21443765035574014, 0.23785985328818726, -0.12646741612097356, -0.47815568541100895, -0.17505557667448635, -0.16193193089539926, 0.8048437117522818, 0.9592325240809707, 0.24713767881382775, -0.8336317548582777, 0.46599743519199, 0.357370804957968, 0.6520457340504391, -0.3050973265778887, -0.8822398116837538, 0.2236436329105842, -0.751970763373456, 0.5190590583266628, 0.5888466351532844, -0.18274642650020412, 0.8875950117660911, -0.6524404124894483, 0.8851716994539605]",rhc,relu,False,False,100,[10],0.1,100,9
971,71,0.1941902000689879,1.7089647730105584,1448.0,100,15,"[0.9340596780273533, 0.09446449835144466, 0.9453687199297687, 0.4296319873487293, 0.3954576491945416, -0.5678210088392472, 0.9525489095524835, -0.9875394895908203, -0.4940352752331121, -0.13041693519110842, 0.5587658435875049, -0.6046298507994938, 0.7259864711984445, 0.9668013543506255, -0.6723155171906026, 0.19466788786571843, -0.98202780466489, -0.22685743471274122, -0.9116798841370009, 0.9133059354284718, -0.1277067062404047, 0.8979546135631256, 0.5726119718701219, 0.7325785971633969, -0.6536691570081037, -0.850102825973786, 0.2014854427555386, -0.6640556325631923, 0.4667603350211398, -0.18311227969597055, 0.05581764683584067, 0.875143167901884, 0.043392244889916, -0.7836132342255386, -0.6835531856304011, 0.09040530340642561, 0.04880816013694678, 0.2752204882519873, -0.1970091128194542, 0.2996102180386846, -0.20619999419653467, 0.24783222709644614, 0.5348099341802477, -0.6420521799177383, -0.24884846282491524, 0.005066118653868745, 0.3733341598326916, -0.4926407026772337, 0.10948172588511706, 0.24986168812819542, 0.7910023321122921, -0.27429282313374714, 0.2751141460374733, -0.6171071957620733, -0.004411770765388567, -0.6351091908575863, 0.8367660782795254, -0.13635585731754474, 0.6603762041966925, -0.16644739064327485, 0.8093351774867339, -0.19034956537818792, -0.33765099381775454, 0.14427754054549724, 0.6908872981882266, 0.7220286235061439, 0.19137623413666893, -0.8306767779591795, 0.19453321463834983, -0.5090925828337958, 0.46518689717993555, 0.7893025846334776, 0.0294679418262902, 0.20712702072041278, -0.8698643752343853, 0.08014945928561268, -0.7416264326591246, 0.22912569270066396, -0.2726993059103242, 0.5355160686614915, -0.902931727160895, -0.7803637637643119, 0.36804643024725525, 0.029307394167312983, 0.1432827432294983, 0.6874139879813108, -0.024524721700651453, 0.6202888442522898, 0.020487258589880097, 0.8534413864805024, 0.333855543079252, -0.7025463211318861, -0.27089364934848836, 0.7315498318881986, -0.29942957828896866, -0.6219484810876903, -0.0547573816684539, -0.21443765035574014, 0.23785985328818726, -0.12646741612097356, -0.47815568541100895, -0.17505557667448635, -0.16193193089539926, 0.8048437117522818, 0.9592325240809707, 0.24713767881382775, -0.8336317548582777, 0.46599743519199, 0.357370804957968, 0.6520457340504391, -0.3050973265778887, -0.8822398116837538, 0.2236436329105842, -0.751970763373456, 0.5190590583266628, 0.5888466351532844, -0.18274642650020412, 0.8875950117660911, -0.6524404124894483, 0.8851716994539605]",rhc,relu,False,False,100,[10],0.1,100,9
972,72,0.19706690008752048,1.7089647730105584,1449.0,100,15,"[0.9340596780273533, 0.09446449835144466, 0.9453687199297687, 0.4296319873487293, 0.3954576491945416, -0.5678210088392472, 0.9525489095524835, -0.9875394895908203, -0.4940352752331121, -0.13041693519110842, 0.5587658435875049, -0.6046298507994938, 0.7259864711984445, 0.9668013543506255, -0.6723155171906026, 0.19466788786571843, -0.98202780466489, -0.22685743471274122, -0.9116798841370009, 0.9133059354284718, -0.1277067062404047, 0.8979546135631256, 0.5726119718701219, 0.7325785971633969, -0.6536691570081037, -0.850102825973786, 0.2014854427555386, -0.6640556325631923, 0.4667603350211398, -0.18311227969597055, 0.05581764683584067, 0.875143167901884, 0.043392244889916, -0.7836132342255386, -0.6835531856304011, 0.09040530340642561, 0.04880816013694678, 0.2752204882519873, -0.1970091128194542, 0.2996102180386846, -0.20619999419653467, 0.24783222709644614, 0.5348099341802477, -0.6420521799177383, -0.24884846282491524, 0.005066118653868745, 0.3733341598326916, -0.4926407026772337, 0.10948172588511706, 0.24986168812819542, 0.7910023321122921, -0.27429282313374714, 0.2751141460374733, -0.6171071957620733, -0.004411770765388567, -0.6351091908575863, 0.8367660782795254, -0.13635585731754474, 0.6603762041966925, -0.16644739064327485, 0.8093351774867339, -0.19034956537818792, -0.33765099381775454, 0.14427754054549724, 0.6908872981882266, 0.7220286235061439, 0.19137623413666893, -0.8306767779591795, 0.19453321463834983, -0.5090925828337958, 0.46518689717993555, 0.7893025846334776, 0.0294679418262902, 0.20712702072041278, -0.8698643752343853, 0.08014945928561268, -0.7416264326591246, 0.22912569270066396, -0.2726993059103242, 0.5355160686614915, -0.902931727160895, -0.7803637637643119, 0.36804643024725525, 0.029307394167312983, 0.1432827432294983, 0.6874139879813108, -0.024524721700651453, 0.6202888442522898, 0.020487258589880097, 0.8534413864805024, 0.333855543079252, -0.7025463211318861, -0.27089364934848836, 0.7315498318881986, -0.29942957828896866, -0.6219484810876903, -0.0547573816684539, -0.21443765035574014, 0.23785985328818726, -0.12646741612097356, -0.47815568541100895, -0.17505557667448635, -0.16193193089539926, 0.8048437117522818, 0.9592325240809707, 0.24713767881382775, -0.8336317548582777, 0.46599743519199, 0.357370804957968, 0.6520457340504391, -0.3050973265778887, -0.8822398116837538, 0.2236436329105842, -0.751970763373456, 0.5190590583266628, 0.5888466351532844, -0.18274642650020412, 0.8875950117660911, -0.6524404124894483, 0.8851716994539605]",rhc,relu,False,False,100,[10],0.1,100,9
973,73,0.19875830004457384,1.7089647730105584,1450.0,100,15,"[0.9340596780273533, 0.09446449835144466, 0.9453687199297687, 0.4296319873487293, 0.3954576491945416, -0.5678210088392472, 0.9525489095524835, -0.9875394895908203, -0.4940352752331121, -0.13041693519110842, 0.5587658435875049, -0.6046298507994938, 0.7259864711984445, 0.9668013543506255, -0.6723155171906026, 0.19466788786571843, -0.98202780466489, -0.22685743471274122, -0.9116798841370009, 0.9133059354284718, -0.1277067062404047, 0.8979546135631256, 0.5726119718701219, 0.7325785971633969, -0.6536691570081037, -0.850102825973786, 0.2014854427555386, -0.6640556325631923, 0.4667603350211398, -0.18311227969597055, 0.05581764683584067, 0.875143167901884, 0.043392244889916, -0.7836132342255386, -0.6835531856304011, 0.09040530340642561, 0.04880816013694678, 0.2752204882519873, -0.1970091128194542, 0.2996102180386846, -0.20619999419653467, 0.24783222709644614, 0.5348099341802477, -0.6420521799177383, -0.24884846282491524, 0.005066118653868745, 0.3733341598326916, -0.4926407026772337, 0.10948172588511706, 0.24986168812819542, 0.7910023321122921, -0.27429282313374714, 0.2751141460374733, -0.6171071957620733, -0.004411770765388567, -0.6351091908575863, 0.8367660782795254, -0.13635585731754474, 0.6603762041966925, -0.16644739064327485, 0.8093351774867339, -0.19034956537818792, -0.33765099381775454, 0.14427754054549724, 0.6908872981882266, 0.7220286235061439, 0.19137623413666893, -0.8306767779591795, 0.19453321463834983, -0.5090925828337958, 0.46518689717993555, 0.7893025846334776, 0.0294679418262902, 0.20712702072041278, -0.8698643752343853, 0.08014945928561268, -0.7416264326591246, 0.22912569270066396, -0.2726993059103242, 0.5355160686614915, -0.902931727160895, -0.7803637637643119, 0.36804643024725525, 0.029307394167312983, 0.1432827432294983, 0.6874139879813108, -0.024524721700651453, 0.6202888442522898, 0.020487258589880097, 0.8534413864805024, 0.333855543079252, -0.7025463211318861, -0.27089364934848836, 0.7315498318881986, -0.29942957828896866, -0.6219484810876903, -0.0547573816684539, -0.21443765035574014, 0.23785985328818726, -0.12646741612097356, -0.47815568541100895, -0.17505557667448635, -0.16193193089539926, 0.8048437117522818, 0.9592325240809707, 0.24713767881382775, -0.8336317548582777, 0.46599743519199, 0.357370804957968, 0.6520457340504391, -0.3050973265778887, -0.8822398116837538, 0.2236436329105842, -0.751970763373456, 0.5190590583266628, 0.5888466351532844, -0.18274642650020412, 0.8875950117660911, -0.6524404124894483, 0.8851716994539605]",rhc,relu,False,False,100,[10],0.1,100,9
974,74,0.20192090002819896,1.7089647730105584,1451.0,100,15,"[0.9340596780273533, 0.09446449835144466, 0.9453687199297687, 0.4296319873487293, 0.3954576491945416, -0.5678210088392472, 0.9525489095524835, -0.9875394895908203, -0.4940352752331121, -0.13041693519110842, 0.5587658435875049, -0.6046298507994938, 0.7259864711984445, 0.9668013543506255, -0.6723155171906026, 0.19466788786571843, -0.98202780466489, -0.22685743471274122, -0.9116798841370009, 0.9133059354284718, -0.1277067062404047, 0.8979546135631256, 0.5726119718701219, 0.7325785971633969, -0.6536691570081037, -0.850102825973786, 0.2014854427555386, -0.6640556325631923, 0.4667603350211398, -0.18311227969597055, 0.05581764683584067, 0.875143167901884, 0.043392244889916, -0.7836132342255386, -0.6835531856304011, 0.09040530340642561, 0.04880816013694678, 0.2752204882519873, -0.1970091128194542, 0.2996102180386846, -0.20619999419653467, 0.24783222709644614, 0.5348099341802477, -0.6420521799177383, -0.24884846282491524, 0.005066118653868745, 0.3733341598326916, -0.4926407026772337, 0.10948172588511706, 0.24986168812819542, 0.7910023321122921, -0.27429282313374714, 0.2751141460374733, -0.6171071957620733, -0.004411770765388567, -0.6351091908575863, 0.8367660782795254, -0.13635585731754474, 0.6603762041966925, -0.16644739064327485, 0.8093351774867339, -0.19034956537818792, -0.33765099381775454, 0.14427754054549724, 0.6908872981882266, 0.7220286235061439, 0.19137623413666893, -0.8306767779591795, 0.19453321463834983, -0.5090925828337958, 0.46518689717993555, 0.7893025846334776, 0.0294679418262902, 0.20712702072041278, -0.8698643752343853, 0.08014945928561268, -0.7416264326591246, 0.22912569270066396, -0.2726993059103242, 0.5355160686614915, -0.902931727160895, -0.7803637637643119, 0.36804643024725525, 0.029307394167312983, 0.1432827432294983, 0.6874139879813108, -0.024524721700651453, 0.6202888442522898, 0.020487258589880097, 0.8534413864805024, 0.333855543079252, -0.7025463211318861, -0.27089364934848836, 0.7315498318881986, -0.29942957828896866, -0.6219484810876903, -0.0547573816684539, -0.21443765035574014, 0.23785985328818726, -0.12646741612097356, -0.47815568541100895, -0.17505557667448635, -0.16193193089539926, 0.8048437117522818, 0.9592325240809707, 0.24713767881382775, -0.8336317548582777, 0.46599743519199, 0.357370804957968, 0.6520457340504391, -0.3050973265778887, -0.8822398116837538, 0.2236436329105842, -0.751970763373456, 0.5190590583266628, 0.5888466351532844, -0.18274642650020412, 0.8875950117660911, -0.6524404124894483, 0.8851716994539605]",rhc,relu,False,False,100,[10],0.1,100,9
975,75,0.2034730000887066,1.7084032173538857,1453.0,100,15,"[0.9340596780273533, 0.09446449835144466, 0.9453687199297687, 0.4296319873487293, 0.3954576491945416, -0.5678210088392472, 0.9525489095524835, -0.9875394895908203, -0.4940352752331121, -0.13041693519110842, 0.5587658435875049, -0.6046298507994938, 0.7259864711984445, 0.9668013543506255, -0.6723155171906026, 0.19466788786571843, -0.98202780466489, -0.22685743471274122, -0.9116798841370009, 0.9133059354284718, -0.1277067062404047, 0.8979546135631256, 0.5726119718701219, 0.7325785971633969, -0.6536691570081037, -0.850102825973786, 0.2014854427555386, -0.6640556325631923, 0.4667603350211398, -0.18311227969597055, 0.05581764683584067, 0.875143167901884, 0.043392244889916, -0.7836132342255386, -0.6835531856304011, 0.09040530340642561, 0.04880816013694678, 0.2752204882519873, -0.1970091128194542, 0.2996102180386846, -0.20619999419653467, 0.24783222709644614, 0.5348099341802477, -0.6420521799177383, -0.24884846282491524, 0.005066118653868745, 0.3733341598326916, -0.4926407026772337, 0.10948172588511706, 0.24986168812819542, 0.7910023321122921, -0.27429282313374714, 0.2751141460374733, -0.6171071957620733, -0.004411770765388567, -0.6351091908575863, 0.8367660782795254, -0.13635585731754474, 0.6603762041966925, -0.16644739064327485, 0.8093351774867339, -0.19034956537818792, -0.33765099381775454, 0.14427754054549724, 0.6908872981882266, 0.7220286235061439, 0.19137623413666893, -0.8306767779591795, 0.19453321463834983, -0.5090925828337958, 0.46518689717993555, 0.7893025846334776, 0.0294679418262902, 0.20712702072041278, -0.8698643752343853, 0.08014945928561268, -0.7416264326591246, 0.22912569270066396, -0.2726993059103242, 0.5355160686614915, -0.902931727160895, -0.7803637637643119, 0.36804643024725525, 0.029307394167312983, 0.1432827432294983, 0.6874139879813108, -0.024524721700651453, 0.6202888442522898, 0.020487258589880097, 0.8534413864805024, 0.333855543079252, -0.7025463211318861, -0.27089364934848836, 0.7315498318881986, -0.29942957828896866, -0.6219484810876903, -0.0547573816684539, -0.21443765035574014, 0.23785985328818726, -0.12646741612097356, -0.47815568541100895, -0.17505557667448635, -0.16193193089539926, 0.8048437117522818, 0.9592325240809707, 0.24713767881382775, -0.8336317548582777, 0.46599743519199, 0.357370804957968, 0.6520457340504391, -0.3050973265778887, -0.8822398116837538, 0.2236436329105842, -0.751970763373456, 0.5190590583266628, 0.5888466351532844, -0.18274642650020412, 0.8875950117660911, -0.6524404124894483, 0.8851716994539605]",rhc,relu,False,False,100,[10],0.1,100,9
976,76,0.2065150000853464,1.7078758604390154,1455.0,100,15,"[0.9340596780273533, 0.09446449835144466, 0.9453687199297687, 0.4296319873487293, 0.3954576491945416, -0.5678210088392472, 0.9525489095524835, -0.9875394895908203, -0.4940352752331121, -0.13041693519110842, 0.5587658435875049, -0.6046298507994938, 0.7259864711984445, 0.9668013543506255, -0.6723155171906026, 0.19466788786571843, -0.98202780466489, -0.22685743471274122, -0.9116798841370009, 0.9133059354284718, -0.1277067062404047, 0.8979546135631256, 0.5726119718701219, 0.7325785971633969, -0.6536691570081037, -0.850102825973786, 0.2014854427555386, -0.6640556325631923, 0.4667603350211398, -0.18311227969597055, 0.05581764683584067, 0.875143167901884, 0.043392244889916, -0.7836132342255386, -0.6835531856304011, 0.09040530340642561, 0.04880816013694678, 0.2752204882519873, -0.1970091128194542, 0.2996102180386846, -0.20619999419653467, 0.24783222709644614, 0.5348099341802477, -0.6420521799177383, -0.24884846282491524, 0.005066118653868745, 0.3733341598326916, -0.4926407026772337, 0.10948172588511706, 0.24986168812819542, 0.7910023321122921, -0.27429282313374714, 0.2751141460374733, -0.6171071957620733, -0.004411770765388567, -0.6351091908575863, 0.8367660782795254, -0.13635585731754474, 0.6603762041966925, -0.16644739064327485, 0.8093351774867339, -0.19034956537818792, -0.33765099381775454, 0.14427754054549724, 0.6908872981882266, 0.7220286235061439, 0.19137623413666893, -0.8306767779591795, 0.19453321463834983, -0.5090925828337958, 0.46518689717993555, 0.7893025846334776, 0.0294679418262902, 0.20712702072041278, -0.8698643752343853, 0.08014945928561268, -0.7416264326591246, 0.22912569270066396, -0.2726993059103242, 0.5355160686614915, -0.902931727160895, -0.7803637637643119, 0.36804643024725525, 0.029307394167312983, 0.1432827432294983, 0.6874139879813108, -0.024524721700651453, 0.6202888442522898, 0.020487258589880097, 0.8534413864805024, 0.333855543079252, -0.7025463211318861, -0.27089364934848836, 0.7315498318881986, -0.29942957828896866, -0.6219484810876903, -0.0547573816684539, -0.21443765035574014, 0.23785985328818726, -0.12646741612097356, -0.47815568541100895, -0.17505557667448635, -0.16193193089539926, 0.8048437117522818, 0.9592325240809707, 0.24713767881382775, -0.8336317548582777, 0.46599743519199, 0.357370804957968, 0.6520457340504391, -0.3050973265778887, -0.8822398116837538, 0.2236436329105842, -0.751970763373456, 0.5190590583266628, 0.5888466351532844, -0.18274642650020412, 0.8875950117660911, -0.6524404124894483, 0.8851716994539605]",rhc,relu,False,False,100,[10],0.1,100,9
977,77,0.20961990009527653,1.7078758604390154,1456.0,100,15,"[0.9340596780273533, 0.09446449835144466, 0.9453687199297687, 0.4296319873487293, 0.3954576491945416, -0.5678210088392472, 0.9525489095524835, -0.9875394895908203, -0.4940352752331121, -0.13041693519110842, 0.5587658435875049, -0.6046298507994938, 0.7259864711984445, 0.9668013543506255, -0.6723155171906026, 0.19466788786571843, -0.98202780466489, -0.22685743471274122, -0.9116798841370009, 0.9133059354284718, -0.1277067062404047, 0.8979546135631256, 0.5726119718701219, 0.7325785971633969, -0.6536691570081037, -0.850102825973786, 0.2014854427555386, -0.6640556325631923, 0.4667603350211398, -0.18311227969597055, 0.05581764683584067, 0.875143167901884, 0.043392244889916, -0.7836132342255386, -0.6835531856304011, 0.09040530340642561, 0.04880816013694678, 0.2752204882519873, -0.1970091128194542, 0.2996102180386846, -0.20619999419653467, 0.24783222709644614, 0.5348099341802477, -0.6420521799177383, -0.24884846282491524, 0.005066118653868745, 0.3733341598326916, -0.4926407026772337, 0.10948172588511706, 0.24986168812819542, 0.7910023321122921, -0.27429282313374714, 0.2751141460374733, -0.6171071957620733, -0.004411770765388567, -0.6351091908575863, 0.8367660782795254, -0.13635585731754474, 0.6603762041966925, -0.16644739064327485, 0.8093351774867339, -0.19034956537818792, -0.33765099381775454, 0.14427754054549724, 0.6908872981882266, 0.7220286235061439, 0.19137623413666893, -0.8306767779591795, 0.19453321463834983, -0.5090925828337958, 0.46518689717993555, 0.7893025846334776, 0.0294679418262902, 0.20712702072041278, -0.8698643752343853, 0.08014945928561268, -0.7416264326591246, 0.22912569270066396, -0.2726993059103242, 0.5355160686614915, -0.902931727160895, -0.7803637637643119, 0.36804643024725525, 0.029307394167312983, 0.1432827432294983, 0.6874139879813108, -0.024524721700651453, 0.6202888442522898, 0.020487258589880097, 0.8534413864805024, 0.333855543079252, -0.7025463211318861, -0.27089364934848836, 0.7315498318881986, -0.29942957828896866, -0.6219484810876903, -0.0547573816684539, -0.21443765035574014, 0.23785985328818726, -0.12646741612097356, -0.47815568541100895, -0.17505557667448635, -0.16193193089539926, 0.8048437117522818, 0.9592325240809707, 0.24713767881382775, -0.8336317548582777, 0.46599743519199, 0.357370804957968, 0.6520457340504391, -0.3050973265778887, -0.8822398116837538, 0.2236436329105842, -0.751970763373456, 0.5190590583266628, 0.5888466351532844, -0.18274642650020412, 0.8875950117660911, -0.6524404124894483, 0.8851716994539605]",rhc,relu,False,False,100,[10],0.1,100,9
978,78,0.2124417000450194,1.7019376834127986,1458.0,100,15,"[0.9340596780273533, 0.09446449835144466, 0.9453687199297687, 0.4296319873487293, 0.3954576491945416, -0.5678210088392472, 0.9525489095524835, -0.9875394895908203, -0.4940352752331121, -0.13041693519110842, 0.5587658435875049, -0.6046298507994938, 0.7259864711984445, 0.9668013543506255, -0.6723155171906026, 0.19466788786571843, -0.98202780466489, -0.22685743471274122, -0.9116798841370009, 0.9133059354284718, -0.1277067062404047, 0.8979546135631256, 0.5726119718701219, 0.7325785971633969, -0.6536691570081037, -0.850102825973786, 0.2014854427555386, -0.6640556325631923, 0.4667603350211398, -0.18311227969597055, 0.05581764683584067, 0.875143167901884, 0.043392244889916, -0.7836132342255386, -0.6835531856304011, 0.09040530340642561, 0.04880816013694678, 0.2752204882519873, -0.1970091128194542, 0.2996102180386846, -0.20619999419653467, 0.24783222709644614, 0.5348099341802477, -0.6420521799177383, -0.24884846282491524, 0.005066118653868745, 0.3733341598326916, -0.4926407026772337, 0.10948172588511706, 0.24986168812819542, 0.7910023321122921, -0.27429282313374714, 0.2751141460374733, -0.6171071957620733, -0.004411770765388567, -0.6351091908575863, 0.8367660782795254, -0.13635585731754474, 0.6603762041966925, -0.16644739064327485, 0.8093351774867339, -0.19034956537818792, -0.33765099381775454, 0.14427754054549724, 0.6908872981882266, 0.7220286235061439, 0.19137623413666893, -0.8306767779591795, 0.19453321463834983, -0.5090925828337958, 0.46518689717993555, 0.7893025846334776, 0.0294679418262902, 0.20712702072041278, -0.8698643752343853, 0.08014945928561268, -0.7416264326591246, 0.22912569270066396, -0.2726993059103242, 0.5355160686614915, -0.902931727160895, -0.7803637637643119, 0.36804643024725525, 0.029307394167312983, 0.1432827432294983, 0.6874139879813108, -0.024524721700651453, 0.6202888442522898, 0.020487258589880097, 0.8534413864805024, 0.333855543079252, -0.7025463211318861, -0.27089364934848836, 0.7315498318881986, -0.29942957828896866, -0.6219484810876903, -0.0547573816684539, -0.21443765035574014, 0.23785985328818726, -0.12646741612097356, -0.47815568541100895, -0.17505557667448635, -0.16193193089539926, 0.8048437117522818, 0.9592325240809707, 0.24713767881382775, -0.8336317548582777, 0.46599743519199, 0.357370804957968, 0.6520457340504391, -0.3050973265778887, -0.8822398116837538, 0.2236436329105842, -0.751970763373456, 0.5190590583266628, 0.5888466351532844, -0.18274642650020412, 0.8875950117660911, -0.6524404124894483, 0.8851716994539605]",rhc,relu,False,False,100,[10],0.1,100,9
979,79,0.21469990001060069,1.7019376834127986,1459.0,100,15,"[0.9340596780273533, 0.09446449835144466, 0.9453687199297687, 0.4296319873487293, 0.3954576491945416, -0.5678210088392472, 0.9525489095524835, -0.9875394895908203, -0.4940352752331121, -0.13041693519110842, 0.5587658435875049, -0.6046298507994938, 0.7259864711984445, 0.9668013543506255, -0.6723155171906026, 0.19466788786571843, -0.98202780466489, -0.22685743471274122, -0.9116798841370009, 0.9133059354284718, -0.1277067062404047, 0.8979546135631256, 0.5726119718701219, 0.7325785971633969, -0.6536691570081037, -0.850102825973786, 0.2014854427555386, -0.6640556325631923, 0.4667603350211398, -0.18311227969597055, 0.05581764683584067, 0.875143167901884, 0.043392244889916, -0.7836132342255386, -0.6835531856304011, 0.09040530340642561, 0.04880816013694678, 0.2752204882519873, -0.1970091128194542, 0.2996102180386846, -0.20619999419653467, 0.24783222709644614, 0.5348099341802477, -0.6420521799177383, -0.24884846282491524, 0.005066118653868745, 0.3733341598326916, -0.4926407026772337, 0.10948172588511706, 0.24986168812819542, 0.7910023321122921, -0.27429282313374714, 0.2751141460374733, -0.6171071957620733, -0.004411770765388567, -0.6351091908575863, 0.8367660782795254, -0.13635585731754474, 0.6603762041966925, -0.16644739064327485, 0.8093351774867339, -0.19034956537818792, -0.33765099381775454, 0.14427754054549724, 0.6908872981882266, 0.7220286235061439, 0.19137623413666893, -0.8306767779591795, 0.19453321463834983, -0.5090925828337958, 0.46518689717993555, 0.7893025846334776, 0.0294679418262902, 0.20712702072041278, -0.8698643752343853, 0.08014945928561268, -0.7416264326591246, 0.22912569270066396, -0.2726993059103242, 0.5355160686614915, -0.902931727160895, -0.7803637637643119, 0.36804643024725525, 0.029307394167312983, 0.1432827432294983, 0.6874139879813108, -0.024524721700651453, 0.6202888442522898, 0.020487258589880097, 0.8534413864805024, 0.333855543079252, -0.7025463211318861, -0.27089364934848836, 0.7315498318881986, -0.29942957828896866, -0.6219484810876903, -0.0547573816684539, -0.21443765035574014, 0.23785985328818726, -0.12646741612097356, -0.47815568541100895, -0.17505557667448635, -0.16193193089539926, 0.8048437117522818, 0.9592325240809707, 0.24713767881382775, -0.8336317548582777, 0.46599743519199, 0.357370804957968, 0.6520457340504391, -0.3050973265778887, -0.8822398116837538, 0.2236436329105842, -0.751970763373456, 0.5190590583266628, 0.5888466351532844, -0.18274642650020412, 0.8875950117660911, -0.6524404124894483, 0.8851716994539605]",rhc,relu,False,False,100,[10],0.1,100,9
980,80,0.21622890001162887,1.7019376834127986,1460.0,100,15,"[0.9340596780273533, 0.09446449835144466, 0.9453687199297687, 0.4296319873487293, 0.3954576491945416, -0.5678210088392472, 0.9525489095524835, -0.9875394895908203, -0.4940352752331121, -0.13041693519110842, 0.5587658435875049, -0.6046298507994938, 0.7259864711984445, 0.9668013543506255, -0.6723155171906026, 0.19466788786571843, -0.98202780466489, -0.22685743471274122, -0.9116798841370009, 0.9133059354284718, -0.1277067062404047, 0.8979546135631256, 0.5726119718701219, 0.7325785971633969, -0.6536691570081037, -0.850102825973786, 0.2014854427555386, -0.6640556325631923, 0.4667603350211398, -0.18311227969597055, 0.05581764683584067, 0.875143167901884, 0.043392244889916, -0.7836132342255386, -0.6835531856304011, 0.09040530340642561, 0.04880816013694678, 0.2752204882519873, -0.1970091128194542, 0.2996102180386846, -0.20619999419653467, 0.24783222709644614, 0.5348099341802477, -0.6420521799177383, -0.24884846282491524, 0.005066118653868745, 0.3733341598326916, -0.4926407026772337, 0.10948172588511706, 0.24986168812819542, 0.7910023321122921, -0.27429282313374714, 0.2751141460374733, -0.6171071957620733, -0.004411770765388567, -0.6351091908575863, 0.8367660782795254, -0.13635585731754474, 0.6603762041966925, -0.16644739064327485, 0.8093351774867339, -0.19034956537818792, -0.33765099381775454, 0.14427754054549724, 0.6908872981882266, 0.7220286235061439, 0.19137623413666893, -0.8306767779591795, 0.19453321463834983, -0.5090925828337958, 0.46518689717993555, 0.7893025846334776, 0.0294679418262902, 0.20712702072041278, -0.8698643752343853, 0.08014945928561268, -0.7416264326591246, 0.22912569270066396, -0.2726993059103242, 0.5355160686614915, -0.902931727160895, -0.7803637637643119, 0.36804643024725525, 0.029307394167312983, 0.1432827432294983, 0.6874139879813108, -0.024524721700651453, 0.6202888442522898, 0.020487258589880097, 0.8534413864805024, 0.333855543079252, -0.7025463211318861, -0.27089364934848836, 0.7315498318881986, -0.29942957828896866, -0.6219484810876903, -0.0547573816684539, -0.21443765035574014, 0.23785985328818726, -0.12646741612097356, -0.47815568541100895, -0.17505557667448635, -0.16193193089539926, 0.8048437117522818, 0.9592325240809707, 0.24713767881382775, -0.8336317548582777, 0.46599743519199, 0.357370804957968, 0.6520457340504391, -0.3050973265778887, -0.8822398116837538, 0.2236436329105842, -0.751970763373456, 0.5190590583266628, 0.5888466351532844, -0.18274642650020412, 0.8875950117660911, -0.6524404124894483, 0.8851716994539605]",rhc,relu,False,False,100,[10],0.1,100,9
981,81,0.21764280006755143,1.678736903295932,1462.0,100,15,"[0.9340596780273533, 0.09446449835144466, 0.9453687199297687, 0.4296319873487293, 0.3954576491945416, -0.5678210088392472, 0.9525489095524835, -0.9875394895908203, -0.4940352752331121, -0.13041693519110842, 0.5587658435875049, -0.6046298507994938, 0.7259864711984445, 0.9668013543506255, -0.6723155171906026, 0.19466788786571843, -0.98202780466489, -0.22685743471274122, -0.9116798841370009, 0.9133059354284718, -0.1277067062404047, 0.8979546135631256, 0.5726119718701219, 0.7325785971633969, -0.6536691570081037, -0.850102825973786, 0.2014854427555386, -0.6640556325631923, 0.4667603350211398, -0.18311227969597055, 0.05581764683584067, 0.875143167901884, 0.043392244889916, -0.7836132342255386, -0.6835531856304011, 0.09040530340642561, 0.04880816013694678, 0.2752204882519873, -0.1970091128194542, 0.2996102180386846, -0.20619999419653467, 0.24783222709644614, 0.5348099341802477, -0.6420521799177383, -0.24884846282491524, 0.005066118653868745, 0.3733341598326916, -0.4926407026772337, 0.10948172588511706, 0.24986168812819542, 0.7910023321122921, -0.27429282313374714, 0.2751141460374733, -0.6171071957620733, -0.004411770765388567, -0.6351091908575863, 0.8367660782795254, -0.13635585731754474, 0.6603762041966925, -0.16644739064327485, 0.8093351774867339, -0.19034956537818792, -0.33765099381775454, 0.14427754054549724, 0.6908872981882266, 0.7220286235061439, 0.19137623413666893, -0.8306767779591795, 0.19453321463834983, -0.5090925828337958, 0.46518689717993555, 0.7893025846334776, 0.0294679418262902, 0.20712702072041278, -0.8698643752343853, 0.08014945928561268, -0.7416264326591246, 0.22912569270066396, -0.2726993059103242, 0.5355160686614915, -0.902931727160895, -0.7803637637643119, 0.36804643024725525, 0.029307394167312983, 0.1432827432294983, 0.6874139879813108, -0.024524721700651453, 0.6202888442522898, 0.020487258589880097, 0.8534413864805024, 0.333855543079252, -0.7025463211318861, -0.27089364934848836, 0.7315498318881986, -0.29942957828896866, -0.6219484810876903, -0.0547573816684539, -0.21443765035574014, 0.23785985328818726, -0.12646741612097356, -0.47815568541100895, -0.17505557667448635, -0.16193193089539926, 0.8048437117522818, 0.9592325240809707, 0.24713767881382775, -0.8336317548582777, 0.46599743519199, 0.357370804957968, 0.6520457340504391, -0.3050973265778887, -0.8822398116837538, 0.2236436329105842, -0.751970763373456, 0.5190590583266628, 0.5888466351532844, -0.18274642650020412, 0.8875950117660911, -0.6524404124894483, 0.8851716994539605]",rhc,relu,False,False,100,[10],0.1,100,9
982,82,0.2193455999949947,1.6776371746795857,1464.0,100,15,"[0.9340596780273533, 0.09446449835144466, 0.9453687199297687, 0.4296319873487293, 0.3954576491945416, -0.5678210088392472, 0.9525489095524835, -0.9875394895908203, -0.4940352752331121, -0.13041693519110842, 0.5587658435875049, -0.6046298507994938, 0.7259864711984445, 0.9668013543506255, -0.6723155171906026, 0.19466788786571843, -0.98202780466489, -0.22685743471274122, -0.9116798841370009, 0.9133059354284718, -0.1277067062404047, 0.8979546135631256, 0.5726119718701219, 0.7325785971633969, -0.6536691570081037, -0.850102825973786, 0.2014854427555386, -0.6640556325631923, 0.4667603350211398, -0.18311227969597055, 0.05581764683584067, 0.875143167901884, 0.043392244889916, -0.7836132342255386, -0.6835531856304011, 0.09040530340642561, 0.04880816013694678, 0.2752204882519873, -0.1970091128194542, 0.2996102180386846, -0.20619999419653467, 0.24783222709644614, 0.5348099341802477, -0.6420521799177383, -0.24884846282491524, 0.005066118653868745, 0.3733341598326916, -0.4926407026772337, 0.10948172588511706, 0.24986168812819542, 0.7910023321122921, -0.27429282313374714, 0.2751141460374733, -0.6171071957620733, -0.004411770765388567, -0.6351091908575863, 0.8367660782795254, -0.13635585731754474, 0.6603762041966925, -0.16644739064327485, 0.8093351774867339, -0.19034956537818792, -0.33765099381775454, 0.14427754054549724, 0.6908872981882266, 0.7220286235061439, 0.19137623413666893, -0.8306767779591795, 0.19453321463834983, -0.5090925828337958, 0.46518689717993555, 0.7893025846334776, 0.0294679418262902, 0.20712702072041278, -0.8698643752343853, 0.08014945928561268, -0.7416264326591246, 0.22912569270066396, -0.2726993059103242, 0.5355160686614915, -0.902931727160895, -0.7803637637643119, 0.36804643024725525, 0.029307394167312983, 0.1432827432294983, 0.6874139879813108, -0.024524721700651453, 0.6202888442522898, 0.020487258589880097, 0.8534413864805024, 0.333855543079252, -0.7025463211318861, -0.27089364934848836, 0.7315498318881986, -0.29942957828896866, -0.6219484810876903, -0.0547573816684539, -0.21443765035574014, 0.23785985328818726, -0.12646741612097356, -0.47815568541100895, -0.17505557667448635, -0.16193193089539926, 0.8048437117522818, 0.9592325240809707, 0.24713767881382775, -0.8336317548582777, 0.46599743519199, 0.357370804957968, 0.6520457340504391, -0.3050973265778887, -0.8822398116837538, 0.2236436329105842, -0.751970763373456, 0.5190590583266628, 0.5888466351532844, -0.18274642650020412, 0.8875950117660911, -0.6524404124894483, 0.8851716994539605]",rhc,relu,False,False,100,[10],0.1,100,9
983,83,0.22115360002499074,1.675511468848701,1466.0,100,15,"[0.9340596780273533, 0.09446449835144466, 0.9453687199297687, 0.4296319873487293, 0.3954576491945416, -0.5678210088392472, 0.9525489095524835, -0.9875394895908203, -0.4940352752331121, -0.13041693519110842, 0.5587658435875049, -0.6046298507994938, 0.7259864711984445, 0.9668013543506255, -0.6723155171906026, 0.19466788786571843, -0.98202780466489, -0.22685743471274122, -0.9116798841370009, 0.9133059354284718, -0.1277067062404047, 0.8979546135631256, 0.5726119718701219, 0.7325785971633969, -0.6536691570081037, -0.850102825973786, 0.2014854427555386, -0.6640556325631923, 0.4667603350211398, -0.18311227969597055, 0.05581764683584067, 0.875143167901884, 0.043392244889916, -0.7836132342255386, -0.6835531856304011, 0.09040530340642561, 0.04880816013694678, 0.2752204882519873, -0.1970091128194542, 0.2996102180386846, -0.20619999419653467, 0.24783222709644614, 0.5348099341802477, -0.6420521799177383, -0.24884846282491524, 0.005066118653868745, 0.3733341598326916, -0.4926407026772337, 0.10948172588511706, 0.24986168812819542, 0.7910023321122921, -0.27429282313374714, 0.2751141460374733, -0.6171071957620733, -0.004411770765388567, -0.6351091908575863, 0.8367660782795254, -0.13635585731754474, 0.6603762041966925, -0.16644739064327485, 0.8093351774867339, -0.19034956537818792, -0.33765099381775454, 0.14427754054549724, 0.6908872981882266, 0.7220286235061439, 0.19137623413666893, -0.8306767779591795, 0.19453321463834983, -0.5090925828337958, 0.46518689717993555, 0.7893025846334776, 0.0294679418262902, 0.20712702072041278, -0.8698643752343853, 0.08014945928561268, -0.7416264326591246, 0.22912569270066396, -0.2726993059103242, 0.5355160686614915, -0.902931727160895, -0.7803637637643119, 0.36804643024725525, 0.029307394167312983, 0.1432827432294983, 0.6874139879813108, -0.024524721700651453, 0.6202888442522898, 0.020487258589880097, 0.8534413864805024, 0.333855543079252, -0.7025463211318861, -0.27089364934848836, 0.7315498318881986, -0.29942957828896866, -0.6219484810876903, -0.0547573816684539, -0.21443765035574014, 0.23785985328818726, -0.12646741612097356, -0.47815568541100895, -0.17505557667448635, -0.16193193089539926, 0.8048437117522818, 0.9592325240809707, 0.24713767881382775, -0.8336317548582777, 0.46599743519199, 0.357370804957968, 0.6520457340504391, -0.3050973265778887, -0.8822398116837538, 0.2236436329105842, -0.751970763373456, 0.5190590583266628, 0.5888466351532844, -0.18274642650020412, 0.8875950117660911, -0.6524404124894483, 0.8851716994539605]",rhc,relu,False,False,100,[10],0.1,100,9
984,84,0.22437200008425862,1.6645872235645003,1468.0,100,15,"[0.9340596780273533, 0.09446449835144466, 0.9453687199297687, 0.4296319873487293, 0.3954576491945416, -0.5678210088392472, 0.9525489095524835, -0.9875394895908203, -0.4940352752331121, -0.13041693519110842, 0.5587658435875049, -0.6046298507994938, 0.7259864711984445, 0.9668013543506255, -0.6723155171906026, 0.19466788786571843, -0.98202780466489, -0.22685743471274122, -0.9116798841370009, 0.9133059354284718, -0.1277067062404047, 0.8979546135631256, 0.5726119718701219, 0.7325785971633969, -0.6536691570081037, -0.850102825973786, 0.2014854427555386, -0.6640556325631923, 0.4667603350211398, -0.18311227969597055, 0.05581764683584067, 0.875143167901884, 0.043392244889916, -0.7836132342255386, -0.6835531856304011, 0.09040530340642561, 0.04880816013694678, 0.2752204882519873, -0.1970091128194542, 0.2996102180386846, -0.20619999419653467, 0.24783222709644614, 0.5348099341802477, -0.6420521799177383, -0.24884846282491524, 0.005066118653868745, 0.3733341598326916, -0.4926407026772337, 0.10948172588511706, 0.24986168812819542, 0.7910023321122921, -0.27429282313374714, 0.2751141460374733, -0.6171071957620733, -0.004411770765388567, -0.6351091908575863, 0.8367660782795254, -0.13635585731754474, 0.6603762041966925, -0.16644739064327485, 0.8093351774867339, -0.19034956537818792, -0.33765099381775454, 0.14427754054549724, 0.6908872981882266, 0.7220286235061439, 0.19137623413666893, -0.8306767779591795, 0.19453321463834983, -0.5090925828337958, 0.46518689717993555, 0.7893025846334776, 0.0294679418262902, 0.20712702072041278, -0.8698643752343853, 0.08014945928561268, -0.7416264326591246, 0.22912569270066396, -0.2726993059103242, 0.5355160686614915, -0.902931727160895, -0.7803637637643119, 0.36804643024725525, 0.029307394167312983, 0.1432827432294983, 0.6874139879813108, -0.024524721700651453, 0.6202888442522898, 0.020487258589880097, 0.8534413864805024, 0.333855543079252, -0.7025463211318861, -0.27089364934848836, 0.7315498318881986, -0.29942957828896866, -0.6219484810876903, -0.0547573816684539, -0.21443765035574014, 0.23785985328818726, -0.12646741612097356, -0.47815568541100895, -0.17505557667448635, -0.16193193089539926, 0.8048437117522818, 0.9592325240809707, 0.24713767881382775, -0.8336317548582777, 0.46599743519199, 0.357370804957968, 0.6520457340504391, -0.3050973265778887, -0.8822398116837538, 0.2236436329105842, -0.751970763373456, 0.5190590583266628, 0.5888466351532844, -0.18274642650020412, 0.8875950117660911, -0.6524404124894483, 0.8851716994539605]",rhc,relu,False,False,100,[10],0.1,100,9
985,85,0.2259537000209093,1.6645872235645003,1469.0,100,15,"[0.9340596780273533, 0.09446449835144466, 0.9453687199297687, 0.4296319873487293, 0.3954576491945416, -0.5678210088392472, 0.9525489095524835, -0.9875394895908203, -0.4940352752331121, -0.13041693519110842, 0.5587658435875049, -0.6046298507994938, 0.7259864711984445, 0.9668013543506255, -0.6723155171906026, 0.19466788786571843, -0.98202780466489, -0.22685743471274122, -0.9116798841370009, 0.9133059354284718, -0.1277067062404047, 0.8979546135631256, 0.5726119718701219, 0.7325785971633969, -0.6536691570081037, -0.850102825973786, 0.2014854427555386, -0.6640556325631923, 0.4667603350211398, -0.18311227969597055, 0.05581764683584067, 0.875143167901884, 0.043392244889916, -0.7836132342255386, -0.6835531856304011, 0.09040530340642561, 0.04880816013694678, 0.2752204882519873, -0.1970091128194542, 0.2996102180386846, -0.20619999419653467, 0.24783222709644614, 0.5348099341802477, -0.6420521799177383, -0.24884846282491524, 0.005066118653868745, 0.3733341598326916, -0.4926407026772337, 0.10948172588511706, 0.24986168812819542, 0.7910023321122921, -0.27429282313374714, 0.2751141460374733, -0.6171071957620733, -0.004411770765388567, -0.6351091908575863, 0.8367660782795254, -0.13635585731754474, 0.6603762041966925, -0.16644739064327485, 0.8093351774867339, -0.19034956537818792, -0.33765099381775454, 0.14427754054549724, 0.6908872981882266, 0.7220286235061439, 0.19137623413666893, -0.8306767779591795, 0.19453321463834983, -0.5090925828337958, 0.46518689717993555, 0.7893025846334776, 0.0294679418262902, 0.20712702072041278, -0.8698643752343853, 0.08014945928561268, -0.7416264326591246, 0.22912569270066396, -0.2726993059103242, 0.5355160686614915, -0.902931727160895, -0.7803637637643119, 0.36804643024725525, 0.029307394167312983, 0.1432827432294983, 0.6874139879813108, -0.024524721700651453, 0.6202888442522898, 0.020487258589880097, 0.8534413864805024, 0.333855543079252, -0.7025463211318861, -0.27089364934848836, 0.7315498318881986, -0.29942957828896866, -0.6219484810876903, -0.0547573816684539, -0.21443765035574014, 0.23785985328818726, -0.12646741612097356, -0.47815568541100895, -0.17505557667448635, -0.16193193089539926, 0.8048437117522818, 0.9592325240809707, 0.24713767881382775, -0.8336317548582777, 0.46599743519199, 0.357370804957968, 0.6520457340504391, -0.3050973265778887, -0.8822398116837538, 0.2236436329105842, -0.751970763373456, 0.5190590583266628, 0.5888466351532844, -0.18274642650020412, 0.8875950117660911, -0.6524404124894483, 0.8851716994539605]",rhc,relu,False,False,100,[10],0.1,100,9
986,86,0.22897670010570437,1.6645872235645003,1470.0,100,15,"[0.9340596780273533, 0.09446449835144466, 0.9453687199297687, 0.4296319873487293, 0.3954576491945416, -0.5678210088392472, 0.9525489095524835, -0.9875394895908203, -0.4940352752331121, -0.13041693519110842, 0.5587658435875049, -0.6046298507994938, 0.7259864711984445, 0.9668013543506255, -0.6723155171906026, 0.19466788786571843, -0.98202780466489, -0.22685743471274122, -0.9116798841370009, 0.9133059354284718, -0.1277067062404047, 0.8979546135631256, 0.5726119718701219, 0.7325785971633969, -0.6536691570081037, -0.850102825973786, 0.2014854427555386, -0.6640556325631923, 0.4667603350211398, -0.18311227969597055, 0.05581764683584067, 0.875143167901884, 0.043392244889916, -0.7836132342255386, -0.6835531856304011, 0.09040530340642561, 0.04880816013694678, 0.2752204882519873, -0.1970091128194542, 0.2996102180386846, -0.20619999419653467, 0.24783222709644614, 0.5348099341802477, -0.6420521799177383, -0.24884846282491524, 0.005066118653868745, 0.3733341598326916, -0.4926407026772337, 0.10948172588511706, 0.24986168812819542, 0.7910023321122921, -0.27429282313374714, 0.2751141460374733, -0.6171071957620733, -0.004411770765388567, -0.6351091908575863, 0.8367660782795254, -0.13635585731754474, 0.6603762041966925, -0.16644739064327485, 0.8093351774867339, -0.19034956537818792, -0.33765099381775454, 0.14427754054549724, 0.6908872981882266, 0.7220286235061439, 0.19137623413666893, -0.8306767779591795, 0.19453321463834983, -0.5090925828337958, 0.46518689717993555, 0.7893025846334776, 0.0294679418262902, 0.20712702072041278, -0.8698643752343853, 0.08014945928561268, -0.7416264326591246, 0.22912569270066396, -0.2726993059103242, 0.5355160686614915, -0.902931727160895, -0.7803637637643119, 0.36804643024725525, 0.029307394167312983, 0.1432827432294983, 0.6874139879813108, -0.024524721700651453, 0.6202888442522898, 0.020487258589880097, 0.8534413864805024, 0.333855543079252, -0.7025463211318861, -0.27089364934848836, 0.7315498318881986, -0.29942957828896866, -0.6219484810876903, -0.0547573816684539, -0.21443765035574014, 0.23785985328818726, -0.12646741612097356, -0.47815568541100895, -0.17505557667448635, -0.16193193089539926, 0.8048437117522818, 0.9592325240809707, 0.24713767881382775, -0.8336317548582777, 0.46599743519199, 0.357370804957968, 0.6520457340504391, -0.3050973265778887, -0.8822398116837538, 0.2236436329105842, -0.751970763373456, 0.5190590583266628, 0.5888466351532844, -0.18274642650020412, 0.8875950117660911, -0.6524404124894483, 0.8851716994539605]",rhc,relu,False,False,100,[10],0.1,100,9
987,87,0.23168840003199875,1.6614659620167442,1472.0,100,15,"[0.9340596780273533, 0.09446449835144466, 0.9453687199297687, 0.4296319873487293, 0.3954576491945416, -0.5678210088392472, 0.9525489095524835, -0.9875394895908203, -0.4940352752331121, -0.13041693519110842, 0.5587658435875049, -0.6046298507994938, 0.7259864711984445, 0.9668013543506255, -0.6723155171906026, 0.19466788786571843, -0.98202780466489, -0.22685743471274122, -0.9116798841370009, 0.9133059354284718, -0.1277067062404047, 0.8979546135631256, 0.5726119718701219, 0.7325785971633969, -0.6536691570081037, -0.850102825973786, 0.2014854427555386, -0.6640556325631923, 0.4667603350211398, -0.18311227969597055, 0.05581764683584067, 0.875143167901884, 0.043392244889916, -0.7836132342255386, -0.6835531856304011, 0.09040530340642561, 0.04880816013694678, 0.2752204882519873, -0.1970091128194542, 0.2996102180386846, -0.20619999419653467, 0.24783222709644614, 0.5348099341802477, -0.6420521799177383, -0.24884846282491524, 0.005066118653868745, 0.3733341598326916, -0.4926407026772337, 0.10948172588511706, 0.24986168812819542, 0.7910023321122921, -0.27429282313374714, 0.2751141460374733, -0.6171071957620733, -0.004411770765388567, -0.6351091908575863, 0.8367660782795254, -0.13635585731754474, 0.6603762041966925, -0.16644739064327485, 0.8093351774867339, -0.19034956537818792, -0.33765099381775454, 0.14427754054549724, 0.6908872981882266, 0.7220286235061439, 0.19137623413666893, -0.8306767779591795, 0.19453321463834983, -0.5090925828337958, 0.46518689717993555, 0.7893025846334776, 0.0294679418262902, 0.20712702072041278, -0.8698643752343853, 0.08014945928561268, -0.7416264326591246, 0.22912569270066396, -0.2726993059103242, 0.5355160686614915, -0.902931727160895, -0.7803637637643119, 0.36804643024725525, 0.029307394167312983, 0.1432827432294983, 0.6874139879813108, -0.024524721700651453, 0.6202888442522898, 0.020487258589880097, 0.8534413864805024, 0.333855543079252, -0.7025463211318861, -0.27089364934848836, 0.7315498318881986, -0.29942957828896866, -0.6219484810876903, -0.0547573816684539, -0.21443765035574014, 0.23785985328818726, -0.12646741612097356, -0.47815568541100895, -0.17505557667448635, -0.16193193089539926, 0.8048437117522818, 0.9592325240809707, 0.24713767881382775, -0.8336317548582777, 0.46599743519199, 0.357370804957968, 0.6520457340504391, -0.3050973265778887, -0.8822398116837538, 0.2236436329105842, -0.751970763373456, 0.5190590583266628, 0.5888466351532844, -0.18274642650020412, 0.8875950117660911, -0.6524404124894483, 0.8851716994539605]",rhc,relu,False,False,100,[10],0.1,100,9
988,88,0.23309100000187755,1.6614659620167442,1473.0,100,15,"[0.9340596780273533, 0.09446449835144466, 0.9453687199297687, 0.4296319873487293, 0.3954576491945416, -0.5678210088392472, 0.9525489095524835, -0.9875394895908203, -0.4940352752331121, -0.13041693519110842, 0.5587658435875049, -0.6046298507994938, 0.7259864711984445, 0.9668013543506255, -0.6723155171906026, 0.19466788786571843, -0.98202780466489, -0.22685743471274122, -0.9116798841370009, 0.9133059354284718, -0.1277067062404047, 0.8979546135631256, 0.5726119718701219, 0.7325785971633969, -0.6536691570081037, -0.850102825973786, 0.2014854427555386, -0.6640556325631923, 0.4667603350211398, -0.18311227969597055, 0.05581764683584067, 0.875143167901884, 0.043392244889916, -0.7836132342255386, -0.6835531856304011, 0.09040530340642561, 0.04880816013694678, 0.2752204882519873, -0.1970091128194542, 0.2996102180386846, -0.20619999419653467, 0.24783222709644614, 0.5348099341802477, -0.6420521799177383, -0.24884846282491524, 0.005066118653868745, 0.3733341598326916, -0.4926407026772337, 0.10948172588511706, 0.24986168812819542, 0.7910023321122921, -0.27429282313374714, 0.2751141460374733, -0.6171071957620733, -0.004411770765388567, -0.6351091908575863, 0.8367660782795254, -0.13635585731754474, 0.6603762041966925, -0.16644739064327485, 0.8093351774867339, -0.19034956537818792, -0.33765099381775454, 0.14427754054549724, 0.6908872981882266, 0.7220286235061439, 0.19137623413666893, -0.8306767779591795, 0.19453321463834983, -0.5090925828337958, 0.46518689717993555, 0.7893025846334776, 0.0294679418262902, 0.20712702072041278, -0.8698643752343853, 0.08014945928561268, -0.7416264326591246, 0.22912569270066396, -0.2726993059103242, 0.5355160686614915, -0.902931727160895, -0.7803637637643119, 0.36804643024725525, 0.029307394167312983, 0.1432827432294983, 0.6874139879813108, -0.024524721700651453, 0.6202888442522898, 0.020487258589880097, 0.8534413864805024, 0.333855543079252, -0.7025463211318861, -0.27089364934848836, 0.7315498318881986, -0.29942957828896866, -0.6219484810876903, -0.0547573816684539, -0.21443765035574014, 0.23785985328818726, -0.12646741612097356, -0.47815568541100895, -0.17505557667448635, -0.16193193089539926, 0.8048437117522818, 0.9592325240809707, 0.24713767881382775, -0.8336317548582777, 0.46599743519199, 0.357370804957968, 0.6520457340504391, -0.3050973265778887, -0.8822398116837538, 0.2236436329105842, -0.751970763373456, 0.5190590583266628, 0.5888466351532844, -0.18274642650020412, 0.8875950117660911, -0.6524404124894483, 0.8851716994539605]",rhc,relu,False,False,100,[10],0.1,100,9
989,89,0.23613770003430545,1.6614659620167442,1474.0,100,15,"[0.9340596780273533, 0.09446449835144466, 0.9453687199297687, 0.4296319873487293, 0.3954576491945416, -0.5678210088392472, 0.9525489095524835, -0.9875394895908203, -0.4940352752331121, -0.13041693519110842, 0.5587658435875049, -0.6046298507994938, 0.7259864711984445, 0.9668013543506255, -0.6723155171906026, 0.19466788786571843, -0.98202780466489, -0.22685743471274122, -0.9116798841370009, 0.9133059354284718, -0.1277067062404047, 0.8979546135631256, 0.5726119718701219, 0.7325785971633969, -0.6536691570081037, -0.850102825973786, 0.2014854427555386, -0.6640556325631923, 0.4667603350211398, -0.18311227969597055, 0.05581764683584067, 0.875143167901884, 0.043392244889916, -0.7836132342255386, -0.6835531856304011, 0.09040530340642561, 0.04880816013694678, 0.2752204882519873, -0.1970091128194542, 0.2996102180386846, -0.20619999419653467, 0.24783222709644614, 0.5348099341802477, -0.6420521799177383, -0.24884846282491524, 0.005066118653868745, 0.3733341598326916, -0.4926407026772337, 0.10948172588511706, 0.24986168812819542, 0.7910023321122921, -0.27429282313374714, 0.2751141460374733, -0.6171071957620733, -0.004411770765388567, -0.6351091908575863, 0.8367660782795254, -0.13635585731754474, 0.6603762041966925, -0.16644739064327485, 0.8093351774867339, -0.19034956537818792, -0.33765099381775454, 0.14427754054549724, 0.6908872981882266, 0.7220286235061439, 0.19137623413666893, -0.8306767779591795, 0.19453321463834983, -0.5090925828337958, 0.46518689717993555, 0.7893025846334776, 0.0294679418262902, 0.20712702072041278, -0.8698643752343853, 0.08014945928561268, -0.7416264326591246, 0.22912569270066396, -0.2726993059103242, 0.5355160686614915, -0.902931727160895, -0.7803637637643119, 0.36804643024725525, 0.029307394167312983, 0.1432827432294983, 0.6874139879813108, -0.024524721700651453, 0.6202888442522898, 0.020487258589880097, 0.8534413864805024, 0.333855543079252, -0.7025463211318861, -0.27089364934848836, 0.7315498318881986, -0.29942957828896866, -0.6219484810876903, -0.0547573816684539, -0.21443765035574014, 0.23785985328818726, -0.12646741612097356, -0.47815568541100895, -0.17505557667448635, -0.16193193089539926, 0.8048437117522818, 0.9592325240809707, 0.24713767881382775, -0.8336317548582777, 0.46599743519199, 0.357370804957968, 0.6520457340504391, -0.3050973265778887, -0.8822398116837538, 0.2236436329105842, -0.751970763373456, 0.5190590583266628, 0.5888466351532844, -0.18274642650020412, 0.8875950117660911, -0.6524404124894483, 0.8851716994539605]",rhc,relu,False,False,100,[10],0.1,100,9
990,90,0.23915060004219413,1.6614659620167442,1475.0,100,15,"[0.9340596780273533, 0.09446449835144466, 0.9453687199297687, 0.4296319873487293, 0.3954576491945416, -0.5678210088392472, 0.9525489095524835, -0.9875394895908203, -0.4940352752331121, -0.13041693519110842, 0.5587658435875049, -0.6046298507994938, 0.7259864711984445, 0.9668013543506255, -0.6723155171906026, 0.19466788786571843, -0.98202780466489, -0.22685743471274122, -0.9116798841370009, 0.9133059354284718, -0.1277067062404047, 0.8979546135631256, 0.5726119718701219, 0.7325785971633969, -0.6536691570081037, -0.850102825973786, 0.2014854427555386, -0.6640556325631923, 0.4667603350211398, -0.18311227969597055, 0.05581764683584067, 0.875143167901884, 0.043392244889916, -0.7836132342255386, -0.6835531856304011, 0.09040530340642561, 0.04880816013694678, 0.2752204882519873, -0.1970091128194542, 0.2996102180386846, -0.20619999419653467, 0.24783222709644614, 0.5348099341802477, -0.6420521799177383, -0.24884846282491524, 0.005066118653868745, 0.3733341598326916, -0.4926407026772337, 0.10948172588511706, 0.24986168812819542, 0.7910023321122921, -0.27429282313374714, 0.2751141460374733, -0.6171071957620733, -0.004411770765388567, -0.6351091908575863, 0.8367660782795254, -0.13635585731754474, 0.6603762041966925, -0.16644739064327485, 0.8093351774867339, -0.19034956537818792, -0.33765099381775454, 0.14427754054549724, 0.6908872981882266, 0.7220286235061439, 0.19137623413666893, -0.8306767779591795, 0.19453321463834983, -0.5090925828337958, 0.46518689717993555, 0.7893025846334776, 0.0294679418262902, 0.20712702072041278, -0.8698643752343853, 0.08014945928561268, -0.7416264326591246, 0.22912569270066396, -0.2726993059103242, 0.5355160686614915, -0.902931727160895, -0.7803637637643119, 0.36804643024725525, 0.029307394167312983, 0.1432827432294983, 0.6874139879813108, -0.024524721700651453, 0.6202888442522898, 0.020487258589880097, 0.8534413864805024, 0.333855543079252, -0.7025463211318861, -0.27089364934848836, 0.7315498318881986, -0.29942957828896866, -0.6219484810876903, -0.0547573816684539, -0.21443765035574014, 0.23785985328818726, -0.12646741612097356, -0.47815568541100895, -0.17505557667448635, -0.16193193089539926, 0.8048437117522818, 0.9592325240809707, 0.24713767881382775, -0.8336317548582777, 0.46599743519199, 0.357370804957968, 0.6520457340504391, -0.3050973265778887, -0.8822398116837538, 0.2236436329105842, -0.751970763373456, 0.5190590583266628, 0.5888466351532844, -0.18274642650020412, 0.8875950117660911, -0.6524404124894483, 0.8851716994539605]",rhc,relu,False,False,100,[10],0.1,100,9
991,91,0.24208670004736632,1.6614659620167442,1476.0,100,15,"[0.9340596780273533, 0.09446449835144466, 0.9453687199297687, 0.4296319873487293, 0.3954576491945416, -0.5678210088392472, 0.9525489095524835, -0.9875394895908203, -0.4940352752331121, -0.13041693519110842, 0.5587658435875049, -0.6046298507994938, 0.7259864711984445, 0.9668013543506255, -0.6723155171906026, 0.19466788786571843, -0.98202780466489, -0.22685743471274122, -0.9116798841370009, 0.9133059354284718, -0.1277067062404047, 0.8979546135631256, 0.5726119718701219, 0.7325785971633969, -0.6536691570081037, -0.850102825973786, 0.2014854427555386, -0.6640556325631923, 0.4667603350211398, -0.18311227969597055, 0.05581764683584067, 0.875143167901884, 0.043392244889916, -0.7836132342255386, -0.6835531856304011, 0.09040530340642561, 0.04880816013694678, 0.2752204882519873, -0.1970091128194542, 0.2996102180386846, -0.20619999419653467, 0.24783222709644614, 0.5348099341802477, -0.6420521799177383, -0.24884846282491524, 0.005066118653868745, 0.3733341598326916, -0.4926407026772337, 0.10948172588511706, 0.24986168812819542, 0.7910023321122921, -0.27429282313374714, 0.2751141460374733, -0.6171071957620733, -0.004411770765388567, -0.6351091908575863, 0.8367660782795254, -0.13635585731754474, 0.6603762041966925, -0.16644739064327485, 0.8093351774867339, -0.19034956537818792, -0.33765099381775454, 0.14427754054549724, 0.6908872981882266, 0.7220286235061439, 0.19137623413666893, -0.8306767779591795, 0.19453321463834983, -0.5090925828337958, 0.46518689717993555, 0.7893025846334776, 0.0294679418262902, 0.20712702072041278, -0.8698643752343853, 0.08014945928561268, -0.7416264326591246, 0.22912569270066396, -0.2726993059103242, 0.5355160686614915, -0.902931727160895, -0.7803637637643119, 0.36804643024725525, 0.029307394167312983, 0.1432827432294983, 0.6874139879813108, -0.024524721700651453, 0.6202888442522898, 0.020487258589880097, 0.8534413864805024, 0.333855543079252, -0.7025463211318861, -0.27089364934848836, 0.7315498318881986, -0.29942957828896866, -0.6219484810876903, -0.0547573816684539, -0.21443765035574014, 0.23785985328818726, -0.12646741612097356, -0.47815568541100895, -0.17505557667448635, -0.16193193089539926, 0.8048437117522818, 0.9592325240809707, 0.24713767881382775, -0.8336317548582777, 0.46599743519199, 0.357370804957968, 0.6520457340504391, -0.3050973265778887, -0.8822398116837538, 0.2236436329105842, -0.751970763373456, 0.5190590583266628, 0.5888466351532844, -0.18274642650020412, 0.8875950117660911, -0.6524404124894483, 0.8851716994539605]",rhc,relu,False,False,100,[10],0.1,100,9
992,92,0.24406210007146,1.6596598043156383,1478.0,100,15,"[0.9340596780273533, 0.09446449835144466, 0.9453687199297687, 0.4296319873487293, 0.3954576491945416, -0.5678210088392472, 0.9525489095524835, -0.9875394895908203, -0.4940352752331121, -0.13041693519110842, 0.5587658435875049, -0.6046298507994938, 0.7259864711984445, 0.9668013543506255, -0.6723155171906026, 0.19466788786571843, -0.98202780466489, -0.22685743471274122, -0.9116798841370009, 0.9133059354284718, -0.1277067062404047, 0.8979546135631256, 0.5726119718701219, 0.7325785971633969, -0.6536691570081037, -0.850102825973786, 0.2014854427555386, -0.6640556325631923, 0.4667603350211398, -0.18311227969597055, 0.05581764683584067, 0.875143167901884, 0.043392244889916, -0.7836132342255386, -0.6835531856304011, 0.09040530340642561, 0.04880816013694678, 0.2752204882519873, -0.1970091128194542, 0.2996102180386846, -0.20619999419653467, 0.24783222709644614, 0.5348099341802477, -0.6420521799177383, -0.24884846282491524, 0.005066118653868745, 0.3733341598326916, -0.4926407026772337, 0.10948172588511706, 0.24986168812819542, 0.7910023321122921, -0.27429282313374714, 0.2751141460374733, -0.6171071957620733, -0.004411770765388567, -0.6351091908575863, 0.8367660782795254, -0.13635585731754474, 0.6603762041966925, -0.16644739064327485, 0.8093351774867339, -0.19034956537818792, -0.33765099381775454, 0.14427754054549724, 0.6908872981882266, 0.7220286235061439, 0.19137623413666893, -0.8306767779591795, 0.19453321463834983, -0.5090925828337958, 0.46518689717993555, 0.7893025846334776, 0.0294679418262902, 0.20712702072041278, -0.8698643752343853, 0.08014945928561268, -0.7416264326591246, 0.22912569270066396, -0.2726993059103242, 0.5355160686614915, -0.902931727160895, -0.7803637637643119, 0.36804643024725525, 0.029307394167312983, 0.1432827432294983, 0.6874139879813108, -0.024524721700651453, 0.6202888442522898, 0.020487258589880097, 0.8534413864805024, 0.333855543079252, -0.7025463211318861, -0.27089364934848836, 0.7315498318881986, -0.29942957828896866, -0.6219484810876903, -0.0547573816684539, -0.21443765035574014, 0.23785985328818726, -0.12646741612097356, -0.47815568541100895, -0.17505557667448635, -0.16193193089539926, 0.8048437117522818, 0.9592325240809707, 0.24713767881382775, -0.8336317548582777, 0.46599743519199, 0.357370804957968, 0.6520457340504391, -0.3050973265778887, -0.8822398116837538, 0.2236436329105842, -0.751970763373456, 0.5190590583266628, 0.5888466351532844, -0.18274642650020412, 0.8875950117660911, -0.6524404124894483, 0.8851716994539605]",rhc,relu,False,False,100,[10],0.1,100,9
993,93,0.2456533000804484,1.6596598043156383,1479.0,100,15,"[0.9340596780273533, 0.09446449835144466, 0.9453687199297687, 0.4296319873487293, 0.3954576491945416, -0.5678210088392472, 0.9525489095524835, -0.9875394895908203, -0.4940352752331121, -0.13041693519110842, 0.5587658435875049, -0.6046298507994938, 0.7259864711984445, 0.9668013543506255, -0.6723155171906026, 0.19466788786571843, -0.98202780466489, -0.22685743471274122, -0.9116798841370009, 0.9133059354284718, -0.1277067062404047, 0.8979546135631256, 0.5726119718701219, 0.7325785971633969, -0.6536691570081037, -0.850102825973786, 0.2014854427555386, -0.6640556325631923, 0.4667603350211398, -0.18311227969597055, 0.05581764683584067, 0.875143167901884, 0.043392244889916, -0.7836132342255386, -0.6835531856304011, 0.09040530340642561, 0.04880816013694678, 0.2752204882519873, -0.1970091128194542, 0.2996102180386846, -0.20619999419653467, 0.24783222709644614, 0.5348099341802477, -0.6420521799177383, -0.24884846282491524, 0.005066118653868745, 0.3733341598326916, -0.4926407026772337, 0.10948172588511706, 0.24986168812819542, 0.7910023321122921, -0.27429282313374714, 0.2751141460374733, -0.6171071957620733, -0.004411770765388567, -0.6351091908575863, 0.8367660782795254, -0.13635585731754474, 0.6603762041966925, -0.16644739064327485, 0.8093351774867339, -0.19034956537818792, -0.33765099381775454, 0.14427754054549724, 0.6908872981882266, 0.7220286235061439, 0.19137623413666893, -0.8306767779591795, 0.19453321463834983, -0.5090925828337958, 0.46518689717993555, 0.7893025846334776, 0.0294679418262902, 0.20712702072041278, -0.8698643752343853, 0.08014945928561268, -0.7416264326591246, 0.22912569270066396, -0.2726993059103242, 0.5355160686614915, -0.902931727160895, -0.7803637637643119, 0.36804643024725525, 0.029307394167312983, 0.1432827432294983, 0.6874139879813108, -0.024524721700651453, 0.6202888442522898, 0.020487258589880097, 0.8534413864805024, 0.333855543079252, -0.7025463211318861, -0.27089364934848836, 0.7315498318881986, -0.29942957828896866, -0.6219484810876903, -0.0547573816684539, -0.21443765035574014, 0.23785985328818726, -0.12646741612097356, -0.47815568541100895, -0.17505557667448635, -0.16193193089539926, 0.8048437117522818, 0.9592325240809707, 0.24713767881382775, -0.8336317548582777, 0.46599743519199, 0.357370804957968, 0.6520457340504391, -0.3050973265778887, -0.8822398116837538, 0.2236436329105842, -0.751970763373456, 0.5190590583266628, 0.5888466351532844, -0.18274642650020412, 0.8875950117660911, -0.6524404124894483, 0.8851716994539605]",rhc,relu,False,False,100,[10],0.1,100,9
994,94,0.24860799999441952,1.658230016346593,1481.0,100,15,"[0.9340596780273533, 0.09446449835144466, 0.9453687199297687, 0.4296319873487293, 0.3954576491945416, -0.5678210088392472, 0.9525489095524835, -0.9875394895908203, -0.4940352752331121, -0.13041693519110842, 0.5587658435875049, -0.6046298507994938, 0.7259864711984445, 0.9668013543506255, -0.6723155171906026, 0.19466788786571843, -0.98202780466489, -0.22685743471274122, -0.9116798841370009, 0.9133059354284718, -0.1277067062404047, 0.8979546135631256, 0.5726119718701219, 0.7325785971633969, -0.6536691570081037, -0.850102825973786, 0.2014854427555386, -0.6640556325631923, 0.4667603350211398, -0.18311227969597055, 0.05581764683584067, 0.875143167901884, 0.043392244889916, -0.7836132342255386, -0.6835531856304011, 0.09040530340642561, 0.04880816013694678, 0.2752204882519873, -0.1970091128194542, 0.2996102180386846, -0.20619999419653467, 0.24783222709644614, 0.5348099341802477, -0.6420521799177383, -0.24884846282491524, 0.005066118653868745, 0.3733341598326916, -0.4926407026772337, 0.10948172588511706, 0.24986168812819542, 0.7910023321122921, -0.27429282313374714, 0.2751141460374733, -0.6171071957620733, -0.004411770765388567, -0.6351091908575863, 0.8367660782795254, -0.13635585731754474, 0.6603762041966925, -0.16644739064327485, 0.8093351774867339, -0.19034956537818792, -0.33765099381775454, 0.14427754054549724, 0.6908872981882266, 0.7220286235061439, 0.19137623413666893, -0.8306767779591795, 0.19453321463834983, -0.5090925828337958, 0.46518689717993555, 0.7893025846334776, 0.0294679418262902, 0.20712702072041278, -0.8698643752343853, 0.08014945928561268, -0.7416264326591246, 0.22912569270066396, -0.2726993059103242, 0.5355160686614915, -0.902931727160895, -0.7803637637643119, 0.36804643024725525, 0.029307394167312983, 0.1432827432294983, 0.6874139879813108, -0.024524721700651453, 0.6202888442522898, 0.020487258589880097, 0.8534413864805024, 0.333855543079252, -0.7025463211318861, -0.27089364934848836, 0.7315498318881986, -0.29942957828896866, -0.6219484810876903, -0.0547573816684539, -0.21443765035574014, 0.23785985328818726, -0.12646741612097356, -0.47815568541100895, -0.17505557667448635, -0.16193193089539926, 0.8048437117522818, 0.9592325240809707, 0.24713767881382775, -0.8336317548582777, 0.46599743519199, 0.357370804957968, 0.6520457340504391, -0.3050973265778887, -0.8822398116837538, 0.2236436329105842, -0.751970763373456, 0.5190590583266628, 0.5888466351532844, -0.18274642650020412, 0.8875950117660911, -0.6524404124894483, 0.8851716994539605]",rhc,relu,False,False,100,[10],0.1,100,9
995,95,0.25007430010009557,1.655123033866836,1483.0,100,15,"[0.9340596780273533, 0.09446449835144466, 0.9453687199297687, 0.4296319873487293, 0.3954576491945416, -0.5678210088392472, 0.9525489095524835, -0.9875394895908203, -0.4940352752331121, -0.13041693519110842, 0.5587658435875049, -0.6046298507994938, 0.7259864711984445, 0.9668013543506255, -0.6723155171906026, 0.19466788786571843, -0.98202780466489, -0.22685743471274122, -0.9116798841370009, 0.9133059354284718, -0.1277067062404047, 0.8979546135631256, 0.5726119718701219, 0.7325785971633969, -0.6536691570081037, -0.850102825973786, 0.2014854427555386, -0.6640556325631923, 0.4667603350211398, -0.18311227969597055, 0.05581764683584067, 0.875143167901884, 0.043392244889916, -0.7836132342255386, -0.6835531856304011, 0.09040530340642561, 0.04880816013694678, 0.2752204882519873, -0.1970091128194542, 0.2996102180386846, -0.20619999419653467, 0.24783222709644614, 0.5348099341802477, -0.6420521799177383, -0.24884846282491524, 0.005066118653868745, 0.3733341598326916, -0.4926407026772337, 0.10948172588511706, 0.24986168812819542, 0.7910023321122921, -0.27429282313374714, 0.2751141460374733, -0.6171071957620733, -0.004411770765388567, -0.6351091908575863, 0.8367660782795254, -0.13635585731754474, 0.6603762041966925, -0.16644739064327485, 0.8093351774867339, -0.19034956537818792, -0.33765099381775454, 0.14427754054549724, 0.6908872981882266, 0.7220286235061439, 0.19137623413666893, -0.8306767779591795, 0.19453321463834983, -0.5090925828337958, 0.46518689717993555, 0.7893025846334776, 0.0294679418262902, 0.20712702072041278, -0.8698643752343853, 0.08014945928561268, -0.7416264326591246, 0.22912569270066396, -0.2726993059103242, 0.5355160686614915, -0.902931727160895, -0.7803637637643119, 0.36804643024725525, 0.029307394167312983, 0.1432827432294983, 0.6874139879813108, -0.024524721700651453, 0.6202888442522898, 0.020487258589880097, 0.8534413864805024, 0.333855543079252, -0.7025463211318861, -0.27089364934848836, 0.7315498318881986, -0.29942957828896866, -0.6219484810876903, -0.0547573816684539, -0.21443765035574014, 0.23785985328818726, -0.12646741612097356, -0.47815568541100895, -0.17505557667448635, -0.16193193089539926, 0.8048437117522818, 0.9592325240809707, 0.24713767881382775, -0.8336317548582777, 0.46599743519199, 0.357370804957968, 0.6520457340504391, -0.3050973265778887, -0.8822398116837538, 0.2236436329105842, -0.751970763373456, 0.5190590583266628, 0.5888466351532844, -0.18274642650020412, 0.8875950117660911, -0.6524404124894483, 0.8851716994539605]",rhc,relu,False,False,100,[10],0.1,100,9
996,96,0.253057699999772,1.6464269410897245,1485.0,100,15,"[0.9340596780273533, 0.09446449835144466, 0.9453687199297687, 0.4296319873487293, 0.3954576491945416, -0.5678210088392472, 0.9525489095524835, -0.9875394895908203, -0.4940352752331121, -0.13041693519110842, 0.5587658435875049, -0.6046298507994938, 0.7259864711984445, 0.9668013543506255, -0.6723155171906026, 0.19466788786571843, -0.98202780466489, -0.22685743471274122, -0.9116798841370009, 0.9133059354284718, -0.1277067062404047, 0.8979546135631256, 0.5726119718701219, 0.7325785971633969, -0.6536691570081037, -0.850102825973786, 0.2014854427555386, -0.6640556325631923, 0.4667603350211398, -0.18311227969597055, 0.05581764683584067, 0.875143167901884, 0.043392244889916, -0.7836132342255386, -0.6835531856304011, 0.09040530340642561, 0.04880816013694678, 0.2752204882519873, -0.1970091128194542, 0.2996102180386846, -0.20619999419653467, 0.24783222709644614, 0.5348099341802477, -0.6420521799177383, -0.24884846282491524, 0.005066118653868745, 0.3733341598326916, -0.4926407026772337, 0.10948172588511706, 0.24986168812819542, 0.7910023321122921, -0.27429282313374714, 0.2751141460374733, -0.6171071957620733, -0.004411770765388567, -0.6351091908575863, 0.8367660782795254, -0.13635585731754474, 0.6603762041966925, -0.16644739064327485, 0.8093351774867339, -0.19034956537818792, -0.33765099381775454, 0.14427754054549724, 0.6908872981882266, 0.7220286235061439, 0.19137623413666893, -0.8306767779591795, 0.19453321463834983, -0.5090925828337958, 0.46518689717993555, 0.7893025846334776, 0.0294679418262902, 0.20712702072041278, -0.8698643752343853, 0.08014945928561268, -0.7416264326591246, 0.22912569270066396, -0.2726993059103242, 0.5355160686614915, -0.902931727160895, -0.7803637637643119, 0.36804643024725525, 0.029307394167312983, 0.1432827432294983, 0.6874139879813108, -0.024524721700651453, 0.6202888442522898, 0.020487258589880097, 0.8534413864805024, 0.333855543079252, -0.7025463211318861, -0.27089364934848836, 0.7315498318881986, -0.29942957828896866, -0.6219484810876903, -0.0547573816684539, -0.21443765035574014, 0.23785985328818726, -0.12646741612097356, -0.47815568541100895, -0.17505557667448635, -0.16193193089539926, 0.8048437117522818, 0.9592325240809707, 0.24713767881382775, -0.8336317548582777, 0.46599743519199, 0.357370804957968, 0.6520457340504391, -0.3050973265778887, -0.8822398116837538, 0.2236436329105842, -0.751970763373456, 0.5190590583266628, 0.5888466351532844, -0.18274642650020412, 0.8875950117660911, -0.6524404124894483, 0.8851716994539605]",rhc,relu,False,False,100,[10],0.1,100,9
997,97,0.2544917000923306,1.6429668850686028,1487.0,100,15,"[0.9340596780273533, 0.09446449835144466, 0.9453687199297687, 0.4296319873487293, 0.3954576491945416, -0.5678210088392472, 0.9525489095524835, -0.9875394895908203, -0.4940352752331121, -0.13041693519110842, 0.5587658435875049, -0.6046298507994938, 0.7259864711984445, 0.9668013543506255, -0.6723155171906026, 0.19466788786571843, -0.98202780466489, -0.22685743471274122, -0.9116798841370009, 0.9133059354284718, -0.1277067062404047, 0.8979546135631256, 0.5726119718701219, 0.7325785971633969, -0.6536691570081037, -0.850102825973786, 0.2014854427555386, -0.6640556325631923, 0.4667603350211398, -0.18311227969597055, 0.05581764683584067, 0.875143167901884, 0.043392244889916, -0.7836132342255386, -0.6835531856304011, 0.09040530340642561, 0.04880816013694678, 0.2752204882519873, -0.1970091128194542, 0.2996102180386846, -0.20619999419653467, 0.24783222709644614, 0.5348099341802477, -0.6420521799177383, -0.24884846282491524, 0.005066118653868745, 0.3733341598326916, -0.4926407026772337, 0.10948172588511706, 0.24986168812819542, 0.7910023321122921, -0.27429282313374714, 0.2751141460374733, -0.6171071957620733, -0.004411770765388567, -0.6351091908575863, 0.8367660782795254, -0.13635585731754474, 0.6603762041966925, -0.16644739064327485, 0.8093351774867339, -0.19034956537818792, -0.33765099381775454, 0.14427754054549724, 0.6908872981882266, 0.7220286235061439, 0.19137623413666893, -0.8306767779591795, 0.19453321463834983, -0.5090925828337958, 0.46518689717993555, 0.7893025846334776, 0.0294679418262902, 0.20712702072041278, -0.8698643752343853, 0.08014945928561268, -0.7416264326591246, 0.22912569270066396, -0.2726993059103242, 0.5355160686614915, -0.902931727160895, -0.7803637637643119, 0.36804643024725525, 0.029307394167312983, 0.1432827432294983, 0.6874139879813108, -0.024524721700651453, 0.6202888442522898, 0.020487258589880097, 0.8534413864805024, 0.333855543079252, -0.7025463211318861, -0.27089364934848836, 0.7315498318881986, -0.29942957828896866, -0.6219484810876903, -0.0547573816684539, -0.21443765035574014, 0.23785985328818726, -0.12646741612097356, -0.47815568541100895, -0.17505557667448635, -0.16193193089539926, 0.8048437117522818, 0.9592325240809707, 0.24713767881382775, -0.8336317548582777, 0.46599743519199, 0.357370804957968, 0.6520457340504391, -0.3050973265778887, -0.8822398116837538, 0.2236436329105842, -0.751970763373456, 0.5190590583266628, 0.5888466351532844, -0.18274642650020412, 0.8875950117660911, -0.6524404124894483, 0.8851716994539605]",rhc,relu,False,False,100,[10],0.1,100,9
998,98,0.25626020005438477,1.6421911401280314,1489.0,100,15,"[0.9340596780273533, 0.09446449835144466, 0.9453687199297687, 0.4296319873487293, 0.3954576491945416, -0.5678210088392472, 0.9525489095524835, -0.9875394895908203, -0.4940352752331121, -0.13041693519110842, 0.5587658435875049, -0.6046298507994938, 0.7259864711984445, 0.9668013543506255, -0.6723155171906026, 0.19466788786571843, -0.98202780466489, -0.22685743471274122, -0.9116798841370009, 0.9133059354284718, -0.1277067062404047, 0.8979546135631256, 0.5726119718701219, 0.7325785971633969, -0.6536691570081037, -0.850102825973786, 0.2014854427555386, -0.6640556325631923, 0.4667603350211398, -0.18311227969597055, 0.05581764683584067, 0.875143167901884, 0.043392244889916, -0.7836132342255386, -0.6835531856304011, 0.09040530340642561, 0.04880816013694678, 0.2752204882519873, -0.1970091128194542, 0.2996102180386846, -0.20619999419653467, 0.24783222709644614, 0.5348099341802477, -0.6420521799177383, -0.24884846282491524, 0.005066118653868745, 0.3733341598326916, -0.4926407026772337, 0.10948172588511706, 0.24986168812819542, 0.7910023321122921, -0.27429282313374714, 0.2751141460374733, -0.6171071957620733, -0.004411770765388567, -0.6351091908575863, 0.8367660782795254, -0.13635585731754474, 0.6603762041966925, -0.16644739064327485, 0.8093351774867339, -0.19034956537818792, -0.33765099381775454, 0.14427754054549724, 0.6908872981882266, 0.7220286235061439, 0.19137623413666893, -0.8306767779591795, 0.19453321463834983, -0.5090925828337958, 0.46518689717993555, 0.7893025846334776, 0.0294679418262902, 0.20712702072041278, -0.8698643752343853, 0.08014945928561268, -0.7416264326591246, 0.22912569270066396, -0.2726993059103242, 0.5355160686614915, -0.902931727160895, -0.7803637637643119, 0.36804643024725525, 0.029307394167312983, 0.1432827432294983, 0.6874139879813108, -0.024524721700651453, 0.6202888442522898, 0.020487258589880097, 0.8534413864805024, 0.333855543079252, -0.7025463211318861, -0.27089364934848836, 0.7315498318881986, -0.29942957828896866, -0.6219484810876903, -0.0547573816684539, -0.21443765035574014, 0.23785985328818726, -0.12646741612097356, -0.47815568541100895, -0.17505557667448635, -0.16193193089539926, 0.8048437117522818, 0.9592325240809707, 0.24713767881382775, -0.8336317548582777, 0.46599743519199, 0.357370804957968, 0.6520457340504391, -0.3050973265778887, -0.8822398116837538, 0.2236436329105842, -0.751970763373456, 0.5190590583266628, 0.5888466351532844, -0.18274642650020412, 0.8875950117660911, -0.6524404124894483, 0.8851716994539605]",rhc,relu,False,False,100,[10],0.1,100,9
999,99,0.2595394999952987,1.641921608988226,1491.0,100,15,"[0.9340596780273533, 0.09446449835144466, 0.9453687199297687, 0.4296319873487293, 0.3954576491945416, -0.5678210088392472, 0.9525489095524835, -0.9875394895908203, -0.4940352752331121, -0.13041693519110842, 0.5587658435875049, -0.6046298507994938, 0.7259864711984445, 0.9668013543506255, -0.6723155171906026, 0.19466788786571843, -0.98202780466489, -0.22685743471274122, -0.9116798841370009, 0.9133059354284718, -0.1277067062404047, 0.8979546135631256, 0.5726119718701219, 0.7325785971633969, -0.6536691570081037, -0.850102825973786, 0.2014854427555386, -0.6640556325631923, 0.4667603350211398, -0.18311227969597055, 0.05581764683584067, 0.875143167901884, 0.043392244889916, -0.7836132342255386, -0.6835531856304011, 0.09040530340642561, 0.04880816013694678, 0.2752204882519873, -0.1970091128194542, 0.2996102180386846, -0.20619999419653467, 0.24783222709644614, 0.5348099341802477, -0.6420521799177383, -0.24884846282491524, 0.005066118653868745, 0.3733341598326916, -0.4926407026772337, 0.10948172588511706, 0.24986168812819542, 0.7910023321122921, -0.27429282313374714, 0.2751141460374733, -0.6171071957620733, -0.004411770765388567, -0.6351091908575863, 0.8367660782795254, -0.13635585731754474, 0.6603762041966925, -0.16644739064327485, 0.8093351774867339, -0.19034956537818792, -0.33765099381775454, 0.14427754054549724, 0.6908872981882266, 0.7220286235061439, 0.19137623413666893, -0.8306767779591795, 0.19453321463834983, -0.5090925828337958, 0.46518689717993555, 0.7893025846334776, 0.0294679418262902, 0.20712702072041278, -0.8698643752343853, 0.08014945928561268, -0.7416264326591246, 0.22912569270066396, -0.2726993059103242, 0.5355160686614915, -0.902931727160895, -0.7803637637643119, 0.36804643024725525, 0.029307394167312983, 0.1432827432294983, 0.6874139879813108, -0.024524721700651453, 0.6202888442522898, 0.020487258589880097, 0.8534413864805024, 0.333855543079252, -0.7025463211318861, -0.27089364934848836, 0.7315498318881986, -0.29942957828896866, -0.6219484810876903, -0.0547573816684539, -0.21443765035574014, 0.23785985328818726, -0.12646741612097356, -0.47815568541100895, -0.17505557667448635, -0.16193193089539926, 0.8048437117522818, 0.9592325240809707, 0.24713767881382775, -0.8336317548582777, 0.46599743519199, 0.357370804957968, 0.6520457340504391, -0.3050973265778887, -0.8822398116837538, 0.2236436329105842, -0.751970763373456, 0.5190590583266628, 0.5888466351532844, -0.18274642650020412, 0.8875950117660911, -0.6524404124894483, 0.8851716994539605]",rhc,relu,False,False,100,[10],0.1,100,9
1000,100,0.26120120007544756,1.6249689268574374,1493.0,100,15,"[0.9340596780273533, 0.09446449835144466, 0.9453687199297687, 0.4296319873487293, 0.3954576491945416, -0.5678210088392472, 0.9525489095524835, -0.9875394895908203, -0.4940352752331121, -0.13041693519110842, 0.5587658435875049, -0.6046298507994938, 0.7259864711984445, 0.9668013543506255, -0.6723155171906026, 0.19466788786571843, -0.98202780466489, -0.22685743471274122, -0.9116798841370009, 0.9133059354284718, -0.1277067062404047, 0.8979546135631256, 0.5726119718701219, 0.7325785971633969, -0.6536691570081037, -0.850102825973786, 0.2014854427555386, -0.6640556325631923, 0.4667603350211398, -0.18311227969597055, 0.05581764683584067, 0.875143167901884, 0.043392244889916, -0.7836132342255386, -0.6835531856304011, 0.09040530340642561, 0.04880816013694678, 0.2752204882519873, -0.1970091128194542, 0.2996102180386846, -0.20619999419653467, 0.24783222709644614, 0.5348099341802477, -0.6420521799177383, -0.24884846282491524, 0.005066118653868745, 0.3733341598326916, -0.4926407026772337, 0.10948172588511706, 0.24986168812819542, 0.7910023321122921, -0.27429282313374714, 0.2751141460374733, -0.6171071957620733, -0.004411770765388567, -0.6351091908575863, 0.8367660782795254, -0.13635585731754474, 0.6603762041966925, -0.16644739064327485, 0.8093351774867339, -0.19034956537818792, -0.33765099381775454, 0.14427754054549724, 0.6908872981882266, 0.7220286235061439, 0.19137623413666893, -0.8306767779591795, 0.19453321463834983, -0.5090925828337958, 0.46518689717993555, 0.7893025846334776, 0.0294679418262902, 0.20712702072041278, -0.8698643752343853, 0.08014945928561268, -0.7416264326591246, 0.22912569270066396, -0.2726993059103242, 0.5355160686614915, -0.902931727160895, -0.7803637637643119, 0.36804643024725525, 0.029307394167312983, 0.1432827432294983, 0.6874139879813108, -0.024524721700651453, 0.6202888442522898, 0.020487258589880097, 0.8534413864805024, 0.333855543079252, -0.7025463211318861, -0.27089364934848836, 0.7315498318881986, -0.29942957828896866, -0.6219484810876903, -0.0547573816684539, -0.21443765035574014, 0.23785985328818726, -0.12646741612097356, -0.47815568541100895, -0.17505557667448635, -0.16193193089539926, 0.8048437117522818, 0.9592325240809707, 0.24713767881382775, -0.8336317548582777, 0.46599743519199, 0.357370804957968, 0.6520457340504391, -0.3050973265778887, -0.8822398116837538, 0.2236436329105842, -0.751970763373456, 0.5190590583266628, 0.5888466351532844, -0.18274642650020412, 0.8875950117660911, -0.6524404124894483, 0.8851716994539605]",rhc,relu,False,False,100,[10],0.1,100,9
1001,1,0.03315600007772446,1.9099841090186194,1494.0,100,15,"[0.9340596780273533, 0.09446449835144466, 0.9453687199297687, 0.4296319873487293, 0.3954576491945416, -0.5678210088392472, 0.9525489095524835, -0.9875394895908203, -0.4940352752331121, -0.13041693519110842, 0.5587658435875049, -0.6046298507994938, 0.7259864711984445, 0.9668013543506255, -0.6723155171906026, 0.19466788786571843, -0.98202780466489, -0.22685743471274122, -0.9116798841370009, 0.9133059354284718, -0.1277067062404047, 0.8979546135631256, 0.5726119718701219, 0.7325785971633969, -0.6536691570081037, -0.850102825973786, 0.2014854427555386, -0.6640556325631923, 0.4667603350211398, -0.18311227969597055, 0.05581764683584067, 0.875143167901884, 0.043392244889916, -0.7836132342255386, -0.6835531856304011, 0.09040530340642561, 0.04880816013694678, 0.2752204882519873, -0.1970091128194542, 0.2996102180386846, -0.20619999419653467, 0.24783222709644614, 0.5348099341802477, -0.6420521799177383, -0.24884846282491524, 0.005066118653868745, 0.3733341598326916, -0.4926407026772337, 0.10948172588511706, 0.24986168812819542, 0.7910023321122921, -0.27429282313374714, 0.2751141460374733, -0.6171071957620733, -0.004411770765388567, -0.6351091908575863, 0.8367660782795254, -0.13635585731754474, 0.6603762041966925, -0.16644739064327485, 0.8093351774867339, -0.19034956537818792, -0.33765099381775454, 0.14427754054549724, 0.6908872981882266, 0.7220286235061439, 0.19137623413666893, -0.8306767779591795, 0.19453321463834983, -0.5090925828337958, 0.46518689717993555, 0.7893025846334776, 0.0294679418262902, 0.20712702072041278, -0.8698643752343853, 0.08014945928561268, -0.7416264326591246, 0.22912569270066396, -0.2726993059103242, 0.5355160686614915, -0.902931727160895, -0.7803637637643119, 0.36804643024725525, 0.029307394167312983, 0.1432827432294983, 0.6874139879813108, -0.024524721700651453, 0.6202888442522898, 0.020487258589880097, 0.8534413864805024, 0.333855543079252, -0.7025463211318861, -0.27089364934848836, 0.7315498318881986, -0.29942957828896866, -0.6219484810876903, -0.0547573816684539, -0.21443765035574014, 0.23785985328818726, -0.12646741612097356, -0.47815568541100895, -0.17505557667448635, -0.16193193089539926, 0.8048437117522818, 0.9592325240809707, 0.24713767881382775, -0.8336317548582777, 0.46599743519199, 0.357370804957968, 0.6520457340504391, -0.3050973265778887, -0.8822398116837538, 0.2236436329105842, -0.751970763373456, 0.5190590583266628, 0.5888466351532844, -0.18274642650020412, 0.8875950117660911, -0.6524404124894483, 0.8851716994539605]",rhc,relu,False,False,100,[10],0.1,100,10
1002,2,0.03611099999397993,1.9099841090186194,1495.0,100,15,"[0.9340596780273533, 0.09446449835144466, 0.9453687199297687, 0.4296319873487293, 0.3954576491945416, -0.5678210088392472, 0.9525489095524835, -0.9875394895908203, -0.4940352752331121, -0.13041693519110842, 0.5587658435875049, -0.6046298507994938, 0.7259864711984445, 0.9668013543506255, -0.6723155171906026, 0.19466788786571843, -0.98202780466489, -0.22685743471274122, -0.9116798841370009, 0.9133059354284718, -0.1277067062404047, 0.8979546135631256, 0.5726119718701219, 0.7325785971633969, -0.6536691570081037, -0.850102825973786, 0.2014854427555386, -0.6640556325631923, 0.4667603350211398, -0.18311227969597055, 0.05581764683584067, 0.875143167901884, 0.043392244889916, -0.7836132342255386, -0.6835531856304011, 0.09040530340642561, 0.04880816013694678, 0.2752204882519873, -0.1970091128194542, 0.2996102180386846, -0.20619999419653467, 0.24783222709644614, 0.5348099341802477, -0.6420521799177383, -0.24884846282491524, 0.005066118653868745, 0.3733341598326916, -0.4926407026772337, 0.10948172588511706, 0.24986168812819542, 0.7910023321122921, -0.27429282313374714, 0.2751141460374733, -0.6171071957620733, -0.004411770765388567, -0.6351091908575863, 0.8367660782795254, -0.13635585731754474, 0.6603762041966925, -0.16644739064327485, 0.8093351774867339, -0.19034956537818792, -0.33765099381775454, 0.14427754054549724, 0.6908872981882266, 0.7220286235061439, 0.19137623413666893, -0.8306767779591795, 0.19453321463834983, -0.5090925828337958, 0.46518689717993555, 0.7893025846334776, 0.0294679418262902, 0.20712702072041278, -0.8698643752343853, 0.08014945928561268, -0.7416264326591246, 0.22912569270066396, -0.2726993059103242, 0.5355160686614915, -0.902931727160895, -0.7803637637643119, 0.36804643024725525, 0.029307394167312983, 0.1432827432294983, 0.6874139879813108, -0.024524721700651453, 0.6202888442522898, 0.020487258589880097, 0.8534413864805024, 0.333855543079252, -0.7025463211318861, -0.27089364934848836, 0.7315498318881986, -0.29942957828896866, -0.6219484810876903, -0.0547573816684539, -0.21443765035574014, 0.23785985328818726, -0.12646741612097356, -0.47815568541100895, -0.17505557667448635, -0.16193193089539926, 0.8048437117522818, 0.9592325240809707, 0.24713767881382775, -0.8336317548582777, 0.46599743519199, 0.357370804957968, 0.6520457340504391, -0.3050973265778887, -0.8822398116837538, 0.2236436329105842, -0.751970763373456, 0.5190590583266628, 0.5888466351532844, -0.18274642650020412, 0.8875950117660911, -0.6524404124894483, 0.8851716994539605]",rhc,relu,False,False,100,[10],0.1,100,10
1003,3,0.03751040005590767,1.9099841090186194,1496.0,100,15,"[0.9340596780273533, 0.09446449835144466, 0.9453687199297687, 0.4296319873487293, 0.3954576491945416, -0.5678210088392472, 0.9525489095524835, -0.9875394895908203, -0.4940352752331121, -0.13041693519110842, 0.5587658435875049, -0.6046298507994938, 0.7259864711984445, 0.9668013543506255, -0.6723155171906026, 0.19466788786571843, -0.98202780466489, -0.22685743471274122, -0.9116798841370009, 0.9133059354284718, -0.1277067062404047, 0.8979546135631256, 0.5726119718701219, 0.7325785971633969, -0.6536691570081037, -0.850102825973786, 0.2014854427555386, -0.6640556325631923, 0.4667603350211398, -0.18311227969597055, 0.05581764683584067, 0.875143167901884, 0.043392244889916, -0.7836132342255386, -0.6835531856304011, 0.09040530340642561, 0.04880816013694678, 0.2752204882519873, -0.1970091128194542, 0.2996102180386846, -0.20619999419653467, 0.24783222709644614, 0.5348099341802477, -0.6420521799177383, -0.24884846282491524, 0.005066118653868745, 0.3733341598326916, -0.4926407026772337, 0.10948172588511706, 0.24986168812819542, 0.7910023321122921, -0.27429282313374714, 0.2751141460374733, -0.6171071957620733, -0.004411770765388567, -0.6351091908575863, 0.8367660782795254, -0.13635585731754474, 0.6603762041966925, -0.16644739064327485, 0.8093351774867339, -0.19034956537818792, -0.33765099381775454, 0.14427754054549724, 0.6908872981882266, 0.7220286235061439, 0.19137623413666893, -0.8306767779591795, 0.19453321463834983, -0.5090925828337958, 0.46518689717993555, 0.7893025846334776, 0.0294679418262902, 0.20712702072041278, -0.8698643752343853, 0.08014945928561268, -0.7416264326591246, 0.22912569270066396, -0.2726993059103242, 0.5355160686614915, -0.902931727160895, -0.7803637637643119, 0.36804643024725525, 0.029307394167312983, 0.1432827432294983, 0.6874139879813108, -0.024524721700651453, 0.6202888442522898, 0.020487258589880097, 0.8534413864805024, 0.333855543079252, -0.7025463211318861, -0.27089364934848836, 0.7315498318881986, -0.29942957828896866, -0.6219484810876903, -0.0547573816684539, -0.21443765035574014, 0.23785985328818726, -0.12646741612097356, -0.47815568541100895, -0.17505557667448635, -0.16193193089539926, 0.8048437117522818, 0.9592325240809707, 0.24713767881382775, -0.8336317548582777, 0.46599743519199, 0.357370804957968, 0.6520457340504391, -0.3050973265778887, -0.8822398116837538, 0.2236436329105842, -0.751970763373456, 0.5190590583266628, 0.5888466351532844, -0.18274642650020412, 0.8875950117660911, -0.6524404124894483, 0.8851716994539605]",rhc,relu,False,False,100,[10],0.1,100,10
1004,4,0.0403158999979496,1.9099841090186194,1497.0,100,15,"[0.9340596780273533, 0.09446449835144466, 0.9453687199297687, 0.4296319873487293, 0.3954576491945416, -0.5678210088392472, 0.9525489095524835, -0.9875394895908203, -0.4940352752331121, -0.13041693519110842, 0.5587658435875049, -0.6046298507994938, 0.7259864711984445, 0.9668013543506255, -0.6723155171906026, 0.19466788786571843, -0.98202780466489, -0.22685743471274122, -0.9116798841370009, 0.9133059354284718, -0.1277067062404047, 0.8979546135631256, 0.5726119718701219, 0.7325785971633969, -0.6536691570081037, -0.850102825973786, 0.2014854427555386, -0.6640556325631923, 0.4667603350211398, -0.18311227969597055, 0.05581764683584067, 0.875143167901884, 0.043392244889916, -0.7836132342255386, -0.6835531856304011, 0.09040530340642561, 0.04880816013694678, 0.2752204882519873, -0.1970091128194542, 0.2996102180386846, -0.20619999419653467, 0.24783222709644614, 0.5348099341802477, -0.6420521799177383, -0.24884846282491524, 0.005066118653868745, 0.3733341598326916, -0.4926407026772337, 0.10948172588511706, 0.24986168812819542, 0.7910023321122921, -0.27429282313374714, 0.2751141460374733, -0.6171071957620733, -0.004411770765388567, -0.6351091908575863, 0.8367660782795254, -0.13635585731754474, 0.6603762041966925, -0.16644739064327485, 0.8093351774867339, -0.19034956537818792, -0.33765099381775454, 0.14427754054549724, 0.6908872981882266, 0.7220286235061439, 0.19137623413666893, -0.8306767779591795, 0.19453321463834983, -0.5090925828337958, 0.46518689717993555, 0.7893025846334776, 0.0294679418262902, 0.20712702072041278, -0.8698643752343853, 0.08014945928561268, -0.7416264326591246, 0.22912569270066396, -0.2726993059103242, 0.5355160686614915, -0.902931727160895, -0.7803637637643119, 0.36804643024725525, 0.029307394167312983, 0.1432827432294983, 0.6874139879813108, -0.024524721700651453, 0.6202888442522898, 0.020487258589880097, 0.8534413864805024, 0.333855543079252, -0.7025463211318861, -0.27089364934848836, 0.7315498318881986, -0.29942957828896866, -0.6219484810876903, -0.0547573816684539, -0.21443765035574014, 0.23785985328818726, -0.12646741612097356, -0.47815568541100895, -0.17505557667448635, -0.16193193089539926, 0.8048437117522818, 0.9592325240809707, 0.24713767881382775, -0.8336317548582777, 0.46599743519199, 0.357370804957968, 0.6520457340504391, -0.3050973265778887, -0.8822398116837538, 0.2236436329105842, -0.751970763373456, 0.5190590583266628, 0.5888466351532844, -0.18274642650020412, 0.8875950117660911, -0.6524404124894483, 0.8851716994539605]",rhc,relu,False,False,100,[10],0.1,100,10
1005,5,0.041674000094644725,1.9077547221611733,1499.0,100,15,"[0.9340596780273533, 0.09446449835144466, 0.9453687199297687, 0.4296319873487293, 0.3954576491945416, -0.5678210088392472, 0.9525489095524835, -0.9875394895908203, -0.4940352752331121, -0.13041693519110842, 0.5587658435875049, -0.6046298507994938, 0.7259864711984445, 0.9668013543506255, -0.6723155171906026, 0.19466788786571843, -0.98202780466489, -0.22685743471274122, -0.9116798841370009, 0.9133059354284718, -0.1277067062404047, 0.8979546135631256, 0.5726119718701219, 0.7325785971633969, -0.6536691570081037, -0.850102825973786, 0.2014854427555386, -0.6640556325631923, 0.4667603350211398, -0.18311227969597055, 0.05581764683584067, 0.875143167901884, 0.043392244889916, -0.7836132342255386, -0.6835531856304011, 0.09040530340642561, 0.04880816013694678, 0.2752204882519873, -0.1970091128194542, 0.2996102180386846, -0.20619999419653467, 0.24783222709644614, 0.5348099341802477, -0.6420521799177383, -0.24884846282491524, 0.005066118653868745, 0.3733341598326916, -0.4926407026772337, 0.10948172588511706, 0.24986168812819542, 0.7910023321122921, -0.27429282313374714, 0.2751141460374733, -0.6171071957620733, -0.004411770765388567, -0.6351091908575863, 0.8367660782795254, -0.13635585731754474, 0.6603762041966925, -0.16644739064327485, 0.8093351774867339, -0.19034956537818792, -0.33765099381775454, 0.14427754054549724, 0.6908872981882266, 0.7220286235061439, 0.19137623413666893, -0.8306767779591795, 0.19453321463834983, -0.5090925828337958, 0.46518689717993555, 0.7893025846334776, 0.0294679418262902, 0.20712702072041278, -0.8698643752343853, 0.08014945928561268, -0.7416264326591246, 0.22912569270066396, -0.2726993059103242, 0.5355160686614915, -0.902931727160895, -0.7803637637643119, 0.36804643024725525, 0.029307394167312983, 0.1432827432294983, 0.6874139879813108, -0.024524721700651453, 0.6202888442522898, 0.020487258589880097, 0.8534413864805024, 0.333855543079252, -0.7025463211318861, -0.27089364934848836, 0.7315498318881986, -0.29942957828896866, -0.6219484810876903, -0.0547573816684539, -0.21443765035574014, 0.23785985328818726, -0.12646741612097356, -0.47815568541100895, -0.17505557667448635, -0.16193193089539926, 0.8048437117522818, 0.9592325240809707, 0.24713767881382775, -0.8336317548582777, 0.46599743519199, 0.357370804957968, 0.6520457340504391, -0.3050973265778887, -0.8822398116837538, 0.2236436329105842, -0.751970763373456, 0.5190590583266628, 0.5888466351532844, -0.18274642650020412, 0.8875950117660911, -0.6524404124894483, 0.8851716994539605]",rhc,relu,False,False,100,[10],0.1,100,10
1006,6,0.04435340000782162,1.9077547221611733,1500.0,100,15,"[0.9340596780273533, 0.09446449835144466, 0.9453687199297687, 0.4296319873487293, 0.3954576491945416, -0.5678210088392472, 0.9525489095524835, -0.9875394895908203, -0.4940352752331121, -0.13041693519110842, 0.5587658435875049, -0.6046298507994938, 0.7259864711984445, 0.9668013543506255, -0.6723155171906026, 0.19466788786571843, -0.98202780466489, -0.22685743471274122, -0.9116798841370009, 0.9133059354284718, -0.1277067062404047, 0.8979546135631256, 0.5726119718701219, 0.7325785971633969, -0.6536691570081037, -0.850102825973786, 0.2014854427555386, -0.6640556325631923, 0.4667603350211398, -0.18311227969597055, 0.05581764683584067, 0.875143167901884, 0.043392244889916, -0.7836132342255386, -0.6835531856304011, 0.09040530340642561, 0.04880816013694678, 0.2752204882519873, -0.1970091128194542, 0.2996102180386846, -0.20619999419653467, 0.24783222709644614, 0.5348099341802477, -0.6420521799177383, -0.24884846282491524, 0.005066118653868745, 0.3733341598326916, -0.4926407026772337, 0.10948172588511706, 0.24986168812819542, 0.7910023321122921, -0.27429282313374714, 0.2751141460374733, -0.6171071957620733, -0.004411770765388567, -0.6351091908575863, 0.8367660782795254, -0.13635585731754474, 0.6603762041966925, -0.16644739064327485, 0.8093351774867339, -0.19034956537818792, -0.33765099381775454, 0.14427754054549724, 0.6908872981882266, 0.7220286235061439, 0.19137623413666893, -0.8306767779591795, 0.19453321463834983, -0.5090925828337958, 0.46518689717993555, 0.7893025846334776, 0.0294679418262902, 0.20712702072041278, -0.8698643752343853, 0.08014945928561268, -0.7416264326591246, 0.22912569270066396, -0.2726993059103242, 0.5355160686614915, -0.902931727160895, -0.7803637637643119, 0.36804643024725525, 0.029307394167312983, 0.1432827432294983, 0.6874139879813108, -0.024524721700651453, 0.6202888442522898, 0.020487258589880097, 0.8534413864805024, 0.333855543079252, -0.7025463211318861, -0.27089364934848836, 0.7315498318881986, -0.29942957828896866, -0.6219484810876903, -0.0547573816684539, -0.21443765035574014, 0.23785985328818726, -0.12646741612097356, -0.47815568541100895, -0.17505557667448635, -0.16193193089539926, 0.8048437117522818, 0.9592325240809707, 0.24713767881382775, -0.8336317548582777, 0.46599743519199, 0.357370804957968, 0.6520457340504391, -0.3050973265778887, -0.8822398116837538, 0.2236436329105842, -0.751970763373456, 0.5190590583266628, 0.5888466351532844, -0.18274642650020412, 0.8875950117660911, -0.6524404124894483, 0.8851716994539605]",rhc,relu,False,False,100,[10],0.1,100,10
1007,7,0.04734460008330643,1.904473372987469,1502.0,100,15,"[0.9340596780273533, 0.09446449835144466, 0.9453687199297687, 0.4296319873487293, 0.3954576491945416, -0.5678210088392472, 0.9525489095524835, -0.9875394895908203, -0.4940352752331121, -0.13041693519110842, 0.5587658435875049, -0.6046298507994938, 0.7259864711984445, 0.9668013543506255, -0.6723155171906026, 0.19466788786571843, -0.98202780466489, -0.22685743471274122, -0.9116798841370009, 0.9133059354284718, -0.1277067062404047, 0.8979546135631256, 0.5726119718701219, 0.7325785971633969, -0.6536691570081037, -0.850102825973786, 0.2014854427555386, -0.6640556325631923, 0.4667603350211398, -0.18311227969597055, 0.05581764683584067, 0.875143167901884, 0.043392244889916, -0.7836132342255386, -0.6835531856304011, 0.09040530340642561, 0.04880816013694678, 0.2752204882519873, -0.1970091128194542, 0.2996102180386846, -0.20619999419653467, 0.24783222709644614, 0.5348099341802477, -0.6420521799177383, -0.24884846282491524, 0.005066118653868745, 0.3733341598326916, -0.4926407026772337, 0.10948172588511706, 0.24986168812819542, 0.7910023321122921, -0.27429282313374714, 0.2751141460374733, -0.6171071957620733, -0.004411770765388567, -0.6351091908575863, 0.8367660782795254, -0.13635585731754474, 0.6603762041966925, -0.16644739064327485, 0.8093351774867339, -0.19034956537818792, -0.33765099381775454, 0.14427754054549724, 0.6908872981882266, 0.7220286235061439, 0.19137623413666893, -0.8306767779591795, 0.19453321463834983, -0.5090925828337958, 0.46518689717993555, 0.7893025846334776, 0.0294679418262902, 0.20712702072041278, -0.8698643752343853, 0.08014945928561268, -0.7416264326591246, 0.22912569270066396, -0.2726993059103242, 0.5355160686614915, -0.902931727160895, -0.7803637637643119, 0.36804643024725525, 0.029307394167312983, 0.1432827432294983, 0.6874139879813108, -0.024524721700651453, 0.6202888442522898, 0.020487258589880097, 0.8534413864805024, 0.333855543079252, -0.7025463211318861, -0.27089364934848836, 0.7315498318881986, -0.29942957828896866, -0.6219484810876903, -0.0547573816684539, -0.21443765035574014, 0.23785985328818726, -0.12646741612097356, -0.47815568541100895, -0.17505557667448635, -0.16193193089539926, 0.8048437117522818, 0.9592325240809707, 0.24713767881382775, -0.8336317548582777, 0.46599743519199, 0.357370804957968, 0.6520457340504391, -0.3050973265778887, -0.8822398116837538, 0.2236436329105842, -0.751970763373456, 0.5190590583266628, 0.5888466351532844, -0.18274642650020412, 0.8875950117660911, -0.6524404124894483, 0.8851716994539605]",rhc,relu,False,False,100,[10],0.1,100,10
1008,8,0.049982900032773614,1.9031322476930905,1504.0,100,15,"[0.9340596780273533, 0.09446449835144466, 0.9453687199297687, 0.4296319873487293, 0.3954576491945416, -0.5678210088392472, 0.9525489095524835, -0.9875394895908203, -0.4940352752331121, -0.13041693519110842, 0.5587658435875049, -0.6046298507994938, 0.7259864711984445, 0.9668013543506255, -0.6723155171906026, 0.19466788786571843, -0.98202780466489, -0.22685743471274122, -0.9116798841370009, 0.9133059354284718, -0.1277067062404047, 0.8979546135631256, 0.5726119718701219, 0.7325785971633969, -0.6536691570081037, -0.850102825973786, 0.2014854427555386, -0.6640556325631923, 0.4667603350211398, -0.18311227969597055, 0.05581764683584067, 0.875143167901884, 0.043392244889916, -0.7836132342255386, -0.6835531856304011, 0.09040530340642561, 0.04880816013694678, 0.2752204882519873, -0.1970091128194542, 0.2996102180386846, -0.20619999419653467, 0.24783222709644614, 0.5348099341802477, -0.6420521799177383, -0.24884846282491524, 0.005066118653868745, 0.3733341598326916, -0.4926407026772337, 0.10948172588511706, 0.24986168812819542, 0.7910023321122921, -0.27429282313374714, 0.2751141460374733, -0.6171071957620733, -0.004411770765388567, -0.6351091908575863, 0.8367660782795254, -0.13635585731754474, 0.6603762041966925, -0.16644739064327485, 0.8093351774867339, -0.19034956537818792, -0.33765099381775454, 0.14427754054549724, 0.6908872981882266, 0.7220286235061439, 0.19137623413666893, -0.8306767779591795, 0.19453321463834983, -0.5090925828337958, 0.46518689717993555, 0.7893025846334776, 0.0294679418262902, 0.20712702072041278, -0.8698643752343853, 0.08014945928561268, -0.7416264326591246, 0.22912569270066396, -0.2726993059103242, 0.5355160686614915, -0.902931727160895, -0.7803637637643119, 0.36804643024725525, 0.029307394167312983, 0.1432827432294983, 0.6874139879813108, -0.024524721700651453, 0.6202888442522898, 0.020487258589880097, 0.8534413864805024, 0.333855543079252, -0.7025463211318861, -0.27089364934848836, 0.7315498318881986, -0.29942957828896866, -0.6219484810876903, -0.0547573816684539, -0.21443765035574014, 0.23785985328818726, -0.12646741612097356, -0.47815568541100895, -0.17505557667448635, -0.16193193089539926, 0.8048437117522818, 0.9592325240809707, 0.24713767881382775, -0.8336317548582777, 0.46599743519199, 0.357370804957968, 0.6520457340504391, -0.3050973265778887, -0.8822398116837538, 0.2236436329105842, -0.751970763373456, 0.5190590583266628, 0.5888466351532844, -0.18274642650020412, 0.8875950117660911, -0.6524404124894483, 0.8851716994539605]",rhc,relu,False,False,100,[10],0.1,100,10
1009,9,0.05281060002744198,1.9031322476930905,1505.0,100,15,"[0.9340596780273533, 0.09446449835144466, 0.9453687199297687, 0.4296319873487293, 0.3954576491945416, -0.5678210088392472, 0.9525489095524835, -0.9875394895908203, -0.4940352752331121, -0.13041693519110842, 0.5587658435875049, -0.6046298507994938, 0.7259864711984445, 0.9668013543506255, -0.6723155171906026, 0.19466788786571843, -0.98202780466489, -0.22685743471274122, -0.9116798841370009, 0.9133059354284718, -0.1277067062404047, 0.8979546135631256, 0.5726119718701219, 0.7325785971633969, -0.6536691570081037, -0.850102825973786, 0.2014854427555386, -0.6640556325631923, 0.4667603350211398, -0.18311227969597055, 0.05581764683584067, 0.875143167901884, 0.043392244889916, -0.7836132342255386, -0.6835531856304011, 0.09040530340642561, 0.04880816013694678, 0.2752204882519873, -0.1970091128194542, 0.2996102180386846, -0.20619999419653467, 0.24783222709644614, 0.5348099341802477, -0.6420521799177383, -0.24884846282491524, 0.005066118653868745, 0.3733341598326916, -0.4926407026772337, 0.10948172588511706, 0.24986168812819542, 0.7910023321122921, -0.27429282313374714, 0.2751141460374733, -0.6171071957620733, -0.004411770765388567, -0.6351091908575863, 0.8367660782795254, -0.13635585731754474, 0.6603762041966925, -0.16644739064327485, 0.8093351774867339, -0.19034956537818792, -0.33765099381775454, 0.14427754054549724, 0.6908872981882266, 0.7220286235061439, 0.19137623413666893, -0.8306767779591795, 0.19453321463834983, -0.5090925828337958, 0.46518689717993555, 0.7893025846334776, 0.0294679418262902, 0.20712702072041278, -0.8698643752343853, 0.08014945928561268, -0.7416264326591246, 0.22912569270066396, -0.2726993059103242, 0.5355160686614915, -0.902931727160895, -0.7803637637643119, 0.36804643024725525, 0.029307394167312983, 0.1432827432294983, 0.6874139879813108, -0.024524721700651453, 0.6202888442522898, 0.020487258589880097, 0.8534413864805024, 0.333855543079252, -0.7025463211318861, -0.27089364934848836, 0.7315498318881986, -0.29942957828896866, -0.6219484810876903, -0.0547573816684539, -0.21443765035574014, 0.23785985328818726, -0.12646741612097356, -0.47815568541100895, -0.17505557667448635, -0.16193193089539926, 0.8048437117522818, 0.9592325240809707, 0.24713767881382775, -0.8336317548582777, 0.46599743519199, 0.357370804957968, 0.6520457340504391, -0.3050973265778887, -0.8822398116837538, 0.2236436329105842, -0.751970763373456, 0.5190590583266628, 0.5888466351532844, -0.18274642650020412, 0.8875950117660911, -0.6524404124894483, 0.8851716994539605]",rhc,relu,False,False,100,[10],0.1,100,10
1010,10,0.054268900072202086,1.9030155397444095,1507.0,100,15,"[0.9340596780273533, 0.09446449835144466, 0.9453687199297687, 0.4296319873487293, 0.3954576491945416, -0.5678210088392472, 0.9525489095524835, -0.9875394895908203, -0.4940352752331121, -0.13041693519110842, 0.5587658435875049, -0.6046298507994938, 0.7259864711984445, 0.9668013543506255, -0.6723155171906026, 0.19466788786571843, -0.98202780466489, -0.22685743471274122, -0.9116798841370009, 0.9133059354284718, -0.1277067062404047, 0.8979546135631256, 0.5726119718701219, 0.7325785971633969, -0.6536691570081037, -0.850102825973786, 0.2014854427555386, -0.6640556325631923, 0.4667603350211398, -0.18311227969597055, 0.05581764683584067, 0.875143167901884, 0.043392244889916, -0.7836132342255386, -0.6835531856304011, 0.09040530340642561, 0.04880816013694678, 0.2752204882519873, -0.1970091128194542, 0.2996102180386846, -0.20619999419653467, 0.24783222709644614, 0.5348099341802477, -0.6420521799177383, -0.24884846282491524, 0.005066118653868745, 0.3733341598326916, -0.4926407026772337, 0.10948172588511706, 0.24986168812819542, 0.7910023321122921, -0.27429282313374714, 0.2751141460374733, -0.6171071957620733, -0.004411770765388567, -0.6351091908575863, 0.8367660782795254, -0.13635585731754474, 0.6603762041966925, -0.16644739064327485, 0.8093351774867339, -0.19034956537818792, -0.33765099381775454, 0.14427754054549724, 0.6908872981882266, 0.7220286235061439, 0.19137623413666893, -0.8306767779591795, 0.19453321463834983, -0.5090925828337958, 0.46518689717993555, 0.7893025846334776, 0.0294679418262902, 0.20712702072041278, -0.8698643752343853, 0.08014945928561268, -0.7416264326591246, 0.22912569270066396, -0.2726993059103242, 0.5355160686614915, -0.902931727160895, -0.7803637637643119, 0.36804643024725525, 0.029307394167312983, 0.1432827432294983, 0.6874139879813108, -0.024524721700651453, 0.6202888442522898, 0.020487258589880097, 0.8534413864805024, 0.333855543079252, -0.7025463211318861, -0.27089364934848836, 0.7315498318881986, -0.29942957828896866, -0.6219484810876903, -0.0547573816684539, -0.21443765035574014, 0.23785985328818726, -0.12646741612097356, -0.47815568541100895, -0.17505557667448635, -0.16193193089539926, 0.8048437117522818, 0.9592325240809707, 0.24713767881382775, -0.8336317548582777, 0.46599743519199, 0.357370804957968, 0.6520457340504391, -0.3050973265778887, -0.8822398116837538, 0.2236436329105842, -0.751970763373456, 0.5190590583266628, 0.5888466351532844, -0.18274642650020412, 0.8875950117660911, -0.6524404124894483, 0.8851716994539605]",rhc,relu,False,False,100,[10],0.1,100,10
1011,11,0.05699730000924319,1.899314781856534,1509.0,100,15,"[0.9340596780273533, 0.09446449835144466, 0.9453687199297687, 0.4296319873487293, 0.3954576491945416, -0.5678210088392472, 0.9525489095524835, -0.9875394895908203, -0.4940352752331121, -0.13041693519110842, 0.5587658435875049, -0.6046298507994938, 0.7259864711984445, 0.9668013543506255, -0.6723155171906026, 0.19466788786571843, -0.98202780466489, -0.22685743471274122, -0.9116798841370009, 0.9133059354284718, -0.1277067062404047, 0.8979546135631256, 0.5726119718701219, 0.7325785971633969, -0.6536691570081037, -0.850102825973786, 0.2014854427555386, -0.6640556325631923, 0.4667603350211398, -0.18311227969597055, 0.05581764683584067, 0.875143167901884, 0.043392244889916, -0.7836132342255386, -0.6835531856304011, 0.09040530340642561, 0.04880816013694678, 0.2752204882519873, -0.1970091128194542, 0.2996102180386846, -0.20619999419653467, 0.24783222709644614, 0.5348099341802477, -0.6420521799177383, -0.24884846282491524, 0.005066118653868745, 0.3733341598326916, -0.4926407026772337, 0.10948172588511706, 0.24986168812819542, 0.7910023321122921, -0.27429282313374714, 0.2751141460374733, -0.6171071957620733, -0.004411770765388567, -0.6351091908575863, 0.8367660782795254, -0.13635585731754474, 0.6603762041966925, -0.16644739064327485, 0.8093351774867339, -0.19034956537818792, -0.33765099381775454, 0.14427754054549724, 0.6908872981882266, 0.7220286235061439, 0.19137623413666893, -0.8306767779591795, 0.19453321463834983, -0.5090925828337958, 0.46518689717993555, 0.7893025846334776, 0.0294679418262902, 0.20712702072041278, -0.8698643752343853, 0.08014945928561268, -0.7416264326591246, 0.22912569270066396, -0.2726993059103242, 0.5355160686614915, -0.902931727160895, -0.7803637637643119, 0.36804643024725525, 0.029307394167312983, 0.1432827432294983, 0.6874139879813108, -0.024524721700651453, 0.6202888442522898, 0.020487258589880097, 0.8534413864805024, 0.333855543079252, -0.7025463211318861, -0.27089364934848836, 0.7315498318881986, -0.29942957828896866, -0.6219484810876903, -0.0547573816684539, -0.21443765035574014, 0.23785985328818726, -0.12646741612097356, -0.47815568541100895, -0.17505557667448635, -0.16193193089539926, 0.8048437117522818, 0.9592325240809707, 0.24713767881382775, -0.8336317548582777, 0.46599743519199, 0.357370804957968, 0.6520457340504391, -0.3050973265778887, -0.8822398116837538, 0.2236436329105842, -0.751970763373456, 0.5190590583266628, 0.5888466351532844, -0.18274642650020412, 0.8875950117660911, -0.6524404124894483, 0.8851716994539605]",rhc,relu,False,False,100,[10],0.1,100,10
1012,12,0.05975670006591827,1.8850362865410026,1511.0,100,15,"[0.9340596780273533, 0.09446449835144466, 0.9453687199297687, 0.4296319873487293, 0.3954576491945416, -0.5678210088392472, 0.9525489095524835, -0.9875394895908203, -0.4940352752331121, -0.13041693519110842, 0.5587658435875049, -0.6046298507994938, 0.7259864711984445, 0.9668013543506255, -0.6723155171906026, 0.19466788786571843, -0.98202780466489, -0.22685743471274122, -0.9116798841370009, 0.9133059354284718, -0.1277067062404047, 0.8979546135631256, 0.5726119718701219, 0.7325785971633969, -0.6536691570081037, -0.850102825973786, 0.2014854427555386, -0.6640556325631923, 0.4667603350211398, -0.18311227969597055, 0.05581764683584067, 0.875143167901884, 0.043392244889916, -0.7836132342255386, -0.6835531856304011, 0.09040530340642561, 0.04880816013694678, 0.2752204882519873, -0.1970091128194542, 0.2996102180386846, -0.20619999419653467, 0.24783222709644614, 0.5348099341802477, -0.6420521799177383, -0.24884846282491524, 0.005066118653868745, 0.3733341598326916, -0.4926407026772337, 0.10948172588511706, 0.24986168812819542, 0.7910023321122921, -0.27429282313374714, 0.2751141460374733, -0.6171071957620733, -0.004411770765388567, -0.6351091908575863, 0.8367660782795254, -0.13635585731754474, 0.6603762041966925, -0.16644739064327485, 0.8093351774867339, -0.19034956537818792, -0.33765099381775454, 0.14427754054549724, 0.6908872981882266, 0.7220286235061439, 0.19137623413666893, -0.8306767779591795, 0.19453321463834983, -0.5090925828337958, 0.46518689717993555, 0.7893025846334776, 0.0294679418262902, 0.20712702072041278, -0.8698643752343853, 0.08014945928561268, -0.7416264326591246, 0.22912569270066396, -0.2726993059103242, 0.5355160686614915, -0.902931727160895, -0.7803637637643119, 0.36804643024725525, 0.029307394167312983, 0.1432827432294983, 0.6874139879813108, -0.024524721700651453, 0.6202888442522898, 0.020487258589880097, 0.8534413864805024, 0.333855543079252, -0.7025463211318861, -0.27089364934848836, 0.7315498318881986, -0.29942957828896866, -0.6219484810876903, -0.0547573816684539, -0.21443765035574014, 0.23785985328818726, -0.12646741612097356, -0.47815568541100895, -0.17505557667448635, -0.16193193089539926, 0.8048437117522818, 0.9592325240809707, 0.24713767881382775, -0.8336317548582777, 0.46599743519199, 0.357370804957968, 0.6520457340504391, -0.3050973265778887, -0.8822398116837538, 0.2236436329105842, -0.751970763373456, 0.5190590583266628, 0.5888466351532844, -0.18274642650020412, 0.8875950117660911, -0.6524404124894483, 0.8851716994539605]",rhc,relu,False,False,100,[10],0.1,100,10
1013,13,0.06276760005857795,1.8850362865410026,1512.0,100,15,"[0.9340596780273533, 0.09446449835144466, 0.9453687199297687, 0.4296319873487293, 0.3954576491945416, -0.5678210088392472, 0.9525489095524835, -0.9875394895908203, -0.4940352752331121, -0.13041693519110842, 0.5587658435875049, -0.6046298507994938, 0.7259864711984445, 0.9668013543506255, -0.6723155171906026, 0.19466788786571843, -0.98202780466489, -0.22685743471274122, -0.9116798841370009, 0.9133059354284718, -0.1277067062404047, 0.8979546135631256, 0.5726119718701219, 0.7325785971633969, -0.6536691570081037, -0.850102825973786, 0.2014854427555386, -0.6640556325631923, 0.4667603350211398, -0.18311227969597055, 0.05581764683584067, 0.875143167901884, 0.043392244889916, -0.7836132342255386, -0.6835531856304011, 0.09040530340642561, 0.04880816013694678, 0.2752204882519873, -0.1970091128194542, 0.2996102180386846, -0.20619999419653467, 0.24783222709644614, 0.5348099341802477, -0.6420521799177383, -0.24884846282491524, 0.005066118653868745, 0.3733341598326916, -0.4926407026772337, 0.10948172588511706, 0.24986168812819542, 0.7910023321122921, -0.27429282313374714, 0.2751141460374733, -0.6171071957620733, -0.004411770765388567, -0.6351091908575863, 0.8367660782795254, -0.13635585731754474, 0.6603762041966925, -0.16644739064327485, 0.8093351774867339, -0.19034956537818792, -0.33765099381775454, 0.14427754054549724, 0.6908872981882266, 0.7220286235061439, 0.19137623413666893, -0.8306767779591795, 0.19453321463834983, -0.5090925828337958, 0.46518689717993555, 0.7893025846334776, 0.0294679418262902, 0.20712702072041278, -0.8698643752343853, 0.08014945928561268, -0.7416264326591246, 0.22912569270066396, -0.2726993059103242, 0.5355160686614915, -0.902931727160895, -0.7803637637643119, 0.36804643024725525, 0.029307394167312983, 0.1432827432294983, 0.6874139879813108, -0.024524721700651453, 0.6202888442522898, 0.020487258589880097, 0.8534413864805024, 0.333855543079252, -0.7025463211318861, -0.27089364934848836, 0.7315498318881986, -0.29942957828896866, -0.6219484810876903, -0.0547573816684539, -0.21443765035574014, 0.23785985328818726, -0.12646741612097356, -0.47815568541100895, -0.17505557667448635, -0.16193193089539926, 0.8048437117522818, 0.9592325240809707, 0.24713767881382775, -0.8336317548582777, 0.46599743519199, 0.357370804957968, 0.6520457340504391, -0.3050973265778887, -0.8822398116837538, 0.2236436329105842, -0.751970763373456, 0.5190590583266628, 0.5888466351532844, -0.18274642650020412, 0.8875950117660911, -0.6524404124894483, 0.8851716994539605]",rhc,relu,False,False,100,[10],0.1,100,10
1014,14,0.06632550002541393,1.8831642706603073,1514.0,100,15,"[0.9340596780273533, 0.09446449835144466, 0.9453687199297687, 0.4296319873487293, 0.3954576491945416, -0.5678210088392472, 0.9525489095524835, -0.9875394895908203, -0.4940352752331121, -0.13041693519110842, 0.5587658435875049, -0.6046298507994938, 0.7259864711984445, 0.9668013543506255, -0.6723155171906026, 0.19466788786571843, -0.98202780466489, -0.22685743471274122, -0.9116798841370009, 0.9133059354284718, -0.1277067062404047, 0.8979546135631256, 0.5726119718701219, 0.7325785971633969, -0.6536691570081037, -0.850102825973786, 0.2014854427555386, -0.6640556325631923, 0.4667603350211398, -0.18311227969597055, 0.05581764683584067, 0.875143167901884, 0.043392244889916, -0.7836132342255386, -0.6835531856304011, 0.09040530340642561, 0.04880816013694678, 0.2752204882519873, -0.1970091128194542, 0.2996102180386846, -0.20619999419653467, 0.24783222709644614, 0.5348099341802477, -0.6420521799177383, -0.24884846282491524, 0.005066118653868745, 0.3733341598326916, -0.4926407026772337, 0.10948172588511706, 0.24986168812819542, 0.7910023321122921, -0.27429282313374714, 0.2751141460374733, -0.6171071957620733, -0.004411770765388567, -0.6351091908575863, 0.8367660782795254, -0.13635585731754474, 0.6603762041966925, -0.16644739064327485, 0.8093351774867339, -0.19034956537818792, -0.33765099381775454, 0.14427754054549724, 0.6908872981882266, 0.7220286235061439, 0.19137623413666893, -0.8306767779591795, 0.19453321463834983, -0.5090925828337958, 0.46518689717993555, 0.7893025846334776, 0.0294679418262902, 0.20712702072041278, -0.8698643752343853, 0.08014945928561268, -0.7416264326591246, 0.22912569270066396, -0.2726993059103242, 0.5355160686614915, -0.902931727160895, -0.7803637637643119, 0.36804643024725525, 0.029307394167312983, 0.1432827432294983, 0.6874139879813108, -0.024524721700651453, 0.6202888442522898, 0.020487258589880097, 0.8534413864805024, 0.333855543079252, -0.7025463211318861, -0.27089364934848836, 0.7315498318881986, -0.29942957828896866, -0.6219484810876903, -0.0547573816684539, -0.21443765035574014, 0.23785985328818726, -0.12646741612097356, -0.47815568541100895, -0.17505557667448635, -0.16193193089539926, 0.8048437117522818, 0.9592325240809707, 0.24713767881382775, -0.8336317548582777, 0.46599743519199, 0.357370804957968, 0.6520457340504391, -0.3050973265778887, -0.8822398116837538, 0.2236436329105842, -0.751970763373456, 0.5190590583266628, 0.5888466351532844, -0.18274642650020412, 0.8875950117660911, -0.6524404124894483, 0.8851716994539605]",rhc,relu,False,False,100,[10],0.1,100,10
1015,15,0.06922320008743554,1.8831642706603073,1515.0,100,15,"[0.9340596780273533, 0.09446449835144466, 0.9453687199297687, 0.4296319873487293, 0.3954576491945416, -0.5678210088392472, 0.9525489095524835, -0.9875394895908203, -0.4940352752331121, -0.13041693519110842, 0.5587658435875049, -0.6046298507994938, 0.7259864711984445, 0.9668013543506255, -0.6723155171906026, 0.19466788786571843, -0.98202780466489, -0.22685743471274122, -0.9116798841370009, 0.9133059354284718, -0.1277067062404047, 0.8979546135631256, 0.5726119718701219, 0.7325785971633969, -0.6536691570081037, -0.850102825973786, 0.2014854427555386, -0.6640556325631923, 0.4667603350211398, -0.18311227969597055, 0.05581764683584067, 0.875143167901884, 0.043392244889916, -0.7836132342255386, -0.6835531856304011, 0.09040530340642561, 0.04880816013694678, 0.2752204882519873, -0.1970091128194542, 0.2996102180386846, -0.20619999419653467, 0.24783222709644614, 0.5348099341802477, -0.6420521799177383, -0.24884846282491524, 0.005066118653868745, 0.3733341598326916, -0.4926407026772337, 0.10948172588511706, 0.24986168812819542, 0.7910023321122921, -0.27429282313374714, 0.2751141460374733, -0.6171071957620733, -0.004411770765388567, -0.6351091908575863, 0.8367660782795254, -0.13635585731754474, 0.6603762041966925, -0.16644739064327485, 0.8093351774867339, -0.19034956537818792, -0.33765099381775454, 0.14427754054549724, 0.6908872981882266, 0.7220286235061439, 0.19137623413666893, -0.8306767779591795, 0.19453321463834983, -0.5090925828337958, 0.46518689717993555, 0.7893025846334776, 0.0294679418262902, 0.20712702072041278, -0.8698643752343853, 0.08014945928561268, -0.7416264326591246, 0.22912569270066396, -0.2726993059103242, 0.5355160686614915, -0.902931727160895, -0.7803637637643119, 0.36804643024725525, 0.029307394167312983, 0.1432827432294983, 0.6874139879813108, -0.024524721700651453, 0.6202888442522898, 0.020487258589880097, 0.8534413864805024, 0.333855543079252, -0.7025463211318861, -0.27089364934848836, 0.7315498318881986, -0.29942957828896866, -0.6219484810876903, -0.0547573816684539, -0.21443765035574014, 0.23785985328818726, -0.12646741612097356, -0.47815568541100895, -0.17505557667448635, -0.16193193089539926, 0.8048437117522818, 0.9592325240809707, 0.24713767881382775, -0.8336317548582777, 0.46599743519199, 0.357370804957968, 0.6520457340504391, -0.3050973265778887, -0.8822398116837538, 0.2236436329105842, -0.751970763373456, 0.5190590583266628, 0.5888466351532844, -0.18274642650020412, 0.8875950117660911, -0.6524404124894483, 0.8851716994539605]",rhc,relu,False,False,100,[10],0.1,100,10
1016,16,0.07063110009767115,1.8831642706603073,1516.0,100,15,"[0.9340596780273533, 0.09446449835144466, 0.9453687199297687, 0.4296319873487293, 0.3954576491945416, -0.5678210088392472, 0.9525489095524835, -0.9875394895908203, -0.4940352752331121, -0.13041693519110842, 0.5587658435875049, -0.6046298507994938, 0.7259864711984445, 0.9668013543506255, -0.6723155171906026, 0.19466788786571843, -0.98202780466489, -0.22685743471274122, -0.9116798841370009, 0.9133059354284718, -0.1277067062404047, 0.8979546135631256, 0.5726119718701219, 0.7325785971633969, -0.6536691570081037, -0.850102825973786, 0.2014854427555386, -0.6640556325631923, 0.4667603350211398, -0.18311227969597055, 0.05581764683584067, 0.875143167901884, 0.043392244889916, -0.7836132342255386, -0.6835531856304011, 0.09040530340642561, 0.04880816013694678, 0.2752204882519873, -0.1970091128194542, 0.2996102180386846, -0.20619999419653467, 0.24783222709644614, 0.5348099341802477, -0.6420521799177383, -0.24884846282491524, 0.005066118653868745, 0.3733341598326916, -0.4926407026772337, 0.10948172588511706, 0.24986168812819542, 0.7910023321122921, -0.27429282313374714, 0.2751141460374733, -0.6171071957620733, -0.004411770765388567, -0.6351091908575863, 0.8367660782795254, -0.13635585731754474, 0.6603762041966925, -0.16644739064327485, 0.8093351774867339, -0.19034956537818792, -0.33765099381775454, 0.14427754054549724, 0.6908872981882266, 0.7220286235061439, 0.19137623413666893, -0.8306767779591795, 0.19453321463834983, -0.5090925828337958, 0.46518689717993555, 0.7893025846334776, 0.0294679418262902, 0.20712702072041278, -0.8698643752343853, 0.08014945928561268, -0.7416264326591246, 0.22912569270066396, -0.2726993059103242, 0.5355160686614915, -0.902931727160895, -0.7803637637643119, 0.36804643024725525, 0.029307394167312983, 0.1432827432294983, 0.6874139879813108, -0.024524721700651453, 0.6202888442522898, 0.020487258589880097, 0.8534413864805024, 0.333855543079252, -0.7025463211318861, -0.27089364934848836, 0.7315498318881986, -0.29942957828896866, -0.6219484810876903, -0.0547573816684539, -0.21443765035574014, 0.23785985328818726, -0.12646741612097356, -0.47815568541100895, -0.17505557667448635, -0.16193193089539926, 0.8048437117522818, 0.9592325240809707, 0.24713767881382775, -0.8336317548582777, 0.46599743519199, 0.357370804957968, 0.6520457340504391, -0.3050973265778887, -0.8822398116837538, 0.2236436329105842, -0.751970763373456, 0.5190590583266628, 0.5888466351532844, -0.18274642650020412, 0.8875950117660911, -0.6524404124894483, 0.8851716994539605]",rhc,relu,False,False,100,[10],0.1,100,10
1017,17,0.07200020004529506,1.8807841745410991,1518.0,100,15,"[0.9340596780273533, 0.09446449835144466, 0.9453687199297687, 0.4296319873487293, 0.3954576491945416, -0.5678210088392472, 0.9525489095524835, -0.9875394895908203, -0.4940352752331121, -0.13041693519110842, 0.5587658435875049, -0.6046298507994938, 0.7259864711984445, 0.9668013543506255, -0.6723155171906026, 0.19466788786571843, -0.98202780466489, -0.22685743471274122, -0.9116798841370009, 0.9133059354284718, -0.1277067062404047, 0.8979546135631256, 0.5726119718701219, 0.7325785971633969, -0.6536691570081037, -0.850102825973786, 0.2014854427555386, -0.6640556325631923, 0.4667603350211398, -0.18311227969597055, 0.05581764683584067, 0.875143167901884, 0.043392244889916, -0.7836132342255386, -0.6835531856304011, 0.09040530340642561, 0.04880816013694678, 0.2752204882519873, -0.1970091128194542, 0.2996102180386846, -0.20619999419653467, 0.24783222709644614, 0.5348099341802477, -0.6420521799177383, -0.24884846282491524, 0.005066118653868745, 0.3733341598326916, -0.4926407026772337, 0.10948172588511706, 0.24986168812819542, 0.7910023321122921, -0.27429282313374714, 0.2751141460374733, -0.6171071957620733, -0.004411770765388567, -0.6351091908575863, 0.8367660782795254, -0.13635585731754474, 0.6603762041966925, -0.16644739064327485, 0.8093351774867339, -0.19034956537818792, -0.33765099381775454, 0.14427754054549724, 0.6908872981882266, 0.7220286235061439, 0.19137623413666893, -0.8306767779591795, 0.19453321463834983, -0.5090925828337958, 0.46518689717993555, 0.7893025846334776, 0.0294679418262902, 0.20712702072041278, -0.8698643752343853, 0.08014945928561268, -0.7416264326591246, 0.22912569270066396, -0.2726993059103242, 0.5355160686614915, -0.902931727160895, -0.7803637637643119, 0.36804643024725525, 0.029307394167312983, 0.1432827432294983, 0.6874139879813108, -0.024524721700651453, 0.6202888442522898, 0.020487258589880097, 0.8534413864805024, 0.333855543079252, -0.7025463211318861, -0.27089364934848836, 0.7315498318881986, -0.29942957828896866, -0.6219484810876903, -0.0547573816684539, -0.21443765035574014, 0.23785985328818726, -0.12646741612097356, -0.47815568541100895, -0.17505557667448635, -0.16193193089539926, 0.8048437117522818, 0.9592325240809707, 0.24713767881382775, -0.8336317548582777, 0.46599743519199, 0.357370804957968, 0.6520457340504391, -0.3050973265778887, -0.8822398116837538, 0.2236436329105842, -0.751970763373456, 0.5190590583266628, 0.5888466351532844, -0.18274642650020412, 0.8875950117660911, -0.6524404124894483, 0.8851716994539605]",rhc,relu,False,False,100,[10],0.1,100,10
1018,18,0.07342060003429651,1.875226571661652,1520.0,100,15,"[0.9340596780273533, 0.09446449835144466, 0.9453687199297687, 0.4296319873487293, 0.3954576491945416, -0.5678210088392472, 0.9525489095524835, -0.9875394895908203, -0.4940352752331121, -0.13041693519110842, 0.5587658435875049, -0.6046298507994938, 0.7259864711984445, 0.9668013543506255, -0.6723155171906026, 0.19466788786571843, -0.98202780466489, -0.22685743471274122, -0.9116798841370009, 0.9133059354284718, -0.1277067062404047, 0.8979546135631256, 0.5726119718701219, 0.7325785971633969, -0.6536691570081037, -0.850102825973786, 0.2014854427555386, -0.6640556325631923, 0.4667603350211398, -0.18311227969597055, 0.05581764683584067, 0.875143167901884, 0.043392244889916, -0.7836132342255386, -0.6835531856304011, 0.09040530340642561, 0.04880816013694678, 0.2752204882519873, -0.1970091128194542, 0.2996102180386846, -0.20619999419653467, 0.24783222709644614, 0.5348099341802477, -0.6420521799177383, -0.24884846282491524, 0.005066118653868745, 0.3733341598326916, -0.4926407026772337, 0.10948172588511706, 0.24986168812819542, 0.7910023321122921, -0.27429282313374714, 0.2751141460374733, -0.6171071957620733, -0.004411770765388567, -0.6351091908575863, 0.8367660782795254, -0.13635585731754474, 0.6603762041966925, -0.16644739064327485, 0.8093351774867339, -0.19034956537818792, -0.33765099381775454, 0.14427754054549724, 0.6908872981882266, 0.7220286235061439, 0.19137623413666893, -0.8306767779591795, 0.19453321463834983, -0.5090925828337958, 0.46518689717993555, 0.7893025846334776, 0.0294679418262902, 0.20712702072041278, -0.8698643752343853, 0.08014945928561268, -0.7416264326591246, 0.22912569270066396, -0.2726993059103242, 0.5355160686614915, -0.902931727160895, -0.7803637637643119, 0.36804643024725525, 0.029307394167312983, 0.1432827432294983, 0.6874139879813108, -0.024524721700651453, 0.6202888442522898, 0.020487258589880097, 0.8534413864805024, 0.333855543079252, -0.7025463211318861, -0.27089364934848836, 0.7315498318881986, -0.29942957828896866, -0.6219484810876903, -0.0547573816684539, -0.21443765035574014, 0.23785985328818726, -0.12646741612097356, -0.47815568541100895, -0.17505557667448635, -0.16193193089539926, 0.8048437117522818, 0.9592325240809707, 0.24713767881382775, -0.8336317548582777, 0.46599743519199, 0.357370804957968, 0.6520457340504391, -0.3050973265778887, -0.8822398116837538, 0.2236436329105842, -0.751970763373456, 0.5190590583266628, 0.5888466351532844, -0.18274642650020412, 0.8875950117660911, -0.6524404124894483, 0.8851716994539605]",rhc,relu,False,False,100,[10],0.1,100,10
1019,19,0.07618380000349134,1.875226571661652,1521.0,100,15,"[0.9340596780273533, 0.09446449835144466, 0.9453687199297687, 0.4296319873487293, 0.3954576491945416, -0.5678210088392472, 0.9525489095524835, -0.9875394895908203, -0.4940352752331121, -0.13041693519110842, 0.5587658435875049, -0.6046298507994938, 0.7259864711984445, 0.9668013543506255, -0.6723155171906026, 0.19466788786571843, -0.98202780466489, -0.22685743471274122, -0.9116798841370009, 0.9133059354284718, -0.1277067062404047, 0.8979546135631256, 0.5726119718701219, 0.7325785971633969, -0.6536691570081037, -0.850102825973786, 0.2014854427555386, -0.6640556325631923, 0.4667603350211398, -0.18311227969597055, 0.05581764683584067, 0.875143167901884, 0.043392244889916, -0.7836132342255386, -0.6835531856304011, 0.09040530340642561, 0.04880816013694678, 0.2752204882519873, -0.1970091128194542, 0.2996102180386846, -0.20619999419653467, 0.24783222709644614, 0.5348099341802477, -0.6420521799177383, -0.24884846282491524, 0.005066118653868745, 0.3733341598326916, -0.4926407026772337, 0.10948172588511706, 0.24986168812819542, 0.7910023321122921, -0.27429282313374714, 0.2751141460374733, -0.6171071957620733, -0.004411770765388567, -0.6351091908575863, 0.8367660782795254, -0.13635585731754474, 0.6603762041966925, -0.16644739064327485, 0.8093351774867339, -0.19034956537818792, -0.33765099381775454, 0.14427754054549724, 0.6908872981882266, 0.7220286235061439, 0.19137623413666893, -0.8306767779591795, 0.19453321463834983, -0.5090925828337958, 0.46518689717993555, 0.7893025846334776, 0.0294679418262902, 0.20712702072041278, -0.8698643752343853, 0.08014945928561268, -0.7416264326591246, 0.22912569270066396, -0.2726993059103242, 0.5355160686614915, -0.902931727160895, -0.7803637637643119, 0.36804643024725525, 0.029307394167312983, 0.1432827432294983, 0.6874139879813108, -0.024524721700651453, 0.6202888442522898, 0.020487258589880097, 0.8534413864805024, 0.333855543079252, -0.7025463211318861, -0.27089364934848836, 0.7315498318881986, -0.29942957828896866, -0.6219484810876903, -0.0547573816684539, -0.21443765035574014, 0.23785985328818726, -0.12646741612097356, -0.47815568541100895, -0.17505557667448635, -0.16193193089539926, 0.8048437117522818, 0.9592325240809707, 0.24713767881382775, -0.8336317548582777, 0.46599743519199, 0.357370804957968, 0.6520457340504391, -0.3050973265778887, -0.8822398116837538, 0.2236436329105842, -0.751970763373456, 0.5190590583266628, 0.5888466351532844, -0.18274642650020412, 0.8875950117660911, -0.6524404124894483, 0.8851716994539605]",rhc,relu,False,False,100,[10],0.1,100,10
1020,20,0.07762070000171661,1.8691142027772223,1523.0,100,15,"[0.9340596780273533, 0.09446449835144466, 0.9453687199297687, 0.4296319873487293, 0.3954576491945416, -0.5678210088392472, 0.9525489095524835, -0.9875394895908203, -0.4940352752331121, -0.13041693519110842, 0.5587658435875049, -0.6046298507994938, 0.7259864711984445, 0.9668013543506255, -0.6723155171906026, 0.19466788786571843, -0.98202780466489, -0.22685743471274122, -0.9116798841370009, 0.9133059354284718, -0.1277067062404047, 0.8979546135631256, 0.5726119718701219, 0.7325785971633969, -0.6536691570081037, -0.850102825973786, 0.2014854427555386, -0.6640556325631923, 0.4667603350211398, -0.18311227969597055, 0.05581764683584067, 0.875143167901884, 0.043392244889916, -0.7836132342255386, -0.6835531856304011, 0.09040530340642561, 0.04880816013694678, 0.2752204882519873, -0.1970091128194542, 0.2996102180386846, -0.20619999419653467, 0.24783222709644614, 0.5348099341802477, -0.6420521799177383, -0.24884846282491524, 0.005066118653868745, 0.3733341598326916, -0.4926407026772337, 0.10948172588511706, 0.24986168812819542, 0.7910023321122921, -0.27429282313374714, 0.2751141460374733, -0.6171071957620733, -0.004411770765388567, -0.6351091908575863, 0.8367660782795254, -0.13635585731754474, 0.6603762041966925, -0.16644739064327485, 0.8093351774867339, -0.19034956537818792, -0.33765099381775454, 0.14427754054549724, 0.6908872981882266, 0.7220286235061439, 0.19137623413666893, -0.8306767779591795, 0.19453321463834983, -0.5090925828337958, 0.46518689717993555, 0.7893025846334776, 0.0294679418262902, 0.20712702072041278, -0.8698643752343853, 0.08014945928561268, -0.7416264326591246, 0.22912569270066396, -0.2726993059103242, 0.5355160686614915, -0.902931727160895, -0.7803637637643119, 0.36804643024725525, 0.029307394167312983, 0.1432827432294983, 0.6874139879813108, -0.024524721700651453, 0.6202888442522898, 0.020487258589880097, 0.8534413864805024, 0.333855543079252, -0.7025463211318861, -0.27089364934848836, 0.7315498318881986, -0.29942957828896866, -0.6219484810876903, -0.0547573816684539, -0.21443765035574014, 0.23785985328818726, -0.12646741612097356, -0.47815568541100895, -0.17505557667448635, -0.16193193089539926, 0.8048437117522818, 0.9592325240809707, 0.24713767881382775, -0.8336317548582777, 0.46599743519199, 0.357370804957968, 0.6520457340504391, -0.3050973265778887, -0.8822398116837538, 0.2236436329105842, -0.751970763373456, 0.5190590583266628, 0.5888466351532844, -0.18274642650020412, 0.8875950117660911, -0.6524404124894483, 0.8851716994539605]",rhc,relu,False,False,100,[10],0.1,100,10
1021,21,0.07905250007752329,1.8583291824002945,1525.0,100,15,"[0.9340596780273533, 0.09446449835144466, 0.9453687199297687, 0.4296319873487293, 0.3954576491945416, -0.5678210088392472, 0.9525489095524835, -0.9875394895908203, -0.4940352752331121, -0.13041693519110842, 0.5587658435875049, -0.6046298507994938, 0.7259864711984445, 0.9668013543506255, -0.6723155171906026, 0.19466788786571843, -0.98202780466489, -0.22685743471274122, -0.9116798841370009, 0.9133059354284718, -0.1277067062404047, 0.8979546135631256, 0.5726119718701219, 0.7325785971633969, -0.6536691570081037, -0.850102825973786, 0.2014854427555386, -0.6640556325631923, 0.4667603350211398, -0.18311227969597055, 0.05581764683584067, 0.875143167901884, 0.043392244889916, -0.7836132342255386, -0.6835531856304011, 0.09040530340642561, 0.04880816013694678, 0.2752204882519873, -0.1970091128194542, 0.2996102180386846, -0.20619999419653467, 0.24783222709644614, 0.5348099341802477, -0.6420521799177383, -0.24884846282491524, 0.005066118653868745, 0.3733341598326916, -0.4926407026772337, 0.10948172588511706, 0.24986168812819542, 0.7910023321122921, -0.27429282313374714, 0.2751141460374733, -0.6171071957620733, -0.004411770765388567, -0.6351091908575863, 0.8367660782795254, -0.13635585731754474, 0.6603762041966925, -0.16644739064327485, 0.8093351774867339, -0.19034956537818792, -0.33765099381775454, 0.14427754054549724, 0.6908872981882266, 0.7220286235061439, 0.19137623413666893, -0.8306767779591795, 0.19453321463834983, -0.5090925828337958, 0.46518689717993555, 0.7893025846334776, 0.0294679418262902, 0.20712702072041278, -0.8698643752343853, 0.08014945928561268, -0.7416264326591246, 0.22912569270066396, -0.2726993059103242, 0.5355160686614915, -0.902931727160895, -0.7803637637643119, 0.36804643024725525, 0.029307394167312983, 0.1432827432294983, 0.6874139879813108, -0.024524721700651453, 0.6202888442522898, 0.020487258589880097, 0.8534413864805024, 0.333855543079252, -0.7025463211318861, -0.27089364934848836, 0.7315498318881986, -0.29942957828896866, -0.6219484810876903, -0.0547573816684539, -0.21443765035574014, 0.23785985328818726, -0.12646741612097356, -0.47815568541100895, -0.17505557667448635, -0.16193193089539926, 0.8048437117522818, 0.9592325240809707, 0.24713767881382775, -0.8336317548582777, 0.46599743519199, 0.357370804957968, 0.6520457340504391, -0.3050973265778887, -0.8822398116837538, 0.2236436329105842, -0.751970763373456, 0.5190590583266628, 0.5888466351532844, -0.18274642650020412, 0.8875950117660911, -0.6524404124894483, 0.8851716994539605]",rhc,relu,False,False,100,[10],0.1,100,10
1022,22,0.08195150003302842,1.8576317723118239,1527.0,100,15,"[0.9340596780273533, 0.09446449835144466, 0.9453687199297687, 0.4296319873487293, 0.3954576491945416, -0.5678210088392472, 0.9525489095524835, -0.9875394895908203, -0.4940352752331121, -0.13041693519110842, 0.5587658435875049, -0.6046298507994938, 0.7259864711984445, 0.9668013543506255, -0.6723155171906026, 0.19466788786571843, -0.98202780466489, -0.22685743471274122, -0.9116798841370009, 0.9133059354284718, -0.1277067062404047, 0.8979546135631256, 0.5726119718701219, 0.7325785971633969, -0.6536691570081037, -0.850102825973786, 0.2014854427555386, -0.6640556325631923, 0.4667603350211398, -0.18311227969597055, 0.05581764683584067, 0.875143167901884, 0.043392244889916, -0.7836132342255386, -0.6835531856304011, 0.09040530340642561, 0.04880816013694678, 0.2752204882519873, -0.1970091128194542, 0.2996102180386846, -0.20619999419653467, 0.24783222709644614, 0.5348099341802477, -0.6420521799177383, -0.24884846282491524, 0.005066118653868745, 0.3733341598326916, -0.4926407026772337, 0.10948172588511706, 0.24986168812819542, 0.7910023321122921, -0.27429282313374714, 0.2751141460374733, -0.6171071957620733, -0.004411770765388567, -0.6351091908575863, 0.8367660782795254, -0.13635585731754474, 0.6603762041966925, -0.16644739064327485, 0.8093351774867339, -0.19034956537818792, -0.33765099381775454, 0.14427754054549724, 0.6908872981882266, 0.7220286235061439, 0.19137623413666893, -0.8306767779591795, 0.19453321463834983, -0.5090925828337958, 0.46518689717993555, 0.7893025846334776, 0.0294679418262902, 0.20712702072041278, -0.8698643752343853, 0.08014945928561268, -0.7416264326591246, 0.22912569270066396, -0.2726993059103242, 0.5355160686614915, -0.902931727160895, -0.7803637637643119, 0.36804643024725525, 0.029307394167312983, 0.1432827432294983, 0.6874139879813108, -0.024524721700651453, 0.6202888442522898, 0.020487258589880097, 0.8534413864805024, 0.333855543079252, -0.7025463211318861, -0.27089364934848836, 0.7315498318881986, -0.29942957828896866, -0.6219484810876903, -0.0547573816684539, -0.21443765035574014, 0.23785985328818726, -0.12646741612097356, -0.47815568541100895, -0.17505557667448635, -0.16193193089539926, 0.8048437117522818, 0.9592325240809707, 0.24713767881382775, -0.8336317548582777, 0.46599743519199, 0.357370804957968, 0.6520457340504391, -0.3050973265778887, -0.8822398116837538, 0.2236436329105842, -0.751970763373456, 0.5190590583266628, 0.5888466351532844, -0.18274642650020412, 0.8875950117660911, -0.6524404124894483, 0.8851716994539605]",rhc,relu,False,False,100,[10],0.1,100,10
1023,23,0.08453910006210208,1.8576317723118239,1528.0,100,15,"[0.9340596780273533, 0.09446449835144466, 0.9453687199297687, 0.4296319873487293, 0.3954576491945416, -0.5678210088392472, 0.9525489095524835, -0.9875394895908203, -0.4940352752331121, -0.13041693519110842, 0.5587658435875049, -0.6046298507994938, 0.7259864711984445, 0.9668013543506255, -0.6723155171906026, 0.19466788786571843, -0.98202780466489, -0.22685743471274122, -0.9116798841370009, 0.9133059354284718, -0.1277067062404047, 0.8979546135631256, 0.5726119718701219, 0.7325785971633969, -0.6536691570081037, -0.850102825973786, 0.2014854427555386, -0.6640556325631923, 0.4667603350211398, -0.18311227969597055, 0.05581764683584067, 0.875143167901884, 0.043392244889916, -0.7836132342255386, -0.6835531856304011, 0.09040530340642561, 0.04880816013694678, 0.2752204882519873, -0.1970091128194542, 0.2996102180386846, -0.20619999419653467, 0.24783222709644614, 0.5348099341802477, -0.6420521799177383, -0.24884846282491524, 0.005066118653868745, 0.3733341598326916, -0.4926407026772337, 0.10948172588511706, 0.24986168812819542, 0.7910023321122921, -0.27429282313374714, 0.2751141460374733, -0.6171071957620733, -0.004411770765388567, -0.6351091908575863, 0.8367660782795254, -0.13635585731754474, 0.6603762041966925, -0.16644739064327485, 0.8093351774867339, -0.19034956537818792, -0.33765099381775454, 0.14427754054549724, 0.6908872981882266, 0.7220286235061439, 0.19137623413666893, -0.8306767779591795, 0.19453321463834983, -0.5090925828337958, 0.46518689717993555, 0.7893025846334776, 0.0294679418262902, 0.20712702072041278, -0.8698643752343853, 0.08014945928561268, -0.7416264326591246, 0.22912569270066396, -0.2726993059103242, 0.5355160686614915, -0.902931727160895, -0.7803637637643119, 0.36804643024725525, 0.029307394167312983, 0.1432827432294983, 0.6874139879813108, -0.024524721700651453, 0.6202888442522898, 0.020487258589880097, 0.8534413864805024, 0.333855543079252, -0.7025463211318861, -0.27089364934848836, 0.7315498318881986, -0.29942957828896866, -0.6219484810876903, -0.0547573816684539, -0.21443765035574014, 0.23785985328818726, -0.12646741612097356, -0.47815568541100895, -0.17505557667448635, -0.16193193089539926, 0.8048437117522818, 0.9592325240809707, 0.24713767881382775, -0.8336317548582777, 0.46599743519199, 0.357370804957968, 0.6520457340504391, -0.3050973265778887, -0.8822398116837538, 0.2236436329105842, -0.751970763373456, 0.5190590583266628, 0.5888466351532844, -0.18274642650020412, 0.8875950117660911, -0.6524404124894483, 0.8851716994539605]",rhc,relu,False,False,100,[10],0.1,100,10
1024,24,0.08600310003384948,1.8576317723118239,1529.0,100,15,"[0.9340596780273533, 0.09446449835144466, 0.9453687199297687, 0.4296319873487293, 0.3954576491945416, -0.5678210088392472, 0.9525489095524835, -0.9875394895908203, -0.4940352752331121, -0.13041693519110842, 0.5587658435875049, -0.6046298507994938, 0.7259864711984445, 0.9668013543506255, -0.6723155171906026, 0.19466788786571843, -0.98202780466489, -0.22685743471274122, -0.9116798841370009, 0.9133059354284718, -0.1277067062404047, 0.8979546135631256, 0.5726119718701219, 0.7325785971633969, -0.6536691570081037, -0.850102825973786, 0.2014854427555386, -0.6640556325631923, 0.4667603350211398, -0.18311227969597055, 0.05581764683584067, 0.875143167901884, 0.043392244889916, -0.7836132342255386, -0.6835531856304011, 0.09040530340642561, 0.04880816013694678, 0.2752204882519873, -0.1970091128194542, 0.2996102180386846, -0.20619999419653467, 0.24783222709644614, 0.5348099341802477, -0.6420521799177383, -0.24884846282491524, 0.005066118653868745, 0.3733341598326916, -0.4926407026772337, 0.10948172588511706, 0.24986168812819542, 0.7910023321122921, -0.27429282313374714, 0.2751141460374733, -0.6171071957620733, -0.004411770765388567, -0.6351091908575863, 0.8367660782795254, -0.13635585731754474, 0.6603762041966925, -0.16644739064327485, 0.8093351774867339, -0.19034956537818792, -0.33765099381775454, 0.14427754054549724, 0.6908872981882266, 0.7220286235061439, 0.19137623413666893, -0.8306767779591795, 0.19453321463834983, -0.5090925828337958, 0.46518689717993555, 0.7893025846334776, 0.0294679418262902, 0.20712702072041278, -0.8698643752343853, 0.08014945928561268, -0.7416264326591246, 0.22912569270066396, -0.2726993059103242, 0.5355160686614915, -0.902931727160895, -0.7803637637643119, 0.36804643024725525, 0.029307394167312983, 0.1432827432294983, 0.6874139879813108, -0.024524721700651453, 0.6202888442522898, 0.020487258589880097, 0.8534413864805024, 0.333855543079252, -0.7025463211318861, -0.27089364934848836, 0.7315498318881986, -0.29942957828896866, -0.6219484810876903, -0.0547573816684539, -0.21443765035574014, 0.23785985328818726, -0.12646741612097356, -0.47815568541100895, -0.17505557667448635, -0.16193193089539926, 0.8048437117522818, 0.9592325240809707, 0.24713767881382775, -0.8336317548582777, 0.46599743519199, 0.357370804957968, 0.6520457340504391, -0.3050973265778887, -0.8822398116837538, 0.2236436329105842, -0.751970763373456, 0.5190590583266628, 0.5888466351532844, -0.18274642650020412, 0.8875950117660911, -0.6524404124894483, 0.8851716994539605]",rhc,relu,False,False,100,[10],0.1,100,10
1025,25,0.08905609999783337,1.8576317723118239,1530.0,100,15,"[0.9340596780273533, 0.09446449835144466, 0.9453687199297687, 0.4296319873487293, 0.3954576491945416, -0.5678210088392472, 0.9525489095524835, -0.9875394895908203, -0.4940352752331121, -0.13041693519110842, 0.5587658435875049, -0.6046298507994938, 0.7259864711984445, 0.9668013543506255, -0.6723155171906026, 0.19466788786571843, -0.98202780466489, -0.22685743471274122, -0.9116798841370009, 0.9133059354284718, -0.1277067062404047, 0.8979546135631256, 0.5726119718701219, 0.7325785971633969, -0.6536691570081037, -0.850102825973786, 0.2014854427555386, -0.6640556325631923, 0.4667603350211398, -0.18311227969597055, 0.05581764683584067, 0.875143167901884, 0.043392244889916, -0.7836132342255386, -0.6835531856304011, 0.09040530340642561, 0.04880816013694678, 0.2752204882519873, -0.1970091128194542, 0.2996102180386846, -0.20619999419653467, 0.24783222709644614, 0.5348099341802477, -0.6420521799177383, -0.24884846282491524, 0.005066118653868745, 0.3733341598326916, -0.4926407026772337, 0.10948172588511706, 0.24986168812819542, 0.7910023321122921, -0.27429282313374714, 0.2751141460374733, -0.6171071957620733, -0.004411770765388567, -0.6351091908575863, 0.8367660782795254, -0.13635585731754474, 0.6603762041966925, -0.16644739064327485, 0.8093351774867339, -0.19034956537818792, -0.33765099381775454, 0.14427754054549724, 0.6908872981882266, 0.7220286235061439, 0.19137623413666893, -0.8306767779591795, 0.19453321463834983, -0.5090925828337958, 0.46518689717993555, 0.7893025846334776, 0.0294679418262902, 0.20712702072041278, -0.8698643752343853, 0.08014945928561268, -0.7416264326591246, 0.22912569270066396, -0.2726993059103242, 0.5355160686614915, -0.902931727160895, -0.7803637637643119, 0.36804643024725525, 0.029307394167312983, 0.1432827432294983, 0.6874139879813108, -0.024524721700651453, 0.6202888442522898, 0.020487258589880097, 0.8534413864805024, 0.333855543079252, -0.7025463211318861, -0.27089364934848836, 0.7315498318881986, -0.29942957828896866, -0.6219484810876903, -0.0547573816684539, -0.21443765035574014, 0.23785985328818726, -0.12646741612097356, -0.47815568541100895, -0.17505557667448635, -0.16193193089539926, 0.8048437117522818, 0.9592325240809707, 0.24713767881382775, -0.8336317548582777, 0.46599743519199, 0.357370804957968, 0.6520457340504391, -0.3050973265778887, -0.8822398116837538, 0.2236436329105842, -0.751970763373456, 0.5190590583266628, 0.5888466351532844, -0.18274642650020412, 0.8875950117660911, -0.6524404124894483, 0.8851716994539605]",rhc,relu,False,False,100,[10],0.1,100,10
1026,26,0.09043240000028163,1.8576317723118239,1531.0,100,15,"[0.9340596780273533, 0.09446449835144466, 0.9453687199297687, 0.4296319873487293, 0.3954576491945416, -0.5678210088392472, 0.9525489095524835, -0.9875394895908203, -0.4940352752331121, -0.13041693519110842, 0.5587658435875049, -0.6046298507994938, 0.7259864711984445, 0.9668013543506255, -0.6723155171906026, 0.19466788786571843, -0.98202780466489, -0.22685743471274122, -0.9116798841370009, 0.9133059354284718, -0.1277067062404047, 0.8979546135631256, 0.5726119718701219, 0.7325785971633969, -0.6536691570081037, -0.850102825973786, 0.2014854427555386, -0.6640556325631923, 0.4667603350211398, -0.18311227969597055, 0.05581764683584067, 0.875143167901884, 0.043392244889916, -0.7836132342255386, -0.6835531856304011, 0.09040530340642561, 0.04880816013694678, 0.2752204882519873, -0.1970091128194542, 0.2996102180386846, -0.20619999419653467, 0.24783222709644614, 0.5348099341802477, -0.6420521799177383, -0.24884846282491524, 0.005066118653868745, 0.3733341598326916, -0.4926407026772337, 0.10948172588511706, 0.24986168812819542, 0.7910023321122921, -0.27429282313374714, 0.2751141460374733, -0.6171071957620733, -0.004411770765388567, -0.6351091908575863, 0.8367660782795254, -0.13635585731754474, 0.6603762041966925, -0.16644739064327485, 0.8093351774867339, -0.19034956537818792, -0.33765099381775454, 0.14427754054549724, 0.6908872981882266, 0.7220286235061439, 0.19137623413666893, -0.8306767779591795, 0.19453321463834983, -0.5090925828337958, 0.46518689717993555, 0.7893025846334776, 0.0294679418262902, 0.20712702072041278, -0.8698643752343853, 0.08014945928561268, -0.7416264326591246, 0.22912569270066396, -0.2726993059103242, 0.5355160686614915, -0.902931727160895, -0.7803637637643119, 0.36804643024725525, 0.029307394167312983, 0.1432827432294983, 0.6874139879813108, -0.024524721700651453, 0.6202888442522898, 0.020487258589880097, 0.8534413864805024, 0.333855543079252, -0.7025463211318861, -0.27089364934848836, 0.7315498318881986, -0.29942957828896866, -0.6219484810876903, -0.0547573816684539, -0.21443765035574014, 0.23785985328818726, -0.12646741612097356, -0.47815568541100895, -0.17505557667448635, -0.16193193089539926, 0.8048437117522818, 0.9592325240809707, 0.24713767881382775, -0.8336317548582777, 0.46599743519199, 0.357370804957968, 0.6520457340504391, -0.3050973265778887, -0.8822398116837538, 0.2236436329105842, -0.751970763373456, 0.5190590583266628, 0.5888466351532844, -0.18274642650020412, 0.8875950117660911, -0.6524404124894483, 0.8851716994539605]",rhc,relu,False,False,100,[10],0.1,100,10
1027,27,0.09306690003722906,1.8550372448204073,1533.0,100,15,"[0.9340596780273533, 0.09446449835144466, 0.9453687199297687, 0.4296319873487293, 0.3954576491945416, -0.5678210088392472, 0.9525489095524835, -0.9875394895908203, -0.4940352752331121, -0.13041693519110842, 0.5587658435875049, -0.6046298507994938, 0.7259864711984445, 0.9668013543506255, -0.6723155171906026, 0.19466788786571843, -0.98202780466489, -0.22685743471274122, -0.9116798841370009, 0.9133059354284718, -0.1277067062404047, 0.8979546135631256, 0.5726119718701219, 0.7325785971633969, -0.6536691570081037, -0.850102825973786, 0.2014854427555386, -0.6640556325631923, 0.4667603350211398, -0.18311227969597055, 0.05581764683584067, 0.875143167901884, 0.043392244889916, -0.7836132342255386, -0.6835531856304011, 0.09040530340642561, 0.04880816013694678, 0.2752204882519873, -0.1970091128194542, 0.2996102180386846, -0.20619999419653467, 0.24783222709644614, 0.5348099341802477, -0.6420521799177383, -0.24884846282491524, 0.005066118653868745, 0.3733341598326916, -0.4926407026772337, 0.10948172588511706, 0.24986168812819542, 0.7910023321122921, -0.27429282313374714, 0.2751141460374733, -0.6171071957620733, -0.004411770765388567, -0.6351091908575863, 0.8367660782795254, -0.13635585731754474, 0.6603762041966925, -0.16644739064327485, 0.8093351774867339, -0.19034956537818792, -0.33765099381775454, 0.14427754054549724, 0.6908872981882266, 0.7220286235061439, 0.19137623413666893, -0.8306767779591795, 0.19453321463834983, -0.5090925828337958, 0.46518689717993555, 0.7893025846334776, 0.0294679418262902, 0.20712702072041278, -0.8698643752343853, 0.08014945928561268, -0.7416264326591246, 0.22912569270066396, -0.2726993059103242, 0.5355160686614915, -0.902931727160895, -0.7803637637643119, 0.36804643024725525, 0.029307394167312983, 0.1432827432294983, 0.6874139879813108, -0.024524721700651453, 0.6202888442522898, 0.020487258589880097, 0.8534413864805024, 0.333855543079252, -0.7025463211318861, -0.27089364934848836, 0.7315498318881986, -0.29942957828896866, -0.6219484810876903, -0.0547573816684539, -0.21443765035574014, 0.23785985328818726, -0.12646741612097356, -0.47815568541100895, -0.17505557667448635, -0.16193193089539926, 0.8048437117522818, 0.9592325240809707, 0.24713767881382775, -0.8336317548582777, 0.46599743519199, 0.357370804957968, 0.6520457340504391, -0.3050973265778887, -0.8822398116837538, 0.2236436329105842, -0.751970763373456, 0.5190590583266628, 0.5888466351532844, -0.18274642650020412, 0.8875950117660911, -0.6524404124894483, 0.8851716994539605]",rhc,relu,False,False,100,[10],0.1,100,10
1028,28,0.0945393000729382,1.8520921491301436,1535.0,100,15,"[0.9340596780273533, 0.09446449835144466, 0.9453687199297687, 0.4296319873487293, 0.3954576491945416, -0.5678210088392472, 0.9525489095524835, -0.9875394895908203, -0.4940352752331121, -0.13041693519110842, 0.5587658435875049, -0.6046298507994938, 0.7259864711984445, 0.9668013543506255, -0.6723155171906026, 0.19466788786571843, -0.98202780466489, -0.22685743471274122, -0.9116798841370009, 0.9133059354284718, -0.1277067062404047, 0.8979546135631256, 0.5726119718701219, 0.7325785971633969, -0.6536691570081037, -0.850102825973786, 0.2014854427555386, -0.6640556325631923, 0.4667603350211398, -0.18311227969597055, 0.05581764683584067, 0.875143167901884, 0.043392244889916, -0.7836132342255386, -0.6835531856304011, 0.09040530340642561, 0.04880816013694678, 0.2752204882519873, -0.1970091128194542, 0.2996102180386846, -0.20619999419653467, 0.24783222709644614, 0.5348099341802477, -0.6420521799177383, -0.24884846282491524, 0.005066118653868745, 0.3733341598326916, -0.4926407026772337, 0.10948172588511706, 0.24986168812819542, 0.7910023321122921, -0.27429282313374714, 0.2751141460374733, -0.6171071957620733, -0.004411770765388567, -0.6351091908575863, 0.8367660782795254, -0.13635585731754474, 0.6603762041966925, -0.16644739064327485, 0.8093351774867339, -0.19034956537818792, -0.33765099381775454, 0.14427754054549724, 0.6908872981882266, 0.7220286235061439, 0.19137623413666893, -0.8306767779591795, 0.19453321463834983, -0.5090925828337958, 0.46518689717993555, 0.7893025846334776, 0.0294679418262902, 0.20712702072041278, -0.8698643752343853, 0.08014945928561268, -0.7416264326591246, 0.22912569270066396, -0.2726993059103242, 0.5355160686614915, -0.902931727160895, -0.7803637637643119, 0.36804643024725525, 0.029307394167312983, 0.1432827432294983, 0.6874139879813108, -0.024524721700651453, 0.6202888442522898, 0.020487258589880097, 0.8534413864805024, 0.333855543079252, -0.7025463211318861, -0.27089364934848836, 0.7315498318881986, -0.29942957828896866, -0.6219484810876903, -0.0547573816684539, -0.21443765035574014, 0.23785985328818726, -0.12646741612097356, -0.47815568541100895, -0.17505557667448635, -0.16193193089539926, 0.8048437117522818, 0.9592325240809707, 0.24713767881382775, -0.8336317548582777, 0.46599743519199, 0.357370804957968, 0.6520457340504391, -0.3050973265778887, -0.8822398116837538, 0.2236436329105842, -0.751970763373456, 0.5190590583266628, 0.5888466351532844, -0.18274642650020412, 0.8875950117660911, -0.6524404124894483, 0.8851716994539605]",rhc,relu,False,False,100,[10],0.1,100,10
1029,29,0.09622690000105649,1.8520921491301436,1536.0,100,15,"[0.9340596780273533, 0.09446449835144466, 0.9453687199297687, 0.4296319873487293, 0.3954576491945416, -0.5678210088392472, 0.9525489095524835, -0.9875394895908203, -0.4940352752331121, -0.13041693519110842, 0.5587658435875049, -0.6046298507994938, 0.7259864711984445, 0.9668013543506255, -0.6723155171906026, 0.19466788786571843, -0.98202780466489, -0.22685743471274122, -0.9116798841370009, 0.9133059354284718, -0.1277067062404047, 0.8979546135631256, 0.5726119718701219, 0.7325785971633969, -0.6536691570081037, -0.850102825973786, 0.2014854427555386, -0.6640556325631923, 0.4667603350211398, -0.18311227969597055, 0.05581764683584067, 0.875143167901884, 0.043392244889916, -0.7836132342255386, -0.6835531856304011, 0.09040530340642561, 0.04880816013694678, 0.2752204882519873, -0.1970091128194542, 0.2996102180386846, -0.20619999419653467, 0.24783222709644614, 0.5348099341802477, -0.6420521799177383, -0.24884846282491524, 0.005066118653868745, 0.3733341598326916, -0.4926407026772337, 0.10948172588511706, 0.24986168812819542, 0.7910023321122921, -0.27429282313374714, 0.2751141460374733, -0.6171071957620733, -0.004411770765388567, -0.6351091908575863, 0.8367660782795254, -0.13635585731754474, 0.6603762041966925, -0.16644739064327485, 0.8093351774867339, -0.19034956537818792, -0.33765099381775454, 0.14427754054549724, 0.6908872981882266, 0.7220286235061439, 0.19137623413666893, -0.8306767779591795, 0.19453321463834983, -0.5090925828337958, 0.46518689717993555, 0.7893025846334776, 0.0294679418262902, 0.20712702072041278, -0.8698643752343853, 0.08014945928561268, -0.7416264326591246, 0.22912569270066396, -0.2726993059103242, 0.5355160686614915, -0.902931727160895, -0.7803637637643119, 0.36804643024725525, 0.029307394167312983, 0.1432827432294983, 0.6874139879813108, -0.024524721700651453, 0.6202888442522898, 0.020487258589880097, 0.8534413864805024, 0.333855543079252, -0.7025463211318861, -0.27089364934848836, 0.7315498318881986, -0.29942957828896866, -0.6219484810876903, -0.0547573816684539, -0.21443765035574014, 0.23785985328818726, -0.12646741612097356, -0.47815568541100895, -0.17505557667448635, -0.16193193089539926, 0.8048437117522818, 0.9592325240809707, 0.24713767881382775, -0.8336317548582777, 0.46599743519199, 0.357370804957968, 0.6520457340504391, -0.3050973265778887, -0.8822398116837538, 0.2236436329105842, -0.751970763373456, 0.5190590583266628, 0.5888466351532844, -0.18274642650020412, 0.8875950117660911, -0.6524404124894483, 0.8851716994539605]",rhc,relu,False,False,100,[10],0.1,100,10
1030,30,0.09977780003100634,1.8520921491301436,1537.0,100,15,"[0.9340596780273533, 0.09446449835144466, 0.9453687199297687, 0.4296319873487293, 0.3954576491945416, -0.5678210088392472, 0.9525489095524835, -0.9875394895908203, -0.4940352752331121, -0.13041693519110842, 0.5587658435875049, -0.6046298507994938, 0.7259864711984445, 0.9668013543506255, -0.6723155171906026, 0.19466788786571843, -0.98202780466489, -0.22685743471274122, -0.9116798841370009, 0.9133059354284718, -0.1277067062404047, 0.8979546135631256, 0.5726119718701219, 0.7325785971633969, -0.6536691570081037, -0.850102825973786, 0.2014854427555386, -0.6640556325631923, 0.4667603350211398, -0.18311227969597055, 0.05581764683584067, 0.875143167901884, 0.043392244889916, -0.7836132342255386, -0.6835531856304011, 0.09040530340642561, 0.04880816013694678, 0.2752204882519873, -0.1970091128194542, 0.2996102180386846, -0.20619999419653467, 0.24783222709644614, 0.5348099341802477, -0.6420521799177383, -0.24884846282491524, 0.005066118653868745, 0.3733341598326916, -0.4926407026772337, 0.10948172588511706, 0.24986168812819542, 0.7910023321122921, -0.27429282313374714, 0.2751141460374733, -0.6171071957620733, -0.004411770765388567, -0.6351091908575863, 0.8367660782795254, -0.13635585731754474, 0.6603762041966925, -0.16644739064327485, 0.8093351774867339, -0.19034956537818792, -0.33765099381775454, 0.14427754054549724, 0.6908872981882266, 0.7220286235061439, 0.19137623413666893, -0.8306767779591795, 0.19453321463834983, -0.5090925828337958, 0.46518689717993555, 0.7893025846334776, 0.0294679418262902, 0.20712702072041278, -0.8698643752343853, 0.08014945928561268, -0.7416264326591246, 0.22912569270066396, -0.2726993059103242, 0.5355160686614915, -0.902931727160895, -0.7803637637643119, 0.36804643024725525, 0.029307394167312983, 0.1432827432294983, 0.6874139879813108, -0.024524721700651453, 0.6202888442522898, 0.020487258589880097, 0.8534413864805024, 0.333855543079252, -0.7025463211318861, -0.27089364934848836, 0.7315498318881986, -0.29942957828896866, -0.6219484810876903, -0.0547573816684539, -0.21443765035574014, 0.23785985328818726, -0.12646741612097356, -0.47815568541100895, -0.17505557667448635, -0.16193193089539926, 0.8048437117522818, 0.9592325240809707, 0.24713767881382775, -0.8336317548582777, 0.46599743519199, 0.357370804957968, 0.6520457340504391, -0.3050973265778887, -0.8822398116837538, 0.2236436329105842, -0.751970763373456, 0.5190590583266628, 0.5888466351532844, -0.18274642650020412, 0.8875950117660911, -0.6524404124894483, 0.8851716994539605]",rhc,relu,False,False,100,[10],0.1,100,10
1031,31,0.10406230005901307,1.8483467589978362,1539.0,100,15,"[0.9340596780273533, 0.09446449835144466, 0.9453687199297687, 0.4296319873487293, 0.3954576491945416, -0.5678210088392472, 0.9525489095524835, -0.9875394895908203, -0.4940352752331121, -0.13041693519110842, 0.5587658435875049, -0.6046298507994938, 0.7259864711984445, 0.9668013543506255, -0.6723155171906026, 0.19466788786571843, -0.98202780466489, -0.22685743471274122, -0.9116798841370009, 0.9133059354284718, -0.1277067062404047, 0.8979546135631256, 0.5726119718701219, 0.7325785971633969, -0.6536691570081037, -0.850102825973786, 0.2014854427555386, -0.6640556325631923, 0.4667603350211398, -0.18311227969597055, 0.05581764683584067, 0.875143167901884, 0.043392244889916, -0.7836132342255386, -0.6835531856304011, 0.09040530340642561, 0.04880816013694678, 0.2752204882519873, -0.1970091128194542, 0.2996102180386846, -0.20619999419653467, 0.24783222709644614, 0.5348099341802477, -0.6420521799177383, -0.24884846282491524, 0.005066118653868745, 0.3733341598326916, -0.4926407026772337, 0.10948172588511706, 0.24986168812819542, 0.7910023321122921, -0.27429282313374714, 0.2751141460374733, -0.6171071957620733, -0.004411770765388567, -0.6351091908575863, 0.8367660782795254, -0.13635585731754474, 0.6603762041966925, -0.16644739064327485, 0.8093351774867339, -0.19034956537818792, -0.33765099381775454, 0.14427754054549724, 0.6908872981882266, 0.7220286235061439, 0.19137623413666893, -0.8306767779591795, 0.19453321463834983, -0.5090925828337958, 0.46518689717993555, 0.7893025846334776, 0.0294679418262902, 0.20712702072041278, -0.8698643752343853, 0.08014945928561268, -0.7416264326591246, 0.22912569270066396, -0.2726993059103242, 0.5355160686614915, -0.902931727160895, -0.7803637637643119, 0.36804643024725525, 0.029307394167312983, 0.1432827432294983, 0.6874139879813108, -0.024524721700651453, 0.6202888442522898, 0.020487258589880097, 0.8534413864805024, 0.333855543079252, -0.7025463211318861, -0.27089364934848836, 0.7315498318881986, -0.29942957828896866, -0.6219484810876903, -0.0547573816684539, -0.21443765035574014, 0.23785985328818726, -0.12646741612097356, -0.47815568541100895, -0.17505557667448635, -0.16193193089539926, 0.8048437117522818, 0.9592325240809707, 0.24713767881382775, -0.8336317548582777, 0.46599743519199, 0.357370804957968, 0.6520457340504391, -0.3050973265778887, -0.8822398116837538, 0.2236436329105842, -0.751970763373456, 0.5190590583266628, 0.5888466351532844, -0.18274642650020412, 0.8875950117660911, -0.6524404124894483, 0.8851716994539605]",rhc,relu,False,False,100,[10],0.1,100,10
1032,32,0.1062065000878647,1.8483467589978362,1540.0,100,15,"[0.9340596780273533, 0.09446449835144466, 0.9453687199297687, 0.4296319873487293, 0.3954576491945416, -0.5678210088392472, 0.9525489095524835, -0.9875394895908203, -0.4940352752331121, -0.13041693519110842, 0.5587658435875049, -0.6046298507994938, 0.7259864711984445, 0.9668013543506255, -0.6723155171906026, 0.19466788786571843, -0.98202780466489, -0.22685743471274122, -0.9116798841370009, 0.9133059354284718, -0.1277067062404047, 0.8979546135631256, 0.5726119718701219, 0.7325785971633969, -0.6536691570081037, -0.850102825973786, 0.2014854427555386, -0.6640556325631923, 0.4667603350211398, -0.18311227969597055, 0.05581764683584067, 0.875143167901884, 0.043392244889916, -0.7836132342255386, -0.6835531856304011, 0.09040530340642561, 0.04880816013694678, 0.2752204882519873, -0.1970091128194542, 0.2996102180386846, -0.20619999419653467, 0.24783222709644614, 0.5348099341802477, -0.6420521799177383, -0.24884846282491524, 0.005066118653868745, 0.3733341598326916, -0.4926407026772337, 0.10948172588511706, 0.24986168812819542, 0.7910023321122921, -0.27429282313374714, 0.2751141460374733, -0.6171071957620733, -0.004411770765388567, -0.6351091908575863, 0.8367660782795254, -0.13635585731754474, 0.6603762041966925, -0.16644739064327485, 0.8093351774867339, -0.19034956537818792, -0.33765099381775454, 0.14427754054549724, 0.6908872981882266, 0.7220286235061439, 0.19137623413666893, -0.8306767779591795, 0.19453321463834983, -0.5090925828337958, 0.46518689717993555, 0.7893025846334776, 0.0294679418262902, 0.20712702072041278, -0.8698643752343853, 0.08014945928561268, -0.7416264326591246, 0.22912569270066396, -0.2726993059103242, 0.5355160686614915, -0.902931727160895, -0.7803637637643119, 0.36804643024725525, 0.029307394167312983, 0.1432827432294983, 0.6874139879813108, -0.024524721700651453, 0.6202888442522898, 0.020487258589880097, 0.8534413864805024, 0.333855543079252, -0.7025463211318861, -0.27089364934848836, 0.7315498318881986, -0.29942957828896866, -0.6219484810876903, -0.0547573816684539, -0.21443765035574014, 0.23785985328818726, -0.12646741612097356, -0.47815568541100895, -0.17505557667448635, -0.16193193089539926, 0.8048437117522818, 0.9592325240809707, 0.24713767881382775, -0.8336317548582777, 0.46599743519199, 0.357370804957968, 0.6520457340504391, -0.3050973265778887, -0.8822398116837538, 0.2236436329105842, -0.751970763373456, 0.5190590583266628, 0.5888466351532844, -0.18274642650020412, 0.8875950117660911, -0.6524404124894483, 0.8851716994539605]",rhc,relu,False,False,100,[10],0.1,100,10
1033,33,0.10762970009818673,1.8483467589978362,1541.0,100,15,"[0.9340596780273533, 0.09446449835144466, 0.9453687199297687, 0.4296319873487293, 0.3954576491945416, -0.5678210088392472, 0.9525489095524835, -0.9875394895908203, -0.4940352752331121, -0.13041693519110842, 0.5587658435875049, -0.6046298507994938, 0.7259864711984445, 0.9668013543506255, -0.6723155171906026, 0.19466788786571843, -0.98202780466489, -0.22685743471274122, -0.9116798841370009, 0.9133059354284718, -0.1277067062404047, 0.8979546135631256, 0.5726119718701219, 0.7325785971633969, -0.6536691570081037, -0.850102825973786, 0.2014854427555386, -0.6640556325631923, 0.4667603350211398, -0.18311227969597055, 0.05581764683584067, 0.875143167901884, 0.043392244889916, -0.7836132342255386, -0.6835531856304011, 0.09040530340642561, 0.04880816013694678, 0.2752204882519873, -0.1970091128194542, 0.2996102180386846, -0.20619999419653467, 0.24783222709644614, 0.5348099341802477, -0.6420521799177383, -0.24884846282491524, 0.005066118653868745, 0.3733341598326916, -0.4926407026772337, 0.10948172588511706, 0.24986168812819542, 0.7910023321122921, -0.27429282313374714, 0.2751141460374733, -0.6171071957620733, -0.004411770765388567, -0.6351091908575863, 0.8367660782795254, -0.13635585731754474, 0.6603762041966925, -0.16644739064327485, 0.8093351774867339, -0.19034956537818792, -0.33765099381775454, 0.14427754054549724, 0.6908872981882266, 0.7220286235061439, 0.19137623413666893, -0.8306767779591795, 0.19453321463834983, -0.5090925828337958, 0.46518689717993555, 0.7893025846334776, 0.0294679418262902, 0.20712702072041278, -0.8698643752343853, 0.08014945928561268, -0.7416264326591246, 0.22912569270066396, -0.2726993059103242, 0.5355160686614915, -0.902931727160895, -0.7803637637643119, 0.36804643024725525, 0.029307394167312983, 0.1432827432294983, 0.6874139879813108, -0.024524721700651453, 0.6202888442522898, 0.020487258589880097, 0.8534413864805024, 0.333855543079252, -0.7025463211318861, -0.27089364934848836, 0.7315498318881986, -0.29942957828896866, -0.6219484810876903, -0.0547573816684539, -0.21443765035574014, 0.23785985328818726, -0.12646741612097356, -0.47815568541100895, -0.17505557667448635, -0.16193193089539926, 0.8048437117522818, 0.9592325240809707, 0.24713767881382775, -0.8336317548582777, 0.46599743519199, 0.357370804957968, 0.6520457340504391, -0.3050973265778887, -0.8822398116837538, 0.2236436329105842, -0.751970763373456, 0.5190590583266628, 0.5888466351532844, -0.18274642650020412, 0.8875950117660911, -0.6524404124894483, 0.8851716994539605]",rhc,relu,False,False,100,[10],0.1,100,10
1034,34,0.10928710002917796,1.8483467589978362,1542.0,100,15,"[0.9340596780273533, 0.09446449835144466, 0.9453687199297687, 0.4296319873487293, 0.3954576491945416, -0.5678210088392472, 0.9525489095524835, -0.9875394895908203, -0.4940352752331121, -0.13041693519110842, 0.5587658435875049, -0.6046298507994938, 0.7259864711984445, 0.9668013543506255, -0.6723155171906026, 0.19466788786571843, -0.98202780466489, -0.22685743471274122, -0.9116798841370009, 0.9133059354284718, -0.1277067062404047, 0.8979546135631256, 0.5726119718701219, 0.7325785971633969, -0.6536691570081037, -0.850102825973786, 0.2014854427555386, -0.6640556325631923, 0.4667603350211398, -0.18311227969597055, 0.05581764683584067, 0.875143167901884, 0.043392244889916, -0.7836132342255386, -0.6835531856304011, 0.09040530340642561, 0.04880816013694678, 0.2752204882519873, -0.1970091128194542, 0.2996102180386846, -0.20619999419653467, 0.24783222709644614, 0.5348099341802477, -0.6420521799177383, -0.24884846282491524, 0.005066118653868745, 0.3733341598326916, -0.4926407026772337, 0.10948172588511706, 0.24986168812819542, 0.7910023321122921, -0.27429282313374714, 0.2751141460374733, -0.6171071957620733, -0.004411770765388567, -0.6351091908575863, 0.8367660782795254, -0.13635585731754474, 0.6603762041966925, -0.16644739064327485, 0.8093351774867339, -0.19034956537818792, -0.33765099381775454, 0.14427754054549724, 0.6908872981882266, 0.7220286235061439, 0.19137623413666893, -0.8306767779591795, 0.19453321463834983, -0.5090925828337958, 0.46518689717993555, 0.7893025846334776, 0.0294679418262902, 0.20712702072041278, -0.8698643752343853, 0.08014945928561268, -0.7416264326591246, 0.22912569270066396, -0.2726993059103242, 0.5355160686614915, -0.902931727160895, -0.7803637637643119, 0.36804643024725525, 0.029307394167312983, 0.1432827432294983, 0.6874139879813108, -0.024524721700651453, 0.6202888442522898, 0.020487258589880097, 0.8534413864805024, 0.333855543079252, -0.7025463211318861, -0.27089364934848836, 0.7315498318881986, -0.29942957828896866, -0.6219484810876903, -0.0547573816684539, -0.21443765035574014, 0.23785985328818726, -0.12646741612097356, -0.47815568541100895, -0.17505557667448635, -0.16193193089539926, 0.8048437117522818, 0.9592325240809707, 0.24713767881382775, -0.8336317548582777, 0.46599743519199, 0.357370804957968, 0.6520457340504391, -0.3050973265778887, -0.8822398116837538, 0.2236436329105842, -0.751970763373456, 0.5190590583266628, 0.5888466351532844, -0.18274642650020412, 0.8875950117660911, -0.6524404124894483, 0.8851716994539605]",rhc,relu,False,False,100,[10],0.1,100,10
1035,35,0.11070370010565966,1.8483467589978362,1543.0,100,15,"[0.9340596780273533, 0.09446449835144466, 0.9453687199297687, 0.4296319873487293, 0.3954576491945416, -0.5678210088392472, 0.9525489095524835, -0.9875394895908203, -0.4940352752331121, -0.13041693519110842, 0.5587658435875049, -0.6046298507994938, 0.7259864711984445, 0.9668013543506255, -0.6723155171906026, 0.19466788786571843, -0.98202780466489, -0.22685743471274122, -0.9116798841370009, 0.9133059354284718, -0.1277067062404047, 0.8979546135631256, 0.5726119718701219, 0.7325785971633969, -0.6536691570081037, -0.850102825973786, 0.2014854427555386, -0.6640556325631923, 0.4667603350211398, -0.18311227969597055, 0.05581764683584067, 0.875143167901884, 0.043392244889916, -0.7836132342255386, -0.6835531856304011, 0.09040530340642561, 0.04880816013694678, 0.2752204882519873, -0.1970091128194542, 0.2996102180386846, -0.20619999419653467, 0.24783222709644614, 0.5348099341802477, -0.6420521799177383, -0.24884846282491524, 0.005066118653868745, 0.3733341598326916, -0.4926407026772337, 0.10948172588511706, 0.24986168812819542, 0.7910023321122921, -0.27429282313374714, 0.2751141460374733, -0.6171071957620733, -0.004411770765388567, -0.6351091908575863, 0.8367660782795254, -0.13635585731754474, 0.6603762041966925, -0.16644739064327485, 0.8093351774867339, -0.19034956537818792, -0.33765099381775454, 0.14427754054549724, 0.6908872981882266, 0.7220286235061439, 0.19137623413666893, -0.8306767779591795, 0.19453321463834983, -0.5090925828337958, 0.46518689717993555, 0.7893025846334776, 0.0294679418262902, 0.20712702072041278, -0.8698643752343853, 0.08014945928561268, -0.7416264326591246, 0.22912569270066396, -0.2726993059103242, 0.5355160686614915, -0.902931727160895, -0.7803637637643119, 0.36804643024725525, 0.029307394167312983, 0.1432827432294983, 0.6874139879813108, -0.024524721700651453, 0.6202888442522898, 0.020487258589880097, 0.8534413864805024, 0.333855543079252, -0.7025463211318861, -0.27089364934848836, 0.7315498318881986, -0.29942957828896866, -0.6219484810876903, -0.0547573816684539, -0.21443765035574014, 0.23785985328818726, -0.12646741612097356, -0.47815568541100895, -0.17505557667448635, -0.16193193089539926, 0.8048437117522818, 0.9592325240809707, 0.24713767881382775, -0.8336317548582777, 0.46599743519199, 0.357370804957968, 0.6520457340504391, -0.3050973265778887, -0.8822398116837538, 0.2236436329105842, -0.751970763373456, 0.5190590583266628, 0.5888466351532844, -0.18274642650020412, 0.8875950117660911, -0.6524404124894483, 0.8851716994539605]",rhc,relu,False,False,100,[10],0.1,100,10
1036,36,0.1138131000334397,1.8457891743418107,1545.0,100,15,"[0.9340596780273533, 0.09446449835144466, 0.9453687199297687, 0.4296319873487293, 0.3954576491945416, -0.5678210088392472, 0.9525489095524835, -0.9875394895908203, -0.4940352752331121, -0.13041693519110842, 0.5587658435875049, -0.6046298507994938, 0.7259864711984445, 0.9668013543506255, -0.6723155171906026, 0.19466788786571843, -0.98202780466489, -0.22685743471274122, -0.9116798841370009, 0.9133059354284718, -0.1277067062404047, 0.8979546135631256, 0.5726119718701219, 0.7325785971633969, -0.6536691570081037, -0.850102825973786, 0.2014854427555386, -0.6640556325631923, 0.4667603350211398, -0.18311227969597055, 0.05581764683584067, 0.875143167901884, 0.043392244889916, -0.7836132342255386, -0.6835531856304011, 0.09040530340642561, 0.04880816013694678, 0.2752204882519873, -0.1970091128194542, 0.2996102180386846, -0.20619999419653467, 0.24783222709644614, 0.5348099341802477, -0.6420521799177383, -0.24884846282491524, 0.005066118653868745, 0.3733341598326916, -0.4926407026772337, 0.10948172588511706, 0.24986168812819542, 0.7910023321122921, -0.27429282313374714, 0.2751141460374733, -0.6171071957620733, -0.004411770765388567, -0.6351091908575863, 0.8367660782795254, -0.13635585731754474, 0.6603762041966925, -0.16644739064327485, 0.8093351774867339, -0.19034956537818792, -0.33765099381775454, 0.14427754054549724, 0.6908872981882266, 0.7220286235061439, 0.19137623413666893, -0.8306767779591795, 0.19453321463834983, -0.5090925828337958, 0.46518689717993555, 0.7893025846334776, 0.0294679418262902, 0.20712702072041278, -0.8698643752343853, 0.08014945928561268, -0.7416264326591246, 0.22912569270066396, -0.2726993059103242, 0.5355160686614915, -0.902931727160895, -0.7803637637643119, 0.36804643024725525, 0.029307394167312983, 0.1432827432294983, 0.6874139879813108, -0.024524721700651453, 0.6202888442522898, 0.020487258589880097, 0.8534413864805024, 0.333855543079252, -0.7025463211318861, -0.27089364934848836, 0.7315498318881986, -0.29942957828896866, -0.6219484810876903, -0.0547573816684539, -0.21443765035574014, 0.23785985328818726, -0.12646741612097356, -0.47815568541100895, -0.17505557667448635, -0.16193193089539926, 0.8048437117522818, 0.9592325240809707, 0.24713767881382775, -0.8336317548582777, 0.46599743519199, 0.357370804957968, 0.6520457340504391, -0.3050973265778887, -0.8822398116837538, 0.2236436329105842, -0.751970763373456, 0.5190590583266628, 0.5888466351532844, -0.18274642650020412, 0.8875950117660911, -0.6524404124894483, 0.8851716994539605]",rhc,relu,False,False,100,[10],0.1,100,10
1037,37,0.1166854000184685,1.8442048586567057,1547.0,100,15,"[0.9340596780273533, 0.09446449835144466, 0.9453687199297687, 0.4296319873487293, 0.3954576491945416, -0.5678210088392472, 0.9525489095524835, -0.9875394895908203, -0.4940352752331121, -0.13041693519110842, 0.5587658435875049, -0.6046298507994938, 0.7259864711984445, 0.9668013543506255, -0.6723155171906026, 0.19466788786571843, -0.98202780466489, -0.22685743471274122, -0.9116798841370009, 0.9133059354284718, -0.1277067062404047, 0.8979546135631256, 0.5726119718701219, 0.7325785971633969, -0.6536691570081037, -0.850102825973786, 0.2014854427555386, -0.6640556325631923, 0.4667603350211398, -0.18311227969597055, 0.05581764683584067, 0.875143167901884, 0.043392244889916, -0.7836132342255386, -0.6835531856304011, 0.09040530340642561, 0.04880816013694678, 0.2752204882519873, -0.1970091128194542, 0.2996102180386846, -0.20619999419653467, 0.24783222709644614, 0.5348099341802477, -0.6420521799177383, -0.24884846282491524, 0.005066118653868745, 0.3733341598326916, -0.4926407026772337, 0.10948172588511706, 0.24986168812819542, 0.7910023321122921, -0.27429282313374714, 0.2751141460374733, -0.6171071957620733, -0.004411770765388567, -0.6351091908575863, 0.8367660782795254, -0.13635585731754474, 0.6603762041966925, -0.16644739064327485, 0.8093351774867339, -0.19034956537818792, -0.33765099381775454, 0.14427754054549724, 0.6908872981882266, 0.7220286235061439, 0.19137623413666893, -0.8306767779591795, 0.19453321463834983, -0.5090925828337958, 0.46518689717993555, 0.7893025846334776, 0.0294679418262902, 0.20712702072041278, -0.8698643752343853, 0.08014945928561268, -0.7416264326591246, 0.22912569270066396, -0.2726993059103242, 0.5355160686614915, -0.902931727160895, -0.7803637637643119, 0.36804643024725525, 0.029307394167312983, 0.1432827432294983, 0.6874139879813108, -0.024524721700651453, 0.6202888442522898, 0.020487258589880097, 0.8534413864805024, 0.333855543079252, -0.7025463211318861, -0.27089364934848836, 0.7315498318881986, -0.29942957828896866, -0.6219484810876903, -0.0547573816684539, -0.21443765035574014, 0.23785985328818726, -0.12646741612097356, -0.47815568541100895, -0.17505557667448635, -0.16193193089539926, 0.8048437117522818, 0.9592325240809707, 0.24713767881382775, -0.8336317548582777, 0.46599743519199, 0.357370804957968, 0.6520457340504391, -0.3050973265778887, -0.8822398116837538, 0.2236436329105842, -0.751970763373456, 0.5190590583266628, 0.5888466351532844, -0.18274642650020412, 0.8875950117660911, -0.6524404124894483, 0.8851716994539605]",rhc,relu,False,False,100,[10],0.1,100,10
1038,38,0.11806140001863241,1.8442048586567057,1548.0,100,15,"[0.9340596780273533, 0.09446449835144466, 0.9453687199297687, 0.4296319873487293, 0.3954576491945416, -0.5678210088392472, 0.9525489095524835, -0.9875394895908203, -0.4940352752331121, -0.13041693519110842, 0.5587658435875049, -0.6046298507994938, 0.7259864711984445, 0.9668013543506255, -0.6723155171906026, 0.19466788786571843, -0.98202780466489, -0.22685743471274122, -0.9116798841370009, 0.9133059354284718, -0.1277067062404047, 0.8979546135631256, 0.5726119718701219, 0.7325785971633969, -0.6536691570081037, -0.850102825973786, 0.2014854427555386, -0.6640556325631923, 0.4667603350211398, -0.18311227969597055, 0.05581764683584067, 0.875143167901884, 0.043392244889916, -0.7836132342255386, -0.6835531856304011, 0.09040530340642561, 0.04880816013694678, 0.2752204882519873, -0.1970091128194542, 0.2996102180386846, -0.20619999419653467, 0.24783222709644614, 0.5348099341802477, -0.6420521799177383, -0.24884846282491524, 0.005066118653868745, 0.3733341598326916, -0.4926407026772337, 0.10948172588511706, 0.24986168812819542, 0.7910023321122921, -0.27429282313374714, 0.2751141460374733, -0.6171071957620733, -0.004411770765388567, -0.6351091908575863, 0.8367660782795254, -0.13635585731754474, 0.6603762041966925, -0.16644739064327485, 0.8093351774867339, -0.19034956537818792, -0.33765099381775454, 0.14427754054549724, 0.6908872981882266, 0.7220286235061439, 0.19137623413666893, -0.8306767779591795, 0.19453321463834983, -0.5090925828337958, 0.46518689717993555, 0.7893025846334776, 0.0294679418262902, 0.20712702072041278, -0.8698643752343853, 0.08014945928561268, -0.7416264326591246, 0.22912569270066396, -0.2726993059103242, 0.5355160686614915, -0.902931727160895, -0.7803637637643119, 0.36804643024725525, 0.029307394167312983, 0.1432827432294983, 0.6874139879813108, -0.024524721700651453, 0.6202888442522898, 0.020487258589880097, 0.8534413864805024, 0.333855543079252, -0.7025463211318861, -0.27089364934848836, 0.7315498318881986, -0.29942957828896866, -0.6219484810876903, -0.0547573816684539, -0.21443765035574014, 0.23785985328818726, -0.12646741612097356, -0.47815568541100895, -0.17505557667448635, -0.16193193089539926, 0.8048437117522818, 0.9592325240809707, 0.24713767881382775, -0.8336317548582777, 0.46599743519199, 0.357370804957968, 0.6520457340504391, -0.3050973265778887, -0.8822398116837538, 0.2236436329105842, -0.751970763373456, 0.5190590583266628, 0.5888466351532844, -0.18274642650020412, 0.8875950117660911, -0.6524404124894483, 0.8851716994539605]",rhc,relu,False,False,100,[10],0.1,100,10
1039,39,0.12082070007454604,1.842700564804997,1550.0,100,15,"[0.9340596780273533, 0.09446449835144466, 0.9453687199297687, 0.4296319873487293, 0.3954576491945416, -0.5678210088392472, 0.9525489095524835, -0.9875394895908203, -0.4940352752331121, -0.13041693519110842, 0.5587658435875049, -0.6046298507994938, 0.7259864711984445, 0.9668013543506255, -0.6723155171906026, 0.19466788786571843, -0.98202780466489, -0.22685743471274122, -0.9116798841370009, 0.9133059354284718, -0.1277067062404047, 0.8979546135631256, 0.5726119718701219, 0.7325785971633969, -0.6536691570081037, -0.850102825973786, 0.2014854427555386, -0.6640556325631923, 0.4667603350211398, -0.18311227969597055, 0.05581764683584067, 0.875143167901884, 0.043392244889916, -0.7836132342255386, -0.6835531856304011, 0.09040530340642561, 0.04880816013694678, 0.2752204882519873, -0.1970091128194542, 0.2996102180386846, -0.20619999419653467, 0.24783222709644614, 0.5348099341802477, -0.6420521799177383, -0.24884846282491524, 0.005066118653868745, 0.3733341598326916, -0.4926407026772337, 0.10948172588511706, 0.24986168812819542, 0.7910023321122921, -0.27429282313374714, 0.2751141460374733, -0.6171071957620733, -0.004411770765388567, -0.6351091908575863, 0.8367660782795254, -0.13635585731754474, 0.6603762041966925, -0.16644739064327485, 0.8093351774867339, -0.19034956537818792, -0.33765099381775454, 0.14427754054549724, 0.6908872981882266, 0.7220286235061439, 0.19137623413666893, -0.8306767779591795, 0.19453321463834983, -0.5090925828337958, 0.46518689717993555, 0.7893025846334776, 0.0294679418262902, 0.20712702072041278, -0.8698643752343853, 0.08014945928561268, -0.7416264326591246, 0.22912569270066396, -0.2726993059103242, 0.5355160686614915, -0.902931727160895, -0.7803637637643119, 0.36804643024725525, 0.029307394167312983, 0.1432827432294983, 0.6874139879813108, -0.024524721700651453, 0.6202888442522898, 0.020487258589880097, 0.8534413864805024, 0.333855543079252, -0.7025463211318861, -0.27089364934848836, 0.7315498318881986, -0.29942957828896866, -0.6219484810876903, -0.0547573816684539, -0.21443765035574014, 0.23785985328818726, -0.12646741612097356, -0.47815568541100895, -0.17505557667448635, -0.16193193089539926, 0.8048437117522818, 0.9592325240809707, 0.24713767881382775, -0.8336317548582777, 0.46599743519199, 0.357370804957968, 0.6520457340504391, -0.3050973265778887, -0.8822398116837538, 0.2236436329105842, -0.751970763373456, 0.5190590583266628, 0.5888466351532844, -0.18274642650020412, 0.8875950117660911, -0.6524404124894483, 0.8851716994539605]",rhc,relu,False,False,100,[10],0.1,100,10
1040,40,0.12267690000589937,1.842700564804997,1551.0,100,15,"[0.9340596780273533, 0.09446449835144466, 0.9453687199297687, 0.4296319873487293, 0.3954576491945416, -0.5678210088392472, 0.9525489095524835, -0.9875394895908203, -0.4940352752331121, -0.13041693519110842, 0.5587658435875049, -0.6046298507994938, 0.7259864711984445, 0.9668013543506255, -0.6723155171906026, 0.19466788786571843, -0.98202780466489, -0.22685743471274122, -0.9116798841370009, 0.9133059354284718, -0.1277067062404047, 0.8979546135631256, 0.5726119718701219, 0.7325785971633969, -0.6536691570081037, -0.850102825973786, 0.2014854427555386, -0.6640556325631923, 0.4667603350211398, -0.18311227969597055, 0.05581764683584067, 0.875143167901884, 0.043392244889916, -0.7836132342255386, -0.6835531856304011, 0.09040530340642561, 0.04880816013694678, 0.2752204882519873, -0.1970091128194542, 0.2996102180386846, -0.20619999419653467, 0.24783222709644614, 0.5348099341802477, -0.6420521799177383, -0.24884846282491524, 0.005066118653868745, 0.3733341598326916, -0.4926407026772337, 0.10948172588511706, 0.24986168812819542, 0.7910023321122921, -0.27429282313374714, 0.2751141460374733, -0.6171071957620733, -0.004411770765388567, -0.6351091908575863, 0.8367660782795254, -0.13635585731754474, 0.6603762041966925, -0.16644739064327485, 0.8093351774867339, -0.19034956537818792, -0.33765099381775454, 0.14427754054549724, 0.6908872981882266, 0.7220286235061439, 0.19137623413666893, -0.8306767779591795, 0.19453321463834983, -0.5090925828337958, 0.46518689717993555, 0.7893025846334776, 0.0294679418262902, 0.20712702072041278, -0.8698643752343853, 0.08014945928561268, -0.7416264326591246, 0.22912569270066396, -0.2726993059103242, 0.5355160686614915, -0.902931727160895, -0.7803637637643119, 0.36804643024725525, 0.029307394167312983, 0.1432827432294983, 0.6874139879813108, -0.024524721700651453, 0.6202888442522898, 0.020487258589880097, 0.8534413864805024, 0.333855543079252, -0.7025463211318861, -0.27089364934848836, 0.7315498318881986, -0.29942957828896866, -0.6219484810876903, -0.0547573816684539, -0.21443765035574014, 0.23785985328818726, -0.12646741612097356, -0.47815568541100895, -0.17505557667448635, -0.16193193089539926, 0.8048437117522818, 0.9592325240809707, 0.24713767881382775, -0.8336317548582777, 0.46599743519199, 0.357370804957968, 0.6520457340504391, -0.3050973265778887, -0.8822398116837538, 0.2236436329105842, -0.751970763373456, 0.5190590583266628, 0.5888466351532844, -0.18274642650020412, 0.8875950117660911, -0.6524404124894483, 0.8851716994539605]",rhc,relu,False,False,100,[10],0.1,100,10
1041,41,0.1255848000291735,1.832480711548465,1553.0,100,15,"[0.9340596780273533, 0.09446449835144466, 0.9453687199297687, 0.4296319873487293, 0.3954576491945416, -0.5678210088392472, 0.9525489095524835, -0.9875394895908203, -0.4940352752331121, -0.13041693519110842, 0.5587658435875049, -0.6046298507994938, 0.7259864711984445, 0.9668013543506255, -0.6723155171906026, 0.19466788786571843, -0.98202780466489, -0.22685743471274122, -0.9116798841370009, 0.9133059354284718, -0.1277067062404047, 0.8979546135631256, 0.5726119718701219, 0.7325785971633969, -0.6536691570081037, -0.850102825973786, 0.2014854427555386, -0.6640556325631923, 0.4667603350211398, -0.18311227969597055, 0.05581764683584067, 0.875143167901884, 0.043392244889916, -0.7836132342255386, -0.6835531856304011, 0.09040530340642561, 0.04880816013694678, 0.2752204882519873, -0.1970091128194542, 0.2996102180386846, -0.20619999419653467, 0.24783222709644614, 0.5348099341802477, -0.6420521799177383, -0.24884846282491524, 0.005066118653868745, 0.3733341598326916, -0.4926407026772337, 0.10948172588511706, 0.24986168812819542, 0.7910023321122921, -0.27429282313374714, 0.2751141460374733, -0.6171071957620733, -0.004411770765388567, -0.6351091908575863, 0.8367660782795254, -0.13635585731754474, 0.6603762041966925, -0.16644739064327485, 0.8093351774867339, -0.19034956537818792, -0.33765099381775454, 0.14427754054549724, 0.6908872981882266, 0.7220286235061439, 0.19137623413666893, -0.8306767779591795, 0.19453321463834983, -0.5090925828337958, 0.46518689717993555, 0.7893025846334776, 0.0294679418262902, 0.20712702072041278, -0.8698643752343853, 0.08014945928561268, -0.7416264326591246, 0.22912569270066396, -0.2726993059103242, 0.5355160686614915, -0.902931727160895, -0.7803637637643119, 0.36804643024725525, 0.029307394167312983, 0.1432827432294983, 0.6874139879813108, -0.024524721700651453, 0.6202888442522898, 0.020487258589880097, 0.8534413864805024, 0.333855543079252, -0.7025463211318861, -0.27089364934848836, 0.7315498318881986, -0.29942957828896866, -0.6219484810876903, -0.0547573816684539, -0.21443765035574014, 0.23785985328818726, -0.12646741612097356, -0.47815568541100895, -0.17505557667448635, -0.16193193089539926, 0.8048437117522818, 0.9592325240809707, 0.24713767881382775, -0.8336317548582777, 0.46599743519199, 0.357370804957968, 0.6520457340504391, -0.3050973265778887, -0.8822398116837538, 0.2236436329105842, -0.751970763373456, 0.5190590583266628, 0.5888466351532844, -0.18274642650020412, 0.8875950117660911, -0.6524404124894483, 0.8851716994539605]",rhc,relu,False,False,100,[10],0.1,100,10
1042,42,0.12696350004989654,1.8285211063889917,1555.0,100,15,"[0.9340596780273533, 0.09446449835144466, 0.9453687199297687, 0.4296319873487293, 0.3954576491945416, -0.5678210088392472, 0.9525489095524835, -0.9875394895908203, -0.4940352752331121, -0.13041693519110842, 0.5587658435875049, -0.6046298507994938, 0.7259864711984445, 0.9668013543506255, -0.6723155171906026, 0.19466788786571843, -0.98202780466489, -0.22685743471274122, -0.9116798841370009, 0.9133059354284718, -0.1277067062404047, 0.8979546135631256, 0.5726119718701219, 0.7325785971633969, -0.6536691570081037, -0.850102825973786, 0.2014854427555386, -0.6640556325631923, 0.4667603350211398, -0.18311227969597055, 0.05581764683584067, 0.875143167901884, 0.043392244889916, -0.7836132342255386, -0.6835531856304011, 0.09040530340642561, 0.04880816013694678, 0.2752204882519873, -0.1970091128194542, 0.2996102180386846, -0.20619999419653467, 0.24783222709644614, 0.5348099341802477, -0.6420521799177383, -0.24884846282491524, 0.005066118653868745, 0.3733341598326916, -0.4926407026772337, 0.10948172588511706, 0.24986168812819542, 0.7910023321122921, -0.27429282313374714, 0.2751141460374733, -0.6171071957620733, -0.004411770765388567, -0.6351091908575863, 0.8367660782795254, -0.13635585731754474, 0.6603762041966925, -0.16644739064327485, 0.8093351774867339, -0.19034956537818792, -0.33765099381775454, 0.14427754054549724, 0.6908872981882266, 0.7220286235061439, 0.19137623413666893, -0.8306767779591795, 0.19453321463834983, -0.5090925828337958, 0.46518689717993555, 0.7893025846334776, 0.0294679418262902, 0.20712702072041278, -0.8698643752343853, 0.08014945928561268, -0.7416264326591246, 0.22912569270066396, -0.2726993059103242, 0.5355160686614915, -0.902931727160895, -0.7803637637643119, 0.36804643024725525, 0.029307394167312983, 0.1432827432294983, 0.6874139879813108, -0.024524721700651453, 0.6202888442522898, 0.020487258589880097, 0.8534413864805024, 0.333855543079252, -0.7025463211318861, -0.27089364934848836, 0.7315498318881986, -0.29942957828896866, -0.6219484810876903, -0.0547573816684539, -0.21443765035574014, 0.23785985328818726, -0.12646741612097356, -0.47815568541100895, -0.17505557667448635, -0.16193193089539926, 0.8048437117522818, 0.9592325240809707, 0.24713767881382775, -0.8336317548582777, 0.46599743519199, 0.357370804957968, 0.6520457340504391, -0.3050973265778887, -0.8822398116837538, 0.2236436329105842, -0.751970763373456, 0.5190590583266628, 0.5888466351532844, -0.18274642650020412, 0.8875950117660911, -0.6524404124894483, 0.8851716994539605]",rhc,relu,False,False,100,[10],0.1,100,10
1043,43,0.13002750009763986,1.8285211063889917,1556.0,100,15,"[0.9340596780273533, 0.09446449835144466, 0.9453687199297687, 0.4296319873487293, 0.3954576491945416, -0.5678210088392472, 0.9525489095524835, -0.9875394895908203, -0.4940352752331121, -0.13041693519110842, 0.5587658435875049, -0.6046298507994938, 0.7259864711984445, 0.9668013543506255, -0.6723155171906026, 0.19466788786571843, -0.98202780466489, -0.22685743471274122, -0.9116798841370009, 0.9133059354284718, -0.1277067062404047, 0.8979546135631256, 0.5726119718701219, 0.7325785971633969, -0.6536691570081037, -0.850102825973786, 0.2014854427555386, -0.6640556325631923, 0.4667603350211398, -0.18311227969597055, 0.05581764683584067, 0.875143167901884, 0.043392244889916, -0.7836132342255386, -0.6835531856304011, 0.09040530340642561, 0.04880816013694678, 0.2752204882519873, -0.1970091128194542, 0.2996102180386846, -0.20619999419653467, 0.24783222709644614, 0.5348099341802477, -0.6420521799177383, -0.24884846282491524, 0.005066118653868745, 0.3733341598326916, -0.4926407026772337, 0.10948172588511706, 0.24986168812819542, 0.7910023321122921, -0.27429282313374714, 0.2751141460374733, -0.6171071957620733, -0.004411770765388567, -0.6351091908575863, 0.8367660782795254, -0.13635585731754474, 0.6603762041966925, -0.16644739064327485, 0.8093351774867339, -0.19034956537818792, -0.33765099381775454, 0.14427754054549724, 0.6908872981882266, 0.7220286235061439, 0.19137623413666893, -0.8306767779591795, 0.19453321463834983, -0.5090925828337958, 0.46518689717993555, 0.7893025846334776, 0.0294679418262902, 0.20712702072041278, -0.8698643752343853, 0.08014945928561268, -0.7416264326591246, 0.22912569270066396, -0.2726993059103242, 0.5355160686614915, -0.902931727160895, -0.7803637637643119, 0.36804643024725525, 0.029307394167312983, 0.1432827432294983, 0.6874139879813108, -0.024524721700651453, 0.6202888442522898, 0.020487258589880097, 0.8534413864805024, 0.333855543079252, -0.7025463211318861, -0.27089364934848836, 0.7315498318881986, -0.29942957828896866, -0.6219484810876903, -0.0547573816684539, -0.21443765035574014, 0.23785985328818726, -0.12646741612097356, -0.47815568541100895, -0.17505557667448635, -0.16193193089539926, 0.8048437117522818, 0.9592325240809707, 0.24713767881382775, -0.8336317548582777, 0.46599743519199, 0.357370804957968, 0.6520457340504391, -0.3050973265778887, -0.8822398116837538, 0.2236436329105842, -0.751970763373456, 0.5190590583266628, 0.5888466351532844, -0.18274642650020412, 0.8875950117660911, -0.6524404124894483, 0.8851716994539605]",rhc,relu,False,False,100,[10],0.1,100,10
1044,44,0.1314245000248775,1.8285211063889917,1557.0,100,15,"[0.9340596780273533, 0.09446449835144466, 0.9453687199297687, 0.4296319873487293, 0.3954576491945416, -0.5678210088392472, 0.9525489095524835, -0.9875394895908203, -0.4940352752331121, -0.13041693519110842, 0.5587658435875049, -0.6046298507994938, 0.7259864711984445, 0.9668013543506255, -0.6723155171906026, 0.19466788786571843, -0.98202780466489, -0.22685743471274122, -0.9116798841370009, 0.9133059354284718, -0.1277067062404047, 0.8979546135631256, 0.5726119718701219, 0.7325785971633969, -0.6536691570081037, -0.850102825973786, 0.2014854427555386, -0.6640556325631923, 0.4667603350211398, -0.18311227969597055, 0.05581764683584067, 0.875143167901884, 0.043392244889916, -0.7836132342255386, -0.6835531856304011, 0.09040530340642561, 0.04880816013694678, 0.2752204882519873, -0.1970091128194542, 0.2996102180386846, -0.20619999419653467, 0.24783222709644614, 0.5348099341802477, -0.6420521799177383, -0.24884846282491524, 0.005066118653868745, 0.3733341598326916, -0.4926407026772337, 0.10948172588511706, 0.24986168812819542, 0.7910023321122921, -0.27429282313374714, 0.2751141460374733, -0.6171071957620733, -0.004411770765388567, -0.6351091908575863, 0.8367660782795254, -0.13635585731754474, 0.6603762041966925, -0.16644739064327485, 0.8093351774867339, -0.19034956537818792, -0.33765099381775454, 0.14427754054549724, 0.6908872981882266, 0.7220286235061439, 0.19137623413666893, -0.8306767779591795, 0.19453321463834983, -0.5090925828337958, 0.46518689717993555, 0.7893025846334776, 0.0294679418262902, 0.20712702072041278, -0.8698643752343853, 0.08014945928561268, -0.7416264326591246, 0.22912569270066396, -0.2726993059103242, 0.5355160686614915, -0.902931727160895, -0.7803637637643119, 0.36804643024725525, 0.029307394167312983, 0.1432827432294983, 0.6874139879813108, -0.024524721700651453, 0.6202888442522898, 0.020487258589880097, 0.8534413864805024, 0.333855543079252, -0.7025463211318861, -0.27089364934848836, 0.7315498318881986, -0.29942957828896866, -0.6219484810876903, -0.0547573816684539, -0.21443765035574014, 0.23785985328818726, -0.12646741612097356, -0.47815568541100895, -0.17505557667448635, -0.16193193089539926, 0.8048437117522818, 0.9592325240809707, 0.24713767881382775, -0.8336317548582777, 0.46599743519199, 0.357370804957968, 0.6520457340504391, -0.3050973265778887, -0.8822398116837538, 0.2236436329105842, -0.751970763373456, 0.5190590583266628, 0.5888466351532844, -0.18274642650020412, 0.8875950117660911, -0.6524404124894483, 0.8851716994539605]",rhc,relu,False,False,100,[10],0.1,100,10
1045,45,0.13282990001607686,1.827079703526359,1559.0,100,15,"[0.9340596780273533, 0.09446449835144466, 0.9453687199297687, 0.4296319873487293, 0.3954576491945416, -0.5678210088392472, 0.9525489095524835, -0.9875394895908203, -0.4940352752331121, -0.13041693519110842, 0.5587658435875049, -0.6046298507994938, 0.7259864711984445, 0.9668013543506255, -0.6723155171906026, 0.19466788786571843, -0.98202780466489, -0.22685743471274122, -0.9116798841370009, 0.9133059354284718, -0.1277067062404047, 0.8979546135631256, 0.5726119718701219, 0.7325785971633969, -0.6536691570081037, -0.850102825973786, 0.2014854427555386, -0.6640556325631923, 0.4667603350211398, -0.18311227969597055, 0.05581764683584067, 0.875143167901884, 0.043392244889916, -0.7836132342255386, -0.6835531856304011, 0.09040530340642561, 0.04880816013694678, 0.2752204882519873, -0.1970091128194542, 0.2996102180386846, -0.20619999419653467, 0.24783222709644614, 0.5348099341802477, -0.6420521799177383, -0.24884846282491524, 0.005066118653868745, 0.3733341598326916, -0.4926407026772337, 0.10948172588511706, 0.24986168812819542, 0.7910023321122921, -0.27429282313374714, 0.2751141460374733, -0.6171071957620733, -0.004411770765388567, -0.6351091908575863, 0.8367660782795254, -0.13635585731754474, 0.6603762041966925, -0.16644739064327485, 0.8093351774867339, -0.19034956537818792, -0.33765099381775454, 0.14427754054549724, 0.6908872981882266, 0.7220286235061439, 0.19137623413666893, -0.8306767779591795, 0.19453321463834983, -0.5090925828337958, 0.46518689717993555, 0.7893025846334776, 0.0294679418262902, 0.20712702072041278, -0.8698643752343853, 0.08014945928561268, -0.7416264326591246, 0.22912569270066396, -0.2726993059103242, 0.5355160686614915, -0.902931727160895, -0.7803637637643119, 0.36804643024725525, 0.029307394167312983, 0.1432827432294983, 0.6874139879813108, -0.024524721700651453, 0.6202888442522898, 0.020487258589880097, 0.8534413864805024, 0.333855543079252, -0.7025463211318861, -0.27089364934848836, 0.7315498318881986, -0.29942957828896866, -0.6219484810876903, -0.0547573816684539, -0.21443765035574014, 0.23785985328818726, -0.12646741612097356, -0.47815568541100895, -0.17505557667448635, -0.16193193089539926, 0.8048437117522818, 0.9592325240809707, 0.24713767881382775, -0.8336317548582777, 0.46599743519199, 0.357370804957968, 0.6520457340504391, -0.3050973265778887, -0.8822398116837538, 0.2236436329105842, -0.751970763373456, 0.5190590583266628, 0.5888466351532844, -0.18274642650020412, 0.8875950117660911, -0.6524404124894483, 0.8851716994539605]",rhc,relu,False,False,100,[10],0.1,100,10
1046,46,0.13423810002859682,1.8241921153449092,1561.0,100,15,"[0.9340596780273533, 0.09446449835144466, 0.9453687199297687, 0.4296319873487293, 0.3954576491945416, -0.5678210088392472, 0.9525489095524835, -0.9875394895908203, -0.4940352752331121, -0.13041693519110842, 0.5587658435875049, -0.6046298507994938, 0.7259864711984445, 0.9668013543506255, -0.6723155171906026, 0.19466788786571843, -0.98202780466489, -0.22685743471274122, -0.9116798841370009, 0.9133059354284718, -0.1277067062404047, 0.8979546135631256, 0.5726119718701219, 0.7325785971633969, -0.6536691570081037, -0.850102825973786, 0.2014854427555386, -0.6640556325631923, 0.4667603350211398, -0.18311227969597055, 0.05581764683584067, 0.875143167901884, 0.043392244889916, -0.7836132342255386, -0.6835531856304011, 0.09040530340642561, 0.04880816013694678, 0.2752204882519873, -0.1970091128194542, 0.2996102180386846, -0.20619999419653467, 0.24783222709644614, 0.5348099341802477, -0.6420521799177383, -0.24884846282491524, 0.005066118653868745, 0.3733341598326916, -0.4926407026772337, 0.10948172588511706, 0.24986168812819542, 0.7910023321122921, -0.27429282313374714, 0.2751141460374733, -0.6171071957620733, -0.004411770765388567, -0.6351091908575863, 0.8367660782795254, -0.13635585731754474, 0.6603762041966925, -0.16644739064327485, 0.8093351774867339, -0.19034956537818792, -0.33765099381775454, 0.14427754054549724, 0.6908872981882266, 0.7220286235061439, 0.19137623413666893, -0.8306767779591795, 0.19453321463834983, -0.5090925828337958, 0.46518689717993555, 0.7893025846334776, 0.0294679418262902, 0.20712702072041278, -0.8698643752343853, 0.08014945928561268, -0.7416264326591246, 0.22912569270066396, -0.2726993059103242, 0.5355160686614915, -0.902931727160895, -0.7803637637643119, 0.36804643024725525, 0.029307394167312983, 0.1432827432294983, 0.6874139879813108, -0.024524721700651453, 0.6202888442522898, 0.020487258589880097, 0.8534413864805024, 0.333855543079252, -0.7025463211318861, -0.27089364934848836, 0.7315498318881986, -0.29942957828896866, -0.6219484810876903, -0.0547573816684539, -0.21443765035574014, 0.23785985328818726, -0.12646741612097356, -0.47815568541100895, -0.17505557667448635, -0.16193193089539926, 0.8048437117522818, 0.9592325240809707, 0.24713767881382775, -0.8336317548582777, 0.46599743519199, 0.357370804957968, 0.6520457340504391, -0.3050973265778887, -0.8822398116837538, 0.2236436329105842, -0.751970763373456, 0.5190590583266628, 0.5888466351532844, -0.18274642650020412, 0.8875950117660911, -0.6524404124894483, 0.8851716994539605]",rhc,relu,False,False,100,[10],0.1,100,10
1047,47,0.13724380009807646,1.823267184734424,1563.0,100,15,"[0.9340596780273533, 0.09446449835144466, 0.9453687199297687, 0.4296319873487293, 0.3954576491945416, -0.5678210088392472, 0.9525489095524835, -0.9875394895908203, -0.4940352752331121, -0.13041693519110842, 0.5587658435875049, -0.6046298507994938, 0.7259864711984445, 0.9668013543506255, -0.6723155171906026, 0.19466788786571843, -0.98202780466489, -0.22685743471274122, -0.9116798841370009, 0.9133059354284718, -0.1277067062404047, 0.8979546135631256, 0.5726119718701219, 0.7325785971633969, -0.6536691570081037, -0.850102825973786, 0.2014854427555386, -0.6640556325631923, 0.4667603350211398, -0.18311227969597055, 0.05581764683584067, 0.875143167901884, 0.043392244889916, -0.7836132342255386, -0.6835531856304011, 0.09040530340642561, 0.04880816013694678, 0.2752204882519873, -0.1970091128194542, 0.2996102180386846, -0.20619999419653467, 0.24783222709644614, 0.5348099341802477, -0.6420521799177383, -0.24884846282491524, 0.005066118653868745, 0.3733341598326916, -0.4926407026772337, 0.10948172588511706, 0.24986168812819542, 0.7910023321122921, -0.27429282313374714, 0.2751141460374733, -0.6171071957620733, -0.004411770765388567, -0.6351091908575863, 0.8367660782795254, -0.13635585731754474, 0.6603762041966925, -0.16644739064327485, 0.8093351774867339, -0.19034956537818792, -0.33765099381775454, 0.14427754054549724, 0.6908872981882266, 0.7220286235061439, 0.19137623413666893, -0.8306767779591795, 0.19453321463834983, -0.5090925828337958, 0.46518689717993555, 0.7893025846334776, 0.0294679418262902, 0.20712702072041278, -0.8698643752343853, 0.08014945928561268, -0.7416264326591246, 0.22912569270066396, -0.2726993059103242, 0.5355160686614915, -0.902931727160895, -0.7803637637643119, 0.36804643024725525, 0.029307394167312983, 0.1432827432294983, 0.6874139879813108, -0.024524721700651453, 0.6202888442522898, 0.020487258589880097, 0.8534413864805024, 0.333855543079252, -0.7025463211318861, -0.27089364934848836, 0.7315498318881986, -0.29942957828896866, -0.6219484810876903, -0.0547573816684539, -0.21443765035574014, 0.23785985328818726, -0.12646741612097356, -0.47815568541100895, -0.17505557667448635, -0.16193193089539926, 0.8048437117522818, 0.9592325240809707, 0.24713767881382775, -0.8336317548582777, 0.46599743519199, 0.357370804957968, 0.6520457340504391, -0.3050973265778887, -0.8822398116837538, 0.2236436329105842, -0.751970763373456, 0.5190590583266628, 0.5888466351532844, -0.18274642650020412, 0.8875950117660911, -0.6524404124894483, 0.8851716994539605]",rhc,relu,False,False,100,[10],0.1,100,10
1048,48,0.13920730003155768,1.8167720920112937,1565.0,100,15,"[0.9340596780273533, 0.09446449835144466, 0.9453687199297687, 0.4296319873487293, 0.3954576491945416, -0.5678210088392472, 0.9525489095524835, -0.9875394895908203, -0.4940352752331121, -0.13041693519110842, 0.5587658435875049, -0.6046298507994938, 0.7259864711984445, 0.9668013543506255, -0.6723155171906026, 0.19466788786571843, -0.98202780466489, -0.22685743471274122, -0.9116798841370009, 0.9133059354284718, -0.1277067062404047, 0.8979546135631256, 0.5726119718701219, 0.7325785971633969, -0.6536691570081037, -0.850102825973786, 0.2014854427555386, -0.6640556325631923, 0.4667603350211398, -0.18311227969597055, 0.05581764683584067, 0.875143167901884, 0.043392244889916, -0.7836132342255386, -0.6835531856304011, 0.09040530340642561, 0.04880816013694678, 0.2752204882519873, -0.1970091128194542, 0.2996102180386846, -0.20619999419653467, 0.24783222709644614, 0.5348099341802477, -0.6420521799177383, -0.24884846282491524, 0.005066118653868745, 0.3733341598326916, -0.4926407026772337, 0.10948172588511706, 0.24986168812819542, 0.7910023321122921, -0.27429282313374714, 0.2751141460374733, -0.6171071957620733, -0.004411770765388567, -0.6351091908575863, 0.8367660782795254, -0.13635585731754474, 0.6603762041966925, -0.16644739064327485, 0.8093351774867339, -0.19034956537818792, -0.33765099381775454, 0.14427754054549724, 0.6908872981882266, 0.7220286235061439, 0.19137623413666893, -0.8306767779591795, 0.19453321463834983, -0.5090925828337958, 0.46518689717993555, 0.7893025846334776, 0.0294679418262902, 0.20712702072041278, -0.8698643752343853, 0.08014945928561268, -0.7416264326591246, 0.22912569270066396, -0.2726993059103242, 0.5355160686614915, -0.902931727160895, -0.7803637637643119, 0.36804643024725525, 0.029307394167312983, 0.1432827432294983, 0.6874139879813108, -0.024524721700651453, 0.6202888442522898, 0.020487258589880097, 0.8534413864805024, 0.333855543079252, -0.7025463211318861, -0.27089364934848836, 0.7315498318881986, -0.29942957828896866, -0.6219484810876903, -0.0547573816684539, -0.21443765035574014, 0.23785985328818726, -0.12646741612097356, -0.47815568541100895, -0.17505557667448635, -0.16193193089539926, 0.8048437117522818, 0.9592325240809707, 0.24713767881382775, -0.8336317548582777, 0.46599743519199, 0.357370804957968, 0.6520457340504391, -0.3050973265778887, -0.8822398116837538, 0.2236436329105842, -0.751970763373456, 0.5190590583266628, 0.5888466351532844, -0.18274642650020412, 0.8875950117660911, -0.6524404124894483, 0.8851716994539605]",rhc,relu,False,False,100,[10],0.1,100,10
1049,49,0.14330590004101396,1.8167720920112937,1566.0,100,15,"[0.9340596780273533, 0.09446449835144466, 0.9453687199297687, 0.4296319873487293, 0.3954576491945416, -0.5678210088392472, 0.9525489095524835, -0.9875394895908203, -0.4940352752331121, -0.13041693519110842, 0.5587658435875049, -0.6046298507994938, 0.7259864711984445, 0.9668013543506255, -0.6723155171906026, 0.19466788786571843, -0.98202780466489, -0.22685743471274122, -0.9116798841370009, 0.9133059354284718, -0.1277067062404047, 0.8979546135631256, 0.5726119718701219, 0.7325785971633969, -0.6536691570081037, -0.850102825973786, 0.2014854427555386, -0.6640556325631923, 0.4667603350211398, -0.18311227969597055, 0.05581764683584067, 0.875143167901884, 0.043392244889916, -0.7836132342255386, -0.6835531856304011, 0.09040530340642561, 0.04880816013694678, 0.2752204882519873, -0.1970091128194542, 0.2996102180386846, -0.20619999419653467, 0.24783222709644614, 0.5348099341802477, -0.6420521799177383, -0.24884846282491524, 0.005066118653868745, 0.3733341598326916, -0.4926407026772337, 0.10948172588511706, 0.24986168812819542, 0.7910023321122921, -0.27429282313374714, 0.2751141460374733, -0.6171071957620733, -0.004411770765388567, -0.6351091908575863, 0.8367660782795254, -0.13635585731754474, 0.6603762041966925, -0.16644739064327485, 0.8093351774867339, -0.19034956537818792, -0.33765099381775454, 0.14427754054549724, 0.6908872981882266, 0.7220286235061439, 0.19137623413666893, -0.8306767779591795, 0.19453321463834983, -0.5090925828337958, 0.46518689717993555, 0.7893025846334776, 0.0294679418262902, 0.20712702072041278, -0.8698643752343853, 0.08014945928561268, -0.7416264326591246, 0.22912569270066396, -0.2726993059103242, 0.5355160686614915, -0.902931727160895, -0.7803637637643119, 0.36804643024725525, 0.029307394167312983, 0.1432827432294983, 0.6874139879813108, -0.024524721700651453, 0.6202888442522898, 0.020487258589880097, 0.8534413864805024, 0.333855543079252, -0.7025463211318861, -0.27089364934848836, 0.7315498318881986, -0.29942957828896866, -0.6219484810876903, -0.0547573816684539, -0.21443765035574014, 0.23785985328818726, -0.12646741612097356, -0.47815568541100895, -0.17505557667448635, -0.16193193089539926, 0.8048437117522818, 0.9592325240809707, 0.24713767881382775, -0.8336317548582777, 0.46599743519199, 0.357370804957968, 0.6520457340504391, -0.3050973265778887, -0.8822398116837538, 0.2236436329105842, -0.751970763373456, 0.5190590583266628, 0.5888466351532844, -0.18274642650020412, 0.8875950117660911, -0.6524404124894483, 0.8851716994539605]",rhc,relu,False,False,100,[10],0.1,100,10
1050,50,0.14690749999135733,1.8167720920112937,1567.0,100,15,"[0.9340596780273533, 0.09446449835144466, 0.9453687199297687, 0.4296319873487293, 0.3954576491945416, -0.5678210088392472, 0.9525489095524835, -0.9875394895908203, -0.4940352752331121, -0.13041693519110842, 0.5587658435875049, -0.6046298507994938, 0.7259864711984445, 0.9668013543506255, -0.6723155171906026, 0.19466788786571843, -0.98202780466489, -0.22685743471274122, -0.9116798841370009, 0.9133059354284718, -0.1277067062404047, 0.8979546135631256, 0.5726119718701219, 0.7325785971633969, -0.6536691570081037, -0.850102825973786, 0.2014854427555386, -0.6640556325631923, 0.4667603350211398, -0.18311227969597055, 0.05581764683584067, 0.875143167901884, 0.043392244889916, -0.7836132342255386, -0.6835531856304011, 0.09040530340642561, 0.04880816013694678, 0.2752204882519873, -0.1970091128194542, 0.2996102180386846, -0.20619999419653467, 0.24783222709644614, 0.5348099341802477, -0.6420521799177383, -0.24884846282491524, 0.005066118653868745, 0.3733341598326916, -0.4926407026772337, 0.10948172588511706, 0.24986168812819542, 0.7910023321122921, -0.27429282313374714, 0.2751141460374733, -0.6171071957620733, -0.004411770765388567, -0.6351091908575863, 0.8367660782795254, -0.13635585731754474, 0.6603762041966925, -0.16644739064327485, 0.8093351774867339, -0.19034956537818792, -0.33765099381775454, 0.14427754054549724, 0.6908872981882266, 0.7220286235061439, 0.19137623413666893, -0.8306767779591795, 0.19453321463834983, -0.5090925828337958, 0.46518689717993555, 0.7893025846334776, 0.0294679418262902, 0.20712702072041278, -0.8698643752343853, 0.08014945928561268, -0.7416264326591246, 0.22912569270066396, -0.2726993059103242, 0.5355160686614915, -0.902931727160895, -0.7803637637643119, 0.36804643024725525, 0.029307394167312983, 0.1432827432294983, 0.6874139879813108, -0.024524721700651453, 0.6202888442522898, 0.020487258589880097, 0.8534413864805024, 0.333855543079252, -0.7025463211318861, -0.27089364934848836, 0.7315498318881986, -0.29942957828896866, -0.6219484810876903, -0.0547573816684539, -0.21443765035574014, 0.23785985328818726, -0.12646741612097356, -0.47815568541100895, -0.17505557667448635, -0.16193193089539926, 0.8048437117522818, 0.9592325240809707, 0.24713767881382775, -0.8336317548582777, 0.46599743519199, 0.357370804957968, 0.6520457340504391, -0.3050973265778887, -0.8822398116837538, 0.2236436329105842, -0.751970763373456, 0.5190590583266628, 0.5888466351532844, -0.18274642650020412, 0.8875950117660911, -0.6524404124894483, 0.8851716994539605]",rhc,relu,False,False,100,[10],0.1,100,10
1051,51,0.14868640003260225,1.7906652817710558,1569.0,100,15,"[0.9340596780273533, 0.09446449835144466, 0.9453687199297687, 0.4296319873487293, 0.3954576491945416, -0.5678210088392472, 0.9525489095524835, -0.9875394895908203, -0.4940352752331121, -0.13041693519110842, 0.5587658435875049, -0.6046298507994938, 0.7259864711984445, 0.9668013543506255, -0.6723155171906026, 0.19466788786571843, -0.98202780466489, -0.22685743471274122, -0.9116798841370009, 0.9133059354284718, -0.1277067062404047, 0.8979546135631256, 0.5726119718701219, 0.7325785971633969, -0.6536691570081037, -0.850102825973786, 0.2014854427555386, -0.6640556325631923, 0.4667603350211398, -0.18311227969597055, 0.05581764683584067, 0.875143167901884, 0.043392244889916, -0.7836132342255386, -0.6835531856304011, 0.09040530340642561, 0.04880816013694678, 0.2752204882519873, -0.1970091128194542, 0.2996102180386846, -0.20619999419653467, 0.24783222709644614, 0.5348099341802477, -0.6420521799177383, -0.24884846282491524, 0.005066118653868745, 0.3733341598326916, -0.4926407026772337, 0.10948172588511706, 0.24986168812819542, 0.7910023321122921, -0.27429282313374714, 0.2751141460374733, -0.6171071957620733, -0.004411770765388567, -0.6351091908575863, 0.8367660782795254, -0.13635585731754474, 0.6603762041966925, -0.16644739064327485, 0.8093351774867339, -0.19034956537818792, -0.33765099381775454, 0.14427754054549724, 0.6908872981882266, 0.7220286235061439, 0.19137623413666893, -0.8306767779591795, 0.19453321463834983, -0.5090925828337958, 0.46518689717993555, 0.7893025846334776, 0.0294679418262902, 0.20712702072041278, -0.8698643752343853, 0.08014945928561268, -0.7416264326591246, 0.22912569270066396, -0.2726993059103242, 0.5355160686614915, -0.902931727160895, -0.7803637637643119, 0.36804643024725525, 0.029307394167312983, 0.1432827432294983, 0.6874139879813108, -0.024524721700651453, 0.6202888442522898, 0.020487258589880097, 0.8534413864805024, 0.333855543079252, -0.7025463211318861, -0.27089364934848836, 0.7315498318881986, -0.29942957828896866, -0.6219484810876903, -0.0547573816684539, -0.21443765035574014, 0.23785985328818726, -0.12646741612097356, -0.47815568541100895, -0.17505557667448635, -0.16193193089539926, 0.8048437117522818, 0.9592325240809707, 0.24713767881382775, -0.8336317548582777, 0.46599743519199, 0.357370804957968, 0.6520457340504391, -0.3050973265778887, -0.8822398116837538, 0.2236436329105842, -0.751970763373456, 0.5190590583266628, 0.5888466351532844, -0.18274642650020412, 0.8875950117660911, -0.6524404124894483, 0.8851716994539605]",rhc,relu,False,False,100,[10],0.1,100,10
1052,52,0.15030470001511276,1.7906652817710558,1570.0,100,15,"[0.9340596780273533, 0.09446449835144466, 0.9453687199297687, 0.4296319873487293, 0.3954576491945416, -0.5678210088392472, 0.9525489095524835, -0.9875394895908203, -0.4940352752331121, -0.13041693519110842, 0.5587658435875049, -0.6046298507994938, 0.7259864711984445, 0.9668013543506255, -0.6723155171906026, 0.19466788786571843, -0.98202780466489, -0.22685743471274122, -0.9116798841370009, 0.9133059354284718, -0.1277067062404047, 0.8979546135631256, 0.5726119718701219, 0.7325785971633969, -0.6536691570081037, -0.850102825973786, 0.2014854427555386, -0.6640556325631923, 0.4667603350211398, -0.18311227969597055, 0.05581764683584067, 0.875143167901884, 0.043392244889916, -0.7836132342255386, -0.6835531856304011, 0.09040530340642561, 0.04880816013694678, 0.2752204882519873, -0.1970091128194542, 0.2996102180386846, -0.20619999419653467, 0.24783222709644614, 0.5348099341802477, -0.6420521799177383, -0.24884846282491524, 0.005066118653868745, 0.3733341598326916, -0.4926407026772337, 0.10948172588511706, 0.24986168812819542, 0.7910023321122921, -0.27429282313374714, 0.2751141460374733, -0.6171071957620733, -0.004411770765388567, -0.6351091908575863, 0.8367660782795254, -0.13635585731754474, 0.6603762041966925, -0.16644739064327485, 0.8093351774867339, -0.19034956537818792, -0.33765099381775454, 0.14427754054549724, 0.6908872981882266, 0.7220286235061439, 0.19137623413666893, -0.8306767779591795, 0.19453321463834983, -0.5090925828337958, 0.46518689717993555, 0.7893025846334776, 0.0294679418262902, 0.20712702072041278, -0.8698643752343853, 0.08014945928561268, -0.7416264326591246, 0.22912569270066396, -0.2726993059103242, 0.5355160686614915, -0.902931727160895, -0.7803637637643119, 0.36804643024725525, 0.029307394167312983, 0.1432827432294983, 0.6874139879813108, -0.024524721700651453, 0.6202888442522898, 0.020487258589880097, 0.8534413864805024, 0.333855543079252, -0.7025463211318861, -0.27089364934848836, 0.7315498318881986, -0.29942957828896866, -0.6219484810876903, -0.0547573816684539, -0.21443765035574014, 0.23785985328818726, -0.12646741612097356, -0.47815568541100895, -0.17505557667448635, -0.16193193089539926, 0.8048437117522818, 0.9592325240809707, 0.24713767881382775, -0.8336317548582777, 0.46599743519199, 0.357370804957968, 0.6520457340504391, -0.3050973265778887, -0.8822398116837538, 0.2236436329105842, -0.751970763373456, 0.5190590583266628, 0.5888466351532844, -0.18274642650020412, 0.8875950117660911, -0.6524404124894483, 0.8851716994539605]",rhc,relu,False,False,100,[10],0.1,100,10
1053,53,0.15169550001155585,1.7906652817710558,1571.0,100,15,"[0.9340596780273533, 0.09446449835144466, 0.9453687199297687, 0.4296319873487293, 0.3954576491945416, -0.5678210088392472, 0.9525489095524835, -0.9875394895908203, -0.4940352752331121, -0.13041693519110842, 0.5587658435875049, -0.6046298507994938, 0.7259864711984445, 0.9668013543506255, -0.6723155171906026, 0.19466788786571843, -0.98202780466489, -0.22685743471274122, -0.9116798841370009, 0.9133059354284718, -0.1277067062404047, 0.8979546135631256, 0.5726119718701219, 0.7325785971633969, -0.6536691570081037, -0.850102825973786, 0.2014854427555386, -0.6640556325631923, 0.4667603350211398, -0.18311227969597055, 0.05581764683584067, 0.875143167901884, 0.043392244889916, -0.7836132342255386, -0.6835531856304011, 0.09040530340642561, 0.04880816013694678, 0.2752204882519873, -0.1970091128194542, 0.2996102180386846, -0.20619999419653467, 0.24783222709644614, 0.5348099341802477, -0.6420521799177383, -0.24884846282491524, 0.005066118653868745, 0.3733341598326916, -0.4926407026772337, 0.10948172588511706, 0.24986168812819542, 0.7910023321122921, -0.27429282313374714, 0.2751141460374733, -0.6171071957620733, -0.004411770765388567, -0.6351091908575863, 0.8367660782795254, -0.13635585731754474, 0.6603762041966925, -0.16644739064327485, 0.8093351774867339, -0.19034956537818792, -0.33765099381775454, 0.14427754054549724, 0.6908872981882266, 0.7220286235061439, 0.19137623413666893, -0.8306767779591795, 0.19453321463834983, -0.5090925828337958, 0.46518689717993555, 0.7893025846334776, 0.0294679418262902, 0.20712702072041278, -0.8698643752343853, 0.08014945928561268, -0.7416264326591246, 0.22912569270066396, -0.2726993059103242, 0.5355160686614915, -0.902931727160895, -0.7803637637643119, 0.36804643024725525, 0.029307394167312983, 0.1432827432294983, 0.6874139879813108, -0.024524721700651453, 0.6202888442522898, 0.020487258589880097, 0.8534413864805024, 0.333855543079252, -0.7025463211318861, -0.27089364934848836, 0.7315498318881986, -0.29942957828896866, -0.6219484810876903, -0.0547573816684539, -0.21443765035574014, 0.23785985328818726, -0.12646741612097356, -0.47815568541100895, -0.17505557667448635, -0.16193193089539926, 0.8048437117522818, 0.9592325240809707, 0.24713767881382775, -0.8336317548582777, 0.46599743519199, 0.357370804957968, 0.6520457340504391, -0.3050973265778887, -0.8822398116837538, 0.2236436329105842, -0.751970763373456, 0.5190590583266628, 0.5888466351532844, -0.18274642650020412, 0.8875950117660911, -0.6524404124894483, 0.8851716994539605]",rhc,relu,False,False,100,[10],0.1,100,10
1054,54,0.15469950006809086,1.789027702819396,1573.0,100,15,"[0.9340596780273533, 0.09446449835144466, 0.9453687199297687, 0.4296319873487293, 0.3954576491945416, -0.5678210088392472, 0.9525489095524835, -0.9875394895908203, -0.4940352752331121, -0.13041693519110842, 0.5587658435875049, -0.6046298507994938, 0.7259864711984445, 0.9668013543506255, -0.6723155171906026, 0.19466788786571843, -0.98202780466489, -0.22685743471274122, -0.9116798841370009, 0.9133059354284718, -0.1277067062404047, 0.8979546135631256, 0.5726119718701219, 0.7325785971633969, -0.6536691570081037, -0.850102825973786, 0.2014854427555386, -0.6640556325631923, 0.4667603350211398, -0.18311227969597055, 0.05581764683584067, 0.875143167901884, 0.043392244889916, -0.7836132342255386, -0.6835531856304011, 0.09040530340642561, 0.04880816013694678, 0.2752204882519873, -0.1970091128194542, 0.2996102180386846, -0.20619999419653467, 0.24783222709644614, 0.5348099341802477, -0.6420521799177383, -0.24884846282491524, 0.005066118653868745, 0.3733341598326916, -0.4926407026772337, 0.10948172588511706, 0.24986168812819542, 0.7910023321122921, -0.27429282313374714, 0.2751141460374733, -0.6171071957620733, -0.004411770765388567, -0.6351091908575863, 0.8367660782795254, -0.13635585731754474, 0.6603762041966925, -0.16644739064327485, 0.8093351774867339, -0.19034956537818792, -0.33765099381775454, 0.14427754054549724, 0.6908872981882266, 0.7220286235061439, 0.19137623413666893, -0.8306767779591795, 0.19453321463834983, -0.5090925828337958, 0.46518689717993555, 0.7893025846334776, 0.0294679418262902, 0.20712702072041278, -0.8698643752343853, 0.08014945928561268, -0.7416264326591246, 0.22912569270066396, -0.2726993059103242, 0.5355160686614915, -0.902931727160895, -0.7803637637643119, 0.36804643024725525, 0.029307394167312983, 0.1432827432294983, 0.6874139879813108, -0.024524721700651453, 0.6202888442522898, 0.020487258589880097, 0.8534413864805024, 0.333855543079252, -0.7025463211318861, -0.27089364934848836, 0.7315498318881986, -0.29942957828896866, -0.6219484810876903, -0.0547573816684539, -0.21443765035574014, 0.23785985328818726, -0.12646741612097356, -0.47815568541100895, -0.17505557667448635, -0.16193193089539926, 0.8048437117522818, 0.9592325240809707, 0.24713767881382775, -0.8336317548582777, 0.46599743519199, 0.357370804957968, 0.6520457340504391, -0.3050973265778887, -0.8822398116837538, 0.2236436329105842, -0.751970763373456, 0.5190590583266628, 0.5888466351532844, -0.18274642650020412, 0.8875950117660911, -0.6524404124894483, 0.8851716994539605]",rhc,relu,False,False,100,[10],0.1,100,10
1055,55,0.15623610001057386,1.789027702819396,1574.0,100,15,"[0.9340596780273533, 0.09446449835144466, 0.9453687199297687, 0.4296319873487293, 0.3954576491945416, -0.5678210088392472, 0.9525489095524835, -0.9875394895908203, -0.4940352752331121, -0.13041693519110842, 0.5587658435875049, -0.6046298507994938, 0.7259864711984445, 0.9668013543506255, -0.6723155171906026, 0.19466788786571843, -0.98202780466489, -0.22685743471274122, -0.9116798841370009, 0.9133059354284718, -0.1277067062404047, 0.8979546135631256, 0.5726119718701219, 0.7325785971633969, -0.6536691570081037, -0.850102825973786, 0.2014854427555386, -0.6640556325631923, 0.4667603350211398, -0.18311227969597055, 0.05581764683584067, 0.875143167901884, 0.043392244889916, -0.7836132342255386, -0.6835531856304011, 0.09040530340642561, 0.04880816013694678, 0.2752204882519873, -0.1970091128194542, 0.2996102180386846, -0.20619999419653467, 0.24783222709644614, 0.5348099341802477, -0.6420521799177383, -0.24884846282491524, 0.005066118653868745, 0.3733341598326916, -0.4926407026772337, 0.10948172588511706, 0.24986168812819542, 0.7910023321122921, -0.27429282313374714, 0.2751141460374733, -0.6171071957620733, -0.004411770765388567, -0.6351091908575863, 0.8367660782795254, -0.13635585731754474, 0.6603762041966925, -0.16644739064327485, 0.8093351774867339, -0.19034956537818792, -0.33765099381775454, 0.14427754054549724, 0.6908872981882266, 0.7220286235061439, 0.19137623413666893, -0.8306767779591795, 0.19453321463834983, -0.5090925828337958, 0.46518689717993555, 0.7893025846334776, 0.0294679418262902, 0.20712702072041278, -0.8698643752343853, 0.08014945928561268, -0.7416264326591246, 0.22912569270066396, -0.2726993059103242, 0.5355160686614915, -0.902931727160895, -0.7803637637643119, 0.36804643024725525, 0.029307394167312983, 0.1432827432294983, 0.6874139879813108, -0.024524721700651453, 0.6202888442522898, 0.020487258589880097, 0.8534413864805024, 0.333855543079252, -0.7025463211318861, -0.27089364934848836, 0.7315498318881986, -0.29942957828896866, -0.6219484810876903, -0.0547573816684539, -0.21443765035574014, 0.23785985328818726, -0.12646741612097356, -0.47815568541100895, -0.17505557667448635, -0.16193193089539926, 0.8048437117522818, 0.9592325240809707, 0.24713767881382775, -0.8336317548582777, 0.46599743519199, 0.357370804957968, 0.6520457340504391, -0.3050973265778887, -0.8822398116837538, 0.2236436329105842, -0.751970763373456, 0.5190590583266628, 0.5888466351532844, -0.18274642650020412, 0.8875950117660911, -0.6524404124894483, 0.8851716994539605]",rhc,relu,False,False,100,[10],0.1,100,10
1056,56,0.15794740000274032,1.789027702819396,1575.0,100,15,"[0.9340596780273533, 0.09446449835144466, 0.9453687199297687, 0.4296319873487293, 0.3954576491945416, -0.5678210088392472, 0.9525489095524835, -0.9875394895908203, -0.4940352752331121, -0.13041693519110842, 0.5587658435875049, -0.6046298507994938, 0.7259864711984445, 0.9668013543506255, -0.6723155171906026, 0.19466788786571843, -0.98202780466489, -0.22685743471274122, -0.9116798841370009, 0.9133059354284718, -0.1277067062404047, 0.8979546135631256, 0.5726119718701219, 0.7325785971633969, -0.6536691570081037, -0.850102825973786, 0.2014854427555386, -0.6640556325631923, 0.4667603350211398, -0.18311227969597055, 0.05581764683584067, 0.875143167901884, 0.043392244889916, -0.7836132342255386, -0.6835531856304011, 0.09040530340642561, 0.04880816013694678, 0.2752204882519873, -0.1970091128194542, 0.2996102180386846, -0.20619999419653467, 0.24783222709644614, 0.5348099341802477, -0.6420521799177383, -0.24884846282491524, 0.005066118653868745, 0.3733341598326916, -0.4926407026772337, 0.10948172588511706, 0.24986168812819542, 0.7910023321122921, -0.27429282313374714, 0.2751141460374733, -0.6171071957620733, -0.004411770765388567, -0.6351091908575863, 0.8367660782795254, -0.13635585731754474, 0.6603762041966925, -0.16644739064327485, 0.8093351774867339, -0.19034956537818792, -0.33765099381775454, 0.14427754054549724, 0.6908872981882266, 0.7220286235061439, 0.19137623413666893, -0.8306767779591795, 0.19453321463834983, -0.5090925828337958, 0.46518689717993555, 0.7893025846334776, 0.0294679418262902, 0.20712702072041278, -0.8698643752343853, 0.08014945928561268, -0.7416264326591246, 0.22912569270066396, -0.2726993059103242, 0.5355160686614915, -0.902931727160895, -0.7803637637643119, 0.36804643024725525, 0.029307394167312983, 0.1432827432294983, 0.6874139879813108, -0.024524721700651453, 0.6202888442522898, 0.020487258589880097, 0.8534413864805024, 0.333855543079252, -0.7025463211318861, -0.27089364934848836, 0.7315498318881986, -0.29942957828896866, -0.6219484810876903, -0.0547573816684539, -0.21443765035574014, 0.23785985328818726, -0.12646741612097356, -0.47815568541100895, -0.17505557667448635, -0.16193193089539926, 0.8048437117522818, 0.9592325240809707, 0.24713767881382775, -0.8336317548582777, 0.46599743519199, 0.357370804957968, 0.6520457340504391, -0.3050973265778887, -0.8822398116837538, 0.2236436329105842, -0.751970763373456, 0.5190590583266628, 0.5888466351532844, -0.18274642650020412, 0.8875950117660911, -0.6524404124894483, 0.8851716994539605]",rhc,relu,False,False,100,[10],0.1,100,10
1057,57,0.15946009999606758,1.7669179414860794,1577.0,100,15,"[0.9340596780273533, 0.09446449835144466, 0.9453687199297687, 0.4296319873487293, 0.3954576491945416, -0.5678210088392472, 0.9525489095524835, -0.9875394895908203, -0.4940352752331121, -0.13041693519110842, 0.5587658435875049, -0.6046298507994938, 0.7259864711984445, 0.9668013543506255, -0.6723155171906026, 0.19466788786571843, -0.98202780466489, -0.22685743471274122, -0.9116798841370009, 0.9133059354284718, -0.1277067062404047, 0.8979546135631256, 0.5726119718701219, 0.7325785971633969, -0.6536691570081037, -0.850102825973786, 0.2014854427555386, -0.6640556325631923, 0.4667603350211398, -0.18311227969597055, 0.05581764683584067, 0.875143167901884, 0.043392244889916, -0.7836132342255386, -0.6835531856304011, 0.09040530340642561, 0.04880816013694678, 0.2752204882519873, -0.1970091128194542, 0.2996102180386846, -0.20619999419653467, 0.24783222709644614, 0.5348099341802477, -0.6420521799177383, -0.24884846282491524, 0.005066118653868745, 0.3733341598326916, -0.4926407026772337, 0.10948172588511706, 0.24986168812819542, 0.7910023321122921, -0.27429282313374714, 0.2751141460374733, -0.6171071957620733, -0.004411770765388567, -0.6351091908575863, 0.8367660782795254, -0.13635585731754474, 0.6603762041966925, -0.16644739064327485, 0.8093351774867339, -0.19034956537818792, -0.33765099381775454, 0.14427754054549724, 0.6908872981882266, 0.7220286235061439, 0.19137623413666893, -0.8306767779591795, 0.19453321463834983, -0.5090925828337958, 0.46518689717993555, 0.7893025846334776, 0.0294679418262902, 0.20712702072041278, -0.8698643752343853, 0.08014945928561268, -0.7416264326591246, 0.22912569270066396, -0.2726993059103242, 0.5355160686614915, -0.902931727160895, -0.7803637637643119, 0.36804643024725525, 0.029307394167312983, 0.1432827432294983, 0.6874139879813108, -0.024524721700651453, 0.6202888442522898, 0.020487258589880097, 0.8534413864805024, 0.333855543079252, -0.7025463211318861, -0.27089364934848836, 0.7315498318881986, -0.29942957828896866, -0.6219484810876903, -0.0547573816684539, -0.21443765035574014, 0.23785985328818726, -0.12646741612097356, -0.47815568541100895, -0.17505557667448635, -0.16193193089539926, 0.8048437117522818, 0.9592325240809707, 0.24713767881382775, -0.8336317548582777, 0.46599743519199, 0.357370804957968, 0.6520457340504391, -0.3050973265778887, -0.8822398116837538, 0.2236436329105842, -0.751970763373456, 0.5190590583266628, 0.5888466351532844, -0.18274642650020412, 0.8875950117660911, -0.6524404124894483, 0.8851716994539605]",rhc,relu,False,False,100,[10],0.1,100,10
1058,58,0.16259170009288937,1.7669179414860794,1578.0,100,15,"[0.9340596780273533, 0.09446449835144466, 0.9453687199297687, 0.4296319873487293, 0.3954576491945416, -0.5678210088392472, 0.9525489095524835, -0.9875394895908203, -0.4940352752331121, -0.13041693519110842, 0.5587658435875049, -0.6046298507994938, 0.7259864711984445, 0.9668013543506255, -0.6723155171906026, 0.19466788786571843, -0.98202780466489, -0.22685743471274122, -0.9116798841370009, 0.9133059354284718, -0.1277067062404047, 0.8979546135631256, 0.5726119718701219, 0.7325785971633969, -0.6536691570081037, -0.850102825973786, 0.2014854427555386, -0.6640556325631923, 0.4667603350211398, -0.18311227969597055, 0.05581764683584067, 0.875143167901884, 0.043392244889916, -0.7836132342255386, -0.6835531856304011, 0.09040530340642561, 0.04880816013694678, 0.2752204882519873, -0.1970091128194542, 0.2996102180386846, -0.20619999419653467, 0.24783222709644614, 0.5348099341802477, -0.6420521799177383, -0.24884846282491524, 0.005066118653868745, 0.3733341598326916, -0.4926407026772337, 0.10948172588511706, 0.24986168812819542, 0.7910023321122921, -0.27429282313374714, 0.2751141460374733, -0.6171071957620733, -0.004411770765388567, -0.6351091908575863, 0.8367660782795254, -0.13635585731754474, 0.6603762041966925, -0.16644739064327485, 0.8093351774867339, -0.19034956537818792, -0.33765099381775454, 0.14427754054549724, 0.6908872981882266, 0.7220286235061439, 0.19137623413666893, -0.8306767779591795, 0.19453321463834983, -0.5090925828337958, 0.46518689717993555, 0.7893025846334776, 0.0294679418262902, 0.20712702072041278, -0.8698643752343853, 0.08014945928561268, -0.7416264326591246, 0.22912569270066396, -0.2726993059103242, 0.5355160686614915, -0.902931727160895, -0.7803637637643119, 0.36804643024725525, 0.029307394167312983, 0.1432827432294983, 0.6874139879813108, -0.024524721700651453, 0.6202888442522898, 0.020487258589880097, 0.8534413864805024, 0.333855543079252, -0.7025463211318861, -0.27089364934848836, 0.7315498318881986, -0.29942957828896866, -0.6219484810876903, -0.0547573816684539, -0.21443765035574014, 0.23785985328818726, -0.12646741612097356, -0.47815568541100895, -0.17505557667448635, -0.16193193089539926, 0.8048437117522818, 0.9592325240809707, 0.24713767881382775, -0.8336317548582777, 0.46599743519199, 0.357370804957968, 0.6520457340504391, -0.3050973265778887, -0.8822398116837538, 0.2236436329105842, -0.751970763373456, 0.5190590583266628, 0.5888466351532844, -0.18274642650020412, 0.8875950117660911, -0.6524404124894483, 0.8851716994539605]",rhc,relu,False,False,100,[10],0.1,100,10
1059,59,0.16467890003696084,1.7669179414860794,1579.0,100,15,"[0.9340596780273533, 0.09446449835144466, 0.9453687199297687, 0.4296319873487293, 0.3954576491945416, -0.5678210088392472, 0.9525489095524835, -0.9875394895908203, -0.4940352752331121, -0.13041693519110842, 0.5587658435875049, -0.6046298507994938, 0.7259864711984445, 0.9668013543506255, -0.6723155171906026, 0.19466788786571843, -0.98202780466489, -0.22685743471274122, -0.9116798841370009, 0.9133059354284718, -0.1277067062404047, 0.8979546135631256, 0.5726119718701219, 0.7325785971633969, -0.6536691570081037, -0.850102825973786, 0.2014854427555386, -0.6640556325631923, 0.4667603350211398, -0.18311227969597055, 0.05581764683584067, 0.875143167901884, 0.043392244889916, -0.7836132342255386, -0.6835531856304011, 0.09040530340642561, 0.04880816013694678, 0.2752204882519873, -0.1970091128194542, 0.2996102180386846, -0.20619999419653467, 0.24783222709644614, 0.5348099341802477, -0.6420521799177383, -0.24884846282491524, 0.005066118653868745, 0.3733341598326916, -0.4926407026772337, 0.10948172588511706, 0.24986168812819542, 0.7910023321122921, -0.27429282313374714, 0.2751141460374733, -0.6171071957620733, -0.004411770765388567, -0.6351091908575863, 0.8367660782795254, -0.13635585731754474, 0.6603762041966925, -0.16644739064327485, 0.8093351774867339, -0.19034956537818792, -0.33765099381775454, 0.14427754054549724, 0.6908872981882266, 0.7220286235061439, 0.19137623413666893, -0.8306767779591795, 0.19453321463834983, -0.5090925828337958, 0.46518689717993555, 0.7893025846334776, 0.0294679418262902, 0.20712702072041278, -0.8698643752343853, 0.08014945928561268, -0.7416264326591246, 0.22912569270066396, -0.2726993059103242, 0.5355160686614915, -0.902931727160895, -0.7803637637643119, 0.36804643024725525, 0.029307394167312983, 0.1432827432294983, 0.6874139879813108, -0.024524721700651453, 0.6202888442522898, 0.020487258589880097, 0.8534413864805024, 0.333855543079252, -0.7025463211318861, -0.27089364934848836, 0.7315498318881986, -0.29942957828896866, -0.6219484810876903, -0.0547573816684539, -0.21443765035574014, 0.23785985328818726, -0.12646741612097356, -0.47815568541100895, -0.17505557667448635, -0.16193193089539926, 0.8048437117522818, 0.9592325240809707, 0.24713767881382775, -0.8336317548582777, 0.46599743519199, 0.357370804957968, 0.6520457340504391, -0.3050973265778887, -0.8822398116837538, 0.2236436329105842, -0.751970763373456, 0.5190590583266628, 0.5888466351532844, -0.18274642650020412, 0.8875950117660911, -0.6524404124894483, 0.8851716994539605]",rhc,relu,False,False,100,[10],0.1,100,10
1060,60,0.16787820006720722,1.7669179414860794,1580.0,100,15,"[0.9340596780273533, 0.09446449835144466, 0.9453687199297687, 0.4296319873487293, 0.3954576491945416, -0.5678210088392472, 0.9525489095524835, -0.9875394895908203, -0.4940352752331121, -0.13041693519110842, 0.5587658435875049, -0.6046298507994938, 0.7259864711984445, 0.9668013543506255, -0.6723155171906026, 0.19466788786571843, -0.98202780466489, -0.22685743471274122, -0.9116798841370009, 0.9133059354284718, -0.1277067062404047, 0.8979546135631256, 0.5726119718701219, 0.7325785971633969, -0.6536691570081037, -0.850102825973786, 0.2014854427555386, -0.6640556325631923, 0.4667603350211398, -0.18311227969597055, 0.05581764683584067, 0.875143167901884, 0.043392244889916, -0.7836132342255386, -0.6835531856304011, 0.09040530340642561, 0.04880816013694678, 0.2752204882519873, -0.1970091128194542, 0.2996102180386846, -0.20619999419653467, 0.24783222709644614, 0.5348099341802477, -0.6420521799177383, -0.24884846282491524, 0.005066118653868745, 0.3733341598326916, -0.4926407026772337, 0.10948172588511706, 0.24986168812819542, 0.7910023321122921, -0.27429282313374714, 0.2751141460374733, -0.6171071957620733, -0.004411770765388567, -0.6351091908575863, 0.8367660782795254, -0.13635585731754474, 0.6603762041966925, -0.16644739064327485, 0.8093351774867339, -0.19034956537818792, -0.33765099381775454, 0.14427754054549724, 0.6908872981882266, 0.7220286235061439, 0.19137623413666893, -0.8306767779591795, 0.19453321463834983, -0.5090925828337958, 0.46518689717993555, 0.7893025846334776, 0.0294679418262902, 0.20712702072041278, -0.8698643752343853, 0.08014945928561268, -0.7416264326591246, 0.22912569270066396, -0.2726993059103242, 0.5355160686614915, -0.902931727160895, -0.7803637637643119, 0.36804643024725525, 0.029307394167312983, 0.1432827432294983, 0.6874139879813108, -0.024524721700651453, 0.6202888442522898, 0.020487258589880097, 0.8534413864805024, 0.333855543079252, -0.7025463211318861, -0.27089364934848836, 0.7315498318881986, -0.29942957828896866, -0.6219484810876903, -0.0547573816684539, -0.21443765035574014, 0.23785985328818726, -0.12646741612097356, -0.47815568541100895, -0.17505557667448635, -0.16193193089539926, 0.8048437117522818, 0.9592325240809707, 0.24713767881382775, -0.8336317548582777, 0.46599743519199, 0.357370804957968, 0.6520457340504391, -0.3050973265778887, -0.8822398116837538, 0.2236436329105842, -0.751970763373456, 0.5190590583266628, 0.5888466351532844, -0.18274642650020412, 0.8875950117660911, -0.6524404124894483, 0.8851716994539605]",rhc,relu,False,False,100,[10],0.1,100,10
1061,61,0.16964800003916025,1.7669179414860794,1581.0,100,15,"[0.9340596780273533, 0.09446449835144466, 0.9453687199297687, 0.4296319873487293, 0.3954576491945416, -0.5678210088392472, 0.9525489095524835, -0.9875394895908203, -0.4940352752331121, -0.13041693519110842, 0.5587658435875049, -0.6046298507994938, 0.7259864711984445, 0.9668013543506255, -0.6723155171906026, 0.19466788786571843, -0.98202780466489, -0.22685743471274122, -0.9116798841370009, 0.9133059354284718, -0.1277067062404047, 0.8979546135631256, 0.5726119718701219, 0.7325785971633969, -0.6536691570081037, -0.850102825973786, 0.2014854427555386, -0.6640556325631923, 0.4667603350211398, -0.18311227969597055, 0.05581764683584067, 0.875143167901884, 0.043392244889916, -0.7836132342255386, -0.6835531856304011, 0.09040530340642561, 0.04880816013694678, 0.2752204882519873, -0.1970091128194542, 0.2996102180386846, -0.20619999419653467, 0.24783222709644614, 0.5348099341802477, -0.6420521799177383, -0.24884846282491524, 0.005066118653868745, 0.3733341598326916, -0.4926407026772337, 0.10948172588511706, 0.24986168812819542, 0.7910023321122921, -0.27429282313374714, 0.2751141460374733, -0.6171071957620733, -0.004411770765388567, -0.6351091908575863, 0.8367660782795254, -0.13635585731754474, 0.6603762041966925, -0.16644739064327485, 0.8093351774867339, -0.19034956537818792, -0.33765099381775454, 0.14427754054549724, 0.6908872981882266, 0.7220286235061439, 0.19137623413666893, -0.8306767779591795, 0.19453321463834983, -0.5090925828337958, 0.46518689717993555, 0.7893025846334776, 0.0294679418262902, 0.20712702072041278, -0.8698643752343853, 0.08014945928561268, -0.7416264326591246, 0.22912569270066396, -0.2726993059103242, 0.5355160686614915, -0.902931727160895, -0.7803637637643119, 0.36804643024725525, 0.029307394167312983, 0.1432827432294983, 0.6874139879813108, -0.024524721700651453, 0.6202888442522898, 0.020487258589880097, 0.8534413864805024, 0.333855543079252, -0.7025463211318861, -0.27089364934848836, 0.7315498318881986, -0.29942957828896866, -0.6219484810876903, -0.0547573816684539, -0.21443765035574014, 0.23785985328818726, -0.12646741612097356, -0.47815568541100895, -0.17505557667448635, -0.16193193089539926, 0.8048437117522818, 0.9592325240809707, 0.24713767881382775, -0.8336317548582777, 0.46599743519199, 0.357370804957968, 0.6520457340504391, -0.3050973265778887, -0.8822398116837538, 0.2236436329105842, -0.751970763373456, 0.5190590583266628, 0.5888466351532844, -0.18274642650020412, 0.8875950117660911, -0.6524404124894483, 0.8851716994539605]",rhc,relu,False,False,100,[10],0.1,100,10
1062,62,0.172666700091213,1.7660881854093529,1583.0,100,15,"[0.9340596780273533, 0.09446449835144466, 0.9453687199297687, 0.4296319873487293, 0.3954576491945416, -0.5678210088392472, 0.9525489095524835, -0.9875394895908203, -0.4940352752331121, -0.13041693519110842, 0.5587658435875049, -0.6046298507994938, 0.7259864711984445, 0.9668013543506255, -0.6723155171906026, 0.19466788786571843, -0.98202780466489, -0.22685743471274122, -0.9116798841370009, 0.9133059354284718, -0.1277067062404047, 0.8979546135631256, 0.5726119718701219, 0.7325785971633969, -0.6536691570081037, -0.850102825973786, 0.2014854427555386, -0.6640556325631923, 0.4667603350211398, -0.18311227969597055, 0.05581764683584067, 0.875143167901884, 0.043392244889916, -0.7836132342255386, -0.6835531856304011, 0.09040530340642561, 0.04880816013694678, 0.2752204882519873, -0.1970091128194542, 0.2996102180386846, -0.20619999419653467, 0.24783222709644614, 0.5348099341802477, -0.6420521799177383, -0.24884846282491524, 0.005066118653868745, 0.3733341598326916, -0.4926407026772337, 0.10948172588511706, 0.24986168812819542, 0.7910023321122921, -0.27429282313374714, 0.2751141460374733, -0.6171071957620733, -0.004411770765388567, -0.6351091908575863, 0.8367660782795254, -0.13635585731754474, 0.6603762041966925, -0.16644739064327485, 0.8093351774867339, -0.19034956537818792, -0.33765099381775454, 0.14427754054549724, 0.6908872981882266, 0.7220286235061439, 0.19137623413666893, -0.8306767779591795, 0.19453321463834983, -0.5090925828337958, 0.46518689717993555, 0.7893025846334776, 0.0294679418262902, 0.20712702072041278, -0.8698643752343853, 0.08014945928561268, -0.7416264326591246, 0.22912569270066396, -0.2726993059103242, 0.5355160686614915, -0.902931727160895, -0.7803637637643119, 0.36804643024725525, 0.029307394167312983, 0.1432827432294983, 0.6874139879813108, -0.024524721700651453, 0.6202888442522898, 0.020487258589880097, 0.8534413864805024, 0.333855543079252, -0.7025463211318861, -0.27089364934848836, 0.7315498318881986, -0.29942957828896866, -0.6219484810876903, -0.0547573816684539, -0.21443765035574014, 0.23785985328818726, -0.12646741612097356, -0.47815568541100895, -0.17505557667448635, -0.16193193089539926, 0.8048437117522818, 0.9592325240809707, 0.24713767881382775, -0.8336317548582777, 0.46599743519199, 0.357370804957968, 0.6520457340504391, -0.3050973265778887, -0.8822398116837538, 0.2236436329105842, -0.751970763373456, 0.5190590583266628, 0.5888466351532844, -0.18274642650020412, 0.8875950117660911, -0.6524404124894483, 0.8851716994539605]",rhc,relu,False,False,100,[10],0.1,100,10
1063,63,0.1759350000647828,1.7580116179898517,1585.0,100,15,"[0.9340596780273533, 0.09446449835144466, 0.9453687199297687, 0.4296319873487293, 0.3954576491945416, -0.5678210088392472, 0.9525489095524835, -0.9875394895908203, -0.4940352752331121, -0.13041693519110842, 0.5587658435875049, -0.6046298507994938, 0.7259864711984445, 0.9668013543506255, -0.6723155171906026, 0.19466788786571843, -0.98202780466489, -0.22685743471274122, -0.9116798841370009, 0.9133059354284718, -0.1277067062404047, 0.8979546135631256, 0.5726119718701219, 0.7325785971633969, -0.6536691570081037, -0.850102825973786, 0.2014854427555386, -0.6640556325631923, 0.4667603350211398, -0.18311227969597055, 0.05581764683584067, 0.875143167901884, 0.043392244889916, -0.7836132342255386, -0.6835531856304011, 0.09040530340642561, 0.04880816013694678, 0.2752204882519873, -0.1970091128194542, 0.2996102180386846, -0.20619999419653467, 0.24783222709644614, 0.5348099341802477, -0.6420521799177383, -0.24884846282491524, 0.005066118653868745, 0.3733341598326916, -0.4926407026772337, 0.10948172588511706, 0.24986168812819542, 0.7910023321122921, -0.27429282313374714, 0.2751141460374733, -0.6171071957620733, -0.004411770765388567, -0.6351091908575863, 0.8367660782795254, -0.13635585731754474, 0.6603762041966925, -0.16644739064327485, 0.8093351774867339, -0.19034956537818792, -0.33765099381775454, 0.14427754054549724, 0.6908872981882266, 0.7220286235061439, 0.19137623413666893, -0.8306767779591795, 0.19453321463834983, -0.5090925828337958, 0.46518689717993555, 0.7893025846334776, 0.0294679418262902, 0.20712702072041278, -0.8698643752343853, 0.08014945928561268, -0.7416264326591246, 0.22912569270066396, -0.2726993059103242, 0.5355160686614915, -0.902931727160895, -0.7803637637643119, 0.36804643024725525, 0.029307394167312983, 0.1432827432294983, 0.6874139879813108, -0.024524721700651453, 0.6202888442522898, 0.020487258589880097, 0.8534413864805024, 0.333855543079252, -0.7025463211318861, -0.27089364934848836, 0.7315498318881986, -0.29942957828896866, -0.6219484810876903, -0.0547573816684539, -0.21443765035574014, 0.23785985328818726, -0.12646741612097356, -0.47815568541100895, -0.17505557667448635, -0.16193193089539926, 0.8048437117522818, 0.9592325240809707, 0.24713767881382775, -0.8336317548582777, 0.46599743519199, 0.357370804957968, 0.6520457340504391, -0.3050973265778887, -0.8822398116837538, 0.2236436329105842, -0.751970763373456, 0.5190590583266628, 0.5888466351532844, -0.18274642650020412, 0.8875950117660911, -0.6524404124894483, 0.8851716994539605]",rhc,relu,False,False,100,[10],0.1,100,10
1064,64,0.17886750004254282,1.756325095951539,1587.0,100,15,"[0.9340596780273533, 0.09446449835144466, 0.9453687199297687, 0.4296319873487293, 0.3954576491945416, -0.5678210088392472, 0.9525489095524835, -0.9875394895908203, -0.4940352752331121, -0.13041693519110842, 0.5587658435875049, -0.6046298507994938, 0.7259864711984445, 0.9668013543506255, -0.6723155171906026, 0.19466788786571843, -0.98202780466489, -0.22685743471274122, -0.9116798841370009, 0.9133059354284718, -0.1277067062404047, 0.8979546135631256, 0.5726119718701219, 0.7325785971633969, -0.6536691570081037, -0.850102825973786, 0.2014854427555386, -0.6640556325631923, 0.4667603350211398, -0.18311227969597055, 0.05581764683584067, 0.875143167901884, 0.043392244889916, -0.7836132342255386, -0.6835531856304011, 0.09040530340642561, 0.04880816013694678, 0.2752204882519873, -0.1970091128194542, 0.2996102180386846, -0.20619999419653467, 0.24783222709644614, 0.5348099341802477, -0.6420521799177383, -0.24884846282491524, 0.005066118653868745, 0.3733341598326916, -0.4926407026772337, 0.10948172588511706, 0.24986168812819542, 0.7910023321122921, -0.27429282313374714, 0.2751141460374733, -0.6171071957620733, -0.004411770765388567, -0.6351091908575863, 0.8367660782795254, -0.13635585731754474, 0.6603762041966925, -0.16644739064327485, 0.8093351774867339, -0.19034956537818792, -0.33765099381775454, 0.14427754054549724, 0.6908872981882266, 0.7220286235061439, 0.19137623413666893, -0.8306767779591795, 0.19453321463834983, -0.5090925828337958, 0.46518689717993555, 0.7893025846334776, 0.0294679418262902, 0.20712702072041278, -0.8698643752343853, 0.08014945928561268, -0.7416264326591246, 0.22912569270066396, -0.2726993059103242, 0.5355160686614915, -0.902931727160895, -0.7803637637643119, 0.36804643024725525, 0.029307394167312983, 0.1432827432294983, 0.6874139879813108, -0.024524721700651453, 0.6202888442522898, 0.020487258589880097, 0.8534413864805024, 0.333855543079252, -0.7025463211318861, -0.27089364934848836, 0.7315498318881986, -0.29942957828896866, -0.6219484810876903, -0.0547573816684539, -0.21443765035574014, 0.23785985328818726, -0.12646741612097356, -0.47815568541100895, -0.17505557667448635, -0.16193193089539926, 0.8048437117522818, 0.9592325240809707, 0.24713767881382775, -0.8336317548582777, 0.46599743519199, 0.357370804957968, 0.6520457340504391, -0.3050973265778887, -0.8822398116837538, 0.2236436329105842, -0.751970763373456, 0.5190590583266628, 0.5888466351532844, -0.18274642650020412, 0.8875950117660911, -0.6524404124894483, 0.8851716994539605]",rhc,relu,False,False,100,[10],0.1,100,10
1065,65,0.1803774000145495,1.7542423512431453,1589.0,100,15,"[0.9340596780273533, 0.09446449835144466, 0.9453687199297687, 0.4296319873487293, 0.3954576491945416, -0.5678210088392472, 0.9525489095524835, -0.9875394895908203, -0.4940352752331121, -0.13041693519110842, 0.5587658435875049, -0.6046298507994938, 0.7259864711984445, 0.9668013543506255, -0.6723155171906026, 0.19466788786571843, -0.98202780466489, -0.22685743471274122, -0.9116798841370009, 0.9133059354284718, -0.1277067062404047, 0.8979546135631256, 0.5726119718701219, 0.7325785971633969, -0.6536691570081037, -0.850102825973786, 0.2014854427555386, -0.6640556325631923, 0.4667603350211398, -0.18311227969597055, 0.05581764683584067, 0.875143167901884, 0.043392244889916, -0.7836132342255386, -0.6835531856304011, 0.09040530340642561, 0.04880816013694678, 0.2752204882519873, -0.1970091128194542, 0.2996102180386846, -0.20619999419653467, 0.24783222709644614, 0.5348099341802477, -0.6420521799177383, -0.24884846282491524, 0.005066118653868745, 0.3733341598326916, -0.4926407026772337, 0.10948172588511706, 0.24986168812819542, 0.7910023321122921, -0.27429282313374714, 0.2751141460374733, -0.6171071957620733, -0.004411770765388567, -0.6351091908575863, 0.8367660782795254, -0.13635585731754474, 0.6603762041966925, -0.16644739064327485, 0.8093351774867339, -0.19034956537818792, -0.33765099381775454, 0.14427754054549724, 0.6908872981882266, 0.7220286235061439, 0.19137623413666893, -0.8306767779591795, 0.19453321463834983, -0.5090925828337958, 0.46518689717993555, 0.7893025846334776, 0.0294679418262902, 0.20712702072041278, -0.8698643752343853, 0.08014945928561268, -0.7416264326591246, 0.22912569270066396, -0.2726993059103242, 0.5355160686614915, -0.902931727160895, -0.7803637637643119, 0.36804643024725525, 0.029307394167312983, 0.1432827432294983, 0.6874139879813108, -0.024524721700651453, 0.6202888442522898, 0.020487258589880097, 0.8534413864805024, 0.333855543079252, -0.7025463211318861, -0.27089364934848836, 0.7315498318881986, -0.29942957828896866, -0.6219484810876903, -0.0547573816684539, -0.21443765035574014, 0.23785985328818726, -0.12646741612097356, -0.47815568541100895, -0.17505557667448635, -0.16193193089539926, 0.8048437117522818, 0.9592325240809707, 0.24713767881382775, -0.8336317548582777, 0.46599743519199, 0.357370804957968, 0.6520457340504391, -0.3050973265778887, -0.8822398116837538, 0.2236436329105842, -0.751970763373456, 0.5190590583266628, 0.5888466351532844, -0.18274642650020412, 0.8875950117660911, -0.6524404124894483, 0.8851716994539605]",rhc,relu,False,False,100,[10],0.1,100,10
1066,66,0.18194050004240125,1.7542423512431453,1590.0,100,15,"[0.9340596780273533, 0.09446449835144466, 0.9453687199297687, 0.4296319873487293, 0.3954576491945416, -0.5678210088392472, 0.9525489095524835, -0.9875394895908203, -0.4940352752331121, -0.13041693519110842, 0.5587658435875049, -0.6046298507994938, 0.7259864711984445, 0.9668013543506255, -0.6723155171906026, 0.19466788786571843, -0.98202780466489, -0.22685743471274122, -0.9116798841370009, 0.9133059354284718, -0.1277067062404047, 0.8979546135631256, 0.5726119718701219, 0.7325785971633969, -0.6536691570081037, -0.850102825973786, 0.2014854427555386, -0.6640556325631923, 0.4667603350211398, -0.18311227969597055, 0.05581764683584067, 0.875143167901884, 0.043392244889916, -0.7836132342255386, -0.6835531856304011, 0.09040530340642561, 0.04880816013694678, 0.2752204882519873, -0.1970091128194542, 0.2996102180386846, -0.20619999419653467, 0.24783222709644614, 0.5348099341802477, -0.6420521799177383, -0.24884846282491524, 0.005066118653868745, 0.3733341598326916, -0.4926407026772337, 0.10948172588511706, 0.24986168812819542, 0.7910023321122921, -0.27429282313374714, 0.2751141460374733, -0.6171071957620733, -0.004411770765388567, -0.6351091908575863, 0.8367660782795254, -0.13635585731754474, 0.6603762041966925, -0.16644739064327485, 0.8093351774867339, -0.19034956537818792, -0.33765099381775454, 0.14427754054549724, 0.6908872981882266, 0.7220286235061439, 0.19137623413666893, -0.8306767779591795, 0.19453321463834983, -0.5090925828337958, 0.46518689717993555, 0.7893025846334776, 0.0294679418262902, 0.20712702072041278, -0.8698643752343853, 0.08014945928561268, -0.7416264326591246, 0.22912569270066396, -0.2726993059103242, 0.5355160686614915, -0.902931727160895, -0.7803637637643119, 0.36804643024725525, 0.029307394167312983, 0.1432827432294983, 0.6874139879813108, -0.024524721700651453, 0.6202888442522898, 0.020487258589880097, 0.8534413864805024, 0.333855543079252, -0.7025463211318861, -0.27089364934848836, 0.7315498318881986, -0.29942957828896866, -0.6219484810876903, -0.0547573816684539, -0.21443765035574014, 0.23785985328818726, -0.12646741612097356, -0.47815568541100895, -0.17505557667448635, -0.16193193089539926, 0.8048437117522818, 0.9592325240809707, 0.24713767881382775, -0.8336317548582777, 0.46599743519199, 0.357370804957968, 0.6520457340504391, -0.3050973265778887, -0.8822398116837538, 0.2236436329105842, -0.751970763373456, 0.5190590583266628, 0.5888466351532844, -0.18274642650020412, 0.8875950117660911, -0.6524404124894483, 0.8851716994539605]",rhc,relu,False,False,100,[10],0.1,100,10
1067,67,0.1847929999930784,1.7542423512431453,1591.0,100,15,"[0.9340596780273533, 0.09446449835144466, 0.9453687199297687, 0.4296319873487293, 0.3954576491945416, -0.5678210088392472, 0.9525489095524835, -0.9875394895908203, -0.4940352752331121, -0.13041693519110842, 0.5587658435875049, -0.6046298507994938, 0.7259864711984445, 0.9668013543506255, -0.6723155171906026, 0.19466788786571843, -0.98202780466489, -0.22685743471274122, -0.9116798841370009, 0.9133059354284718, -0.1277067062404047, 0.8979546135631256, 0.5726119718701219, 0.7325785971633969, -0.6536691570081037, -0.850102825973786, 0.2014854427555386, -0.6640556325631923, 0.4667603350211398, -0.18311227969597055, 0.05581764683584067, 0.875143167901884, 0.043392244889916, -0.7836132342255386, -0.6835531856304011, 0.09040530340642561, 0.04880816013694678, 0.2752204882519873, -0.1970091128194542, 0.2996102180386846, -0.20619999419653467, 0.24783222709644614, 0.5348099341802477, -0.6420521799177383, -0.24884846282491524, 0.005066118653868745, 0.3733341598326916, -0.4926407026772337, 0.10948172588511706, 0.24986168812819542, 0.7910023321122921, -0.27429282313374714, 0.2751141460374733, -0.6171071957620733, -0.004411770765388567, -0.6351091908575863, 0.8367660782795254, -0.13635585731754474, 0.6603762041966925, -0.16644739064327485, 0.8093351774867339, -0.19034956537818792, -0.33765099381775454, 0.14427754054549724, 0.6908872981882266, 0.7220286235061439, 0.19137623413666893, -0.8306767779591795, 0.19453321463834983, -0.5090925828337958, 0.46518689717993555, 0.7893025846334776, 0.0294679418262902, 0.20712702072041278, -0.8698643752343853, 0.08014945928561268, -0.7416264326591246, 0.22912569270066396, -0.2726993059103242, 0.5355160686614915, -0.902931727160895, -0.7803637637643119, 0.36804643024725525, 0.029307394167312983, 0.1432827432294983, 0.6874139879813108, -0.024524721700651453, 0.6202888442522898, 0.020487258589880097, 0.8534413864805024, 0.333855543079252, -0.7025463211318861, -0.27089364934848836, 0.7315498318881986, -0.29942957828896866, -0.6219484810876903, -0.0547573816684539, -0.21443765035574014, 0.23785985328818726, -0.12646741612097356, -0.47815568541100895, -0.17505557667448635, -0.16193193089539926, 0.8048437117522818, 0.9592325240809707, 0.24713767881382775, -0.8336317548582777, 0.46599743519199, 0.357370804957968, 0.6520457340504391, -0.3050973265778887, -0.8822398116837538, 0.2236436329105842, -0.751970763373456, 0.5190590583266628, 0.5888466351532844, -0.18274642650020412, 0.8875950117660911, -0.6524404124894483, 0.8851716994539605]",rhc,relu,False,False,100,[10],0.1,100,10
1068,68,0.18640930007677525,1.7542423512431453,1592.0,100,15,"[0.9340596780273533, 0.09446449835144466, 0.9453687199297687, 0.4296319873487293, 0.3954576491945416, -0.5678210088392472, 0.9525489095524835, -0.9875394895908203, -0.4940352752331121, -0.13041693519110842, 0.5587658435875049, -0.6046298507994938, 0.7259864711984445, 0.9668013543506255, -0.6723155171906026, 0.19466788786571843, -0.98202780466489, -0.22685743471274122, -0.9116798841370009, 0.9133059354284718, -0.1277067062404047, 0.8979546135631256, 0.5726119718701219, 0.7325785971633969, -0.6536691570081037, -0.850102825973786, 0.2014854427555386, -0.6640556325631923, 0.4667603350211398, -0.18311227969597055, 0.05581764683584067, 0.875143167901884, 0.043392244889916, -0.7836132342255386, -0.6835531856304011, 0.09040530340642561, 0.04880816013694678, 0.2752204882519873, -0.1970091128194542, 0.2996102180386846, -0.20619999419653467, 0.24783222709644614, 0.5348099341802477, -0.6420521799177383, -0.24884846282491524, 0.005066118653868745, 0.3733341598326916, -0.4926407026772337, 0.10948172588511706, 0.24986168812819542, 0.7910023321122921, -0.27429282313374714, 0.2751141460374733, -0.6171071957620733, -0.004411770765388567, -0.6351091908575863, 0.8367660782795254, -0.13635585731754474, 0.6603762041966925, -0.16644739064327485, 0.8093351774867339, -0.19034956537818792, -0.33765099381775454, 0.14427754054549724, 0.6908872981882266, 0.7220286235061439, 0.19137623413666893, -0.8306767779591795, 0.19453321463834983, -0.5090925828337958, 0.46518689717993555, 0.7893025846334776, 0.0294679418262902, 0.20712702072041278, -0.8698643752343853, 0.08014945928561268, -0.7416264326591246, 0.22912569270066396, -0.2726993059103242, 0.5355160686614915, -0.902931727160895, -0.7803637637643119, 0.36804643024725525, 0.029307394167312983, 0.1432827432294983, 0.6874139879813108, -0.024524721700651453, 0.6202888442522898, 0.020487258589880097, 0.8534413864805024, 0.333855543079252, -0.7025463211318861, -0.27089364934848836, 0.7315498318881986, -0.29942957828896866, -0.6219484810876903, -0.0547573816684539, -0.21443765035574014, 0.23785985328818726, -0.12646741612097356, -0.47815568541100895, -0.17505557667448635, -0.16193193089539926, 0.8048437117522818, 0.9592325240809707, 0.24713767881382775, -0.8336317548582777, 0.46599743519199, 0.357370804957968, 0.6520457340504391, -0.3050973265778887, -0.8822398116837538, 0.2236436329105842, -0.751970763373456, 0.5190590583266628, 0.5888466351532844, -0.18274642650020412, 0.8875950117660911, -0.6524404124894483, 0.8851716994539605]",rhc,relu,False,False,100,[10],0.1,100,10
1069,69,0.18797269999049604,1.753606430909016,1594.0,100,15,"[0.9340596780273533, 0.09446449835144466, 0.9453687199297687, 0.4296319873487293, 0.3954576491945416, -0.5678210088392472, 0.9525489095524835, -0.9875394895908203, -0.4940352752331121, -0.13041693519110842, 0.5587658435875049, -0.6046298507994938, 0.7259864711984445, 0.9668013543506255, -0.6723155171906026, 0.19466788786571843, -0.98202780466489, -0.22685743471274122, -0.9116798841370009, 0.9133059354284718, -0.1277067062404047, 0.8979546135631256, 0.5726119718701219, 0.7325785971633969, -0.6536691570081037, -0.850102825973786, 0.2014854427555386, -0.6640556325631923, 0.4667603350211398, -0.18311227969597055, 0.05581764683584067, 0.875143167901884, 0.043392244889916, -0.7836132342255386, -0.6835531856304011, 0.09040530340642561, 0.04880816013694678, 0.2752204882519873, -0.1970091128194542, 0.2996102180386846, -0.20619999419653467, 0.24783222709644614, 0.5348099341802477, -0.6420521799177383, -0.24884846282491524, 0.005066118653868745, 0.3733341598326916, -0.4926407026772337, 0.10948172588511706, 0.24986168812819542, 0.7910023321122921, -0.27429282313374714, 0.2751141460374733, -0.6171071957620733, -0.004411770765388567, -0.6351091908575863, 0.8367660782795254, -0.13635585731754474, 0.6603762041966925, -0.16644739064327485, 0.8093351774867339, -0.19034956537818792, -0.33765099381775454, 0.14427754054549724, 0.6908872981882266, 0.7220286235061439, 0.19137623413666893, -0.8306767779591795, 0.19453321463834983, -0.5090925828337958, 0.46518689717993555, 0.7893025846334776, 0.0294679418262902, 0.20712702072041278, -0.8698643752343853, 0.08014945928561268, -0.7416264326591246, 0.22912569270066396, -0.2726993059103242, 0.5355160686614915, -0.902931727160895, -0.7803637637643119, 0.36804643024725525, 0.029307394167312983, 0.1432827432294983, 0.6874139879813108, -0.024524721700651453, 0.6202888442522898, 0.020487258589880097, 0.8534413864805024, 0.333855543079252, -0.7025463211318861, -0.27089364934848836, 0.7315498318881986, -0.29942957828896866, -0.6219484810876903, -0.0547573816684539, -0.21443765035574014, 0.23785985328818726, -0.12646741612097356, -0.47815568541100895, -0.17505557667448635, -0.16193193089539926, 0.8048437117522818, 0.9592325240809707, 0.24713767881382775, -0.8336317548582777, 0.46599743519199, 0.357370804957968, 0.6520457340504391, -0.3050973265778887, -0.8822398116837538, 0.2236436329105842, -0.751970763373456, 0.5190590583266628, 0.5888466351532844, -0.18274642650020412, 0.8875950117660911, -0.6524404124894483, 0.8851716994539605]",rhc,relu,False,False,100,[10],0.1,100,10
1070,70,0.1908457000972703,1.753606430909016,1595.0,100,15,"[0.9340596780273533, 0.09446449835144466, 0.9453687199297687, 0.4296319873487293, 0.3954576491945416, -0.5678210088392472, 0.9525489095524835, -0.9875394895908203, -0.4940352752331121, -0.13041693519110842, 0.5587658435875049, -0.6046298507994938, 0.7259864711984445, 0.9668013543506255, -0.6723155171906026, 0.19466788786571843, -0.98202780466489, -0.22685743471274122, -0.9116798841370009, 0.9133059354284718, -0.1277067062404047, 0.8979546135631256, 0.5726119718701219, 0.7325785971633969, -0.6536691570081037, -0.850102825973786, 0.2014854427555386, -0.6640556325631923, 0.4667603350211398, -0.18311227969597055, 0.05581764683584067, 0.875143167901884, 0.043392244889916, -0.7836132342255386, -0.6835531856304011, 0.09040530340642561, 0.04880816013694678, 0.2752204882519873, -0.1970091128194542, 0.2996102180386846, -0.20619999419653467, 0.24783222709644614, 0.5348099341802477, -0.6420521799177383, -0.24884846282491524, 0.005066118653868745, 0.3733341598326916, -0.4926407026772337, 0.10948172588511706, 0.24986168812819542, 0.7910023321122921, -0.27429282313374714, 0.2751141460374733, -0.6171071957620733, -0.004411770765388567, -0.6351091908575863, 0.8367660782795254, -0.13635585731754474, 0.6603762041966925, -0.16644739064327485, 0.8093351774867339, -0.19034956537818792, -0.33765099381775454, 0.14427754054549724, 0.6908872981882266, 0.7220286235061439, 0.19137623413666893, -0.8306767779591795, 0.19453321463834983, -0.5090925828337958, 0.46518689717993555, 0.7893025846334776, 0.0294679418262902, 0.20712702072041278, -0.8698643752343853, 0.08014945928561268, -0.7416264326591246, 0.22912569270066396, -0.2726993059103242, 0.5355160686614915, -0.902931727160895, -0.7803637637643119, 0.36804643024725525, 0.029307394167312983, 0.1432827432294983, 0.6874139879813108, -0.024524721700651453, 0.6202888442522898, 0.020487258589880097, 0.8534413864805024, 0.333855543079252, -0.7025463211318861, -0.27089364934848836, 0.7315498318881986, -0.29942957828896866, -0.6219484810876903, -0.0547573816684539, -0.21443765035574014, 0.23785985328818726, -0.12646741612097356, -0.47815568541100895, -0.17505557667448635, -0.16193193089539926, 0.8048437117522818, 0.9592325240809707, 0.24713767881382775, -0.8336317548582777, 0.46599743519199, 0.357370804957968, 0.6520457340504391, -0.3050973265778887, -0.8822398116837538, 0.2236436329105842, -0.751970763373456, 0.5190590583266628, 0.5888466351532844, -0.18274642650020412, 0.8875950117660911, -0.6524404124894483, 0.8851716994539605]",rhc,relu,False,False,100,[10],0.1,100,10
1071,71,0.1941902000689879,1.7402393432651675,1597.0,100,15,"[0.9340596780273533, 0.09446449835144466, 0.9453687199297687, 0.4296319873487293, 0.3954576491945416, -0.5678210088392472, 0.9525489095524835, -0.9875394895908203, -0.4940352752331121, -0.13041693519110842, 0.5587658435875049, -0.6046298507994938, 0.7259864711984445, 0.9668013543506255, -0.6723155171906026, 0.19466788786571843, -0.98202780466489, -0.22685743471274122, -0.9116798841370009, 0.9133059354284718, -0.1277067062404047, 0.8979546135631256, 0.5726119718701219, 0.7325785971633969, -0.6536691570081037, -0.850102825973786, 0.2014854427555386, -0.6640556325631923, 0.4667603350211398, -0.18311227969597055, 0.05581764683584067, 0.875143167901884, 0.043392244889916, -0.7836132342255386, -0.6835531856304011, 0.09040530340642561, 0.04880816013694678, 0.2752204882519873, -0.1970091128194542, 0.2996102180386846, -0.20619999419653467, 0.24783222709644614, 0.5348099341802477, -0.6420521799177383, -0.24884846282491524, 0.005066118653868745, 0.3733341598326916, -0.4926407026772337, 0.10948172588511706, 0.24986168812819542, 0.7910023321122921, -0.27429282313374714, 0.2751141460374733, -0.6171071957620733, -0.004411770765388567, -0.6351091908575863, 0.8367660782795254, -0.13635585731754474, 0.6603762041966925, -0.16644739064327485, 0.8093351774867339, -0.19034956537818792, -0.33765099381775454, 0.14427754054549724, 0.6908872981882266, 0.7220286235061439, 0.19137623413666893, -0.8306767779591795, 0.19453321463834983, -0.5090925828337958, 0.46518689717993555, 0.7893025846334776, 0.0294679418262902, 0.20712702072041278, -0.8698643752343853, 0.08014945928561268, -0.7416264326591246, 0.22912569270066396, -0.2726993059103242, 0.5355160686614915, -0.902931727160895, -0.7803637637643119, 0.36804643024725525, 0.029307394167312983, 0.1432827432294983, 0.6874139879813108, -0.024524721700651453, 0.6202888442522898, 0.020487258589880097, 0.8534413864805024, 0.333855543079252, -0.7025463211318861, -0.27089364934848836, 0.7315498318881986, -0.29942957828896866, -0.6219484810876903, -0.0547573816684539, -0.21443765035574014, 0.23785985328818726, -0.12646741612097356, -0.47815568541100895, -0.17505557667448635, -0.16193193089539926, 0.8048437117522818, 0.9592325240809707, 0.24713767881382775, -0.8336317548582777, 0.46599743519199, 0.357370804957968, 0.6520457340504391, -0.3050973265778887, -0.8822398116837538, 0.2236436329105842, -0.751970763373456, 0.5190590583266628, 0.5888466351532844, -0.18274642650020412, 0.8875950117660911, -0.6524404124894483, 0.8851716994539605]",rhc,relu,False,False,100,[10],0.1,100,10
1072,72,0.19706690008752048,1.7364431725735003,1599.0,100,15,"[0.9340596780273533, 0.09446449835144466, 0.9453687199297687, 0.4296319873487293, 0.3954576491945416, -0.5678210088392472, 0.9525489095524835, -0.9875394895908203, -0.4940352752331121, -0.13041693519110842, 0.5587658435875049, -0.6046298507994938, 0.7259864711984445, 0.9668013543506255, -0.6723155171906026, 0.19466788786571843, -0.98202780466489, -0.22685743471274122, -0.9116798841370009, 0.9133059354284718, -0.1277067062404047, 0.8979546135631256, 0.5726119718701219, 0.7325785971633969, -0.6536691570081037, -0.850102825973786, 0.2014854427555386, -0.6640556325631923, 0.4667603350211398, -0.18311227969597055, 0.05581764683584067, 0.875143167901884, 0.043392244889916, -0.7836132342255386, -0.6835531856304011, 0.09040530340642561, 0.04880816013694678, 0.2752204882519873, -0.1970091128194542, 0.2996102180386846, -0.20619999419653467, 0.24783222709644614, 0.5348099341802477, -0.6420521799177383, -0.24884846282491524, 0.005066118653868745, 0.3733341598326916, -0.4926407026772337, 0.10948172588511706, 0.24986168812819542, 0.7910023321122921, -0.27429282313374714, 0.2751141460374733, -0.6171071957620733, -0.004411770765388567, -0.6351091908575863, 0.8367660782795254, -0.13635585731754474, 0.6603762041966925, -0.16644739064327485, 0.8093351774867339, -0.19034956537818792, -0.33765099381775454, 0.14427754054549724, 0.6908872981882266, 0.7220286235061439, 0.19137623413666893, -0.8306767779591795, 0.19453321463834983, -0.5090925828337958, 0.46518689717993555, 0.7893025846334776, 0.0294679418262902, 0.20712702072041278, -0.8698643752343853, 0.08014945928561268, -0.7416264326591246, 0.22912569270066396, -0.2726993059103242, 0.5355160686614915, -0.902931727160895, -0.7803637637643119, 0.36804643024725525, 0.029307394167312983, 0.1432827432294983, 0.6874139879813108, -0.024524721700651453, 0.6202888442522898, 0.020487258589880097, 0.8534413864805024, 0.333855543079252, -0.7025463211318861, -0.27089364934848836, 0.7315498318881986, -0.29942957828896866, -0.6219484810876903, -0.0547573816684539, -0.21443765035574014, 0.23785985328818726, -0.12646741612097356, -0.47815568541100895, -0.17505557667448635, -0.16193193089539926, 0.8048437117522818, 0.9592325240809707, 0.24713767881382775, -0.8336317548582777, 0.46599743519199, 0.357370804957968, 0.6520457340504391, -0.3050973265778887, -0.8822398116837538, 0.2236436329105842, -0.751970763373456, 0.5190590583266628, 0.5888466351532844, -0.18274642650020412, 0.8875950117660911, -0.6524404124894483, 0.8851716994539605]",rhc,relu,False,False,100,[10],0.1,100,10
1073,73,0.19875830004457384,1.7364431725735003,1600.0,100,15,"[0.9340596780273533, 0.09446449835144466, 0.9453687199297687, 0.4296319873487293, 0.3954576491945416, -0.5678210088392472, 0.9525489095524835, -0.9875394895908203, -0.4940352752331121, -0.13041693519110842, 0.5587658435875049, -0.6046298507994938, 0.7259864711984445, 0.9668013543506255, -0.6723155171906026, 0.19466788786571843, -0.98202780466489, -0.22685743471274122, -0.9116798841370009, 0.9133059354284718, -0.1277067062404047, 0.8979546135631256, 0.5726119718701219, 0.7325785971633969, -0.6536691570081037, -0.850102825973786, 0.2014854427555386, -0.6640556325631923, 0.4667603350211398, -0.18311227969597055, 0.05581764683584067, 0.875143167901884, 0.043392244889916, -0.7836132342255386, -0.6835531856304011, 0.09040530340642561, 0.04880816013694678, 0.2752204882519873, -0.1970091128194542, 0.2996102180386846, -0.20619999419653467, 0.24783222709644614, 0.5348099341802477, -0.6420521799177383, -0.24884846282491524, 0.005066118653868745, 0.3733341598326916, -0.4926407026772337, 0.10948172588511706, 0.24986168812819542, 0.7910023321122921, -0.27429282313374714, 0.2751141460374733, -0.6171071957620733, -0.004411770765388567, -0.6351091908575863, 0.8367660782795254, -0.13635585731754474, 0.6603762041966925, -0.16644739064327485, 0.8093351774867339, -0.19034956537818792, -0.33765099381775454, 0.14427754054549724, 0.6908872981882266, 0.7220286235061439, 0.19137623413666893, -0.8306767779591795, 0.19453321463834983, -0.5090925828337958, 0.46518689717993555, 0.7893025846334776, 0.0294679418262902, 0.20712702072041278, -0.8698643752343853, 0.08014945928561268, -0.7416264326591246, 0.22912569270066396, -0.2726993059103242, 0.5355160686614915, -0.902931727160895, -0.7803637637643119, 0.36804643024725525, 0.029307394167312983, 0.1432827432294983, 0.6874139879813108, -0.024524721700651453, 0.6202888442522898, 0.020487258589880097, 0.8534413864805024, 0.333855543079252, -0.7025463211318861, -0.27089364934848836, 0.7315498318881986, -0.29942957828896866, -0.6219484810876903, -0.0547573816684539, -0.21443765035574014, 0.23785985328818726, -0.12646741612097356, -0.47815568541100895, -0.17505557667448635, -0.16193193089539926, 0.8048437117522818, 0.9592325240809707, 0.24713767881382775, -0.8336317548582777, 0.46599743519199, 0.357370804957968, 0.6520457340504391, -0.3050973265778887, -0.8822398116837538, 0.2236436329105842, -0.751970763373456, 0.5190590583266628, 0.5888466351532844, -0.18274642650020412, 0.8875950117660911, -0.6524404124894483, 0.8851716994539605]",rhc,relu,False,False,100,[10],0.1,100,10
1074,74,0.20192090002819896,1.7364431725735003,1601.0,100,15,"[0.9340596780273533, 0.09446449835144466, 0.9453687199297687, 0.4296319873487293, 0.3954576491945416, -0.5678210088392472, 0.9525489095524835, -0.9875394895908203, -0.4940352752331121, -0.13041693519110842, 0.5587658435875049, -0.6046298507994938, 0.7259864711984445, 0.9668013543506255, -0.6723155171906026, 0.19466788786571843, -0.98202780466489, -0.22685743471274122, -0.9116798841370009, 0.9133059354284718, -0.1277067062404047, 0.8979546135631256, 0.5726119718701219, 0.7325785971633969, -0.6536691570081037, -0.850102825973786, 0.2014854427555386, -0.6640556325631923, 0.4667603350211398, -0.18311227969597055, 0.05581764683584067, 0.875143167901884, 0.043392244889916, -0.7836132342255386, -0.6835531856304011, 0.09040530340642561, 0.04880816013694678, 0.2752204882519873, -0.1970091128194542, 0.2996102180386846, -0.20619999419653467, 0.24783222709644614, 0.5348099341802477, -0.6420521799177383, -0.24884846282491524, 0.005066118653868745, 0.3733341598326916, -0.4926407026772337, 0.10948172588511706, 0.24986168812819542, 0.7910023321122921, -0.27429282313374714, 0.2751141460374733, -0.6171071957620733, -0.004411770765388567, -0.6351091908575863, 0.8367660782795254, -0.13635585731754474, 0.6603762041966925, -0.16644739064327485, 0.8093351774867339, -0.19034956537818792, -0.33765099381775454, 0.14427754054549724, 0.6908872981882266, 0.7220286235061439, 0.19137623413666893, -0.8306767779591795, 0.19453321463834983, -0.5090925828337958, 0.46518689717993555, 0.7893025846334776, 0.0294679418262902, 0.20712702072041278, -0.8698643752343853, 0.08014945928561268, -0.7416264326591246, 0.22912569270066396, -0.2726993059103242, 0.5355160686614915, -0.902931727160895, -0.7803637637643119, 0.36804643024725525, 0.029307394167312983, 0.1432827432294983, 0.6874139879813108, -0.024524721700651453, 0.6202888442522898, 0.020487258589880097, 0.8534413864805024, 0.333855543079252, -0.7025463211318861, -0.27089364934848836, 0.7315498318881986, -0.29942957828896866, -0.6219484810876903, -0.0547573816684539, -0.21443765035574014, 0.23785985328818726, -0.12646741612097356, -0.47815568541100895, -0.17505557667448635, -0.16193193089539926, 0.8048437117522818, 0.9592325240809707, 0.24713767881382775, -0.8336317548582777, 0.46599743519199, 0.357370804957968, 0.6520457340504391, -0.3050973265778887, -0.8822398116837538, 0.2236436329105842, -0.751970763373456, 0.5190590583266628, 0.5888466351532844, -0.18274642650020412, 0.8875950117660911, -0.6524404124894483, 0.8851716994539605]",rhc,relu,False,False,100,[10],0.1,100,10
1075,75,0.2034730000887066,1.7099267406359553,1603.0,100,15,"[0.9340596780273533, 0.09446449835144466, 0.9453687199297687, 0.4296319873487293, 0.3954576491945416, -0.5678210088392472, 0.9525489095524835, -0.9875394895908203, -0.4940352752331121, -0.13041693519110842, 0.5587658435875049, -0.6046298507994938, 0.7259864711984445, 0.9668013543506255, -0.6723155171906026, 0.19466788786571843, -0.98202780466489, -0.22685743471274122, -0.9116798841370009, 0.9133059354284718, -0.1277067062404047, 0.8979546135631256, 0.5726119718701219, 0.7325785971633969, -0.6536691570081037, -0.850102825973786, 0.2014854427555386, -0.6640556325631923, 0.4667603350211398, -0.18311227969597055, 0.05581764683584067, 0.875143167901884, 0.043392244889916, -0.7836132342255386, -0.6835531856304011, 0.09040530340642561, 0.04880816013694678, 0.2752204882519873, -0.1970091128194542, 0.2996102180386846, -0.20619999419653467, 0.24783222709644614, 0.5348099341802477, -0.6420521799177383, -0.24884846282491524, 0.005066118653868745, 0.3733341598326916, -0.4926407026772337, 0.10948172588511706, 0.24986168812819542, 0.7910023321122921, -0.27429282313374714, 0.2751141460374733, -0.6171071957620733, -0.004411770765388567, -0.6351091908575863, 0.8367660782795254, -0.13635585731754474, 0.6603762041966925, -0.16644739064327485, 0.8093351774867339, -0.19034956537818792, -0.33765099381775454, 0.14427754054549724, 0.6908872981882266, 0.7220286235061439, 0.19137623413666893, -0.8306767779591795, 0.19453321463834983, -0.5090925828337958, 0.46518689717993555, 0.7893025846334776, 0.0294679418262902, 0.20712702072041278, -0.8698643752343853, 0.08014945928561268, -0.7416264326591246, 0.22912569270066396, -0.2726993059103242, 0.5355160686614915, -0.902931727160895, -0.7803637637643119, 0.36804643024725525, 0.029307394167312983, 0.1432827432294983, 0.6874139879813108, -0.024524721700651453, 0.6202888442522898, 0.020487258589880097, 0.8534413864805024, 0.333855543079252, -0.7025463211318861, -0.27089364934848836, 0.7315498318881986, -0.29942957828896866, -0.6219484810876903, -0.0547573816684539, -0.21443765035574014, 0.23785985328818726, -0.12646741612097356, -0.47815568541100895, -0.17505557667448635, -0.16193193089539926, 0.8048437117522818, 0.9592325240809707, 0.24713767881382775, -0.8336317548582777, 0.46599743519199, 0.357370804957968, 0.6520457340504391, -0.3050973265778887, -0.8822398116837538, 0.2236436329105842, -0.751970763373456, 0.5190590583266628, 0.5888466351532844, -0.18274642650020412, 0.8875950117660911, -0.6524404124894483, 0.8851716994539605]",rhc,relu,False,False,100,[10],0.1,100,10
1076,76,0.2065150000853464,1.7099267406359553,1604.0,100,15,"[0.9340596780273533, 0.09446449835144466, 0.9453687199297687, 0.4296319873487293, 0.3954576491945416, -0.5678210088392472, 0.9525489095524835, -0.9875394895908203, -0.4940352752331121, -0.13041693519110842, 0.5587658435875049, -0.6046298507994938, 0.7259864711984445, 0.9668013543506255, -0.6723155171906026, 0.19466788786571843, -0.98202780466489, -0.22685743471274122, -0.9116798841370009, 0.9133059354284718, -0.1277067062404047, 0.8979546135631256, 0.5726119718701219, 0.7325785971633969, -0.6536691570081037, -0.850102825973786, 0.2014854427555386, -0.6640556325631923, 0.4667603350211398, -0.18311227969597055, 0.05581764683584067, 0.875143167901884, 0.043392244889916, -0.7836132342255386, -0.6835531856304011, 0.09040530340642561, 0.04880816013694678, 0.2752204882519873, -0.1970091128194542, 0.2996102180386846, -0.20619999419653467, 0.24783222709644614, 0.5348099341802477, -0.6420521799177383, -0.24884846282491524, 0.005066118653868745, 0.3733341598326916, -0.4926407026772337, 0.10948172588511706, 0.24986168812819542, 0.7910023321122921, -0.27429282313374714, 0.2751141460374733, -0.6171071957620733, -0.004411770765388567, -0.6351091908575863, 0.8367660782795254, -0.13635585731754474, 0.6603762041966925, -0.16644739064327485, 0.8093351774867339, -0.19034956537818792, -0.33765099381775454, 0.14427754054549724, 0.6908872981882266, 0.7220286235061439, 0.19137623413666893, -0.8306767779591795, 0.19453321463834983, -0.5090925828337958, 0.46518689717993555, 0.7893025846334776, 0.0294679418262902, 0.20712702072041278, -0.8698643752343853, 0.08014945928561268, -0.7416264326591246, 0.22912569270066396, -0.2726993059103242, 0.5355160686614915, -0.902931727160895, -0.7803637637643119, 0.36804643024725525, 0.029307394167312983, 0.1432827432294983, 0.6874139879813108, -0.024524721700651453, 0.6202888442522898, 0.020487258589880097, 0.8534413864805024, 0.333855543079252, -0.7025463211318861, -0.27089364934848836, 0.7315498318881986, -0.29942957828896866, -0.6219484810876903, -0.0547573816684539, -0.21443765035574014, 0.23785985328818726, -0.12646741612097356, -0.47815568541100895, -0.17505557667448635, -0.16193193089539926, 0.8048437117522818, 0.9592325240809707, 0.24713767881382775, -0.8336317548582777, 0.46599743519199, 0.357370804957968, 0.6520457340504391, -0.3050973265778887, -0.8822398116837538, 0.2236436329105842, -0.751970763373456, 0.5190590583266628, 0.5888466351532844, -0.18274642650020412, 0.8875950117660911, -0.6524404124894483, 0.8851716994539605]",rhc,relu,False,False,100,[10],0.1,100,10
1077,77,0.20961990009527653,1.7099267406359553,1605.0,100,15,"[0.9340596780273533, 0.09446449835144466, 0.9453687199297687, 0.4296319873487293, 0.3954576491945416, -0.5678210088392472, 0.9525489095524835, -0.9875394895908203, -0.4940352752331121, -0.13041693519110842, 0.5587658435875049, -0.6046298507994938, 0.7259864711984445, 0.9668013543506255, -0.6723155171906026, 0.19466788786571843, -0.98202780466489, -0.22685743471274122, -0.9116798841370009, 0.9133059354284718, -0.1277067062404047, 0.8979546135631256, 0.5726119718701219, 0.7325785971633969, -0.6536691570081037, -0.850102825973786, 0.2014854427555386, -0.6640556325631923, 0.4667603350211398, -0.18311227969597055, 0.05581764683584067, 0.875143167901884, 0.043392244889916, -0.7836132342255386, -0.6835531856304011, 0.09040530340642561, 0.04880816013694678, 0.2752204882519873, -0.1970091128194542, 0.2996102180386846, -0.20619999419653467, 0.24783222709644614, 0.5348099341802477, -0.6420521799177383, -0.24884846282491524, 0.005066118653868745, 0.3733341598326916, -0.4926407026772337, 0.10948172588511706, 0.24986168812819542, 0.7910023321122921, -0.27429282313374714, 0.2751141460374733, -0.6171071957620733, -0.004411770765388567, -0.6351091908575863, 0.8367660782795254, -0.13635585731754474, 0.6603762041966925, -0.16644739064327485, 0.8093351774867339, -0.19034956537818792, -0.33765099381775454, 0.14427754054549724, 0.6908872981882266, 0.7220286235061439, 0.19137623413666893, -0.8306767779591795, 0.19453321463834983, -0.5090925828337958, 0.46518689717993555, 0.7893025846334776, 0.0294679418262902, 0.20712702072041278, -0.8698643752343853, 0.08014945928561268, -0.7416264326591246, 0.22912569270066396, -0.2726993059103242, 0.5355160686614915, -0.902931727160895, -0.7803637637643119, 0.36804643024725525, 0.029307394167312983, 0.1432827432294983, 0.6874139879813108, -0.024524721700651453, 0.6202888442522898, 0.020487258589880097, 0.8534413864805024, 0.333855543079252, -0.7025463211318861, -0.27089364934848836, 0.7315498318881986, -0.29942957828896866, -0.6219484810876903, -0.0547573816684539, -0.21443765035574014, 0.23785985328818726, -0.12646741612097356, -0.47815568541100895, -0.17505557667448635, -0.16193193089539926, 0.8048437117522818, 0.9592325240809707, 0.24713767881382775, -0.8336317548582777, 0.46599743519199, 0.357370804957968, 0.6520457340504391, -0.3050973265778887, -0.8822398116837538, 0.2236436329105842, -0.751970763373456, 0.5190590583266628, 0.5888466351532844, -0.18274642650020412, 0.8875950117660911, -0.6524404124894483, 0.8851716994539605]",rhc,relu,False,False,100,[10],0.1,100,10
1078,78,0.2124417000450194,1.7005253554015287,1607.0,100,15,"[0.9340596780273533, 0.09446449835144466, 0.9453687199297687, 0.4296319873487293, 0.3954576491945416, -0.5678210088392472, 0.9525489095524835, -0.9875394895908203, -0.4940352752331121, -0.13041693519110842, 0.5587658435875049, -0.6046298507994938, 0.7259864711984445, 0.9668013543506255, -0.6723155171906026, 0.19466788786571843, -0.98202780466489, -0.22685743471274122, -0.9116798841370009, 0.9133059354284718, -0.1277067062404047, 0.8979546135631256, 0.5726119718701219, 0.7325785971633969, -0.6536691570081037, -0.850102825973786, 0.2014854427555386, -0.6640556325631923, 0.4667603350211398, -0.18311227969597055, 0.05581764683584067, 0.875143167901884, 0.043392244889916, -0.7836132342255386, -0.6835531856304011, 0.09040530340642561, 0.04880816013694678, 0.2752204882519873, -0.1970091128194542, 0.2996102180386846, -0.20619999419653467, 0.24783222709644614, 0.5348099341802477, -0.6420521799177383, -0.24884846282491524, 0.005066118653868745, 0.3733341598326916, -0.4926407026772337, 0.10948172588511706, 0.24986168812819542, 0.7910023321122921, -0.27429282313374714, 0.2751141460374733, -0.6171071957620733, -0.004411770765388567, -0.6351091908575863, 0.8367660782795254, -0.13635585731754474, 0.6603762041966925, -0.16644739064327485, 0.8093351774867339, -0.19034956537818792, -0.33765099381775454, 0.14427754054549724, 0.6908872981882266, 0.7220286235061439, 0.19137623413666893, -0.8306767779591795, 0.19453321463834983, -0.5090925828337958, 0.46518689717993555, 0.7893025846334776, 0.0294679418262902, 0.20712702072041278, -0.8698643752343853, 0.08014945928561268, -0.7416264326591246, 0.22912569270066396, -0.2726993059103242, 0.5355160686614915, -0.902931727160895, -0.7803637637643119, 0.36804643024725525, 0.029307394167312983, 0.1432827432294983, 0.6874139879813108, -0.024524721700651453, 0.6202888442522898, 0.020487258589880097, 0.8534413864805024, 0.333855543079252, -0.7025463211318861, -0.27089364934848836, 0.7315498318881986, -0.29942957828896866, -0.6219484810876903, -0.0547573816684539, -0.21443765035574014, 0.23785985328818726, -0.12646741612097356, -0.47815568541100895, -0.17505557667448635, -0.16193193089539926, 0.8048437117522818, 0.9592325240809707, 0.24713767881382775, -0.8336317548582777, 0.46599743519199, 0.357370804957968, 0.6520457340504391, -0.3050973265778887, -0.8822398116837538, 0.2236436329105842, -0.751970763373456, 0.5190590583266628, 0.5888466351532844, -0.18274642650020412, 0.8875950117660911, -0.6524404124894483, 0.8851716994539605]",rhc,relu,False,False,100,[10],0.1,100,10
1079,79,0.21469990001060069,1.6726325448860186,1609.0,100,15,"[0.9340596780273533, 0.09446449835144466, 0.9453687199297687, 0.4296319873487293, 0.3954576491945416, -0.5678210088392472, 0.9525489095524835, -0.9875394895908203, -0.4940352752331121, -0.13041693519110842, 0.5587658435875049, -0.6046298507994938, 0.7259864711984445, 0.9668013543506255, -0.6723155171906026, 0.19466788786571843, -0.98202780466489, -0.22685743471274122, -0.9116798841370009, 0.9133059354284718, -0.1277067062404047, 0.8979546135631256, 0.5726119718701219, 0.7325785971633969, -0.6536691570081037, -0.850102825973786, 0.2014854427555386, -0.6640556325631923, 0.4667603350211398, -0.18311227969597055, 0.05581764683584067, 0.875143167901884, 0.043392244889916, -0.7836132342255386, -0.6835531856304011, 0.09040530340642561, 0.04880816013694678, 0.2752204882519873, -0.1970091128194542, 0.2996102180386846, -0.20619999419653467, 0.24783222709644614, 0.5348099341802477, -0.6420521799177383, -0.24884846282491524, 0.005066118653868745, 0.3733341598326916, -0.4926407026772337, 0.10948172588511706, 0.24986168812819542, 0.7910023321122921, -0.27429282313374714, 0.2751141460374733, -0.6171071957620733, -0.004411770765388567, -0.6351091908575863, 0.8367660782795254, -0.13635585731754474, 0.6603762041966925, -0.16644739064327485, 0.8093351774867339, -0.19034956537818792, -0.33765099381775454, 0.14427754054549724, 0.6908872981882266, 0.7220286235061439, 0.19137623413666893, -0.8306767779591795, 0.19453321463834983, -0.5090925828337958, 0.46518689717993555, 0.7893025846334776, 0.0294679418262902, 0.20712702072041278, -0.8698643752343853, 0.08014945928561268, -0.7416264326591246, 0.22912569270066396, -0.2726993059103242, 0.5355160686614915, -0.902931727160895, -0.7803637637643119, 0.36804643024725525, 0.029307394167312983, 0.1432827432294983, 0.6874139879813108, -0.024524721700651453, 0.6202888442522898, 0.020487258589880097, 0.8534413864805024, 0.333855543079252, -0.7025463211318861, -0.27089364934848836, 0.7315498318881986, -0.29942957828896866, -0.6219484810876903, -0.0547573816684539, -0.21443765035574014, 0.23785985328818726, -0.12646741612097356, -0.47815568541100895, -0.17505557667448635, -0.16193193089539926, 0.8048437117522818, 0.9592325240809707, 0.24713767881382775, -0.8336317548582777, 0.46599743519199, 0.357370804957968, 0.6520457340504391, -0.3050973265778887, -0.8822398116837538, 0.2236436329105842, -0.751970763373456, 0.5190590583266628, 0.5888466351532844, -0.18274642650020412, 0.8875950117660911, -0.6524404124894483, 0.8851716994539605]",rhc,relu,False,False,100,[10],0.1,100,10
1080,80,0.21622890001162887,1.670260359353633,1611.0,100,15,"[0.9340596780273533, 0.09446449835144466, 0.9453687199297687, 0.4296319873487293, 0.3954576491945416, -0.5678210088392472, 0.9525489095524835, -0.9875394895908203, -0.4940352752331121, -0.13041693519110842, 0.5587658435875049, -0.6046298507994938, 0.7259864711984445, 0.9668013543506255, -0.6723155171906026, 0.19466788786571843, -0.98202780466489, -0.22685743471274122, -0.9116798841370009, 0.9133059354284718, -0.1277067062404047, 0.8979546135631256, 0.5726119718701219, 0.7325785971633969, -0.6536691570081037, -0.850102825973786, 0.2014854427555386, -0.6640556325631923, 0.4667603350211398, -0.18311227969597055, 0.05581764683584067, 0.875143167901884, 0.043392244889916, -0.7836132342255386, -0.6835531856304011, 0.09040530340642561, 0.04880816013694678, 0.2752204882519873, -0.1970091128194542, 0.2996102180386846, -0.20619999419653467, 0.24783222709644614, 0.5348099341802477, -0.6420521799177383, -0.24884846282491524, 0.005066118653868745, 0.3733341598326916, -0.4926407026772337, 0.10948172588511706, 0.24986168812819542, 0.7910023321122921, -0.27429282313374714, 0.2751141460374733, -0.6171071957620733, -0.004411770765388567, -0.6351091908575863, 0.8367660782795254, -0.13635585731754474, 0.6603762041966925, -0.16644739064327485, 0.8093351774867339, -0.19034956537818792, -0.33765099381775454, 0.14427754054549724, 0.6908872981882266, 0.7220286235061439, 0.19137623413666893, -0.8306767779591795, 0.19453321463834983, -0.5090925828337958, 0.46518689717993555, 0.7893025846334776, 0.0294679418262902, 0.20712702072041278, -0.8698643752343853, 0.08014945928561268, -0.7416264326591246, 0.22912569270066396, -0.2726993059103242, 0.5355160686614915, -0.902931727160895, -0.7803637637643119, 0.36804643024725525, 0.029307394167312983, 0.1432827432294983, 0.6874139879813108, -0.024524721700651453, 0.6202888442522898, 0.020487258589880097, 0.8534413864805024, 0.333855543079252, -0.7025463211318861, -0.27089364934848836, 0.7315498318881986, -0.29942957828896866, -0.6219484810876903, -0.0547573816684539, -0.21443765035574014, 0.23785985328818726, -0.12646741612097356, -0.47815568541100895, -0.17505557667448635, -0.16193193089539926, 0.8048437117522818, 0.9592325240809707, 0.24713767881382775, -0.8336317548582777, 0.46599743519199, 0.357370804957968, 0.6520457340504391, -0.3050973265778887, -0.8822398116837538, 0.2236436329105842, -0.751970763373456, 0.5190590583266628, 0.5888466351532844, -0.18274642650020412, 0.8875950117660911, -0.6524404124894483, 0.8851716994539605]",rhc,relu,False,False,100,[10],0.1,100,10
1081,81,0.21764280006755143,1.670260359353633,1612.0,100,15,"[0.9340596780273533, 0.09446449835144466, 0.9453687199297687, 0.4296319873487293, 0.3954576491945416, -0.5678210088392472, 0.9525489095524835, -0.9875394895908203, -0.4940352752331121, -0.13041693519110842, 0.5587658435875049, -0.6046298507994938, 0.7259864711984445, 0.9668013543506255, -0.6723155171906026, 0.19466788786571843, -0.98202780466489, -0.22685743471274122, -0.9116798841370009, 0.9133059354284718, -0.1277067062404047, 0.8979546135631256, 0.5726119718701219, 0.7325785971633969, -0.6536691570081037, -0.850102825973786, 0.2014854427555386, -0.6640556325631923, 0.4667603350211398, -0.18311227969597055, 0.05581764683584067, 0.875143167901884, 0.043392244889916, -0.7836132342255386, -0.6835531856304011, 0.09040530340642561, 0.04880816013694678, 0.2752204882519873, -0.1970091128194542, 0.2996102180386846, -0.20619999419653467, 0.24783222709644614, 0.5348099341802477, -0.6420521799177383, -0.24884846282491524, 0.005066118653868745, 0.3733341598326916, -0.4926407026772337, 0.10948172588511706, 0.24986168812819542, 0.7910023321122921, -0.27429282313374714, 0.2751141460374733, -0.6171071957620733, -0.004411770765388567, -0.6351091908575863, 0.8367660782795254, -0.13635585731754474, 0.6603762041966925, -0.16644739064327485, 0.8093351774867339, -0.19034956537818792, -0.33765099381775454, 0.14427754054549724, 0.6908872981882266, 0.7220286235061439, 0.19137623413666893, -0.8306767779591795, 0.19453321463834983, -0.5090925828337958, 0.46518689717993555, 0.7893025846334776, 0.0294679418262902, 0.20712702072041278, -0.8698643752343853, 0.08014945928561268, -0.7416264326591246, 0.22912569270066396, -0.2726993059103242, 0.5355160686614915, -0.902931727160895, -0.7803637637643119, 0.36804643024725525, 0.029307394167312983, 0.1432827432294983, 0.6874139879813108, -0.024524721700651453, 0.6202888442522898, 0.020487258589880097, 0.8534413864805024, 0.333855543079252, -0.7025463211318861, -0.27089364934848836, 0.7315498318881986, -0.29942957828896866, -0.6219484810876903, -0.0547573816684539, -0.21443765035574014, 0.23785985328818726, -0.12646741612097356, -0.47815568541100895, -0.17505557667448635, -0.16193193089539926, 0.8048437117522818, 0.9592325240809707, 0.24713767881382775, -0.8336317548582777, 0.46599743519199, 0.357370804957968, 0.6520457340504391, -0.3050973265778887, -0.8822398116837538, 0.2236436329105842, -0.751970763373456, 0.5190590583266628, 0.5888466351532844, -0.18274642650020412, 0.8875950117660911, -0.6524404124894483, 0.8851716994539605]",rhc,relu,False,False,100,[10],0.1,100,10
1082,82,0.2193455999949947,1.6672761716816349,1614.0,100,15,"[0.9340596780273533, 0.09446449835144466, 0.9453687199297687, 0.4296319873487293, 0.3954576491945416, -0.5678210088392472, 0.9525489095524835, -0.9875394895908203, -0.4940352752331121, -0.13041693519110842, 0.5587658435875049, -0.6046298507994938, 0.7259864711984445, 0.9668013543506255, -0.6723155171906026, 0.19466788786571843, -0.98202780466489, -0.22685743471274122, -0.9116798841370009, 0.9133059354284718, -0.1277067062404047, 0.8979546135631256, 0.5726119718701219, 0.7325785971633969, -0.6536691570081037, -0.850102825973786, 0.2014854427555386, -0.6640556325631923, 0.4667603350211398, -0.18311227969597055, 0.05581764683584067, 0.875143167901884, 0.043392244889916, -0.7836132342255386, -0.6835531856304011, 0.09040530340642561, 0.04880816013694678, 0.2752204882519873, -0.1970091128194542, 0.2996102180386846, -0.20619999419653467, 0.24783222709644614, 0.5348099341802477, -0.6420521799177383, -0.24884846282491524, 0.005066118653868745, 0.3733341598326916, -0.4926407026772337, 0.10948172588511706, 0.24986168812819542, 0.7910023321122921, -0.27429282313374714, 0.2751141460374733, -0.6171071957620733, -0.004411770765388567, -0.6351091908575863, 0.8367660782795254, -0.13635585731754474, 0.6603762041966925, -0.16644739064327485, 0.8093351774867339, -0.19034956537818792, -0.33765099381775454, 0.14427754054549724, 0.6908872981882266, 0.7220286235061439, 0.19137623413666893, -0.8306767779591795, 0.19453321463834983, -0.5090925828337958, 0.46518689717993555, 0.7893025846334776, 0.0294679418262902, 0.20712702072041278, -0.8698643752343853, 0.08014945928561268, -0.7416264326591246, 0.22912569270066396, -0.2726993059103242, 0.5355160686614915, -0.902931727160895, -0.7803637637643119, 0.36804643024725525, 0.029307394167312983, 0.1432827432294983, 0.6874139879813108, -0.024524721700651453, 0.6202888442522898, 0.020487258589880097, 0.8534413864805024, 0.333855543079252, -0.7025463211318861, -0.27089364934848836, 0.7315498318881986, -0.29942957828896866, -0.6219484810876903, -0.0547573816684539, -0.21443765035574014, 0.23785985328818726, -0.12646741612097356, -0.47815568541100895, -0.17505557667448635, -0.16193193089539926, 0.8048437117522818, 0.9592325240809707, 0.24713767881382775, -0.8336317548582777, 0.46599743519199, 0.357370804957968, 0.6520457340504391, -0.3050973265778887, -0.8822398116837538, 0.2236436329105842, -0.751970763373456, 0.5190590583266628, 0.5888466351532844, -0.18274642650020412, 0.8875950117660911, -0.6524404124894483, 0.8851716994539605]",rhc,relu,False,False,100,[10],0.1,100,10
1083,83,0.22115360002499074,1.6672761716816349,1615.0,100,15,"[0.9340596780273533, 0.09446449835144466, 0.9453687199297687, 0.4296319873487293, 0.3954576491945416, -0.5678210088392472, 0.9525489095524835, -0.9875394895908203, -0.4940352752331121, -0.13041693519110842, 0.5587658435875049, -0.6046298507994938, 0.7259864711984445, 0.9668013543506255, -0.6723155171906026, 0.19466788786571843, -0.98202780466489, -0.22685743471274122, -0.9116798841370009, 0.9133059354284718, -0.1277067062404047, 0.8979546135631256, 0.5726119718701219, 0.7325785971633969, -0.6536691570081037, -0.850102825973786, 0.2014854427555386, -0.6640556325631923, 0.4667603350211398, -0.18311227969597055, 0.05581764683584067, 0.875143167901884, 0.043392244889916, -0.7836132342255386, -0.6835531856304011, 0.09040530340642561, 0.04880816013694678, 0.2752204882519873, -0.1970091128194542, 0.2996102180386846, -0.20619999419653467, 0.24783222709644614, 0.5348099341802477, -0.6420521799177383, -0.24884846282491524, 0.005066118653868745, 0.3733341598326916, -0.4926407026772337, 0.10948172588511706, 0.24986168812819542, 0.7910023321122921, -0.27429282313374714, 0.2751141460374733, -0.6171071957620733, -0.004411770765388567, -0.6351091908575863, 0.8367660782795254, -0.13635585731754474, 0.6603762041966925, -0.16644739064327485, 0.8093351774867339, -0.19034956537818792, -0.33765099381775454, 0.14427754054549724, 0.6908872981882266, 0.7220286235061439, 0.19137623413666893, -0.8306767779591795, 0.19453321463834983, -0.5090925828337958, 0.46518689717993555, 0.7893025846334776, 0.0294679418262902, 0.20712702072041278, -0.8698643752343853, 0.08014945928561268, -0.7416264326591246, 0.22912569270066396, -0.2726993059103242, 0.5355160686614915, -0.902931727160895, -0.7803637637643119, 0.36804643024725525, 0.029307394167312983, 0.1432827432294983, 0.6874139879813108, -0.024524721700651453, 0.6202888442522898, 0.020487258589880097, 0.8534413864805024, 0.333855543079252, -0.7025463211318861, -0.27089364934848836, 0.7315498318881986, -0.29942957828896866, -0.6219484810876903, -0.0547573816684539, -0.21443765035574014, 0.23785985328818726, -0.12646741612097356, -0.47815568541100895, -0.17505557667448635, -0.16193193089539926, 0.8048437117522818, 0.9592325240809707, 0.24713767881382775, -0.8336317548582777, 0.46599743519199, 0.357370804957968, 0.6520457340504391, -0.3050973265778887, -0.8822398116837538, 0.2236436329105842, -0.751970763373456, 0.5190590583266628, 0.5888466351532844, -0.18274642650020412, 0.8875950117660911, -0.6524404124894483, 0.8851716994539605]",rhc,relu,False,False,100,[10],0.1,100,10
1084,84,0.22437200008425862,1.6605473042127945,1617.0,100,15,"[0.9340596780273533, 0.09446449835144466, 0.9453687199297687, 0.4296319873487293, 0.3954576491945416, -0.5678210088392472, 0.9525489095524835, -0.9875394895908203, -0.4940352752331121, -0.13041693519110842, 0.5587658435875049, -0.6046298507994938, 0.7259864711984445, 0.9668013543506255, -0.6723155171906026, 0.19466788786571843, -0.98202780466489, -0.22685743471274122, -0.9116798841370009, 0.9133059354284718, -0.1277067062404047, 0.8979546135631256, 0.5726119718701219, 0.7325785971633969, -0.6536691570081037, -0.850102825973786, 0.2014854427555386, -0.6640556325631923, 0.4667603350211398, -0.18311227969597055, 0.05581764683584067, 0.875143167901884, 0.043392244889916, -0.7836132342255386, -0.6835531856304011, 0.09040530340642561, 0.04880816013694678, 0.2752204882519873, -0.1970091128194542, 0.2996102180386846, -0.20619999419653467, 0.24783222709644614, 0.5348099341802477, -0.6420521799177383, -0.24884846282491524, 0.005066118653868745, 0.3733341598326916, -0.4926407026772337, 0.10948172588511706, 0.24986168812819542, 0.7910023321122921, -0.27429282313374714, 0.2751141460374733, -0.6171071957620733, -0.004411770765388567, -0.6351091908575863, 0.8367660782795254, -0.13635585731754474, 0.6603762041966925, -0.16644739064327485, 0.8093351774867339, -0.19034956537818792, -0.33765099381775454, 0.14427754054549724, 0.6908872981882266, 0.7220286235061439, 0.19137623413666893, -0.8306767779591795, 0.19453321463834983, -0.5090925828337958, 0.46518689717993555, 0.7893025846334776, 0.0294679418262902, 0.20712702072041278, -0.8698643752343853, 0.08014945928561268, -0.7416264326591246, 0.22912569270066396, -0.2726993059103242, 0.5355160686614915, -0.902931727160895, -0.7803637637643119, 0.36804643024725525, 0.029307394167312983, 0.1432827432294983, 0.6874139879813108, -0.024524721700651453, 0.6202888442522898, 0.020487258589880097, 0.8534413864805024, 0.333855543079252, -0.7025463211318861, -0.27089364934848836, 0.7315498318881986, -0.29942957828896866, -0.6219484810876903, -0.0547573816684539, -0.21443765035574014, 0.23785985328818726, -0.12646741612097356, -0.47815568541100895, -0.17505557667448635, -0.16193193089539926, 0.8048437117522818, 0.9592325240809707, 0.24713767881382775, -0.8336317548582777, 0.46599743519199, 0.357370804957968, 0.6520457340504391, -0.3050973265778887, -0.8822398116837538, 0.2236436329105842, -0.751970763373456, 0.5190590583266628, 0.5888466351532844, -0.18274642650020412, 0.8875950117660911, -0.6524404124894483, 0.8851716994539605]",rhc,relu,False,False,100,[10],0.1,100,10
1085,85,0.2259537000209093,1.658951507444191,1619.0,100,15,"[0.9340596780273533, 0.09446449835144466, 0.9453687199297687, 0.4296319873487293, 0.3954576491945416, -0.5678210088392472, 0.9525489095524835, -0.9875394895908203, -0.4940352752331121, -0.13041693519110842, 0.5587658435875049, -0.6046298507994938, 0.7259864711984445, 0.9668013543506255, -0.6723155171906026, 0.19466788786571843, -0.98202780466489, -0.22685743471274122, -0.9116798841370009, 0.9133059354284718, -0.1277067062404047, 0.8979546135631256, 0.5726119718701219, 0.7325785971633969, -0.6536691570081037, -0.850102825973786, 0.2014854427555386, -0.6640556325631923, 0.4667603350211398, -0.18311227969597055, 0.05581764683584067, 0.875143167901884, 0.043392244889916, -0.7836132342255386, -0.6835531856304011, 0.09040530340642561, 0.04880816013694678, 0.2752204882519873, -0.1970091128194542, 0.2996102180386846, -0.20619999419653467, 0.24783222709644614, 0.5348099341802477, -0.6420521799177383, -0.24884846282491524, 0.005066118653868745, 0.3733341598326916, -0.4926407026772337, 0.10948172588511706, 0.24986168812819542, 0.7910023321122921, -0.27429282313374714, 0.2751141460374733, -0.6171071957620733, -0.004411770765388567, -0.6351091908575863, 0.8367660782795254, -0.13635585731754474, 0.6603762041966925, -0.16644739064327485, 0.8093351774867339, -0.19034956537818792, -0.33765099381775454, 0.14427754054549724, 0.6908872981882266, 0.7220286235061439, 0.19137623413666893, -0.8306767779591795, 0.19453321463834983, -0.5090925828337958, 0.46518689717993555, 0.7893025846334776, 0.0294679418262902, 0.20712702072041278, -0.8698643752343853, 0.08014945928561268, -0.7416264326591246, 0.22912569270066396, -0.2726993059103242, 0.5355160686614915, -0.902931727160895, -0.7803637637643119, 0.36804643024725525, 0.029307394167312983, 0.1432827432294983, 0.6874139879813108, -0.024524721700651453, 0.6202888442522898, 0.020487258589880097, 0.8534413864805024, 0.333855543079252, -0.7025463211318861, -0.27089364934848836, 0.7315498318881986, -0.29942957828896866, -0.6219484810876903, -0.0547573816684539, -0.21443765035574014, 0.23785985328818726, -0.12646741612097356, -0.47815568541100895, -0.17505557667448635, -0.16193193089539926, 0.8048437117522818, 0.9592325240809707, 0.24713767881382775, -0.8336317548582777, 0.46599743519199, 0.357370804957968, 0.6520457340504391, -0.3050973265778887, -0.8822398116837538, 0.2236436329105842, -0.751970763373456, 0.5190590583266628, 0.5888466351532844, -0.18274642650020412, 0.8875950117660911, -0.6524404124894483, 0.8851716994539605]",rhc,relu,False,False,100,[10],0.1,100,10
1086,86,0.22897670010570437,1.6560306426566591,1621.0,100,15,"[0.9340596780273533, 0.09446449835144466, 0.9453687199297687, 0.4296319873487293, 0.3954576491945416, -0.5678210088392472, 0.9525489095524835, -0.9875394895908203, -0.4940352752331121, -0.13041693519110842, 0.5587658435875049, -0.6046298507994938, 0.7259864711984445, 0.9668013543506255, -0.6723155171906026, 0.19466788786571843, -0.98202780466489, -0.22685743471274122, -0.9116798841370009, 0.9133059354284718, -0.1277067062404047, 0.8979546135631256, 0.5726119718701219, 0.7325785971633969, -0.6536691570081037, -0.850102825973786, 0.2014854427555386, -0.6640556325631923, 0.4667603350211398, -0.18311227969597055, 0.05581764683584067, 0.875143167901884, 0.043392244889916, -0.7836132342255386, -0.6835531856304011, 0.09040530340642561, 0.04880816013694678, 0.2752204882519873, -0.1970091128194542, 0.2996102180386846, -0.20619999419653467, 0.24783222709644614, 0.5348099341802477, -0.6420521799177383, -0.24884846282491524, 0.005066118653868745, 0.3733341598326916, -0.4926407026772337, 0.10948172588511706, 0.24986168812819542, 0.7910023321122921, -0.27429282313374714, 0.2751141460374733, -0.6171071957620733, -0.004411770765388567, -0.6351091908575863, 0.8367660782795254, -0.13635585731754474, 0.6603762041966925, -0.16644739064327485, 0.8093351774867339, -0.19034956537818792, -0.33765099381775454, 0.14427754054549724, 0.6908872981882266, 0.7220286235061439, 0.19137623413666893, -0.8306767779591795, 0.19453321463834983, -0.5090925828337958, 0.46518689717993555, 0.7893025846334776, 0.0294679418262902, 0.20712702072041278, -0.8698643752343853, 0.08014945928561268, -0.7416264326591246, 0.22912569270066396, -0.2726993059103242, 0.5355160686614915, -0.902931727160895, -0.7803637637643119, 0.36804643024725525, 0.029307394167312983, 0.1432827432294983, 0.6874139879813108, -0.024524721700651453, 0.6202888442522898, 0.020487258589880097, 0.8534413864805024, 0.333855543079252, -0.7025463211318861, -0.27089364934848836, 0.7315498318881986, -0.29942957828896866, -0.6219484810876903, -0.0547573816684539, -0.21443765035574014, 0.23785985328818726, -0.12646741612097356, -0.47815568541100895, -0.17505557667448635, -0.16193193089539926, 0.8048437117522818, 0.9592325240809707, 0.24713767881382775, -0.8336317548582777, 0.46599743519199, 0.357370804957968, 0.6520457340504391, -0.3050973265778887, -0.8822398116837538, 0.2236436329105842, -0.751970763373456, 0.5190590583266628, 0.5888466351532844, -0.18274642650020412, 0.8875950117660911, -0.6524404124894483, 0.8851716994539605]",rhc,relu,False,False,100,[10],0.1,100,10
1087,87,0.23168840003199875,1.6560306426566591,1622.0,100,15,"[0.9340596780273533, 0.09446449835144466, 0.9453687199297687, 0.4296319873487293, 0.3954576491945416, -0.5678210088392472, 0.9525489095524835, -0.9875394895908203, -0.4940352752331121, -0.13041693519110842, 0.5587658435875049, -0.6046298507994938, 0.7259864711984445, 0.9668013543506255, -0.6723155171906026, 0.19466788786571843, -0.98202780466489, -0.22685743471274122, -0.9116798841370009, 0.9133059354284718, -0.1277067062404047, 0.8979546135631256, 0.5726119718701219, 0.7325785971633969, -0.6536691570081037, -0.850102825973786, 0.2014854427555386, -0.6640556325631923, 0.4667603350211398, -0.18311227969597055, 0.05581764683584067, 0.875143167901884, 0.043392244889916, -0.7836132342255386, -0.6835531856304011, 0.09040530340642561, 0.04880816013694678, 0.2752204882519873, -0.1970091128194542, 0.2996102180386846, -0.20619999419653467, 0.24783222709644614, 0.5348099341802477, -0.6420521799177383, -0.24884846282491524, 0.005066118653868745, 0.3733341598326916, -0.4926407026772337, 0.10948172588511706, 0.24986168812819542, 0.7910023321122921, -0.27429282313374714, 0.2751141460374733, -0.6171071957620733, -0.004411770765388567, -0.6351091908575863, 0.8367660782795254, -0.13635585731754474, 0.6603762041966925, -0.16644739064327485, 0.8093351774867339, -0.19034956537818792, -0.33765099381775454, 0.14427754054549724, 0.6908872981882266, 0.7220286235061439, 0.19137623413666893, -0.8306767779591795, 0.19453321463834983, -0.5090925828337958, 0.46518689717993555, 0.7893025846334776, 0.0294679418262902, 0.20712702072041278, -0.8698643752343853, 0.08014945928561268, -0.7416264326591246, 0.22912569270066396, -0.2726993059103242, 0.5355160686614915, -0.902931727160895, -0.7803637637643119, 0.36804643024725525, 0.029307394167312983, 0.1432827432294983, 0.6874139879813108, -0.024524721700651453, 0.6202888442522898, 0.020487258589880097, 0.8534413864805024, 0.333855543079252, -0.7025463211318861, -0.27089364934848836, 0.7315498318881986, -0.29942957828896866, -0.6219484810876903, -0.0547573816684539, -0.21443765035574014, 0.23785985328818726, -0.12646741612097356, -0.47815568541100895, -0.17505557667448635, -0.16193193089539926, 0.8048437117522818, 0.9592325240809707, 0.24713767881382775, -0.8336317548582777, 0.46599743519199, 0.357370804957968, 0.6520457340504391, -0.3050973265778887, -0.8822398116837538, 0.2236436329105842, -0.751970763373456, 0.5190590583266628, 0.5888466351532844, -0.18274642650020412, 0.8875950117660911, -0.6524404124894483, 0.8851716994539605]",rhc,relu,False,False,100,[10],0.1,100,10
1088,88,0.23309100000187755,1.6446834421421037,1624.0,100,15,"[0.9340596780273533, 0.09446449835144466, 0.9453687199297687, 0.4296319873487293, 0.3954576491945416, -0.5678210088392472, 0.9525489095524835, -0.9875394895908203, -0.4940352752331121, -0.13041693519110842, 0.5587658435875049, -0.6046298507994938, 0.7259864711984445, 0.9668013543506255, -0.6723155171906026, 0.19466788786571843, -0.98202780466489, -0.22685743471274122, -0.9116798841370009, 0.9133059354284718, -0.1277067062404047, 0.8979546135631256, 0.5726119718701219, 0.7325785971633969, -0.6536691570081037, -0.850102825973786, 0.2014854427555386, -0.6640556325631923, 0.4667603350211398, -0.18311227969597055, 0.05581764683584067, 0.875143167901884, 0.043392244889916, -0.7836132342255386, -0.6835531856304011, 0.09040530340642561, 0.04880816013694678, 0.2752204882519873, -0.1970091128194542, 0.2996102180386846, -0.20619999419653467, 0.24783222709644614, 0.5348099341802477, -0.6420521799177383, -0.24884846282491524, 0.005066118653868745, 0.3733341598326916, -0.4926407026772337, 0.10948172588511706, 0.24986168812819542, 0.7910023321122921, -0.27429282313374714, 0.2751141460374733, -0.6171071957620733, -0.004411770765388567, -0.6351091908575863, 0.8367660782795254, -0.13635585731754474, 0.6603762041966925, -0.16644739064327485, 0.8093351774867339, -0.19034956537818792, -0.33765099381775454, 0.14427754054549724, 0.6908872981882266, 0.7220286235061439, 0.19137623413666893, -0.8306767779591795, 0.19453321463834983, -0.5090925828337958, 0.46518689717993555, 0.7893025846334776, 0.0294679418262902, 0.20712702072041278, -0.8698643752343853, 0.08014945928561268, -0.7416264326591246, 0.22912569270066396, -0.2726993059103242, 0.5355160686614915, -0.902931727160895, -0.7803637637643119, 0.36804643024725525, 0.029307394167312983, 0.1432827432294983, 0.6874139879813108, -0.024524721700651453, 0.6202888442522898, 0.020487258589880097, 0.8534413864805024, 0.333855543079252, -0.7025463211318861, -0.27089364934848836, 0.7315498318881986, -0.29942957828896866, -0.6219484810876903, -0.0547573816684539, -0.21443765035574014, 0.23785985328818726, -0.12646741612097356, -0.47815568541100895, -0.17505557667448635, -0.16193193089539926, 0.8048437117522818, 0.9592325240809707, 0.24713767881382775, -0.8336317548582777, 0.46599743519199, 0.357370804957968, 0.6520457340504391, -0.3050973265778887, -0.8822398116837538, 0.2236436329105842, -0.751970763373456, 0.5190590583266628, 0.5888466351532844, -0.18274642650020412, 0.8875950117660911, -0.6524404124894483, 0.8851716994539605]",rhc,relu,False,False,100,[10],0.1,100,10
1089,89,0.23613770003430545,1.6301163334082687,1626.0,100,15,"[0.9340596780273533, 0.09446449835144466, 0.9453687199297687, 0.4296319873487293, 0.3954576491945416, -0.5678210088392472, 0.9525489095524835, -0.9875394895908203, -0.4940352752331121, -0.13041693519110842, 0.5587658435875049, -0.6046298507994938, 0.7259864711984445, 0.9668013543506255, -0.6723155171906026, 0.19466788786571843, -0.98202780466489, -0.22685743471274122, -0.9116798841370009, 0.9133059354284718, -0.1277067062404047, 0.8979546135631256, 0.5726119718701219, 0.7325785971633969, -0.6536691570081037, -0.850102825973786, 0.2014854427555386, -0.6640556325631923, 0.4667603350211398, -0.18311227969597055, 0.05581764683584067, 0.875143167901884, 0.043392244889916, -0.7836132342255386, -0.6835531856304011, 0.09040530340642561, 0.04880816013694678, 0.2752204882519873, -0.1970091128194542, 0.2996102180386846, -0.20619999419653467, 0.24783222709644614, 0.5348099341802477, -0.6420521799177383, -0.24884846282491524, 0.005066118653868745, 0.3733341598326916, -0.4926407026772337, 0.10948172588511706, 0.24986168812819542, 0.7910023321122921, -0.27429282313374714, 0.2751141460374733, -0.6171071957620733, -0.004411770765388567, -0.6351091908575863, 0.8367660782795254, -0.13635585731754474, 0.6603762041966925, -0.16644739064327485, 0.8093351774867339, -0.19034956537818792, -0.33765099381775454, 0.14427754054549724, 0.6908872981882266, 0.7220286235061439, 0.19137623413666893, -0.8306767779591795, 0.19453321463834983, -0.5090925828337958, 0.46518689717993555, 0.7893025846334776, 0.0294679418262902, 0.20712702072041278, -0.8698643752343853, 0.08014945928561268, -0.7416264326591246, 0.22912569270066396, -0.2726993059103242, 0.5355160686614915, -0.902931727160895, -0.7803637637643119, 0.36804643024725525, 0.029307394167312983, 0.1432827432294983, 0.6874139879813108, -0.024524721700651453, 0.6202888442522898, 0.020487258589880097, 0.8534413864805024, 0.333855543079252, -0.7025463211318861, -0.27089364934848836, 0.7315498318881986, -0.29942957828896866, -0.6219484810876903, -0.0547573816684539, -0.21443765035574014, 0.23785985328818726, -0.12646741612097356, -0.47815568541100895, -0.17505557667448635, -0.16193193089539926, 0.8048437117522818, 0.9592325240809707, 0.24713767881382775, -0.8336317548582777, 0.46599743519199, 0.357370804957968, 0.6520457340504391, -0.3050973265778887, -0.8822398116837538, 0.2236436329105842, -0.751970763373456, 0.5190590583266628, 0.5888466351532844, -0.18274642650020412, 0.8875950117660911, -0.6524404124894483, 0.8851716994539605]",rhc,relu,False,False,100,[10],0.1,100,10
1090,90,0.23915060004219413,1.6301163334082687,1627.0,100,15,"[0.9340596780273533, 0.09446449835144466, 0.9453687199297687, 0.4296319873487293, 0.3954576491945416, -0.5678210088392472, 0.9525489095524835, -0.9875394895908203, -0.4940352752331121, -0.13041693519110842, 0.5587658435875049, -0.6046298507994938, 0.7259864711984445, 0.9668013543506255, -0.6723155171906026, 0.19466788786571843, -0.98202780466489, -0.22685743471274122, -0.9116798841370009, 0.9133059354284718, -0.1277067062404047, 0.8979546135631256, 0.5726119718701219, 0.7325785971633969, -0.6536691570081037, -0.850102825973786, 0.2014854427555386, -0.6640556325631923, 0.4667603350211398, -0.18311227969597055, 0.05581764683584067, 0.875143167901884, 0.043392244889916, -0.7836132342255386, -0.6835531856304011, 0.09040530340642561, 0.04880816013694678, 0.2752204882519873, -0.1970091128194542, 0.2996102180386846, -0.20619999419653467, 0.24783222709644614, 0.5348099341802477, -0.6420521799177383, -0.24884846282491524, 0.005066118653868745, 0.3733341598326916, -0.4926407026772337, 0.10948172588511706, 0.24986168812819542, 0.7910023321122921, -0.27429282313374714, 0.2751141460374733, -0.6171071957620733, -0.004411770765388567, -0.6351091908575863, 0.8367660782795254, -0.13635585731754474, 0.6603762041966925, -0.16644739064327485, 0.8093351774867339, -0.19034956537818792, -0.33765099381775454, 0.14427754054549724, 0.6908872981882266, 0.7220286235061439, 0.19137623413666893, -0.8306767779591795, 0.19453321463834983, -0.5090925828337958, 0.46518689717993555, 0.7893025846334776, 0.0294679418262902, 0.20712702072041278, -0.8698643752343853, 0.08014945928561268, -0.7416264326591246, 0.22912569270066396, -0.2726993059103242, 0.5355160686614915, -0.902931727160895, -0.7803637637643119, 0.36804643024725525, 0.029307394167312983, 0.1432827432294983, 0.6874139879813108, -0.024524721700651453, 0.6202888442522898, 0.020487258589880097, 0.8534413864805024, 0.333855543079252, -0.7025463211318861, -0.27089364934848836, 0.7315498318881986, -0.29942957828896866, -0.6219484810876903, -0.0547573816684539, -0.21443765035574014, 0.23785985328818726, -0.12646741612097356, -0.47815568541100895, -0.17505557667448635, -0.16193193089539926, 0.8048437117522818, 0.9592325240809707, 0.24713767881382775, -0.8336317548582777, 0.46599743519199, 0.357370804957968, 0.6520457340504391, -0.3050973265778887, -0.8822398116837538, 0.2236436329105842, -0.751970763373456, 0.5190590583266628, 0.5888466351532844, -0.18274642650020412, 0.8875950117660911, -0.6524404124894483, 0.8851716994539605]",rhc,relu,False,False,100,[10],0.1,100,10
1091,91,0.24208670004736632,1.6285974172761628,1629.0,100,15,"[0.9340596780273533, 0.09446449835144466, 0.9453687199297687, 0.4296319873487293, 0.3954576491945416, -0.5678210088392472, 0.9525489095524835, -0.9875394895908203, -0.4940352752331121, -0.13041693519110842, 0.5587658435875049, -0.6046298507994938, 0.7259864711984445, 0.9668013543506255, -0.6723155171906026, 0.19466788786571843, -0.98202780466489, -0.22685743471274122, -0.9116798841370009, 0.9133059354284718, -0.1277067062404047, 0.8979546135631256, 0.5726119718701219, 0.7325785971633969, -0.6536691570081037, -0.850102825973786, 0.2014854427555386, -0.6640556325631923, 0.4667603350211398, -0.18311227969597055, 0.05581764683584067, 0.875143167901884, 0.043392244889916, -0.7836132342255386, -0.6835531856304011, 0.09040530340642561, 0.04880816013694678, 0.2752204882519873, -0.1970091128194542, 0.2996102180386846, -0.20619999419653467, 0.24783222709644614, 0.5348099341802477, -0.6420521799177383, -0.24884846282491524, 0.005066118653868745, 0.3733341598326916, -0.4926407026772337, 0.10948172588511706, 0.24986168812819542, 0.7910023321122921, -0.27429282313374714, 0.2751141460374733, -0.6171071957620733, -0.004411770765388567, -0.6351091908575863, 0.8367660782795254, -0.13635585731754474, 0.6603762041966925, -0.16644739064327485, 0.8093351774867339, -0.19034956537818792, -0.33765099381775454, 0.14427754054549724, 0.6908872981882266, 0.7220286235061439, 0.19137623413666893, -0.8306767779591795, 0.19453321463834983, -0.5090925828337958, 0.46518689717993555, 0.7893025846334776, 0.0294679418262902, 0.20712702072041278, -0.8698643752343853, 0.08014945928561268, -0.7416264326591246, 0.22912569270066396, -0.2726993059103242, 0.5355160686614915, -0.902931727160895, -0.7803637637643119, 0.36804643024725525, 0.029307394167312983, 0.1432827432294983, 0.6874139879813108, -0.024524721700651453, 0.6202888442522898, 0.020487258589880097, 0.8534413864805024, 0.333855543079252, -0.7025463211318861, -0.27089364934848836, 0.7315498318881986, -0.29942957828896866, -0.6219484810876903, -0.0547573816684539, -0.21443765035574014, 0.23785985328818726, -0.12646741612097356, -0.47815568541100895, -0.17505557667448635, -0.16193193089539926, 0.8048437117522818, 0.9592325240809707, 0.24713767881382775, -0.8336317548582777, 0.46599743519199, 0.357370804957968, 0.6520457340504391, -0.3050973265778887, -0.8822398116837538, 0.2236436329105842, -0.751970763373456, 0.5190590583266628, 0.5888466351532844, -0.18274642650020412, 0.8875950117660911, -0.6524404124894483, 0.8851716994539605]",rhc,relu,False,False,100,[10],0.1,100,10
1092,92,0.24406210007146,1.6285974172761628,1630.0,100,15,"[0.9340596780273533, 0.09446449835144466, 0.9453687199297687, 0.4296319873487293, 0.3954576491945416, -0.5678210088392472, 0.9525489095524835, -0.9875394895908203, -0.4940352752331121, -0.13041693519110842, 0.5587658435875049, -0.6046298507994938, 0.7259864711984445, 0.9668013543506255, -0.6723155171906026, 0.19466788786571843, -0.98202780466489, -0.22685743471274122, -0.9116798841370009, 0.9133059354284718, -0.1277067062404047, 0.8979546135631256, 0.5726119718701219, 0.7325785971633969, -0.6536691570081037, -0.850102825973786, 0.2014854427555386, -0.6640556325631923, 0.4667603350211398, -0.18311227969597055, 0.05581764683584067, 0.875143167901884, 0.043392244889916, -0.7836132342255386, -0.6835531856304011, 0.09040530340642561, 0.04880816013694678, 0.2752204882519873, -0.1970091128194542, 0.2996102180386846, -0.20619999419653467, 0.24783222709644614, 0.5348099341802477, -0.6420521799177383, -0.24884846282491524, 0.005066118653868745, 0.3733341598326916, -0.4926407026772337, 0.10948172588511706, 0.24986168812819542, 0.7910023321122921, -0.27429282313374714, 0.2751141460374733, -0.6171071957620733, -0.004411770765388567, -0.6351091908575863, 0.8367660782795254, -0.13635585731754474, 0.6603762041966925, -0.16644739064327485, 0.8093351774867339, -0.19034956537818792, -0.33765099381775454, 0.14427754054549724, 0.6908872981882266, 0.7220286235061439, 0.19137623413666893, -0.8306767779591795, 0.19453321463834983, -0.5090925828337958, 0.46518689717993555, 0.7893025846334776, 0.0294679418262902, 0.20712702072041278, -0.8698643752343853, 0.08014945928561268, -0.7416264326591246, 0.22912569270066396, -0.2726993059103242, 0.5355160686614915, -0.902931727160895, -0.7803637637643119, 0.36804643024725525, 0.029307394167312983, 0.1432827432294983, 0.6874139879813108, -0.024524721700651453, 0.6202888442522898, 0.020487258589880097, 0.8534413864805024, 0.333855543079252, -0.7025463211318861, -0.27089364934848836, 0.7315498318881986, -0.29942957828896866, -0.6219484810876903, -0.0547573816684539, -0.21443765035574014, 0.23785985328818726, -0.12646741612097356, -0.47815568541100895, -0.17505557667448635, -0.16193193089539926, 0.8048437117522818, 0.9592325240809707, 0.24713767881382775, -0.8336317548582777, 0.46599743519199, 0.357370804957968, 0.6520457340504391, -0.3050973265778887, -0.8822398116837538, 0.2236436329105842, -0.751970763373456, 0.5190590583266628, 0.5888466351532844, -0.18274642650020412, 0.8875950117660911, -0.6524404124894483, 0.8851716994539605]",rhc,relu,False,False,100,[10],0.1,100,10
1093,93,0.2456533000804484,1.6202943417532982,1632.0,100,15,"[0.9340596780273533, 0.09446449835144466, 0.9453687199297687, 0.4296319873487293, 0.3954576491945416, -0.5678210088392472, 0.9525489095524835, -0.9875394895908203, -0.4940352752331121, -0.13041693519110842, 0.5587658435875049, -0.6046298507994938, 0.7259864711984445, 0.9668013543506255, -0.6723155171906026, 0.19466788786571843, -0.98202780466489, -0.22685743471274122, -0.9116798841370009, 0.9133059354284718, -0.1277067062404047, 0.8979546135631256, 0.5726119718701219, 0.7325785971633969, -0.6536691570081037, -0.850102825973786, 0.2014854427555386, -0.6640556325631923, 0.4667603350211398, -0.18311227969597055, 0.05581764683584067, 0.875143167901884, 0.043392244889916, -0.7836132342255386, -0.6835531856304011, 0.09040530340642561, 0.04880816013694678, 0.2752204882519873, -0.1970091128194542, 0.2996102180386846, -0.20619999419653467, 0.24783222709644614, 0.5348099341802477, -0.6420521799177383, -0.24884846282491524, 0.005066118653868745, 0.3733341598326916, -0.4926407026772337, 0.10948172588511706, 0.24986168812819542, 0.7910023321122921, -0.27429282313374714, 0.2751141460374733, -0.6171071957620733, -0.004411770765388567, -0.6351091908575863, 0.8367660782795254, -0.13635585731754474, 0.6603762041966925, -0.16644739064327485, 0.8093351774867339, -0.19034956537818792, -0.33765099381775454, 0.14427754054549724, 0.6908872981882266, 0.7220286235061439, 0.19137623413666893, -0.8306767779591795, 0.19453321463834983, -0.5090925828337958, 0.46518689717993555, 0.7893025846334776, 0.0294679418262902, 0.20712702072041278, -0.8698643752343853, 0.08014945928561268, -0.7416264326591246, 0.22912569270066396, -0.2726993059103242, 0.5355160686614915, -0.902931727160895, -0.7803637637643119, 0.36804643024725525, 0.029307394167312983, 0.1432827432294983, 0.6874139879813108, -0.024524721700651453, 0.6202888442522898, 0.020487258589880097, 0.8534413864805024, 0.333855543079252, -0.7025463211318861, -0.27089364934848836, 0.7315498318881986, -0.29942957828896866, -0.6219484810876903, -0.0547573816684539, -0.21443765035574014, 0.23785985328818726, -0.12646741612097356, -0.47815568541100895, -0.17505557667448635, -0.16193193089539926, 0.8048437117522818, 0.9592325240809707, 0.24713767881382775, -0.8336317548582777, 0.46599743519199, 0.357370804957968, 0.6520457340504391, -0.3050973265778887, -0.8822398116837538, 0.2236436329105842, -0.751970763373456, 0.5190590583266628, 0.5888466351532844, -0.18274642650020412, 0.8875950117660911, -0.6524404124894483, 0.8851716994539605]",rhc,relu,False,False,100,[10],0.1,100,10
1094,94,0.24860799999441952,1.6202943417532982,1633.0,100,15,"[0.9340596780273533, 0.09446449835144466, 0.9453687199297687, 0.4296319873487293, 0.3954576491945416, -0.5678210088392472, 0.9525489095524835, -0.9875394895908203, -0.4940352752331121, -0.13041693519110842, 0.5587658435875049, -0.6046298507994938, 0.7259864711984445, 0.9668013543506255, -0.6723155171906026, 0.19466788786571843, -0.98202780466489, -0.22685743471274122, -0.9116798841370009, 0.9133059354284718, -0.1277067062404047, 0.8979546135631256, 0.5726119718701219, 0.7325785971633969, -0.6536691570081037, -0.850102825973786, 0.2014854427555386, -0.6640556325631923, 0.4667603350211398, -0.18311227969597055, 0.05581764683584067, 0.875143167901884, 0.043392244889916, -0.7836132342255386, -0.6835531856304011, 0.09040530340642561, 0.04880816013694678, 0.2752204882519873, -0.1970091128194542, 0.2996102180386846, -0.20619999419653467, 0.24783222709644614, 0.5348099341802477, -0.6420521799177383, -0.24884846282491524, 0.005066118653868745, 0.3733341598326916, -0.4926407026772337, 0.10948172588511706, 0.24986168812819542, 0.7910023321122921, -0.27429282313374714, 0.2751141460374733, -0.6171071957620733, -0.004411770765388567, -0.6351091908575863, 0.8367660782795254, -0.13635585731754474, 0.6603762041966925, -0.16644739064327485, 0.8093351774867339, -0.19034956537818792, -0.33765099381775454, 0.14427754054549724, 0.6908872981882266, 0.7220286235061439, 0.19137623413666893, -0.8306767779591795, 0.19453321463834983, -0.5090925828337958, 0.46518689717993555, 0.7893025846334776, 0.0294679418262902, 0.20712702072041278, -0.8698643752343853, 0.08014945928561268, -0.7416264326591246, 0.22912569270066396, -0.2726993059103242, 0.5355160686614915, -0.902931727160895, -0.7803637637643119, 0.36804643024725525, 0.029307394167312983, 0.1432827432294983, 0.6874139879813108, -0.024524721700651453, 0.6202888442522898, 0.020487258589880097, 0.8534413864805024, 0.333855543079252, -0.7025463211318861, -0.27089364934848836, 0.7315498318881986, -0.29942957828896866, -0.6219484810876903, -0.0547573816684539, -0.21443765035574014, 0.23785985328818726, -0.12646741612097356, -0.47815568541100895, -0.17505557667448635, -0.16193193089539926, 0.8048437117522818, 0.9592325240809707, 0.24713767881382775, -0.8336317548582777, 0.46599743519199, 0.357370804957968, 0.6520457340504391, -0.3050973265778887, -0.8822398116837538, 0.2236436329105842, -0.751970763373456, 0.5190590583266628, 0.5888466351532844, -0.18274642650020412, 0.8875950117660911, -0.6524404124894483, 0.8851716994539605]",rhc,relu,False,False,100,[10],0.1,100,10
1095,95,0.25007430010009557,1.6102469649823543,1635.0,100,15,"[0.9340596780273533, 0.09446449835144466, 0.9453687199297687, 0.4296319873487293, 0.3954576491945416, -0.5678210088392472, 0.9525489095524835, -0.9875394895908203, -0.4940352752331121, -0.13041693519110842, 0.5587658435875049, -0.6046298507994938, 0.7259864711984445, 0.9668013543506255, -0.6723155171906026, 0.19466788786571843, -0.98202780466489, -0.22685743471274122, -0.9116798841370009, 0.9133059354284718, -0.1277067062404047, 0.8979546135631256, 0.5726119718701219, 0.7325785971633969, -0.6536691570081037, -0.850102825973786, 0.2014854427555386, -0.6640556325631923, 0.4667603350211398, -0.18311227969597055, 0.05581764683584067, 0.875143167901884, 0.043392244889916, -0.7836132342255386, -0.6835531856304011, 0.09040530340642561, 0.04880816013694678, 0.2752204882519873, -0.1970091128194542, 0.2996102180386846, -0.20619999419653467, 0.24783222709644614, 0.5348099341802477, -0.6420521799177383, -0.24884846282491524, 0.005066118653868745, 0.3733341598326916, -0.4926407026772337, 0.10948172588511706, 0.24986168812819542, 0.7910023321122921, -0.27429282313374714, 0.2751141460374733, -0.6171071957620733, -0.004411770765388567, -0.6351091908575863, 0.8367660782795254, -0.13635585731754474, 0.6603762041966925, -0.16644739064327485, 0.8093351774867339, -0.19034956537818792, -0.33765099381775454, 0.14427754054549724, 0.6908872981882266, 0.7220286235061439, 0.19137623413666893, -0.8306767779591795, 0.19453321463834983, -0.5090925828337958, 0.46518689717993555, 0.7893025846334776, 0.0294679418262902, 0.20712702072041278, -0.8698643752343853, 0.08014945928561268, -0.7416264326591246, 0.22912569270066396, -0.2726993059103242, 0.5355160686614915, -0.902931727160895, -0.7803637637643119, 0.36804643024725525, 0.029307394167312983, 0.1432827432294983, 0.6874139879813108, -0.024524721700651453, 0.6202888442522898, 0.020487258589880097, 0.8534413864805024, 0.333855543079252, -0.7025463211318861, -0.27089364934848836, 0.7315498318881986, -0.29942957828896866, -0.6219484810876903, -0.0547573816684539, -0.21443765035574014, 0.23785985328818726, -0.12646741612097356, -0.47815568541100895, -0.17505557667448635, -0.16193193089539926, 0.8048437117522818, 0.9592325240809707, 0.24713767881382775, -0.8336317548582777, 0.46599743519199, 0.357370804957968, 0.6520457340504391, -0.3050973265778887, -0.8822398116837538, 0.2236436329105842, -0.751970763373456, 0.5190590583266628, 0.5888466351532844, -0.18274642650020412, 0.8875950117660911, -0.6524404124894483, 0.8851716994539605]",rhc,relu,False,False,100,[10],0.1,100,10
1096,96,0.253057699999772,1.6102469649823543,1636.0,100,15,"[0.9340596780273533, 0.09446449835144466, 0.9453687199297687, 0.4296319873487293, 0.3954576491945416, -0.5678210088392472, 0.9525489095524835, -0.9875394895908203, -0.4940352752331121, -0.13041693519110842, 0.5587658435875049, -0.6046298507994938, 0.7259864711984445, 0.9668013543506255, -0.6723155171906026, 0.19466788786571843, -0.98202780466489, -0.22685743471274122, -0.9116798841370009, 0.9133059354284718, -0.1277067062404047, 0.8979546135631256, 0.5726119718701219, 0.7325785971633969, -0.6536691570081037, -0.850102825973786, 0.2014854427555386, -0.6640556325631923, 0.4667603350211398, -0.18311227969597055, 0.05581764683584067, 0.875143167901884, 0.043392244889916, -0.7836132342255386, -0.6835531856304011, 0.09040530340642561, 0.04880816013694678, 0.2752204882519873, -0.1970091128194542, 0.2996102180386846, -0.20619999419653467, 0.24783222709644614, 0.5348099341802477, -0.6420521799177383, -0.24884846282491524, 0.005066118653868745, 0.3733341598326916, -0.4926407026772337, 0.10948172588511706, 0.24986168812819542, 0.7910023321122921, -0.27429282313374714, 0.2751141460374733, -0.6171071957620733, -0.004411770765388567, -0.6351091908575863, 0.8367660782795254, -0.13635585731754474, 0.6603762041966925, -0.16644739064327485, 0.8093351774867339, -0.19034956537818792, -0.33765099381775454, 0.14427754054549724, 0.6908872981882266, 0.7220286235061439, 0.19137623413666893, -0.8306767779591795, 0.19453321463834983, -0.5090925828337958, 0.46518689717993555, 0.7893025846334776, 0.0294679418262902, 0.20712702072041278, -0.8698643752343853, 0.08014945928561268, -0.7416264326591246, 0.22912569270066396, -0.2726993059103242, 0.5355160686614915, -0.902931727160895, -0.7803637637643119, 0.36804643024725525, 0.029307394167312983, 0.1432827432294983, 0.6874139879813108, -0.024524721700651453, 0.6202888442522898, 0.020487258589880097, 0.8534413864805024, 0.333855543079252, -0.7025463211318861, -0.27089364934848836, 0.7315498318881986, -0.29942957828896866, -0.6219484810876903, -0.0547573816684539, -0.21443765035574014, 0.23785985328818726, -0.12646741612097356, -0.47815568541100895, -0.17505557667448635, -0.16193193089539926, 0.8048437117522818, 0.9592325240809707, 0.24713767881382775, -0.8336317548582777, 0.46599743519199, 0.357370804957968, 0.6520457340504391, -0.3050973265778887, -0.8822398116837538, 0.2236436329105842, -0.751970763373456, 0.5190590583266628, 0.5888466351532844, -0.18274642650020412, 0.8875950117660911, -0.6524404124894483, 0.8851716994539605]",rhc,relu,False,False,100,[10],0.1,100,10
1097,97,0.2544917000923306,1.6102469649823543,1637.0,100,15,"[0.9340596780273533, 0.09446449835144466, 0.9453687199297687, 0.4296319873487293, 0.3954576491945416, -0.5678210088392472, 0.9525489095524835, -0.9875394895908203, -0.4940352752331121, -0.13041693519110842, 0.5587658435875049, -0.6046298507994938, 0.7259864711984445, 0.9668013543506255, -0.6723155171906026, 0.19466788786571843, -0.98202780466489, -0.22685743471274122, -0.9116798841370009, 0.9133059354284718, -0.1277067062404047, 0.8979546135631256, 0.5726119718701219, 0.7325785971633969, -0.6536691570081037, -0.850102825973786, 0.2014854427555386, -0.6640556325631923, 0.4667603350211398, -0.18311227969597055, 0.05581764683584067, 0.875143167901884, 0.043392244889916, -0.7836132342255386, -0.6835531856304011, 0.09040530340642561, 0.04880816013694678, 0.2752204882519873, -0.1970091128194542, 0.2996102180386846, -0.20619999419653467, 0.24783222709644614, 0.5348099341802477, -0.6420521799177383, -0.24884846282491524, 0.005066118653868745, 0.3733341598326916, -0.4926407026772337, 0.10948172588511706, 0.24986168812819542, 0.7910023321122921, -0.27429282313374714, 0.2751141460374733, -0.6171071957620733, -0.004411770765388567, -0.6351091908575863, 0.8367660782795254, -0.13635585731754474, 0.6603762041966925, -0.16644739064327485, 0.8093351774867339, -0.19034956537818792, -0.33765099381775454, 0.14427754054549724, 0.6908872981882266, 0.7220286235061439, 0.19137623413666893, -0.8306767779591795, 0.19453321463834983, -0.5090925828337958, 0.46518689717993555, 0.7893025846334776, 0.0294679418262902, 0.20712702072041278, -0.8698643752343853, 0.08014945928561268, -0.7416264326591246, 0.22912569270066396, -0.2726993059103242, 0.5355160686614915, -0.902931727160895, -0.7803637637643119, 0.36804643024725525, 0.029307394167312983, 0.1432827432294983, 0.6874139879813108, -0.024524721700651453, 0.6202888442522898, 0.020487258589880097, 0.8534413864805024, 0.333855543079252, -0.7025463211318861, -0.27089364934848836, 0.7315498318881986, -0.29942957828896866, -0.6219484810876903, -0.0547573816684539, -0.21443765035574014, 0.23785985328818726, -0.12646741612097356, -0.47815568541100895, -0.17505557667448635, -0.16193193089539926, 0.8048437117522818, 0.9592325240809707, 0.24713767881382775, -0.8336317548582777, 0.46599743519199, 0.357370804957968, 0.6520457340504391, -0.3050973265778887, -0.8822398116837538, 0.2236436329105842, -0.751970763373456, 0.5190590583266628, 0.5888466351532844, -0.18274642650020412, 0.8875950117660911, -0.6524404124894483, 0.8851716994539605]",rhc,relu,False,False,100,[10],0.1,100,10
1098,98,0.25626020005438477,1.6102469649823543,1638.0,100,15,"[0.9340596780273533, 0.09446449835144466, 0.9453687199297687, 0.4296319873487293, 0.3954576491945416, -0.5678210088392472, 0.9525489095524835, -0.9875394895908203, -0.4940352752331121, -0.13041693519110842, 0.5587658435875049, -0.6046298507994938, 0.7259864711984445, 0.9668013543506255, -0.6723155171906026, 0.19466788786571843, -0.98202780466489, -0.22685743471274122, -0.9116798841370009, 0.9133059354284718, -0.1277067062404047, 0.8979546135631256, 0.5726119718701219, 0.7325785971633969, -0.6536691570081037, -0.850102825973786, 0.2014854427555386, -0.6640556325631923, 0.4667603350211398, -0.18311227969597055, 0.05581764683584067, 0.875143167901884, 0.043392244889916, -0.7836132342255386, -0.6835531856304011, 0.09040530340642561, 0.04880816013694678, 0.2752204882519873, -0.1970091128194542, 0.2996102180386846, -0.20619999419653467, 0.24783222709644614, 0.5348099341802477, -0.6420521799177383, -0.24884846282491524, 0.005066118653868745, 0.3733341598326916, -0.4926407026772337, 0.10948172588511706, 0.24986168812819542, 0.7910023321122921, -0.27429282313374714, 0.2751141460374733, -0.6171071957620733, -0.004411770765388567, -0.6351091908575863, 0.8367660782795254, -0.13635585731754474, 0.6603762041966925, -0.16644739064327485, 0.8093351774867339, -0.19034956537818792, -0.33765099381775454, 0.14427754054549724, 0.6908872981882266, 0.7220286235061439, 0.19137623413666893, -0.8306767779591795, 0.19453321463834983, -0.5090925828337958, 0.46518689717993555, 0.7893025846334776, 0.0294679418262902, 0.20712702072041278, -0.8698643752343853, 0.08014945928561268, -0.7416264326591246, 0.22912569270066396, -0.2726993059103242, 0.5355160686614915, -0.902931727160895, -0.7803637637643119, 0.36804643024725525, 0.029307394167312983, 0.1432827432294983, 0.6874139879813108, -0.024524721700651453, 0.6202888442522898, 0.020487258589880097, 0.8534413864805024, 0.333855543079252, -0.7025463211318861, -0.27089364934848836, 0.7315498318881986, -0.29942957828896866, -0.6219484810876903, -0.0547573816684539, -0.21443765035574014, 0.23785985328818726, -0.12646741612097356, -0.47815568541100895, -0.17505557667448635, -0.16193193089539926, 0.8048437117522818, 0.9592325240809707, 0.24713767881382775, -0.8336317548582777, 0.46599743519199, 0.357370804957968, 0.6520457340504391, -0.3050973265778887, -0.8822398116837538, 0.2236436329105842, -0.751970763373456, 0.5190590583266628, 0.5888466351532844, -0.18274642650020412, 0.8875950117660911, -0.6524404124894483, 0.8851716994539605]",rhc,relu,False,False,100,[10],0.1,100,10
1099,99,0.2595394999952987,1.6102469649823543,1639.0,100,15,"[0.9340596780273533, 0.09446449835144466, 0.9453687199297687, 0.4296319873487293, 0.3954576491945416, -0.5678210088392472, 0.9525489095524835, -0.9875394895908203, -0.4940352752331121, -0.13041693519110842, 0.5587658435875049, -0.6046298507994938, 0.7259864711984445, 0.9668013543506255, -0.6723155171906026, 0.19466788786571843, -0.98202780466489, -0.22685743471274122, -0.9116798841370009, 0.9133059354284718, -0.1277067062404047, 0.8979546135631256, 0.5726119718701219, 0.7325785971633969, -0.6536691570081037, -0.850102825973786, 0.2014854427555386, -0.6640556325631923, 0.4667603350211398, -0.18311227969597055, 0.05581764683584067, 0.875143167901884, 0.043392244889916, -0.7836132342255386, -0.6835531856304011, 0.09040530340642561, 0.04880816013694678, 0.2752204882519873, -0.1970091128194542, 0.2996102180386846, -0.20619999419653467, 0.24783222709644614, 0.5348099341802477, -0.6420521799177383, -0.24884846282491524, 0.005066118653868745, 0.3733341598326916, -0.4926407026772337, 0.10948172588511706, 0.24986168812819542, 0.7910023321122921, -0.27429282313374714, 0.2751141460374733, -0.6171071957620733, -0.004411770765388567, -0.6351091908575863, 0.8367660782795254, -0.13635585731754474, 0.6603762041966925, -0.16644739064327485, 0.8093351774867339, -0.19034956537818792, -0.33765099381775454, 0.14427754054549724, 0.6908872981882266, 0.7220286235061439, 0.19137623413666893, -0.8306767779591795, 0.19453321463834983, -0.5090925828337958, 0.46518689717993555, 0.7893025846334776, 0.0294679418262902, 0.20712702072041278, -0.8698643752343853, 0.08014945928561268, -0.7416264326591246, 0.22912569270066396, -0.2726993059103242, 0.5355160686614915, -0.902931727160895, -0.7803637637643119, 0.36804643024725525, 0.029307394167312983, 0.1432827432294983, 0.6874139879813108, -0.024524721700651453, 0.6202888442522898, 0.020487258589880097, 0.8534413864805024, 0.333855543079252, -0.7025463211318861, -0.27089364934848836, 0.7315498318881986, -0.29942957828896866, -0.6219484810876903, -0.0547573816684539, -0.21443765035574014, 0.23785985328818726, -0.12646741612097356, -0.47815568541100895, -0.17505557667448635, -0.16193193089539926, 0.8048437117522818, 0.9592325240809707, 0.24713767881382775, -0.8336317548582777, 0.46599743519199, 0.357370804957968, 0.6520457340504391, -0.3050973265778887, -0.8822398116837538, 0.2236436329105842, -0.751970763373456, 0.5190590583266628, 0.5888466351532844, -0.18274642650020412, 0.8875950117660911, -0.6524404124894483, 0.8851716994539605]",rhc,relu,False,False,100,[10],0.1,100,10
1100,100,0.26120120007544756,1.589832228188701,1641.0,100,15,"[0.9340596780273533, 0.09446449835144466, 0.9453687199297687, 0.4296319873487293, 0.3954576491945416, -0.5678210088392472, 0.9525489095524835, -0.9875394895908203, -0.4940352752331121, -0.13041693519110842, 0.5587658435875049, -0.6046298507994938, 0.7259864711984445, 0.9668013543506255, -0.6723155171906026, 0.19466788786571843, -0.98202780466489, -0.22685743471274122, -0.9116798841370009, 0.9133059354284718, -0.1277067062404047, 0.8979546135631256, 0.5726119718701219, 0.7325785971633969, -0.6536691570081037, -0.850102825973786, 0.2014854427555386, -0.6640556325631923, 0.4667603350211398, -0.18311227969597055, 0.05581764683584067, 0.875143167901884, 0.043392244889916, -0.7836132342255386, -0.6835531856304011, 0.09040530340642561, 0.04880816013694678, 0.2752204882519873, -0.1970091128194542, 0.2996102180386846, -0.20619999419653467, 0.24783222709644614, 0.5348099341802477, -0.6420521799177383, -0.24884846282491524, 0.005066118653868745, 0.3733341598326916, -0.4926407026772337, 0.10948172588511706, 0.24986168812819542, 0.7910023321122921, -0.27429282313374714, 0.2751141460374733, -0.6171071957620733, -0.004411770765388567, -0.6351091908575863, 0.8367660782795254, -0.13635585731754474, 0.6603762041966925, -0.16644739064327485, 0.8093351774867339, -0.19034956537818792, -0.33765099381775454, 0.14427754054549724, 0.6908872981882266, 0.7220286235061439, 0.19137623413666893, -0.8306767779591795, 0.19453321463834983, -0.5090925828337958, 0.46518689717993555, 0.7893025846334776, 0.0294679418262902, 0.20712702072041278, -0.8698643752343853, 0.08014945928561268, -0.7416264326591246, 0.22912569270066396, -0.2726993059103242, 0.5355160686614915, -0.902931727160895, -0.7803637637643119, 0.36804643024725525, 0.029307394167312983, 0.1432827432294983, 0.6874139879813108, -0.024524721700651453, 0.6202888442522898, 0.020487258589880097, 0.8534413864805024, 0.333855543079252, -0.7025463211318861, -0.27089364934848836, 0.7315498318881986, -0.29942957828896866, -0.6219484810876903, -0.0547573816684539, -0.21443765035574014, 0.23785985328818726, -0.12646741612097356, -0.47815568541100895, -0.17505557667448635, -0.16193193089539926, 0.8048437117522818, 0.9592325240809707, 0.24713767881382775, -0.8336317548582777, 0.46599743519199, 0.357370804957968, 0.6520457340504391, -0.3050973265778887, -0.8822398116837538, 0.2236436329105842, -0.751970763373456, 0.5190590583266628, 0.5888466351532844, -0.18274642650020412, 0.8875950117660911, -0.6524404124894483, 0.8851716994539605]",rhc,relu,False,False,100,[10],0.1,100,10
1101,1,0.03315600007772446,1.9099841090186194,1642.0,100,15,"[0.9340596780273533, 0.09446449835144466, 0.9453687199297687, 0.4296319873487293, 0.3954576491945416, -0.5678210088392472, 0.9525489095524835, -0.9875394895908203, -0.4940352752331121, -0.13041693519110842, 0.5587658435875049, -0.6046298507994938, 0.7259864711984445, 0.9668013543506255, -0.6723155171906026, 0.19466788786571843, -0.98202780466489, -0.22685743471274122, -0.9116798841370009, 0.9133059354284718, -0.1277067062404047, 0.8979546135631256, 0.5726119718701219, 0.7325785971633969, -0.6536691570081037, -0.850102825973786, 0.2014854427555386, -0.6640556325631923, 0.4667603350211398, -0.18311227969597055, 0.05581764683584067, 0.875143167901884, 0.043392244889916, -0.7836132342255386, -0.6835531856304011, 0.09040530340642561, 0.04880816013694678, 0.2752204882519873, -0.1970091128194542, 0.2996102180386846, -0.20619999419653467, 0.24783222709644614, 0.5348099341802477, -0.6420521799177383, -0.24884846282491524, 0.005066118653868745, 0.3733341598326916, -0.4926407026772337, 0.10948172588511706, 0.24986168812819542, 0.7910023321122921, -0.27429282313374714, 0.2751141460374733, -0.6171071957620733, -0.004411770765388567, -0.6351091908575863, 0.8367660782795254, -0.13635585731754474, 0.6603762041966925, -0.16644739064327485, 0.8093351774867339, -0.19034956537818792, -0.33765099381775454, 0.14427754054549724, 0.6908872981882266, 0.7220286235061439, 0.19137623413666893, -0.8306767779591795, 0.19453321463834983, -0.5090925828337958, 0.46518689717993555, 0.7893025846334776, 0.0294679418262902, 0.20712702072041278, -0.8698643752343853, 0.08014945928561268, -0.7416264326591246, 0.22912569270066396, -0.2726993059103242, 0.5355160686614915, -0.902931727160895, -0.7803637637643119, 0.36804643024725525, 0.029307394167312983, 0.1432827432294983, 0.6874139879813108, -0.024524721700651453, 0.6202888442522898, 0.020487258589880097, 0.8534413864805024, 0.333855543079252, -0.7025463211318861, -0.27089364934848836, 0.7315498318881986, -0.29942957828896866, -0.6219484810876903, -0.0547573816684539, -0.21443765035574014, 0.23785985328818726, -0.12646741612097356, -0.47815568541100895, -0.17505557667448635, -0.16193193089539926, 0.8048437117522818, 0.9592325240809707, 0.24713767881382775, -0.8336317548582777, 0.46599743519199, 0.357370804957968, 0.6520457340504391, -0.3050973265778887, -0.8822398116837538, 0.2236436329105842, -0.751970763373456, 0.5190590583266628, 0.5888466351532844, -0.18274642650020412, 0.8875950117660911, -0.6524404124894483, 0.8851716994539605]",rhc,relu,False,False,100,[10],0.1,100,11
1102,2,0.03611099999397993,1.90698870950574,1644.0,100,15,"[0.9340596780273533, 0.09446449835144466, 0.9453687199297687, 0.4296319873487293, 0.3954576491945416, -0.5678210088392472, 0.9525489095524835, -0.9875394895908203, -0.4940352752331121, -0.13041693519110842, 0.5587658435875049, -0.6046298507994938, 0.7259864711984445, 0.9668013543506255, -0.6723155171906026, 0.19466788786571843, -0.98202780466489, -0.22685743471274122, -0.9116798841370009, 0.9133059354284718, -0.1277067062404047, 0.8979546135631256, 0.5726119718701219, 0.7325785971633969, -0.6536691570081037, -0.850102825973786, 0.2014854427555386, -0.6640556325631923, 0.4667603350211398, -0.18311227969597055, 0.05581764683584067, 0.875143167901884, 0.043392244889916, -0.7836132342255386, -0.6835531856304011, 0.09040530340642561, 0.04880816013694678, 0.2752204882519873, -0.1970091128194542, 0.2996102180386846, -0.20619999419653467, 0.24783222709644614, 0.5348099341802477, -0.6420521799177383, -0.24884846282491524, 0.005066118653868745, 0.3733341598326916, -0.4926407026772337, 0.10948172588511706, 0.24986168812819542, 0.7910023321122921, -0.27429282313374714, 0.2751141460374733, -0.6171071957620733, -0.004411770765388567, -0.6351091908575863, 0.8367660782795254, -0.13635585731754474, 0.6603762041966925, -0.16644739064327485, 0.8093351774867339, -0.19034956537818792, -0.33765099381775454, 0.14427754054549724, 0.6908872981882266, 0.7220286235061439, 0.19137623413666893, -0.8306767779591795, 0.19453321463834983, -0.5090925828337958, 0.46518689717993555, 0.7893025846334776, 0.0294679418262902, 0.20712702072041278, -0.8698643752343853, 0.08014945928561268, -0.7416264326591246, 0.22912569270066396, -0.2726993059103242, 0.5355160686614915, -0.902931727160895, -0.7803637637643119, 0.36804643024725525, 0.029307394167312983, 0.1432827432294983, 0.6874139879813108, -0.024524721700651453, 0.6202888442522898, 0.020487258589880097, 0.8534413864805024, 0.333855543079252, -0.7025463211318861, -0.27089364934848836, 0.7315498318881986, -0.29942957828896866, -0.6219484810876903, -0.0547573816684539, -0.21443765035574014, 0.23785985328818726, -0.12646741612097356, -0.47815568541100895, -0.17505557667448635, -0.16193193089539926, 0.8048437117522818, 0.9592325240809707, 0.24713767881382775, -0.8336317548582777, 0.46599743519199, 0.357370804957968, 0.6520457340504391, -0.3050973265778887, -0.8822398116837538, 0.2236436329105842, -0.751970763373456, 0.5190590583266628, 0.5888466351532844, -0.18274642650020412, 0.8875950117660911, -0.6524404124894483, 0.8851716994539605]",rhc,relu,False,False,100,[10],0.1,100,11
1103,3,0.03751040005590767,1.90698870950574,1645.0,100,15,"[0.9340596780273533, 0.09446449835144466, 0.9453687199297687, 0.4296319873487293, 0.3954576491945416, -0.5678210088392472, 0.9525489095524835, -0.9875394895908203, -0.4940352752331121, -0.13041693519110842, 0.5587658435875049, -0.6046298507994938, 0.7259864711984445, 0.9668013543506255, -0.6723155171906026, 0.19466788786571843, -0.98202780466489, -0.22685743471274122, -0.9116798841370009, 0.9133059354284718, -0.1277067062404047, 0.8979546135631256, 0.5726119718701219, 0.7325785971633969, -0.6536691570081037, -0.850102825973786, 0.2014854427555386, -0.6640556325631923, 0.4667603350211398, -0.18311227969597055, 0.05581764683584067, 0.875143167901884, 0.043392244889916, -0.7836132342255386, -0.6835531856304011, 0.09040530340642561, 0.04880816013694678, 0.2752204882519873, -0.1970091128194542, 0.2996102180386846, -0.20619999419653467, 0.24783222709644614, 0.5348099341802477, -0.6420521799177383, -0.24884846282491524, 0.005066118653868745, 0.3733341598326916, -0.4926407026772337, 0.10948172588511706, 0.24986168812819542, 0.7910023321122921, -0.27429282313374714, 0.2751141460374733, -0.6171071957620733, -0.004411770765388567, -0.6351091908575863, 0.8367660782795254, -0.13635585731754474, 0.6603762041966925, -0.16644739064327485, 0.8093351774867339, -0.19034956537818792, -0.33765099381775454, 0.14427754054549724, 0.6908872981882266, 0.7220286235061439, 0.19137623413666893, -0.8306767779591795, 0.19453321463834983, -0.5090925828337958, 0.46518689717993555, 0.7893025846334776, 0.0294679418262902, 0.20712702072041278, -0.8698643752343853, 0.08014945928561268, -0.7416264326591246, 0.22912569270066396, -0.2726993059103242, 0.5355160686614915, -0.902931727160895, -0.7803637637643119, 0.36804643024725525, 0.029307394167312983, 0.1432827432294983, 0.6874139879813108, -0.024524721700651453, 0.6202888442522898, 0.020487258589880097, 0.8534413864805024, 0.333855543079252, -0.7025463211318861, -0.27089364934848836, 0.7315498318881986, -0.29942957828896866, -0.6219484810876903, -0.0547573816684539, -0.21443765035574014, 0.23785985328818726, -0.12646741612097356, -0.47815568541100895, -0.17505557667448635, -0.16193193089539926, 0.8048437117522818, 0.9592325240809707, 0.24713767881382775, -0.8336317548582777, 0.46599743519199, 0.357370804957968, 0.6520457340504391, -0.3050973265778887, -0.8822398116837538, 0.2236436329105842, -0.751970763373456, 0.5190590583266628, 0.5888466351532844, -0.18274642650020412, 0.8875950117660911, -0.6524404124894483, 0.8851716994539605]",rhc,relu,False,False,100,[10],0.1,100,11
1104,4,0.0403158999979496,1.9000700189629536,1647.0,100,15,"[0.9340596780273533, 0.09446449835144466, 0.9453687199297687, 0.4296319873487293, 0.3954576491945416, -0.5678210088392472, 0.9525489095524835, -0.9875394895908203, -0.4940352752331121, -0.13041693519110842, 0.5587658435875049, -0.6046298507994938, 0.7259864711984445, 0.9668013543506255, -0.6723155171906026, 0.19466788786571843, -0.98202780466489, -0.22685743471274122, -0.9116798841370009, 0.9133059354284718, -0.1277067062404047, 0.8979546135631256, 0.5726119718701219, 0.7325785971633969, -0.6536691570081037, -0.850102825973786, 0.2014854427555386, -0.6640556325631923, 0.4667603350211398, -0.18311227969597055, 0.05581764683584067, 0.875143167901884, 0.043392244889916, -0.7836132342255386, -0.6835531856304011, 0.09040530340642561, 0.04880816013694678, 0.2752204882519873, -0.1970091128194542, 0.2996102180386846, -0.20619999419653467, 0.24783222709644614, 0.5348099341802477, -0.6420521799177383, -0.24884846282491524, 0.005066118653868745, 0.3733341598326916, -0.4926407026772337, 0.10948172588511706, 0.24986168812819542, 0.7910023321122921, -0.27429282313374714, 0.2751141460374733, -0.6171071957620733, -0.004411770765388567, -0.6351091908575863, 0.8367660782795254, -0.13635585731754474, 0.6603762041966925, -0.16644739064327485, 0.8093351774867339, -0.19034956537818792, -0.33765099381775454, 0.14427754054549724, 0.6908872981882266, 0.7220286235061439, 0.19137623413666893, -0.8306767779591795, 0.19453321463834983, -0.5090925828337958, 0.46518689717993555, 0.7893025846334776, 0.0294679418262902, 0.20712702072041278, -0.8698643752343853, 0.08014945928561268, -0.7416264326591246, 0.22912569270066396, -0.2726993059103242, 0.5355160686614915, -0.902931727160895, -0.7803637637643119, 0.36804643024725525, 0.029307394167312983, 0.1432827432294983, 0.6874139879813108, -0.024524721700651453, 0.6202888442522898, 0.020487258589880097, 0.8534413864805024, 0.333855543079252, -0.7025463211318861, -0.27089364934848836, 0.7315498318881986, -0.29942957828896866, -0.6219484810876903, -0.0547573816684539, -0.21443765035574014, 0.23785985328818726, -0.12646741612097356, -0.47815568541100895, -0.17505557667448635, -0.16193193089539926, 0.8048437117522818, 0.9592325240809707, 0.24713767881382775, -0.8336317548582777, 0.46599743519199, 0.357370804957968, 0.6520457340504391, -0.3050973265778887, -0.8822398116837538, 0.2236436329105842, -0.751970763373456, 0.5190590583266628, 0.5888466351532844, -0.18274642650020412, 0.8875950117660911, -0.6524404124894483, 0.8851716994539605]",rhc,relu,False,False,100,[10],0.1,100,11
1105,5,0.041674000094644725,1.8858268414663928,1649.0,100,15,"[0.9340596780273533, 0.09446449835144466, 0.9453687199297687, 0.4296319873487293, 0.3954576491945416, -0.5678210088392472, 0.9525489095524835, -0.9875394895908203, -0.4940352752331121, -0.13041693519110842, 0.5587658435875049, -0.6046298507994938, 0.7259864711984445, 0.9668013543506255, -0.6723155171906026, 0.19466788786571843, -0.98202780466489, -0.22685743471274122, -0.9116798841370009, 0.9133059354284718, -0.1277067062404047, 0.8979546135631256, 0.5726119718701219, 0.7325785971633969, -0.6536691570081037, -0.850102825973786, 0.2014854427555386, -0.6640556325631923, 0.4667603350211398, -0.18311227969597055, 0.05581764683584067, 0.875143167901884, 0.043392244889916, -0.7836132342255386, -0.6835531856304011, 0.09040530340642561, 0.04880816013694678, 0.2752204882519873, -0.1970091128194542, 0.2996102180386846, -0.20619999419653467, 0.24783222709644614, 0.5348099341802477, -0.6420521799177383, -0.24884846282491524, 0.005066118653868745, 0.3733341598326916, -0.4926407026772337, 0.10948172588511706, 0.24986168812819542, 0.7910023321122921, -0.27429282313374714, 0.2751141460374733, -0.6171071957620733, -0.004411770765388567, -0.6351091908575863, 0.8367660782795254, -0.13635585731754474, 0.6603762041966925, -0.16644739064327485, 0.8093351774867339, -0.19034956537818792, -0.33765099381775454, 0.14427754054549724, 0.6908872981882266, 0.7220286235061439, 0.19137623413666893, -0.8306767779591795, 0.19453321463834983, -0.5090925828337958, 0.46518689717993555, 0.7893025846334776, 0.0294679418262902, 0.20712702072041278, -0.8698643752343853, 0.08014945928561268, -0.7416264326591246, 0.22912569270066396, -0.2726993059103242, 0.5355160686614915, -0.902931727160895, -0.7803637637643119, 0.36804643024725525, 0.029307394167312983, 0.1432827432294983, 0.6874139879813108, -0.024524721700651453, 0.6202888442522898, 0.020487258589880097, 0.8534413864805024, 0.333855543079252, -0.7025463211318861, -0.27089364934848836, 0.7315498318881986, -0.29942957828896866, -0.6219484810876903, -0.0547573816684539, -0.21443765035574014, 0.23785985328818726, -0.12646741612097356, -0.47815568541100895, -0.17505557667448635, -0.16193193089539926, 0.8048437117522818, 0.9592325240809707, 0.24713767881382775, -0.8336317548582777, 0.46599743519199, 0.357370804957968, 0.6520457340504391, -0.3050973265778887, -0.8822398116837538, 0.2236436329105842, -0.751970763373456, 0.5190590583266628, 0.5888466351532844, -0.18274642650020412, 0.8875950117660911, -0.6524404124894483, 0.8851716994539605]",rhc,relu,False,False,100,[10],0.1,100,11
1106,6,0.04435340000782162,1.8858268414663928,1650.0,100,15,"[0.9340596780273533, 0.09446449835144466, 0.9453687199297687, 0.4296319873487293, 0.3954576491945416, -0.5678210088392472, 0.9525489095524835, -0.9875394895908203, -0.4940352752331121, -0.13041693519110842, 0.5587658435875049, -0.6046298507994938, 0.7259864711984445, 0.9668013543506255, -0.6723155171906026, 0.19466788786571843, -0.98202780466489, -0.22685743471274122, -0.9116798841370009, 0.9133059354284718, -0.1277067062404047, 0.8979546135631256, 0.5726119718701219, 0.7325785971633969, -0.6536691570081037, -0.850102825973786, 0.2014854427555386, -0.6640556325631923, 0.4667603350211398, -0.18311227969597055, 0.05581764683584067, 0.875143167901884, 0.043392244889916, -0.7836132342255386, -0.6835531856304011, 0.09040530340642561, 0.04880816013694678, 0.2752204882519873, -0.1970091128194542, 0.2996102180386846, -0.20619999419653467, 0.24783222709644614, 0.5348099341802477, -0.6420521799177383, -0.24884846282491524, 0.005066118653868745, 0.3733341598326916, -0.4926407026772337, 0.10948172588511706, 0.24986168812819542, 0.7910023321122921, -0.27429282313374714, 0.2751141460374733, -0.6171071957620733, -0.004411770765388567, -0.6351091908575863, 0.8367660782795254, -0.13635585731754474, 0.6603762041966925, -0.16644739064327485, 0.8093351774867339, -0.19034956537818792, -0.33765099381775454, 0.14427754054549724, 0.6908872981882266, 0.7220286235061439, 0.19137623413666893, -0.8306767779591795, 0.19453321463834983, -0.5090925828337958, 0.46518689717993555, 0.7893025846334776, 0.0294679418262902, 0.20712702072041278, -0.8698643752343853, 0.08014945928561268, -0.7416264326591246, 0.22912569270066396, -0.2726993059103242, 0.5355160686614915, -0.902931727160895, -0.7803637637643119, 0.36804643024725525, 0.029307394167312983, 0.1432827432294983, 0.6874139879813108, -0.024524721700651453, 0.6202888442522898, 0.020487258589880097, 0.8534413864805024, 0.333855543079252, -0.7025463211318861, -0.27089364934848836, 0.7315498318881986, -0.29942957828896866, -0.6219484810876903, -0.0547573816684539, -0.21443765035574014, 0.23785985328818726, -0.12646741612097356, -0.47815568541100895, -0.17505557667448635, -0.16193193089539926, 0.8048437117522818, 0.9592325240809707, 0.24713767881382775, -0.8336317548582777, 0.46599743519199, 0.357370804957968, 0.6520457340504391, -0.3050973265778887, -0.8822398116837538, 0.2236436329105842, -0.751970763373456, 0.5190590583266628, 0.5888466351532844, -0.18274642650020412, 0.8875950117660911, -0.6524404124894483, 0.8851716994539605]",rhc,relu,False,False,100,[10],0.1,100,11
1107,7,0.04734460008330643,1.8858268414663928,1651.0,100,15,"[0.9340596780273533, 0.09446449835144466, 0.9453687199297687, 0.4296319873487293, 0.3954576491945416, -0.5678210088392472, 0.9525489095524835, -0.9875394895908203, -0.4940352752331121, -0.13041693519110842, 0.5587658435875049, -0.6046298507994938, 0.7259864711984445, 0.9668013543506255, -0.6723155171906026, 0.19466788786571843, -0.98202780466489, -0.22685743471274122, -0.9116798841370009, 0.9133059354284718, -0.1277067062404047, 0.8979546135631256, 0.5726119718701219, 0.7325785971633969, -0.6536691570081037, -0.850102825973786, 0.2014854427555386, -0.6640556325631923, 0.4667603350211398, -0.18311227969597055, 0.05581764683584067, 0.875143167901884, 0.043392244889916, -0.7836132342255386, -0.6835531856304011, 0.09040530340642561, 0.04880816013694678, 0.2752204882519873, -0.1970091128194542, 0.2996102180386846, -0.20619999419653467, 0.24783222709644614, 0.5348099341802477, -0.6420521799177383, -0.24884846282491524, 0.005066118653868745, 0.3733341598326916, -0.4926407026772337, 0.10948172588511706, 0.24986168812819542, 0.7910023321122921, -0.27429282313374714, 0.2751141460374733, -0.6171071957620733, -0.004411770765388567, -0.6351091908575863, 0.8367660782795254, -0.13635585731754474, 0.6603762041966925, -0.16644739064327485, 0.8093351774867339, -0.19034956537818792, -0.33765099381775454, 0.14427754054549724, 0.6908872981882266, 0.7220286235061439, 0.19137623413666893, -0.8306767779591795, 0.19453321463834983, -0.5090925828337958, 0.46518689717993555, 0.7893025846334776, 0.0294679418262902, 0.20712702072041278, -0.8698643752343853, 0.08014945928561268, -0.7416264326591246, 0.22912569270066396, -0.2726993059103242, 0.5355160686614915, -0.902931727160895, -0.7803637637643119, 0.36804643024725525, 0.029307394167312983, 0.1432827432294983, 0.6874139879813108, -0.024524721700651453, 0.6202888442522898, 0.020487258589880097, 0.8534413864805024, 0.333855543079252, -0.7025463211318861, -0.27089364934848836, 0.7315498318881986, -0.29942957828896866, -0.6219484810876903, -0.0547573816684539, -0.21443765035574014, 0.23785985328818726, -0.12646741612097356, -0.47815568541100895, -0.17505557667448635, -0.16193193089539926, 0.8048437117522818, 0.9592325240809707, 0.24713767881382775, -0.8336317548582777, 0.46599743519199, 0.357370804957968, 0.6520457340504391, -0.3050973265778887, -0.8822398116837538, 0.2236436329105842, -0.751970763373456, 0.5190590583266628, 0.5888466351532844, -0.18274642650020412, 0.8875950117660911, -0.6524404124894483, 0.8851716994539605]",rhc,relu,False,False,100,[10],0.1,100,11
1108,8,0.049982900032773614,1.8858268414663928,1652.0,100,15,"[0.9340596780273533, 0.09446449835144466, 0.9453687199297687, 0.4296319873487293, 0.3954576491945416, -0.5678210088392472, 0.9525489095524835, -0.9875394895908203, -0.4940352752331121, -0.13041693519110842, 0.5587658435875049, -0.6046298507994938, 0.7259864711984445, 0.9668013543506255, -0.6723155171906026, 0.19466788786571843, -0.98202780466489, -0.22685743471274122, -0.9116798841370009, 0.9133059354284718, -0.1277067062404047, 0.8979546135631256, 0.5726119718701219, 0.7325785971633969, -0.6536691570081037, -0.850102825973786, 0.2014854427555386, -0.6640556325631923, 0.4667603350211398, -0.18311227969597055, 0.05581764683584067, 0.875143167901884, 0.043392244889916, -0.7836132342255386, -0.6835531856304011, 0.09040530340642561, 0.04880816013694678, 0.2752204882519873, -0.1970091128194542, 0.2996102180386846, -0.20619999419653467, 0.24783222709644614, 0.5348099341802477, -0.6420521799177383, -0.24884846282491524, 0.005066118653868745, 0.3733341598326916, -0.4926407026772337, 0.10948172588511706, 0.24986168812819542, 0.7910023321122921, -0.27429282313374714, 0.2751141460374733, -0.6171071957620733, -0.004411770765388567, -0.6351091908575863, 0.8367660782795254, -0.13635585731754474, 0.6603762041966925, -0.16644739064327485, 0.8093351774867339, -0.19034956537818792, -0.33765099381775454, 0.14427754054549724, 0.6908872981882266, 0.7220286235061439, 0.19137623413666893, -0.8306767779591795, 0.19453321463834983, -0.5090925828337958, 0.46518689717993555, 0.7893025846334776, 0.0294679418262902, 0.20712702072041278, -0.8698643752343853, 0.08014945928561268, -0.7416264326591246, 0.22912569270066396, -0.2726993059103242, 0.5355160686614915, -0.902931727160895, -0.7803637637643119, 0.36804643024725525, 0.029307394167312983, 0.1432827432294983, 0.6874139879813108, -0.024524721700651453, 0.6202888442522898, 0.020487258589880097, 0.8534413864805024, 0.333855543079252, -0.7025463211318861, -0.27089364934848836, 0.7315498318881986, -0.29942957828896866, -0.6219484810876903, -0.0547573816684539, -0.21443765035574014, 0.23785985328818726, -0.12646741612097356, -0.47815568541100895, -0.17505557667448635, -0.16193193089539926, 0.8048437117522818, 0.9592325240809707, 0.24713767881382775, -0.8336317548582777, 0.46599743519199, 0.357370804957968, 0.6520457340504391, -0.3050973265778887, -0.8822398116837538, 0.2236436329105842, -0.751970763373456, 0.5190590583266628, 0.5888466351532844, -0.18274642650020412, 0.8875950117660911, -0.6524404124894483, 0.8851716994539605]",rhc,relu,False,False,100,[10],0.1,100,11
1109,9,0.05281060002744198,1.8858268414663928,1653.0,100,15,"[0.9340596780273533, 0.09446449835144466, 0.9453687199297687, 0.4296319873487293, 0.3954576491945416, -0.5678210088392472, 0.9525489095524835, -0.9875394895908203, -0.4940352752331121, -0.13041693519110842, 0.5587658435875049, -0.6046298507994938, 0.7259864711984445, 0.9668013543506255, -0.6723155171906026, 0.19466788786571843, -0.98202780466489, -0.22685743471274122, -0.9116798841370009, 0.9133059354284718, -0.1277067062404047, 0.8979546135631256, 0.5726119718701219, 0.7325785971633969, -0.6536691570081037, -0.850102825973786, 0.2014854427555386, -0.6640556325631923, 0.4667603350211398, -0.18311227969597055, 0.05581764683584067, 0.875143167901884, 0.043392244889916, -0.7836132342255386, -0.6835531856304011, 0.09040530340642561, 0.04880816013694678, 0.2752204882519873, -0.1970091128194542, 0.2996102180386846, -0.20619999419653467, 0.24783222709644614, 0.5348099341802477, -0.6420521799177383, -0.24884846282491524, 0.005066118653868745, 0.3733341598326916, -0.4926407026772337, 0.10948172588511706, 0.24986168812819542, 0.7910023321122921, -0.27429282313374714, 0.2751141460374733, -0.6171071957620733, -0.004411770765388567, -0.6351091908575863, 0.8367660782795254, -0.13635585731754474, 0.6603762041966925, -0.16644739064327485, 0.8093351774867339, -0.19034956537818792, -0.33765099381775454, 0.14427754054549724, 0.6908872981882266, 0.7220286235061439, 0.19137623413666893, -0.8306767779591795, 0.19453321463834983, -0.5090925828337958, 0.46518689717993555, 0.7893025846334776, 0.0294679418262902, 0.20712702072041278, -0.8698643752343853, 0.08014945928561268, -0.7416264326591246, 0.22912569270066396, -0.2726993059103242, 0.5355160686614915, -0.902931727160895, -0.7803637637643119, 0.36804643024725525, 0.029307394167312983, 0.1432827432294983, 0.6874139879813108, -0.024524721700651453, 0.6202888442522898, 0.020487258589880097, 0.8534413864805024, 0.333855543079252, -0.7025463211318861, -0.27089364934848836, 0.7315498318881986, -0.29942957828896866, -0.6219484810876903, -0.0547573816684539, -0.21443765035574014, 0.23785985328818726, -0.12646741612097356, -0.47815568541100895, -0.17505557667448635, -0.16193193089539926, 0.8048437117522818, 0.9592325240809707, 0.24713767881382775, -0.8336317548582777, 0.46599743519199, 0.357370804957968, 0.6520457340504391, -0.3050973265778887, -0.8822398116837538, 0.2236436329105842, -0.751970763373456, 0.5190590583266628, 0.5888466351532844, -0.18274642650020412, 0.8875950117660911, -0.6524404124894483, 0.8851716994539605]",rhc,relu,False,False,100,[10],0.1,100,11
1110,10,0.054268900072202086,1.8858268414663928,1654.0,100,15,"[0.9340596780273533, 0.09446449835144466, 0.9453687199297687, 0.4296319873487293, 0.3954576491945416, -0.5678210088392472, 0.9525489095524835, -0.9875394895908203, -0.4940352752331121, -0.13041693519110842, 0.5587658435875049, -0.6046298507994938, 0.7259864711984445, 0.9668013543506255, -0.6723155171906026, 0.19466788786571843, -0.98202780466489, -0.22685743471274122, -0.9116798841370009, 0.9133059354284718, -0.1277067062404047, 0.8979546135631256, 0.5726119718701219, 0.7325785971633969, -0.6536691570081037, -0.850102825973786, 0.2014854427555386, -0.6640556325631923, 0.4667603350211398, -0.18311227969597055, 0.05581764683584067, 0.875143167901884, 0.043392244889916, -0.7836132342255386, -0.6835531856304011, 0.09040530340642561, 0.04880816013694678, 0.2752204882519873, -0.1970091128194542, 0.2996102180386846, -0.20619999419653467, 0.24783222709644614, 0.5348099341802477, -0.6420521799177383, -0.24884846282491524, 0.005066118653868745, 0.3733341598326916, -0.4926407026772337, 0.10948172588511706, 0.24986168812819542, 0.7910023321122921, -0.27429282313374714, 0.2751141460374733, -0.6171071957620733, -0.004411770765388567, -0.6351091908575863, 0.8367660782795254, -0.13635585731754474, 0.6603762041966925, -0.16644739064327485, 0.8093351774867339, -0.19034956537818792, -0.33765099381775454, 0.14427754054549724, 0.6908872981882266, 0.7220286235061439, 0.19137623413666893, -0.8306767779591795, 0.19453321463834983, -0.5090925828337958, 0.46518689717993555, 0.7893025846334776, 0.0294679418262902, 0.20712702072041278, -0.8698643752343853, 0.08014945928561268, -0.7416264326591246, 0.22912569270066396, -0.2726993059103242, 0.5355160686614915, -0.902931727160895, -0.7803637637643119, 0.36804643024725525, 0.029307394167312983, 0.1432827432294983, 0.6874139879813108, -0.024524721700651453, 0.6202888442522898, 0.020487258589880097, 0.8534413864805024, 0.333855543079252, -0.7025463211318861, -0.27089364934848836, 0.7315498318881986, -0.29942957828896866, -0.6219484810876903, -0.0547573816684539, -0.21443765035574014, 0.23785985328818726, -0.12646741612097356, -0.47815568541100895, -0.17505557667448635, -0.16193193089539926, 0.8048437117522818, 0.9592325240809707, 0.24713767881382775, -0.8336317548582777, 0.46599743519199, 0.357370804957968, 0.6520457340504391, -0.3050973265778887, -0.8822398116837538, 0.2236436329105842, -0.751970763373456, 0.5190590583266628, 0.5888466351532844, -0.18274642650020412, 0.8875950117660911, -0.6524404124894483, 0.8851716994539605]",rhc,relu,False,False,100,[10],0.1,100,11
1111,11,0.05699730000924319,1.8858268414663928,1655.0,100,15,"[0.9340596780273533, 0.09446449835144466, 0.9453687199297687, 0.4296319873487293, 0.3954576491945416, -0.5678210088392472, 0.9525489095524835, -0.9875394895908203, -0.4940352752331121, -0.13041693519110842, 0.5587658435875049, -0.6046298507994938, 0.7259864711984445, 0.9668013543506255, -0.6723155171906026, 0.19466788786571843, -0.98202780466489, -0.22685743471274122, -0.9116798841370009, 0.9133059354284718, -0.1277067062404047, 0.8979546135631256, 0.5726119718701219, 0.7325785971633969, -0.6536691570081037, -0.850102825973786, 0.2014854427555386, -0.6640556325631923, 0.4667603350211398, -0.18311227969597055, 0.05581764683584067, 0.875143167901884, 0.043392244889916, -0.7836132342255386, -0.6835531856304011, 0.09040530340642561, 0.04880816013694678, 0.2752204882519873, -0.1970091128194542, 0.2996102180386846, -0.20619999419653467, 0.24783222709644614, 0.5348099341802477, -0.6420521799177383, -0.24884846282491524, 0.005066118653868745, 0.3733341598326916, -0.4926407026772337, 0.10948172588511706, 0.24986168812819542, 0.7910023321122921, -0.27429282313374714, 0.2751141460374733, -0.6171071957620733, -0.004411770765388567, -0.6351091908575863, 0.8367660782795254, -0.13635585731754474, 0.6603762041966925, -0.16644739064327485, 0.8093351774867339, -0.19034956537818792, -0.33765099381775454, 0.14427754054549724, 0.6908872981882266, 0.7220286235061439, 0.19137623413666893, -0.8306767779591795, 0.19453321463834983, -0.5090925828337958, 0.46518689717993555, 0.7893025846334776, 0.0294679418262902, 0.20712702072041278, -0.8698643752343853, 0.08014945928561268, -0.7416264326591246, 0.22912569270066396, -0.2726993059103242, 0.5355160686614915, -0.902931727160895, -0.7803637637643119, 0.36804643024725525, 0.029307394167312983, 0.1432827432294983, 0.6874139879813108, -0.024524721700651453, 0.6202888442522898, 0.020487258589880097, 0.8534413864805024, 0.333855543079252, -0.7025463211318861, -0.27089364934848836, 0.7315498318881986, -0.29942957828896866, -0.6219484810876903, -0.0547573816684539, -0.21443765035574014, 0.23785985328818726, -0.12646741612097356, -0.47815568541100895, -0.17505557667448635, -0.16193193089539926, 0.8048437117522818, 0.9592325240809707, 0.24713767881382775, -0.8336317548582777, 0.46599743519199, 0.357370804957968, 0.6520457340504391, -0.3050973265778887, -0.8822398116837538, 0.2236436329105842, -0.751970763373456, 0.5190590583266628, 0.5888466351532844, -0.18274642650020412, 0.8875950117660911, -0.6524404124894483, 0.8851716994539605]",rhc,relu,False,False,100,[10],0.1,100,11
1112,12,0.05975670006591827,1.8858268414663928,1656.0,100,15,"[0.9340596780273533, 0.09446449835144466, 0.9453687199297687, 0.4296319873487293, 0.3954576491945416, -0.5678210088392472, 0.9525489095524835, -0.9875394895908203, -0.4940352752331121, -0.13041693519110842, 0.5587658435875049, -0.6046298507994938, 0.7259864711984445, 0.9668013543506255, -0.6723155171906026, 0.19466788786571843, -0.98202780466489, -0.22685743471274122, -0.9116798841370009, 0.9133059354284718, -0.1277067062404047, 0.8979546135631256, 0.5726119718701219, 0.7325785971633969, -0.6536691570081037, -0.850102825973786, 0.2014854427555386, -0.6640556325631923, 0.4667603350211398, -0.18311227969597055, 0.05581764683584067, 0.875143167901884, 0.043392244889916, -0.7836132342255386, -0.6835531856304011, 0.09040530340642561, 0.04880816013694678, 0.2752204882519873, -0.1970091128194542, 0.2996102180386846, -0.20619999419653467, 0.24783222709644614, 0.5348099341802477, -0.6420521799177383, -0.24884846282491524, 0.005066118653868745, 0.3733341598326916, -0.4926407026772337, 0.10948172588511706, 0.24986168812819542, 0.7910023321122921, -0.27429282313374714, 0.2751141460374733, -0.6171071957620733, -0.004411770765388567, -0.6351091908575863, 0.8367660782795254, -0.13635585731754474, 0.6603762041966925, -0.16644739064327485, 0.8093351774867339, -0.19034956537818792, -0.33765099381775454, 0.14427754054549724, 0.6908872981882266, 0.7220286235061439, 0.19137623413666893, -0.8306767779591795, 0.19453321463834983, -0.5090925828337958, 0.46518689717993555, 0.7893025846334776, 0.0294679418262902, 0.20712702072041278, -0.8698643752343853, 0.08014945928561268, -0.7416264326591246, 0.22912569270066396, -0.2726993059103242, 0.5355160686614915, -0.902931727160895, -0.7803637637643119, 0.36804643024725525, 0.029307394167312983, 0.1432827432294983, 0.6874139879813108, -0.024524721700651453, 0.6202888442522898, 0.020487258589880097, 0.8534413864805024, 0.333855543079252, -0.7025463211318861, -0.27089364934848836, 0.7315498318881986, -0.29942957828896866, -0.6219484810876903, -0.0547573816684539, -0.21443765035574014, 0.23785985328818726, -0.12646741612097356, -0.47815568541100895, -0.17505557667448635, -0.16193193089539926, 0.8048437117522818, 0.9592325240809707, 0.24713767881382775, -0.8336317548582777, 0.46599743519199, 0.357370804957968, 0.6520457340504391, -0.3050973265778887, -0.8822398116837538, 0.2236436329105842, -0.751970763373456, 0.5190590583266628, 0.5888466351532844, -0.18274642650020412, 0.8875950117660911, -0.6524404124894483, 0.8851716994539605]",rhc,relu,False,False,100,[10],0.1,100,11
1113,13,0.06276760005857795,1.8742454378539315,1658.0,100,15,"[0.9340596780273533, 0.09446449835144466, 0.9453687199297687, 0.4296319873487293, 0.3954576491945416, -0.5678210088392472, 0.9525489095524835, -0.9875394895908203, -0.4940352752331121, -0.13041693519110842, 0.5587658435875049, -0.6046298507994938, 0.7259864711984445, 0.9668013543506255, -0.6723155171906026, 0.19466788786571843, -0.98202780466489, -0.22685743471274122, -0.9116798841370009, 0.9133059354284718, -0.1277067062404047, 0.8979546135631256, 0.5726119718701219, 0.7325785971633969, -0.6536691570081037, -0.850102825973786, 0.2014854427555386, -0.6640556325631923, 0.4667603350211398, -0.18311227969597055, 0.05581764683584067, 0.875143167901884, 0.043392244889916, -0.7836132342255386, -0.6835531856304011, 0.09040530340642561, 0.04880816013694678, 0.2752204882519873, -0.1970091128194542, 0.2996102180386846, -0.20619999419653467, 0.24783222709644614, 0.5348099341802477, -0.6420521799177383, -0.24884846282491524, 0.005066118653868745, 0.3733341598326916, -0.4926407026772337, 0.10948172588511706, 0.24986168812819542, 0.7910023321122921, -0.27429282313374714, 0.2751141460374733, -0.6171071957620733, -0.004411770765388567, -0.6351091908575863, 0.8367660782795254, -0.13635585731754474, 0.6603762041966925, -0.16644739064327485, 0.8093351774867339, -0.19034956537818792, -0.33765099381775454, 0.14427754054549724, 0.6908872981882266, 0.7220286235061439, 0.19137623413666893, -0.8306767779591795, 0.19453321463834983, -0.5090925828337958, 0.46518689717993555, 0.7893025846334776, 0.0294679418262902, 0.20712702072041278, -0.8698643752343853, 0.08014945928561268, -0.7416264326591246, 0.22912569270066396, -0.2726993059103242, 0.5355160686614915, -0.902931727160895, -0.7803637637643119, 0.36804643024725525, 0.029307394167312983, 0.1432827432294983, 0.6874139879813108, -0.024524721700651453, 0.6202888442522898, 0.020487258589880097, 0.8534413864805024, 0.333855543079252, -0.7025463211318861, -0.27089364934848836, 0.7315498318881986, -0.29942957828896866, -0.6219484810876903, -0.0547573816684539, -0.21443765035574014, 0.23785985328818726, -0.12646741612097356, -0.47815568541100895, -0.17505557667448635, -0.16193193089539926, 0.8048437117522818, 0.9592325240809707, 0.24713767881382775, -0.8336317548582777, 0.46599743519199, 0.357370804957968, 0.6520457340504391, -0.3050973265778887, -0.8822398116837538, 0.2236436329105842, -0.751970763373456, 0.5190590583266628, 0.5888466351532844, -0.18274642650020412, 0.8875950117660911, -0.6524404124894483, 0.8851716994539605]",rhc,relu,False,False,100,[10],0.1,100,11
1114,14,0.06632550002541393,1.8742454378539315,1659.0,100,15,"[0.9340596780273533, 0.09446449835144466, 0.9453687199297687, 0.4296319873487293, 0.3954576491945416, -0.5678210088392472, 0.9525489095524835, -0.9875394895908203, -0.4940352752331121, -0.13041693519110842, 0.5587658435875049, -0.6046298507994938, 0.7259864711984445, 0.9668013543506255, -0.6723155171906026, 0.19466788786571843, -0.98202780466489, -0.22685743471274122, -0.9116798841370009, 0.9133059354284718, -0.1277067062404047, 0.8979546135631256, 0.5726119718701219, 0.7325785971633969, -0.6536691570081037, -0.850102825973786, 0.2014854427555386, -0.6640556325631923, 0.4667603350211398, -0.18311227969597055, 0.05581764683584067, 0.875143167901884, 0.043392244889916, -0.7836132342255386, -0.6835531856304011, 0.09040530340642561, 0.04880816013694678, 0.2752204882519873, -0.1970091128194542, 0.2996102180386846, -0.20619999419653467, 0.24783222709644614, 0.5348099341802477, -0.6420521799177383, -0.24884846282491524, 0.005066118653868745, 0.3733341598326916, -0.4926407026772337, 0.10948172588511706, 0.24986168812819542, 0.7910023321122921, -0.27429282313374714, 0.2751141460374733, -0.6171071957620733, -0.004411770765388567, -0.6351091908575863, 0.8367660782795254, -0.13635585731754474, 0.6603762041966925, -0.16644739064327485, 0.8093351774867339, -0.19034956537818792, -0.33765099381775454, 0.14427754054549724, 0.6908872981882266, 0.7220286235061439, 0.19137623413666893, -0.8306767779591795, 0.19453321463834983, -0.5090925828337958, 0.46518689717993555, 0.7893025846334776, 0.0294679418262902, 0.20712702072041278, -0.8698643752343853, 0.08014945928561268, -0.7416264326591246, 0.22912569270066396, -0.2726993059103242, 0.5355160686614915, -0.902931727160895, -0.7803637637643119, 0.36804643024725525, 0.029307394167312983, 0.1432827432294983, 0.6874139879813108, -0.024524721700651453, 0.6202888442522898, 0.020487258589880097, 0.8534413864805024, 0.333855543079252, -0.7025463211318861, -0.27089364934848836, 0.7315498318881986, -0.29942957828896866, -0.6219484810876903, -0.0547573816684539, -0.21443765035574014, 0.23785985328818726, -0.12646741612097356, -0.47815568541100895, -0.17505557667448635, -0.16193193089539926, 0.8048437117522818, 0.9592325240809707, 0.24713767881382775, -0.8336317548582777, 0.46599743519199, 0.357370804957968, 0.6520457340504391, -0.3050973265778887, -0.8822398116837538, 0.2236436329105842, -0.751970763373456, 0.5190590583266628, 0.5888466351532844, -0.18274642650020412, 0.8875950117660911, -0.6524404124894483, 0.8851716994539605]",rhc,relu,False,False,100,[10],0.1,100,11
1115,15,0.06922320008743554,1.8742454378539315,1660.0,100,15,"[0.9340596780273533, 0.09446449835144466, 0.9453687199297687, 0.4296319873487293, 0.3954576491945416, -0.5678210088392472, 0.9525489095524835, -0.9875394895908203, -0.4940352752331121, -0.13041693519110842, 0.5587658435875049, -0.6046298507994938, 0.7259864711984445, 0.9668013543506255, -0.6723155171906026, 0.19466788786571843, -0.98202780466489, -0.22685743471274122, -0.9116798841370009, 0.9133059354284718, -0.1277067062404047, 0.8979546135631256, 0.5726119718701219, 0.7325785971633969, -0.6536691570081037, -0.850102825973786, 0.2014854427555386, -0.6640556325631923, 0.4667603350211398, -0.18311227969597055, 0.05581764683584067, 0.875143167901884, 0.043392244889916, -0.7836132342255386, -0.6835531856304011, 0.09040530340642561, 0.04880816013694678, 0.2752204882519873, -0.1970091128194542, 0.2996102180386846, -0.20619999419653467, 0.24783222709644614, 0.5348099341802477, -0.6420521799177383, -0.24884846282491524, 0.005066118653868745, 0.3733341598326916, -0.4926407026772337, 0.10948172588511706, 0.24986168812819542, 0.7910023321122921, -0.27429282313374714, 0.2751141460374733, -0.6171071957620733, -0.004411770765388567, -0.6351091908575863, 0.8367660782795254, -0.13635585731754474, 0.6603762041966925, -0.16644739064327485, 0.8093351774867339, -0.19034956537818792, -0.33765099381775454, 0.14427754054549724, 0.6908872981882266, 0.7220286235061439, 0.19137623413666893, -0.8306767779591795, 0.19453321463834983, -0.5090925828337958, 0.46518689717993555, 0.7893025846334776, 0.0294679418262902, 0.20712702072041278, -0.8698643752343853, 0.08014945928561268, -0.7416264326591246, 0.22912569270066396, -0.2726993059103242, 0.5355160686614915, -0.902931727160895, -0.7803637637643119, 0.36804643024725525, 0.029307394167312983, 0.1432827432294983, 0.6874139879813108, -0.024524721700651453, 0.6202888442522898, 0.020487258589880097, 0.8534413864805024, 0.333855543079252, -0.7025463211318861, -0.27089364934848836, 0.7315498318881986, -0.29942957828896866, -0.6219484810876903, -0.0547573816684539, -0.21443765035574014, 0.23785985328818726, -0.12646741612097356, -0.47815568541100895, -0.17505557667448635, -0.16193193089539926, 0.8048437117522818, 0.9592325240809707, 0.24713767881382775, -0.8336317548582777, 0.46599743519199, 0.357370804957968, 0.6520457340504391, -0.3050973265778887, -0.8822398116837538, 0.2236436329105842, -0.751970763373456, 0.5190590583266628, 0.5888466351532844, -0.18274642650020412, 0.8875950117660911, -0.6524404124894483, 0.8851716994539605]",rhc,relu,False,False,100,[10],0.1,100,11
1116,16,0.07063110009767115,1.8742454378539315,1661.0,100,15,"[0.9340596780273533, 0.09446449835144466, 0.9453687199297687, 0.4296319873487293, 0.3954576491945416, -0.5678210088392472, 0.9525489095524835, -0.9875394895908203, -0.4940352752331121, -0.13041693519110842, 0.5587658435875049, -0.6046298507994938, 0.7259864711984445, 0.9668013543506255, -0.6723155171906026, 0.19466788786571843, -0.98202780466489, -0.22685743471274122, -0.9116798841370009, 0.9133059354284718, -0.1277067062404047, 0.8979546135631256, 0.5726119718701219, 0.7325785971633969, -0.6536691570081037, -0.850102825973786, 0.2014854427555386, -0.6640556325631923, 0.4667603350211398, -0.18311227969597055, 0.05581764683584067, 0.875143167901884, 0.043392244889916, -0.7836132342255386, -0.6835531856304011, 0.09040530340642561, 0.04880816013694678, 0.2752204882519873, -0.1970091128194542, 0.2996102180386846, -0.20619999419653467, 0.24783222709644614, 0.5348099341802477, -0.6420521799177383, -0.24884846282491524, 0.005066118653868745, 0.3733341598326916, -0.4926407026772337, 0.10948172588511706, 0.24986168812819542, 0.7910023321122921, -0.27429282313374714, 0.2751141460374733, -0.6171071957620733, -0.004411770765388567, -0.6351091908575863, 0.8367660782795254, -0.13635585731754474, 0.6603762041966925, -0.16644739064327485, 0.8093351774867339, -0.19034956537818792, -0.33765099381775454, 0.14427754054549724, 0.6908872981882266, 0.7220286235061439, 0.19137623413666893, -0.8306767779591795, 0.19453321463834983, -0.5090925828337958, 0.46518689717993555, 0.7893025846334776, 0.0294679418262902, 0.20712702072041278, -0.8698643752343853, 0.08014945928561268, -0.7416264326591246, 0.22912569270066396, -0.2726993059103242, 0.5355160686614915, -0.902931727160895, -0.7803637637643119, 0.36804643024725525, 0.029307394167312983, 0.1432827432294983, 0.6874139879813108, -0.024524721700651453, 0.6202888442522898, 0.020487258589880097, 0.8534413864805024, 0.333855543079252, -0.7025463211318861, -0.27089364934848836, 0.7315498318881986, -0.29942957828896866, -0.6219484810876903, -0.0547573816684539, -0.21443765035574014, 0.23785985328818726, -0.12646741612097356, -0.47815568541100895, -0.17505557667448635, -0.16193193089539926, 0.8048437117522818, 0.9592325240809707, 0.24713767881382775, -0.8336317548582777, 0.46599743519199, 0.357370804957968, 0.6520457340504391, -0.3050973265778887, -0.8822398116837538, 0.2236436329105842, -0.751970763373456, 0.5190590583266628, 0.5888466351532844, -0.18274642650020412, 0.8875950117660911, -0.6524404124894483, 0.8851716994539605]",rhc,relu,False,False,100,[10],0.1,100,11
1117,17,0.07200020004529506,1.8728464918433019,1663.0,100,15,"[0.9340596780273533, 0.09446449835144466, 0.9453687199297687, 0.4296319873487293, 0.3954576491945416, -0.5678210088392472, 0.9525489095524835, -0.9875394895908203, -0.4940352752331121, -0.13041693519110842, 0.5587658435875049, -0.6046298507994938, 0.7259864711984445, 0.9668013543506255, -0.6723155171906026, 0.19466788786571843, -0.98202780466489, -0.22685743471274122, -0.9116798841370009, 0.9133059354284718, -0.1277067062404047, 0.8979546135631256, 0.5726119718701219, 0.7325785971633969, -0.6536691570081037, -0.850102825973786, 0.2014854427555386, -0.6640556325631923, 0.4667603350211398, -0.18311227969597055, 0.05581764683584067, 0.875143167901884, 0.043392244889916, -0.7836132342255386, -0.6835531856304011, 0.09040530340642561, 0.04880816013694678, 0.2752204882519873, -0.1970091128194542, 0.2996102180386846, -0.20619999419653467, 0.24783222709644614, 0.5348099341802477, -0.6420521799177383, -0.24884846282491524, 0.005066118653868745, 0.3733341598326916, -0.4926407026772337, 0.10948172588511706, 0.24986168812819542, 0.7910023321122921, -0.27429282313374714, 0.2751141460374733, -0.6171071957620733, -0.004411770765388567, -0.6351091908575863, 0.8367660782795254, -0.13635585731754474, 0.6603762041966925, -0.16644739064327485, 0.8093351774867339, -0.19034956537818792, -0.33765099381775454, 0.14427754054549724, 0.6908872981882266, 0.7220286235061439, 0.19137623413666893, -0.8306767779591795, 0.19453321463834983, -0.5090925828337958, 0.46518689717993555, 0.7893025846334776, 0.0294679418262902, 0.20712702072041278, -0.8698643752343853, 0.08014945928561268, -0.7416264326591246, 0.22912569270066396, -0.2726993059103242, 0.5355160686614915, -0.902931727160895, -0.7803637637643119, 0.36804643024725525, 0.029307394167312983, 0.1432827432294983, 0.6874139879813108, -0.024524721700651453, 0.6202888442522898, 0.020487258589880097, 0.8534413864805024, 0.333855543079252, -0.7025463211318861, -0.27089364934848836, 0.7315498318881986, -0.29942957828896866, -0.6219484810876903, -0.0547573816684539, -0.21443765035574014, 0.23785985328818726, -0.12646741612097356, -0.47815568541100895, -0.17505557667448635, -0.16193193089539926, 0.8048437117522818, 0.9592325240809707, 0.24713767881382775, -0.8336317548582777, 0.46599743519199, 0.357370804957968, 0.6520457340504391, -0.3050973265778887, -0.8822398116837538, 0.2236436329105842, -0.751970763373456, 0.5190590583266628, 0.5888466351532844, -0.18274642650020412, 0.8875950117660911, -0.6524404124894483, 0.8851716994539605]",rhc,relu,False,False,100,[10],0.1,100,11
1118,18,0.07342060003429651,1.8728464918433019,1664.0,100,15,"[0.9340596780273533, 0.09446449835144466, 0.9453687199297687, 0.4296319873487293, 0.3954576491945416, -0.5678210088392472, 0.9525489095524835, -0.9875394895908203, -0.4940352752331121, -0.13041693519110842, 0.5587658435875049, -0.6046298507994938, 0.7259864711984445, 0.9668013543506255, -0.6723155171906026, 0.19466788786571843, -0.98202780466489, -0.22685743471274122, -0.9116798841370009, 0.9133059354284718, -0.1277067062404047, 0.8979546135631256, 0.5726119718701219, 0.7325785971633969, -0.6536691570081037, -0.850102825973786, 0.2014854427555386, -0.6640556325631923, 0.4667603350211398, -0.18311227969597055, 0.05581764683584067, 0.875143167901884, 0.043392244889916, -0.7836132342255386, -0.6835531856304011, 0.09040530340642561, 0.04880816013694678, 0.2752204882519873, -0.1970091128194542, 0.2996102180386846, -0.20619999419653467, 0.24783222709644614, 0.5348099341802477, -0.6420521799177383, -0.24884846282491524, 0.005066118653868745, 0.3733341598326916, -0.4926407026772337, 0.10948172588511706, 0.24986168812819542, 0.7910023321122921, -0.27429282313374714, 0.2751141460374733, -0.6171071957620733, -0.004411770765388567, -0.6351091908575863, 0.8367660782795254, -0.13635585731754474, 0.6603762041966925, -0.16644739064327485, 0.8093351774867339, -0.19034956537818792, -0.33765099381775454, 0.14427754054549724, 0.6908872981882266, 0.7220286235061439, 0.19137623413666893, -0.8306767779591795, 0.19453321463834983, -0.5090925828337958, 0.46518689717993555, 0.7893025846334776, 0.0294679418262902, 0.20712702072041278, -0.8698643752343853, 0.08014945928561268, -0.7416264326591246, 0.22912569270066396, -0.2726993059103242, 0.5355160686614915, -0.902931727160895, -0.7803637637643119, 0.36804643024725525, 0.029307394167312983, 0.1432827432294983, 0.6874139879813108, -0.024524721700651453, 0.6202888442522898, 0.020487258589880097, 0.8534413864805024, 0.333855543079252, -0.7025463211318861, -0.27089364934848836, 0.7315498318881986, -0.29942957828896866, -0.6219484810876903, -0.0547573816684539, -0.21443765035574014, 0.23785985328818726, -0.12646741612097356, -0.47815568541100895, -0.17505557667448635, -0.16193193089539926, 0.8048437117522818, 0.9592325240809707, 0.24713767881382775, -0.8336317548582777, 0.46599743519199, 0.357370804957968, 0.6520457340504391, -0.3050973265778887, -0.8822398116837538, 0.2236436329105842, -0.751970763373456, 0.5190590583266628, 0.5888466351532844, -0.18274642650020412, 0.8875950117660911, -0.6524404124894483, 0.8851716994539605]",rhc,relu,False,False,100,[10],0.1,100,11
1119,19,0.07618380000349134,1.8728464918433019,1665.0,100,15,"[0.9340596780273533, 0.09446449835144466, 0.9453687199297687, 0.4296319873487293, 0.3954576491945416, -0.5678210088392472, 0.9525489095524835, -0.9875394895908203, -0.4940352752331121, -0.13041693519110842, 0.5587658435875049, -0.6046298507994938, 0.7259864711984445, 0.9668013543506255, -0.6723155171906026, 0.19466788786571843, -0.98202780466489, -0.22685743471274122, -0.9116798841370009, 0.9133059354284718, -0.1277067062404047, 0.8979546135631256, 0.5726119718701219, 0.7325785971633969, -0.6536691570081037, -0.850102825973786, 0.2014854427555386, -0.6640556325631923, 0.4667603350211398, -0.18311227969597055, 0.05581764683584067, 0.875143167901884, 0.043392244889916, -0.7836132342255386, -0.6835531856304011, 0.09040530340642561, 0.04880816013694678, 0.2752204882519873, -0.1970091128194542, 0.2996102180386846, -0.20619999419653467, 0.24783222709644614, 0.5348099341802477, -0.6420521799177383, -0.24884846282491524, 0.005066118653868745, 0.3733341598326916, -0.4926407026772337, 0.10948172588511706, 0.24986168812819542, 0.7910023321122921, -0.27429282313374714, 0.2751141460374733, -0.6171071957620733, -0.004411770765388567, -0.6351091908575863, 0.8367660782795254, -0.13635585731754474, 0.6603762041966925, -0.16644739064327485, 0.8093351774867339, -0.19034956537818792, -0.33765099381775454, 0.14427754054549724, 0.6908872981882266, 0.7220286235061439, 0.19137623413666893, -0.8306767779591795, 0.19453321463834983, -0.5090925828337958, 0.46518689717993555, 0.7893025846334776, 0.0294679418262902, 0.20712702072041278, -0.8698643752343853, 0.08014945928561268, -0.7416264326591246, 0.22912569270066396, -0.2726993059103242, 0.5355160686614915, -0.902931727160895, -0.7803637637643119, 0.36804643024725525, 0.029307394167312983, 0.1432827432294983, 0.6874139879813108, -0.024524721700651453, 0.6202888442522898, 0.020487258589880097, 0.8534413864805024, 0.333855543079252, -0.7025463211318861, -0.27089364934848836, 0.7315498318881986, -0.29942957828896866, -0.6219484810876903, -0.0547573816684539, -0.21443765035574014, 0.23785985328818726, -0.12646741612097356, -0.47815568541100895, -0.17505557667448635, -0.16193193089539926, 0.8048437117522818, 0.9592325240809707, 0.24713767881382775, -0.8336317548582777, 0.46599743519199, 0.357370804957968, 0.6520457340504391, -0.3050973265778887, -0.8822398116837538, 0.2236436329105842, -0.751970763373456, 0.5190590583266628, 0.5888466351532844, -0.18274642650020412, 0.8875950117660911, -0.6524404124894483, 0.8851716994539605]",rhc,relu,False,False,100,[10],0.1,100,11
1120,20,0.07762070000171661,1.8728464918433019,1666.0,100,15,"[0.9340596780273533, 0.09446449835144466, 0.9453687199297687, 0.4296319873487293, 0.3954576491945416, -0.5678210088392472, 0.9525489095524835, -0.9875394895908203, -0.4940352752331121, -0.13041693519110842, 0.5587658435875049, -0.6046298507994938, 0.7259864711984445, 0.9668013543506255, -0.6723155171906026, 0.19466788786571843, -0.98202780466489, -0.22685743471274122, -0.9116798841370009, 0.9133059354284718, -0.1277067062404047, 0.8979546135631256, 0.5726119718701219, 0.7325785971633969, -0.6536691570081037, -0.850102825973786, 0.2014854427555386, -0.6640556325631923, 0.4667603350211398, -0.18311227969597055, 0.05581764683584067, 0.875143167901884, 0.043392244889916, -0.7836132342255386, -0.6835531856304011, 0.09040530340642561, 0.04880816013694678, 0.2752204882519873, -0.1970091128194542, 0.2996102180386846, -0.20619999419653467, 0.24783222709644614, 0.5348099341802477, -0.6420521799177383, -0.24884846282491524, 0.005066118653868745, 0.3733341598326916, -0.4926407026772337, 0.10948172588511706, 0.24986168812819542, 0.7910023321122921, -0.27429282313374714, 0.2751141460374733, -0.6171071957620733, -0.004411770765388567, -0.6351091908575863, 0.8367660782795254, -0.13635585731754474, 0.6603762041966925, -0.16644739064327485, 0.8093351774867339, -0.19034956537818792, -0.33765099381775454, 0.14427754054549724, 0.6908872981882266, 0.7220286235061439, 0.19137623413666893, -0.8306767779591795, 0.19453321463834983, -0.5090925828337958, 0.46518689717993555, 0.7893025846334776, 0.0294679418262902, 0.20712702072041278, -0.8698643752343853, 0.08014945928561268, -0.7416264326591246, 0.22912569270066396, -0.2726993059103242, 0.5355160686614915, -0.902931727160895, -0.7803637637643119, 0.36804643024725525, 0.029307394167312983, 0.1432827432294983, 0.6874139879813108, -0.024524721700651453, 0.6202888442522898, 0.020487258589880097, 0.8534413864805024, 0.333855543079252, -0.7025463211318861, -0.27089364934848836, 0.7315498318881986, -0.29942957828896866, -0.6219484810876903, -0.0547573816684539, -0.21443765035574014, 0.23785985328818726, -0.12646741612097356, -0.47815568541100895, -0.17505557667448635, -0.16193193089539926, 0.8048437117522818, 0.9592325240809707, 0.24713767881382775, -0.8336317548582777, 0.46599743519199, 0.357370804957968, 0.6520457340504391, -0.3050973265778887, -0.8822398116837538, 0.2236436329105842, -0.751970763373456, 0.5190590583266628, 0.5888466351532844, -0.18274642650020412, 0.8875950117660911, -0.6524404124894483, 0.8851716994539605]",rhc,relu,False,False,100,[10],0.1,100,11
1121,21,0.07905250007752329,1.8728464918433019,1667.0,100,15,"[0.9340596780273533, 0.09446449835144466, 0.9453687199297687, 0.4296319873487293, 0.3954576491945416, -0.5678210088392472, 0.9525489095524835, -0.9875394895908203, -0.4940352752331121, -0.13041693519110842, 0.5587658435875049, -0.6046298507994938, 0.7259864711984445, 0.9668013543506255, -0.6723155171906026, 0.19466788786571843, -0.98202780466489, -0.22685743471274122, -0.9116798841370009, 0.9133059354284718, -0.1277067062404047, 0.8979546135631256, 0.5726119718701219, 0.7325785971633969, -0.6536691570081037, -0.850102825973786, 0.2014854427555386, -0.6640556325631923, 0.4667603350211398, -0.18311227969597055, 0.05581764683584067, 0.875143167901884, 0.043392244889916, -0.7836132342255386, -0.6835531856304011, 0.09040530340642561, 0.04880816013694678, 0.2752204882519873, -0.1970091128194542, 0.2996102180386846, -0.20619999419653467, 0.24783222709644614, 0.5348099341802477, -0.6420521799177383, -0.24884846282491524, 0.005066118653868745, 0.3733341598326916, -0.4926407026772337, 0.10948172588511706, 0.24986168812819542, 0.7910023321122921, -0.27429282313374714, 0.2751141460374733, -0.6171071957620733, -0.004411770765388567, -0.6351091908575863, 0.8367660782795254, -0.13635585731754474, 0.6603762041966925, -0.16644739064327485, 0.8093351774867339, -0.19034956537818792, -0.33765099381775454, 0.14427754054549724, 0.6908872981882266, 0.7220286235061439, 0.19137623413666893, -0.8306767779591795, 0.19453321463834983, -0.5090925828337958, 0.46518689717993555, 0.7893025846334776, 0.0294679418262902, 0.20712702072041278, -0.8698643752343853, 0.08014945928561268, -0.7416264326591246, 0.22912569270066396, -0.2726993059103242, 0.5355160686614915, -0.902931727160895, -0.7803637637643119, 0.36804643024725525, 0.029307394167312983, 0.1432827432294983, 0.6874139879813108, -0.024524721700651453, 0.6202888442522898, 0.020487258589880097, 0.8534413864805024, 0.333855543079252, -0.7025463211318861, -0.27089364934848836, 0.7315498318881986, -0.29942957828896866, -0.6219484810876903, -0.0547573816684539, -0.21443765035574014, 0.23785985328818726, -0.12646741612097356, -0.47815568541100895, -0.17505557667448635, -0.16193193089539926, 0.8048437117522818, 0.9592325240809707, 0.24713767881382775, -0.8336317548582777, 0.46599743519199, 0.357370804957968, 0.6520457340504391, -0.3050973265778887, -0.8822398116837538, 0.2236436329105842, -0.751970763373456, 0.5190590583266628, 0.5888466351532844, -0.18274642650020412, 0.8875950117660911, -0.6524404124894483, 0.8851716994539605]",rhc,relu,False,False,100,[10],0.1,100,11
1122,22,0.08195150003302842,1.8728464918433019,1668.0,100,15,"[0.9340596780273533, 0.09446449835144466, 0.9453687199297687, 0.4296319873487293, 0.3954576491945416, -0.5678210088392472, 0.9525489095524835, -0.9875394895908203, -0.4940352752331121, -0.13041693519110842, 0.5587658435875049, -0.6046298507994938, 0.7259864711984445, 0.9668013543506255, -0.6723155171906026, 0.19466788786571843, -0.98202780466489, -0.22685743471274122, -0.9116798841370009, 0.9133059354284718, -0.1277067062404047, 0.8979546135631256, 0.5726119718701219, 0.7325785971633969, -0.6536691570081037, -0.850102825973786, 0.2014854427555386, -0.6640556325631923, 0.4667603350211398, -0.18311227969597055, 0.05581764683584067, 0.875143167901884, 0.043392244889916, -0.7836132342255386, -0.6835531856304011, 0.09040530340642561, 0.04880816013694678, 0.2752204882519873, -0.1970091128194542, 0.2996102180386846, -0.20619999419653467, 0.24783222709644614, 0.5348099341802477, -0.6420521799177383, -0.24884846282491524, 0.005066118653868745, 0.3733341598326916, -0.4926407026772337, 0.10948172588511706, 0.24986168812819542, 0.7910023321122921, -0.27429282313374714, 0.2751141460374733, -0.6171071957620733, -0.004411770765388567, -0.6351091908575863, 0.8367660782795254, -0.13635585731754474, 0.6603762041966925, -0.16644739064327485, 0.8093351774867339, -0.19034956537818792, -0.33765099381775454, 0.14427754054549724, 0.6908872981882266, 0.7220286235061439, 0.19137623413666893, -0.8306767779591795, 0.19453321463834983, -0.5090925828337958, 0.46518689717993555, 0.7893025846334776, 0.0294679418262902, 0.20712702072041278, -0.8698643752343853, 0.08014945928561268, -0.7416264326591246, 0.22912569270066396, -0.2726993059103242, 0.5355160686614915, -0.902931727160895, -0.7803637637643119, 0.36804643024725525, 0.029307394167312983, 0.1432827432294983, 0.6874139879813108, -0.024524721700651453, 0.6202888442522898, 0.020487258589880097, 0.8534413864805024, 0.333855543079252, -0.7025463211318861, -0.27089364934848836, 0.7315498318881986, -0.29942957828896866, -0.6219484810876903, -0.0547573816684539, -0.21443765035574014, 0.23785985328818726, -0.12646741612097356, -0.47815568541100895, -0.17505557667448635, -0.16193193089539926, 0.8048437117522818, 0.9592325240809707, 0.24713767881382775, -0.8336317548582777, 0.46599743519199, 0.357370804957968, 0.6520457340504391, -0.3050973265778887, -0.8822398116837538, 0.2236436329105842, -0.751970763373456, 0.5190590583266628, 0.5888466351532844, -0.18274642650020412, 0.8875950117660911, -0.6524404124894483, 0.8851716994539605]",rhc,relu,False,False,100,[10],0.1,100,11
1123,23,0.08453910006210208,1.8728464918433019,1669.0,100,15,"[0.9340596780273533, 0.09446449835144466, 0.9453687199297687, 0.4296319873487293, 0.3954576491945416, -0.5678210088392472, 0.9525489095524835, -0.9875394895908203, -0.4940352752331121, -0.13041693519110842, 0.5587658435875049, -0.6046298507994938, 0.7259864711984445, 0.9668013543506255, -0.6723155171906026, 0.19466788786571843, -0.98202780466489, -0.22685743471274122, -0.9116798841370009, 0.9133059354284718, -0.1277067062404047, 0.8979546135631256, 0.5726119718701219, 0.7325785971633969, -0.6536691570081037, -0.850102825973786, 0.2014854427555386, -0.6640556325631923, 0.4667603350211398, -0.18311227969597055, 0.05581764683584067, 0.875143167901884, 0.043392244889916, -0.7836132342255386, -0.6835531856304011, 0.09040530340642561, 0.04880816013694678, 0.2752204882519873, -0.1970091128194542, 0.2996102180386846, -0.20619999419653467, 0.24783222709644614, 0.5348099341802477, -0.6420521799177383, -0.24884846282491524, 0.005066118653868745, 0.3733341598326916, -0.4926407026772337, 0.10948172588511706, 0.24986168812819542, 0.7910023321122921, -0.27429282313374714, 0.2751141460374733, -0.6171071957620733, -0.004411770765388567, -0.6351091908575863, 0.8367660782795254, -0.13635585731754474, 0.6603762041966925, -0.16644739064327485, 0.8093351774867339, -0.19034956537818792, -0.33765099381775454, 0.14427754054549724, 0.6908872981882266, 0.7220286235061439, 0.19137623413666893, -0.8306767779591795, 0.19453321463834983, -0.5090925828337958, 0.46518689717993555, 0.7893025846334776, 0.0294679418262902, 0.20712702072041278, -0.8698643752343853, 0.08014945928561268, -0.7416264326591246, 0.22912569270066396, -0.2726993059103242, 0.5355160686614915, -0.902931727160895, -0.7803637637643119, 0.36804643024725525, 0.029307394167312983, 0.1432827432294983, 0.6874139879813108, -0.024524721700651453, 0.6202888442522898, 0.020487258589880097, 0.8534413864805024, 0.333855543079252, -0.7025463211318861, -0.27089364934848836, 0.7315498318881986, -0.29942957828896866, -0.6219484810876903, -0.0547573816684539, -0.21443765035574014, 0.23785985328818726, -0.12646741612097356, -0.47815568541100895, -0.17505557667448635, -0.16193193089539926, 0.8048437117522818, 0.9592325240809707, 0.24713767881382775, -0.8336317548582777, 0.46599743519199, 0.357370804957968, 0.6520457340504391, -0.3050973265778887, -0.8822398116837538, 0.2236436329105842, -0.751970763373456, 0.5190590583266628, 0.5888466351532844, -0.18274642650020412, 0.8875950117660911, -0.6524404124894483, 0.8851716994539605]",rhc,relu,False,False,100,[10],0.1,100,11
1124,24,0.08600310003384948,1.8728464918433019,1670.0,100,15,"[0.9340596780273533, 0.09446449835144466, 0.9453687199297687, 0.4296319873487293, 0.3954576491945416, -0.5678210088392472, 0.9525489095524835, -0.9875394895908203, -0.4940352752331121, -0.13041693519110842, 0.5587658435875049, -0.6046298507994938, 0.7259864711984445, 0.9668013543506255, -0.6723155171906026, 0.19466788786571843, -0.98202780466489, -0.22685743471274122, -0.9116798841370009, 0.9133059354284718, -0.1277067062404047, 0.8979546135631256, 0.5726119718701219, 0.7325785971633969, -0.6536691570081037, -0.850102825973786, 0.2014854427555386, -0.6640556325631923, 0.4667603350211398, -0.18311227969597055, 0.05581764683584067, 0.875143167901884, 0.043392244889916, -0.7836132342255386, -0.6835531856304011, 0.09040530340642561, 0.04880816013694678, 0.2752204882519873, -0.1970091128194542, 0.2996102180386846, -0.20619999419653467, 0.24783222709644614, 0.5348099341802477, -0.6420521799177383, -0.24884846282491524, 0.005066118653868745, 0.3733341598326916, -0.4926407026772337, 0.10948172588511706, 0.24986168812819542, 0.7910023321122921, -0.27429282313374714, 0.2751141460374733, -0.6171071957620733, -0.004411770765388567, -0.6351091908575863, 0.8367660782795254, -0.13635585731754474, 0.6603762041966925, -0.16644739064327485, 0.8093351774867339, -0.19034956537818792, -0.33765099381775454, 0.14427754054549724, 0.6908872981882266, 0.7220286235061439, 0.19137623413666893, -0.8306767779591795, 0.19453321463834983, -0.5090925828337958, 0.46518689717993555, 0.7893025846334776, 0.0294679418262902, 0.20712702072041278, -0.8698643752343853, 0.08014945928561268, -0.7416264326591246, 0.22912569270066396, -0.2726993059103242, 0.5355160686614915, -0.902931727160895, -0.7803637637643119, 0.36804643024725525, 0.029307394167312983, 0.1432827432294983, 0.6874139879813108, -0.024524721700651453, 0.6202888442522898, 0.020487258589880097, 0.8534413864805024, 0.333855543079252, -0.7025463211318861, -0.27089364934848836, 0.7315498318881986, -0.29942957828896866, -0.6219484810876903, -0.0547573816684539, -0.21443765035574014, 0.23785985328818726, -0.12646741612097356, -0.47815568541100895, -0.17505557667448635, -0.16193193089539926, 0.8048437117522818, 0.9592325240809707, 0.24713767881382775, -0.8336317548582777, 0.46599743519199, 0.357370804957968, 0.6520457340504391, -0.3050973265778887, -0.8822398116837538, 0.2236436329105842, -0.751970763373456, 0.5190590583266628, 0.5888466351532844, -0.18274642650020412, 0.8875950117660911, -0.6524404124894483, 0.8851716994539605]",rhc,relu,False,False,100,[10],0.1,100,11
1125,25,0.08905609999783337,1.8703112876558132,1672.0,100,15,"[0.9340596780273533, 0.09446449835144466, 0.9453687199297687, 0.4296319873487293, 0.3954576491945416, -0.5678210088392472, 0.9525489095524835, -0.9875394895908203, -0.4940352752331121, -0.13041693519110842, 0.5587658435875049, -0.6046298507994938, 0.7259864711984445, 0.9668013543506255, -0.6723155171906026, 0.19466788786571843, -0.98202780466489, -0.22685743471274122, -0.9116798841370009, 0.9133059354284718, -0.1277067062404047, 0.8979546135631256, 0.5726119718701219, 0.7325785971633969, -0.6536691570081037, -0.850102825973786, 0.2014854427555386, -0.6640556325631923, 0.4667603350211398, -0.18311227969597055, 0.05581764683584067, 0.875143167901884, 0.043392244889916, -0.7836132342255386, -0.6835531856304011, 0.09040530340642561, 0.04880816013694678, 0.2752204882519873, -0.1970091128194542, 0.2996102180386846, -0.20619999419653467, 0.24783222709644614, 0.5348099341802477, -0.6420521799177383, -0.24884846282491524, 0.005066118653868745, 0.3733341598326916, -0.4926407026772337, 0.10948172588511706, 0.24986168812819542, 0.7910023321122921, -0.27429282313374714, 0.2751141460374733, -0.6171071957620733, -0.004411770765388567, -0.6351091908575863, 0.8367660782795254, -0.13635585731754474, 0.6603762041966925, -0.16644739064327485, 0.8093351774867339, -0.19034956537818792, -0.33765099381775454, 0.14427754054549724, 0.6908872981882266, 0.7220286235061439, 0.19137623413666893, -0.8306767779591795, 0.19453321463834983, -0.5090925828337958, 0.46518689717993555, 0.7893025846334776, 0.0294679418262902, 0.20712702072041278, -0.8698643752343853, 0.08014945928561268, -0.7416264326591246, 0.22912569270066396, -0.2726993059103242, 0.5355160686614915, -0.902931727160895, -0.7803637637643119, 0.36804643024725525, 0.029307394167312983, 0.1432827432294983, 0.6874139879813108, -0.024524721700651453, 0.6202888442522898, 0.020487258589880097, 0.8534413864805024, 0.333855543079252, -0.7025463211318861, -0.27089364934848836, 0.7315498318881986, -0.29942957828896866, -0.6219484810876903, -0.0547573816684539, -0.21443765035574014, 0.23785985328818726, -0.12646741612097356, -0.47815568541100895, -0.17505557667448635, -0.16193193089539926, 0.8048437117522818, 0.9592325240809707, 0.24713767881382775, -0.8336317548582777, 0.46599743519199, 0.357370804957968, 0.6520457340504391, -0.3050973265778887, -0.8822398116837538, 0.2236436329105842, -0.751970763373456, 0.5190590583266628, 0.5888466351532844, -0.18274642650020412, 0.8875950117660911, -0.6524404124894483, 0.8851716994539605]",rhc,relu,False,False,100,[10],0.1,100,11
1126,26,0.09043240000028163,1.8625278898937974,1674.0,100,15,"[0.9340596780273533, 0.09446449835144466, 0.9453687199297687, 0.4296319873487293, 0.3954576491945416, -0.5678210088392472, 0.9525489095524835, -0.9875394895908203, -0.4940352752331121, -0.13041693519110842, 0.5587658435875049, -0.6046298507994938, 0.7259864711984445, 0.9668013543506255, -0.6723155171906026, 0.19466788786571843, -0.98202780466489, -0.22685743471274122, -0.9116798841370009, 0.9133059354284718, -0.1277067062404047, 0.8979546135631256, 0.5726119718701219, 0.7325785971633969, -0.6536691570081037, -0.850102825973786, 0.2014854427555386, -0.6640556325631923, 0.4667603350211398, -0.18311227969597055, 0.05581764683584067, 0.875143167901884, 0.043392244889916, -0.7836132342255386, -0.6835531856304011, 0.09040530340642561, 0.04880816013694678, 0.2752204882519873, -0.1970091128194542, 0.2996102180386846, -0.20619999419653467, 0.24783222709644614, 0.5348099341802477, -0.6420521799177383, -0.24884846282491524, 0.005066118653868745, 0.3733341598326916, -0.4926407026772337, 0.10948172588511706, 0.24986168812819542, 0.7910023321122921, -0.27429282313374714, 0.2751141460374733, -0.6171071957620733, -0.004411770765388567, -0.6351091908575863, 0.8367660782795254, -0.13635585731754474, 0.6603762041966925, -0.16644739064327485, 0.8093351774867339, -0.19034956537818792, -0.33765099381775454, 0.14427754054549724, 0.6908872981882266, 0.7220286235061439, 0.19137623413666893, -0.8306767779591795, 0.19453321463834983, -0.5090925828337958, 0.46518689717993555, 0.7893025846334776, 0.0294679418262902, 0.20712702072041278, -0.8698643752343853, 0.08014945928561268, -0.7416264326591246, 0.22912569270066396, -0.2726993059103242, 0.5355160686614915, -0.902931727160895, -0.7803637637643119, 0.36804643024725525, 0.029307394167312983, 0.1432827432294983, 0.6874139879813108, -0.024524721700651453, 0.6202888442522898, 0.020487258589880097, 0.8534413864805024, 0.333855543079252, -0.7025463211318861, -0.27089364934848836, 0.7315498318881986, -0.29942957828896866, -0.6219484810876903, -0.0547573816684539, -0.21443765035574014, 0.23785985328818726, -0.12646741612097356, -0.47815568541100895, -0.17505557667448635, -0.16193193089539926, 0.8048437117522818, 0.9592325240809707, 0.24713767881382775, -0.8336317548582777, 0.46599743519199, 0.357370804957968, 0.6520457340504391, -0.3050973265778887, -0.8822398116837538, 0.2236436329105842, -0.751970763373456, 0.5190590583266628, 0.5888466351532844, -0.18274642650020412, 0.8875950117660911, -0.6524404124894483, 0.8851716994539605]",rhc,relu,False,False,100,[10],0.1,100,11
1127,27,0.09306690003722906,1.8552757512826599,1676.0,100,15,"[0.9340596780273533, 0.09446449835144466, 0.9453687199297687, 0.4296319873487293, 0.3954576491945416, -0.5678210088392472, 0.9525489095524835, -0.9875394895908203, -0.4940352752331121, -0.13041693519110842, 0.5587658435875049, -0.6046298507994938, 0.7259864711984445, 0.9668013543506255, -0.6723155171906026, 0.19466788786571843, -0.98202780466489, -0.22685743471274122, -0.9116798841370009, 0.9133059354284718, -0.1277067062404047, 0.8979546135631256, 0.5726119718701219, 0.7325785971633969, -0.6536691570081037, -0.850102825973786, 0.2014854427555386, -0.6640556325631923, 0.4667603350211398, -0.18311227969597055, 0.05581764683584067, 0.875143167901884, 0.043392244889916, -0.7836132342255386, -0.6835531856304011, 0.09040530340642561, 0.04880816013694678, 0.2752204882519873, -0.1970091128194542, 0.2996102180386846, -0.20619999419653467, 0.24783222709644614, 0.5348099341802477, -0.6420521799177383, -0.24884846282491524, 0.005066118653868745, 0.3733341598326916, -0.4926407026772337, 0.10948172588511706, 0.24986168812819542, 0.7910023321122921, -0.27429282313374714, 0.2751141460374733, -0.6171071957620733, -0.004411770765388567, -0.6351091908575863, 0.8367660782795254, -0.13635585731754474, 0.6603762041966925, -0.16644739064327485, 0.8093351774867339, -0.19034956537818792, -0.33765099381775454, 0.14427754054549724, 0.6908872981882266, 0.7220286235061439, 0.19137623413666893, -0.8306767779591795, 0.19453321463834983, -0.5090925828337958, 0.46518689717993555, 0.7893025846334776, 0.0294679418262902, 0.20712702072041278, -0.8698643752343853, 0.08014945928561268, -0.7416264326591246, 0.22912569270066396, -0.2726993059103242, 0.5355160686614915, -0.902931727160895, -0.7803637637643119, 0.36804643024725525, 0.029307394167312983, 0.1432827432294983, 0.6874139879813108, -0.024524721700651453, 0.6202888442522898, 0.020487258589880097, 0.8534413864805024, 0.333855543079252, -0.7025463211318861, -0.27089364934848836, 0.7315498318881986, -0.29942957828896866, -0.6219484810876903, -0.0547573816684539, -0.21443765035574014, 0.23785985328818726, -0.12646741612097356, -0.47815568541100895, -0.17505557667448635, -0.16193193089539926, 0.8048437117522818, 0.9592325240809707, 0.24713767881382775, -0.8336317548582777, 0.46599743519199, 0.357370804957968, 0.6520457340504391, -0.3050973265778887, -0.8822398116837538, 0.2236436329105842, -0.751970763373456, 0.5190590583266628, 0.5888466351532844, -0.18274642650020412, 0.8875950117660911, -0.6524404124894483, 0.8851716994539605]",rhc,relu,False,False,100,[10],0.1,100,11
1128,28,0.0945393000729382,1.8551117682562568,1678.0,100,15,"[0.9340596780273533, 0.09446449835144466, 0.9453687199297687, 0.4296319873487293, 0.3954576491945416, -0.5678210088392472, 0.9525489095524835, -0.9875394895908203, -0.4940352752331121, -0.13041693519110842, 0.5587658435875049, -0.6046298507994938, 0.7259864711984445, 0.9668013543506255, -0.6723155171906026, 0.19466788786571843, -0.98202780466489, -0.22685743471274122, -0.9116798841370009, 0.9133059354284718, -0.1277067062404047, 0.8979546135631256, 0.5726119718701219, 0.7325785971633969, -0.6536691570081037, -0.850102825973786, 0.2014854427555386, -0.6640556325631923, 0.4667603350211398, -0.18311227969597055, 0.05581764683584067, 0.875143167901884, 0.043392244889916, -0.7836132342255386, -0.6835531856304011, 0.09040530340642561, 0.04880816013694678, 0.2752204882519873, -0.1970091128194542, 0.2996102180386846, -0.20619999419653467, 0.24783222709644614, 0.5348099341802477, -0.6420521799177383, -0.24884846282491524, 0.005066118653868745, 0.3733341598326916, -0.4926407026772337, 0.10948172588511706, 0.24986168812819542, 0.7910023321122921, -0.27429282313374714, 0.2751141460374733, -0.6171071957620733, -0.004411770765388567, -0.6351091908575863, 0.8367660782795254, -0.13635585731754474, 0.6603762041966925, -0.16644739064327485, 0.8093351774867339, -0.19034956537818792, -0.33765099381775454, 0.14427754054549724, 0.6908872981882266, 0.7220286235061439, 0.19137623413666893, -0.8306767779591795, 0.19453321463834983, -0.5090925828337958, 0.46518689717993555, 0.7893025846334776, 0.0294679418262902, 0.20712702072041278, -0.8698643752343853, 0.08014945928561268, -0.7416264326591246, 0.22912569270066396, -0.2726993059103242, 0.5355160686614915, -0.902931727160895, -0.7803637637643119, 0.36804643024725525, 0.029307394167312983, 0.1432827432294983, 0.6874139879813108, -0.024524721700651453, 0.6202888442522898, 0.020487258589880097, 0.8534413864805024, 0.333855543079252, -0.7025463211318861, -0.27089364934848836, 0.7315498318881986, -0.29942957828896866, -0.6219484810876903, -0.0547573816684539, -0.21443765035574014, 0.23785985328818726, -0.12646741612097356, -0.47815568541100895, -0.17505557667448635, -0.16193193089539926, 0.8048437117522818, 0.9592325240809707, 0.24713767881382775, -0.8336317548582777, 0.46599743519199, 0.357370804957968, 0.6520457340504391, -0.3050973265778887, -0.8822398116837538, 0.2236436329105842, -0.751970763373456, 0.5190590583266628, 0.5888466351532844, -0.18274642650020412, 0.8875950117660911, -0.6524404124894483, 0.8851716994539605]",rhc,relu,False,False,100,[10],0.1,100,11
1129,29,0.09622690000105649,1.8551117682562568,1679.0,100,15,"[0.9340596780273533, 0.09446449835144466, 0.9453687199297687, 0.4296319873487293, 0.3954576491945416, -0.5678210088392472, 0.9525489095524835, -0.9875394895908203, -0.4940352752331121, -0.13041693519110842, 0.5587658435875049, -0.6046298507994938, 0.7259864711984445, 0.9668013543506255, -0.6723155171906026, 0.19466788786571843, -0.98202780466489, -0.22685743471274122, -0.9116798841370009, 0.9133059354284718, -0.1277067062404047, 0.8979546135631256, 0.5726119718701219, 0.7325785971633969, -0.6536691570081037, -0.850102825973786, 0.2014854427555386, -0.6640556325631923, 0.4667603350211398, -0.18311227969597055, 0.05581764683584067, 0.875143167901884, 0.043392244889916, -0.7836132342255386, -0.6835531856304011, 0.09040530340642561, 0.04880816013694678, 0.2752204882519873, -0.1970091128194542, 0.2996102180386846, -0.20619999419653467, 0.24783222709644614, 0.5348099341802477, -0.6420521799177383, -0.24884846282491524, 0.005066118653868745, 0.3733341598326916, -0.4926407026772337, 0.10948172588511706, 0.24986168812819542, 0.7910023321122921, -0.27429282313374714, 0.2751141460374733, -0.6171071957620733, -0.004411770765388567, -0.6351091908575863, 0.8367660782795254, -0.13635585731754474, 0.6603762041966925, -0.16644739064327485, 0.8093351774867339, -0.19034956537818792, -0.33765099381775454, 0.14427754054549724, 0.6908872981882266, 0.7220286235061439, 0.19137623413666893, -0.8306767779591795, 0.19453321463834983, -0.5090925828337958, 0.46518689717993555, 0.7893025846334776, 0.0294679418262902, 0.20712702072041278, -0.8698643752343853, 0.08014945928561268, -0.7416264326591246, 0.22912569270066396, -0.2726993059103242, 0.5355160686614915, -0.902931727160895, -0.7803637637643119, 0.36804643024725525, 0.029307394167312983, 0.1432827432294983, 0.6874139879813108, -0.024524721700651453, 0.6202888442522898, 0.020487258589880097, 0.8534413864805024, 0.333855543079252, -0.7025463211318861, -0.27089364934848836, 0.7315498318881986, -0.29942957828896866, -0.6219484810876903, -0.0547573816684539, -0.21443765035574014, 0.23785985328818726, -0.12646741612097356, -0.47815568541100895, -0.17505557667448635, -0.16193193089539926, 0.8048437117522818, 0.9592325240809707, 0.24713767881382775, -0.8336317548582777, 0.46599743519199, 0.357370804957968, 0.6520457340504391, -0.3050973265778887, -0.8822398116837538, 0.2236436329105842, -0.751970763373456, 0.5190590583266628, 0.5888466351532844, -0.18274642650020412, 0.8875950117660911, -0.6524404124894483, 0.8851716994539605]",rhc,relu,False,False,100,[10],0.1,100,11
1130,30,0.09977780003100634,1.8551117682562568,1680.0,100,15,"[0.9340596780273533, 0.09446449835144466, 0.9453687199297687, 0.4296319873487293, 0.3954576491945416, -0.5678210088392472, 0.9525489095524835, -0.9875394895908203, -0.4940352752331121, -0.13041693519110842, 0.5587658435875049, -0.6046298507994938, 0.7259864711984445, 0.9668013543506255, -0.6723155171906026, 0.19466788786571843, -0.98202780466489, -0.22685743471274122, -0.9116798841370009, 0.9133059354284718, -0.1277067062404047, 0.8979546135631256, 0.5726119718701219, 0.7325785971633969, -0.6536691570081037, -0.850102825973786, 0.2014854427555386, -0.6640556325631923, 0.4667603350211398, -0.18311227969597055, 0.05581764683584067, 0.875143167901884, 0.043392244889916, -0.7836132342255386, -0.6835531856304011, 0.09040530340642561, 0.04880816013694678, 0.2752204882519873, -0.1970091128194542, 0.2996102180386846, -0.20619999419653467, 0.24783222709644614, 0.5348099341802477, -0.6420521799177383, -0.24884846282491524, 0.005066118653868745, 0.3733341598326916, -0.4926407026772337, 0.10948172588511706, 0.24986168812819542, 0.7910023321122921, -0.27429282313374714, 0.2751141460374733, -0.6171071957620733, -0.004411770765388567, -0.6351091908575863, 0.8367660782795254, -0.13635585731754474, 0.6603762041966925, -0.16644739064327485, 0.8093351774867339, -0.19034956537818792, -0.33765099381775454, 0.14427754054549724, 0.6908872981882266, 0.7220286235061439, 0.19137623413666893, -0.8306767779591795, 0.19453321463834983, -0.5090925828337958, 0.46518689717993555, 0.7893025846334776, 0.0294679418262902, 0.20712702072041278, -0.8698643752343853, 0.08014945928561268, -0.7416264326591246, 0.22912569270066396, -0.2726993059103242, 0.5355160686614915, -0.902931727160895, -0.7803637637643119, 0.36804643024725525, 0.029307394167312983, 0.1432827432294983, 0.6874139879813108, -0.024524721700651453, 0.6202888442522898, 0.020487258589880097, 0.8534413864805024, 0.333855543079252, -0.7025463211318861, -0.27089364934848836, 0.7315498318881986, -0.29942957828896866, -0.6219484810876903, -0.0547573816684539, -0.21443765035574014, 0.23785985328818726, -0.12646741612097356, -0.47815568541100895, -0.17505557667448635, -0.16193193089539926, 0.8048437117522818, 0.9592325240809707, 0.24713767881382775, -0.8336317548582777, 0.46599743519199, 0.357370804957968, 0.6520457340504391, -0.3050973265778887, -0.8822398116837538, 0.2236436329105842, -0.751970763373456, 0.5190590583266628, 0.5888466351532844, -0.18274642650020412, 0.8875950117660911, -0.6524404124894483, 0.8851716994539605]",rhc,relu,False,False,100,[10],0.1,100,11
1131,31,0.10406230005901307,1.8498220013996036,1682.0,100,15,"[0.9340596780273533, 0.09446449835144466, 0.9453687199297687, 0.4296319873487293, 0.3954576491945416, -0.5678210088392472, 0.9525489095524835, -0.9875394895908203, -0.4940352752331121, -0.13041693519110842, 0.5587658435875049, -0.6046298507994938, 0.7259864711984445, 0.9668013543506255, -0.6723155171906026, 0.19466788786571843, -0.98202780466489, -0.22685743471274122, -0.9116798841370009, 0.9133059354284718, -0.1277067062404047, 0.8979546135631256, 0.5726119718701219, 0.7325785971633969, -0.6536691570081037, -0.850102825973786, 0.2014854427555386, -0.6640556325631923, 0.4667603350211398, -0.18311227969597055, 0.05581764683584067, 0.875143167901884, 0.043392244889916, -0.7836132342255386, -0.6835531856304011, 0.09040530340642561, 0.04880816013694678, 0.2752204882519873, -0.1970091128194542, 0.2996102180386846, -0.20619999419653467, 0.24783222709644614, 0.5348099341802477, -0.6420521799177383, -0.24884846282491524, 0.005066118653868745, 0.3733341598326916, -0.4926407026772337, 0.10948172588511706, 0.24986168812819542, 0.7910023321122921, -0.27429282313374714, 0.2751141460374733, -0.6171071957620733, -0.004411770765388567, -0.6351091908575863, 0.8367660782795254, -0.13635585731754474, 0.6603762041966925, -0.16644739064327485, 0.8093351774867339, -0.19034956537818792, -0.33765099381775454, 0.14427754054549724, 0.6908872981882266, 0.7220286235061439, 0.19137623413666893, -0.8306767779591795, 0.19453321463834983, -0.5090925828337958, 0.46518689717993555, 0.7893025846334776, 0.0294679418262902, 0.20712702072041278, -0.8698643752343853, 0.08014945928561268, -0.7416264326591246, 0.22912569270066396, -0.2726993059103242, 0.5355160686614915, -0.902931727160895, -0.7803637637643119, 0.36804643024725525, 0.029307394167312983, 0.1432827432294983, 0.6874139879813108, -0.024524721700651453, 0.6202888442522898, 0.020487258589880097, 0.8534413864805024, 0.333855543079252, -0.7025463211318861, -0.27089364934848836, 0.7315498318881986, -0.29942957828896866, -0.6219484810876903, -0.0547573816684539, -0.21443765035574014, 0.23785985328818726, -0.12646741612097356, -0.47815568541100895, -0.17505557667448635, -0.16193193089539926, 0.8048437117522818, 0.9592325240809707, 0.24713767881382775, -0.8336317548582777, 0.46599743519199, 0.357370804957968, 0.6520457340504391, -0.3050973265778887, -0.8822398116837538, 0.2236436329105842, -0.751970763373456, 0.5190590583266628, 0.5888466351532844, -0.18274642650020412, 0.8875950117660911, -0.6524404124894483, 0.8851716994539605]",rhc,relu,False,False,100,[10],0.1,100,11
1132,32,0.1062065000878647,1.8498220013996036,1683.0,100,15,"[0.9340596780273533, 0.09446449835144466, 0.9453687199297687, 0.4296319873487293, 0.3954576491945416, -0.5678210088392472, 0.9525489095524835, -0.9875394895908203, -0.4940352752331121, -0.13041693519110842, 0.5587658435875049, -0.6046298507994938, 0.7259864711984445, 0.9668013543506255, -0.6723155171906026, 0.19466788786571843, -0.98202780466489, -0.22685743471274122, -0.9116798841370009, 0.9133059354284718, -0.1277067062404047, 0.8979546135631256, 0.5726119718701219, 0.7325785971633969, -0.6536691570081037, -0.850102825973786, 0.2014854427555386, -0.6640556325631923, 0.4667603350211398, -0.18311227969597055, 0.05581764683584067, 0.875143167901884, 0.043392244889916, -0.7836132342255386, -0.6835531856304011, 0.09040530340642561, 0.04880816013694678, 0.2752204882519873, -0.1970091128194542, 0.2996102180386846, -0.20619999419653467, 0.24783222709644614, 0.5348099341802477, -0.6420521799177383, -0.24884846282491524, 0.005066118653868745, 0.3733341598326916, -0.4926407026772337, 0.10948172588511706, 0.24986168812819542, 0.7910023321122921, -0.27429282313374714, 0.2751141460374733, -0.6171071957620733, -0.004411770765388567, -0.6351091908575863, 0.8367660782795254, -0.13635585731754474, 0.6603762041966925, -0.16644739064327485, 0.8093351774867339, -0.19034956537818792, -0.33765099381775454, 0.14427754054549724, 0.6908872981882266, 0.7220286235061439, 0.19137623413666893, -0.8306767779591795, 0.19453321463834983, -0.5090925828337958, 0.46518689717993555, 0.7893025846334776, 0.0294679418262902, 0.20712702072041278, -0.8698643752343853, 0.08014945928561268, -0.7416264326591246, 0.22912569270066396, -0.2726993059103242, 0.5355160686614915, -0.902931727160895, -0.7803637637643119, 0.36804643024725525, 0.029307394167312983, 0.1432827432294983, 0.6874139879813108, -0.024524721700651453, 0.6202888442522898, 0.020487258589880097, 0.8534413864805024, 0.333855543079252, -0.7025463211318861, -0.27089364934848836, 0.7315498318881986, -0.29942957828896866, -0.6219484810876903, -0.0547573816684539, -0.21443765035574014, 0.23785985328818726, -0.12646741612097356, -0.47815568541100895, -0.17505557667448635, -0.16193193089539926, 0.8048437117522818, 0.9592325240809707, 0.24713767881382775, -0.8336317548582777, 0.46599743519199, 0.357370804957968, 0.6520457340504391, -0.3050973265778887, -0.8822398116837538, 0.2236436329105842, -0.751970763373456, 0.5190590583266628, 0.5888466351532844, -0.18274642650020412, 0.8875950117660911, -0.6524404124894483, 0.8851716994539605]",rhc,relu,False,False,100,[10],0.1,100,11
1133,33,0.10762970009818673,1.8498220013996036,1684.0,100,15,"[0.9340596780273533, 0.09446449835144466, 0.9453687199297687, 0.4296319873487293, 0.3954576491945416, -0.5678210088392472, 0.9525489095524835, -0.9875394895908203, -0.4940352752331121, -0.13041693519110842, 0.5587658435875049, -0.6046298507994938, 0.7259864711984445, 0.9668013543506255, -0.6723155171906026, 0.19466788786571843, -0.98202780466489, -0.22685743471274122, -0.9116798841370009, 0.9133059354284718, -0.1277067062404047, 0.8979546135631256, 0.5726119718701219, 0.7325785971633969, -0.6536691570081037, -0.850102825973786, 0.2014854427555386, -0.6640556325631923, 0.4667603350211398, -0.18311227969597055, 0.05581764683584067, 0.875143167901884, 0.043392244889916, -0.7836132342255386, -0.6835531856304011, 0.09040530340642561, 0.04880816013694678, 0.2752204882519873, -0.1970091128194542, 0.2996102180386846, -0.20619999419653467, 0.24783222709644614, 0.5348099341802477, -0.6420521799177383, -0.24884846282491524, 0.005066118653868745, 0.3733341598326916, -0.4926407026772337, 0.10948172588511706, 0.24986168812819542, 0.7910023321122921, -0.27429282313374714, 0.2751141460374733, -0.6171071957620733, -0.004411770765388567, -0.6351091908575863, 0.8367660782795254, -0.13635585731754474, 0.6603762041966925, -0.16644739064327485, 0.8093351774867339, -0.19034956537818792, -0.33765099381775454, 0.14427754054549724, 0.6908872981882266, 0.7220286235061439, 0.19137623413666893, -0.8306767779591795, 0.19453321463834983, -0.5090925828337958, 0.46518689717993555, 0.7893025846334776, 0.0294679418262902, 0.20712702072041278, -0.8698643752343853, 0.08014945928561268, -0.7416264326591246, 0.22912569270066396, -0.2726993059103242, 0.5355160686614915, -0.902931727160895, -0.7803637637643119, 0.36804643024725525, 0.029307394167312983, 0.1432827432294983, 0.6874139879813108, -0.024524721700651453, 0.6202888442522898, 0.020487258589880097, 0.8534413864805024, 0.333855543079252, -0.7025463211318861, -0.27089364934848836, 0.7315498318881986, -0.29942957828896866, -0.6219484810876903, -0.0547573816684539, -0.21443765035574014, 0.23785985328818726, -0.12646741612097356, -0.47815568541100895, -0.17505557667448635, -0.16193193089539926, 0.8048437117522818, 0.9592325240809707, 0.24713767881382775, -0.8336317548582777, 0.46599743519199, 0.357370804957968, 0.6520457340504391, -0.3050973265778887, -0.8822398116837538, 0.2236436329105842, -0.751970763373456, 0.5190590583266628, 0.5888466351532844, -0.18274642650020412, 0.8875950117660911, -0.6524404124894483, 0.8851716994539605]",rhc,relu,False,False,100,[10],0.1,100,11
1134,34,0.10928710002917796,1.8482829645057728,1686.0,100,15,"[0.9340596780273533, 0.09446449835144466, 0.9453687199297687, 0.4296319873487293, 0.3954576491945416, -0.5678210088392472, 0.9525489095524835, -0.9875394895908203, -0.4940352752331121, -0.13041693519110842, 0.5587658435875049, -0.6046298507994938, 0.7259864711984445, 0.9668013543506255, -0.6723155171906026, 0.19466788786571843, -0.98202780466489, -0.22685743471274122, -0.9116798841370009, 0.9133059354284718, -0.1277067062404047, 0.8979546135631256, 0.5726119718701219, 0.7325785971633969, -0.6536691570081037, -0.850102825973786, 0.2014854427555386, -0.6640556325631923, 0.4667603350211398, -0.18311227969597055, 0.05581764683584067, 0.875143167901884, 0.043392244889916, -0.7836132342255386, -0.6835531856304011, 0.09040530340642561, 0.04880816013694678, 0.2752204882519873, -0.1970091128194542, 0.2996102180386846, -0.20619999419653467, 0.24783222709644614, 0.5348099341802477, -0.6420521799177383, -0.24884846282491524, 0.005066118653868745, 0.3733341598326916, -0.4926407026772337, 0.10948172588511706, 0.24986168812819542, 0.7910023321122921, -0.27429282313374714, 0.2751141460374733, -0.6171071957620733, -0.004411770765388567, -0.6351091908575863, 0.8367660782795254, -0.13635585731754474, 0.6603762041966925, -0.16644739064327485, 0.8093351774867339, -0.19034956537818792, -0.33765099381775454, 0.14427754054549724, 0.6908872981882266, 0.7220286235061439, 0.19137623413666893, -0.8306767779591795, 0.19453321463834983, -0.5090925828337958, 0.46518689717993555, 0.7893025846334776, 0.0294679418262902, 0.20712702072041278, -0.8698643752343853, 0.08014945928561268, -0.7416264326591246, 0.22912569270066396, -0.2726993059103242, 0.5355160686614915, -0.902931727160895, -0.7803637637643119, 0.36804643024725525, 0.029307394167312983, 0.1432827432294983, 0.6874139879813108, -0.024524721700651453, 0.6202888442522898, 0.020487258589880097, 0.8534413864805024, 0.333855543079252, -0.7025463211318861, -0.27089364934848836, 0.7315498318881986, -0.29942957828896866, -0.6219484810876903, -0.0547573816684539, -0.21443765035574014, 0.23785985328818726, -0.12646741612097356, -0.47815568541100895, -0.17505557667448635, -0.16193193089539926, 0.8048437117522818, 0.9592325240809707, 0.24713767881382775, -0.8336317548582777, 0.46599743519199, 0.357370804957968, 0.6520457340504391, -0.3050973265778887, -0.8822398116837538, 0.2236436329105842, -0.751970763373456, 0.5190590583266628, 0.5888466351532844, -0.18274642650020412, 0.8875950117660911, -0.6524404124894483, 0.8851716994539605]",rhc,relu,False,False,100,[10],0.1,100,11
1135,35,0.11070370010565966,1.8482829645057728,1687.0,100,15,"[0.9340596780273533, 0.09446449835144466, 0.9453687199297687, 0.4296319873487293, 0.3954576491945416, -0.5678210088392472, 0.9525489095524835, -0.9875394895908203, -0.4940352752331121, -0.13041693519110842, 0.5587658435875049, -0.6046298507994938, 0.7259864711984445, 0.9668013543506255, -0.6723155171906026, 0.19466788786571843, -0.98202780466489, -0.22685743471274122, -0.9116798841370009, 0.9133059354284718, -0.1277067062404047, 0.8979546135631256, 0.5726119718701219, 0.7325785971633969, -0.6536691570081037, -0.850102825973786, 0.2014854427555386, -0.6640556325631923, 0.4667603350211398, -0.18311227969597055, 0.05581764683584067, 0.875143167901884, 0.043392244889916, -0.7836132342255386, -0.6835531856304011, 0.09040530340642561, 0.04880816013694678, 0.2752204882519873, -0.1970091128194542, 0.2996102180386846, -0.20619999419653467, 0.24783222709644614, 0.5348099341802477, -0.6420521799177383, -0.24884846282491524, 0.005066118653868745, 0.3733341598326916, -0.4926407026772337, 0.10948172588511706, 0.24986168812819542, 0.7910023321122921, -0.27429282313374714, 0.2751141460374733, -0.6171071957620733, -0.004411770765388567, -0.6351091908575863, 0.8367660782795254, -0.13635585731754474, 0.6603762041966925, -0.16644739064327485, 0.8093351774867339, -0.19034956537818792, -0.33765099381775454, 0.14427754054549724, 0.6908872981882266, 0.7220286235061439, 0.19137623413666893, -0.8306767779591795, 0.19453321463834983, -0.5090925828337958, 0.46518689717993555, 0.7893025846334776, 0.0294679418262902, 0.20712702072041278, -0.8698643752343853, 0.08014945928561268, -0.7416264326591246, 0.22912569270066396, -0.2726993059103242, 0.5355160686614915, -0.902931727160895, -0.7803637637643119, 0.36804643024725525, 0.029307394167312983, 0.1432827432294983, 0.6874139879813108, -0.024524721700651453, 0.6202888442522898, 0.020487258589880097, 0.8534413864805024, 0.333855543079252, -0.7025463211318861, -0.27089364934848836, 0.7315498318881986, -0.29942957828896866, -0.6219484810876903, -0.0547573816684539, -0.21443765035574014, 0.23785985328818726, -0.12646741612097356, -0.47815568541100895, -0.17505557667448635, -0.16193193089539926, 0.8048437117522818, 0.9592325240809707, 0.24713767881382775, -0.8336317548582777, 0.46599743519199, 0.357370804957968, 0.6520457340504391, -0.3050973265778887, -0.8822398116837538, 0.2236436329105842, -0.751970763373456, 0.5190590583266628, 0.5888466351532844, -0.18274642650020412, 0.8875950117660911, -0.6524404124894483, 0.8851716994539605]",rhc,relu,False,False,100,[10],0.1,100,11
1136,36,0.1138131000334397,1.8482829645057728,1688.0,100,15,"[0.9340596780273533, 0.09446449835144466, 0.9453687199297687, 0.4296319873487293, 0.3954576491945416, -0.5678210088392472, 0.9525489095524835, -0.9875394895908203, -0.4940352752331121, -0.13041693519110842, 0.5587658435875049, -0.6046298507994938, 0.7259864711984445, 0.9668013543506255, -0.6723155171906026, 0.19466788786571843, -0.98202780466489, -0.22685743471274122, -0.9116798841370009, 0.9133059354284718, -0.1277067062404047, 0.8979546135631256, 0.5726119718701219, 0.7325785971633969, -0.6536691570081037, -0.850102825973786, 0.2014854427555386, -0.6640556325631923, 0.4667603350211398, -0.18311227969597055, 0.05581764683584067, 0.875143167901884, 0.043392244889916, -0.7836132342255386, -0.6835531856304011, 0.09040530340642561, 0.04880816013694678, 0.2752204882519873, -0.1970091128194542, 0.2996102180386846, -0.20619999419653467, 0.24783222709644614, 0.5348099341802477, -0.6420521799177383, -0.24884846282491524, 0.005066118653868745, 0.3733341598326916, -0.4926407026772337, 0.10948172588511706, 0.24986168812819542, 0.7910023321122921, -0.27429282313374714, 0.2751141460374733, -0.6171071957620733, -0.004411770765388567, -0.6351091908575863, 0.8367660782795254, -0.13635585731754474, 0.6603762041966925, -0.16644739064327485, 0.8093351774867339, -0.19034956537818792, -0.33765099381775454, 0.14427754054549724, 0.6908872981882266, 0.7220286235061439, 0.19137623413666893, -0.8306767779591795, 0.19453321463834983, -0.5090925828337958, 0.46518689717993555, 0.7893025846334776, 0.0294679418262902, 0.20712702072041278, -0.8698643752343853, 0.08014945928561268, -0.7416264326591246, 0.22912569270066396, -0.2726993059103242, 0.5355160686614915, -0.902931727160895, -0.7803637637643119, 0.36804643024725525, 0.029307394167312983, 0.1432827432294983, 0.6874139879813108, -0.024524721700651453, 0.6202888442522898, 0.020487258589880097, 0.8534413864805024, 0.333855543079252, -0.7025463211318861, -0.27089364934848836, 0.7315498318881986, -0.29942957828896866, -0.6219484810876903, -0.0547573816684539, -0.21443765035574014, 0.23785985328818726, -0.12646741612097356, -0.47815568541100895, -0.17505557667448635, -0.16193193089539926, 0.8048437117522818, 0.9592325240809707, 0.24713767881382775, -0.8336317548582777, 0.46599743519199, 0.357370804957968, 0.6520457340504391, -0.3050973265778887, -0.8822398116837538, 0.2236436329105842, -0.751970763373456, 0.5190590583266628, 0.5888466351532844, -0.18274642650020412, 0.8875950117660911, -0.6524404124894483, 0.8851716994539605]",rhc,relu,False,False,100,[10],0.1,100,11
1137,37,0.1166854000184685,1.8273383703077672,1690.0,100,15,"[0.9340596780273533, 0.09446449835144466, 0.9453687199297687, 0.4296319873487293, 0.3954576491945416, -0.5678210088392472, 0.9525489095524835, -0.9875394895908203, -0.4940352752331121, -0.13041693519110842, 0.5587658435875049, -0.6046298507994938, 0.7259864711984445, 0.9668013543506255, -0.6723155171906026, 0.19466788786571843, -0.98202780466489, -0.22685743471274122, -0.9116798841370009, 0.9133059354284718, -0.1277067062404047, 0.8979546135631256, 0.5726119718701219, 0.7325785971633969, -0.6536691570081037, -0.850102825973786, 0.2014854427555386, -0.6640556325631923, 0.4667603350211398, -0.18311227969597055, 0.05581764683584067, 0.875143167901884, 0.043392244889916, -0.7836132342255386, -0.6835531856304011, 0.09040530340642561, 0.04880816013694678, 0.2752204882519873, -0.1970091128194542, 0.2996102180386846, -0.20619999419653467, 0.24783222709644614, 0.5348099341802477, -0.6420521799177383, -0.24884846282491524, 0.005066118653868745, 0.3733341598326916, -0.4926407026772337, 0.10948172588511706, 0.24986168812819542, 0.7910023321122921, -0.27429282313374714, 0.2751141460374733, -0.6171071957620733, -0.004411770765388567, -0.6351091908575863, 0.8367660782795254, -0.13635585731754474, 0.6603762041966925, -0.16644739064327485, 0.8093351774867339, -0.19034956537818792, -0.33765099381775454, 0.14427754054549724, 0.6908872981882266, 0.7220286235061439, 0.19137623413666893, -0.8306767779591795, 0.19453321463834983, -0.5090925828337958, 0.46518689717993555, 0.7893025846334776, 0.0294679418262902, 0.20712702072041278, -0.8698643752343853, 0.08014945928561268, -0.7416264326591246, 0.22912569270066396, -0.2726993059103242, 0.5355160686614915, -0.902931727160895, -0.7803637637643119, 0.36804643024725525, 0.029307394167312983, 0.1432827432294983, 0.6874139879813108, -0.024524721700651453, 0.6202888442522898, 0.020487258589880097, 0.8534413864805024, 0.333855543079252, -0.7025463211318861, -0.27089364934848836, 0.7315498318881986, -0.29942957828896866, -0.6219484810876903, -0.0547573816684539, -0.21443765035574014, 0.23785985328818726, -0.12646741612097356, -0.47815568541100895, -0.17505557667448635, -0.16193193089539926, 0.8048437117522818, 0.9592325240809707, 0.24713767881382775, -0.8336317548582777, 0.46599743519199, 0.357370804957968, 0.6520457340504391, -0.3050973265778887, -0.8822398116837538, 0.2236436329105842, -0.751970763373456, 0.5190590583266628, 0.5888466351532844, -0.18274642650020412, 0.8875950117660911, -0.6524404124894483, 0.8851716994539605]",rhc,relu,False,False,100,[10],0.1,100,11
1138,38,0.11806140001863241,1.824408904120612,1692.0,100,15,"[0.9340596780273533, 0.09446449835144466, 0.9453687199297687, 0.4296319873487293, 0.3954576491945416, -0.5678210088392472, 0.9525489095524835, -0.9875394895908203, -0.4940352752331121, -0.13041693519110842, 0.5587658435875049, -0.6046298507994938, 0.7259864711984445, 0.9668013543506255, -0.6723155171906026, 0.19466788786571843, -0.98202780466489, -0.22685743471274122, -0.9116798841370009, 0.9133059354284718, -0.1277067062404047, 0.8979546135631256, 0.5726119718701219, 0.7325785971633969, -0.6536691570081037, -0.850102825973786, 0.2014854427555386, -0.6640556325631923, 0.4667603350211398, -0.18311227969597055, 0.05581764683584067, 0.875143167901884, 0.043392244889916, -0.7836132342255386, -0.6835531856304011, 0.09040530340642561, 0.04880816013694678, 0.2752204882519873, -0.1970091128194542, 0.2996102180386846, -0.20619999419653467, 0.24783222709644614, 0.5348099341802477, -0.6420521799177383, -0.24884846282491524, 0.005066118653868745, 0.3733341598326916, -0.4926407026772337, 0.10948172588511706, 0.24986168812819542, 0.7910023321122921, -0.27429282313374714, 0.2751141460374733, -0.6171071957620733, -0.004411770765388567, -0.6351091908575863, 0.8367660782795254, -0.13635585731754474, 0.6603762041966925, -0.16644739064327485, 0.8093351774867339, -0.19034956537818792, -0.33765099381775454, 0.14427754054549724, 0.6908872981882266, 0.7220286235061439, 0.19137623413666893, -0.8306767779591795, 0.19453321463834983, -0.5090925828337958, 0.46518689717993555, 0.7893025846334776, 0.0294679418262902, 0.20712702072041278, -0.8698643752343853, 0.08014945928561268, -0.7416264326591246, 0.22912569270066396, -0.2726993059103242, 0.5355160686614915, -0.902931727160895, -0.7803637637643119, 0.36804643024725525, 0.029307394167312983, 0.1432827432294983, 0.6874139879813108, -0.024524721700651453, 0.6202888442522898, 0.020487258589880097, 0.8534413864805024, 0.333855543079252, -0.7025463211318861, -0.27089364934848836, 0.7315498318881986, -0.29942957828896866, -0.6219484810876903, -0.0547573816684539, -0.21443765035574014, 0.23785985328818726, -0.12646741612097356, -0.47815568541100895, -0.17505557667448635, -0.16193193089539926, 0.8048437117522818, 0.9592325240809707, 0.24713767881382775, -0.8336317548582777, 0.46599743519199, 0.357370804957968, 0.6520457340504391, -0.3050973265778887, -0.8822398116837538, 0.2236436329105842, -0.751970763373456, 0.5190590583266628, 0.5888466351532844, -0.18274642650020412, 0.8875950117660911, -0.6524404124894483, 0.8851716994539605]",rhc,relu,False,False,100,[10],0.1,100,11
1139,39,0.12082070007454604,1.8205098589062303,1694.0,100,15,"[0.9340596780273533, 0.09446449835144466, 0.9453687199297687, 0.4296319873487293, 0.3954576491945416, -0.5678210088392472, 0.9525489095524835, -0.9875394895908203, -0.4940352752331121, -0.13041693519110842, 0.5587658435875049, -0.6046298507994938, 0.7259864711984445, 0.9668013543506255, -0.6723155171906026, 0.19466788786571843, -0.98202780466489, -0.22685743471274122, -0.9116798841370009, 0.9133059354284718, -0.1277067062404047, 0.8979546135631256, 0.5726119718701219, 0.7325785971633969, -0.6536691570081037, -0.850102825973786, 0.2014854427555386, -0.6640556325631923, 0.4667603350211398, -0.18311227969597055, 0.05581764683584067, 0.875143167901884, 0.043392244889916, -0.7836132342255386, -0.6835531856304011, 0.09040530340642561, 0.04880816013694678, 0.2752204882519873, -0.1970091128194542, 0.2996102180386846, -0.20619999419653467, 0.24783222709644614, 0.5348099341802477, -0.6420521799177383, -0.24884846282491524, 0.005066118653868745, 0.3733341598326916, -0.4926407026772337, 0.10948172588511706, 0.24986168812819542, 0.7910023321122921, -0.27429282313374714, 0.2751141460374733, -0.6171071957620733, -0.004411770765388567, -0.6351091908575863, 0.8367660782795254, -0.13635585731754474, 0.6603762041966925, -0.16644739064327485, 0.8093351774867339, -0.19034956537818792, -0.33765099381775454, 0.14427754054549724, 0.6908872981882266, 0.7220286235061439, 0.19137623413666893, -0.8306767779591795, 0.19453321463834983, -0.5090925828337958, 0.46518689717993555, 0.7893025846334776, 0.0294679418262902, 0.20712702072041278, -0.8698643752343853, 0.08014945928561268, -0.7416264326591246, 0.22912569270066396, -0.2726993059103242, 0.5355160686614915, -0.902931727160895, -0.7803637637643119, 0.36804643024725525, 0.029307394167312983, 0.1432827432294983, 0.6874139879813108, -0.024524721700651453, 0.6202888442522898, 0.020487258589880097, 0.8534413864805024, 0.333855543079252, -0.7025463211318861, -0.27089364934848836, 0.7315498318881986, -0.29942957828896866, -0.6219484810876903, -0.0547573816684539, -0.21443765035574014, 0.23785985328818726, -0.12646741612097356, -0.47815568541100895, -0.17505557667448635, -0.16193193089539926, 0.8048437117522818, 0.9592325240809707, 0.24713767881382775, -0.8336317548582777, 0.46599743519199, 0.357370804957968, 0.6520457340504391, -0.3050973265778887, -0.8822398116837538, 0.2236436329105842, -0.751970763373456, 0.5190590583266628, 0.5888466351532844, -0.18274642650020412, 0.8875950117660911, -0.6524404124894483, 0.8851716994539605]",rhc,relu,False,False,100,[10],0.1,100,11
1140,40,0.12267690000589937,1.8024952487977353,1696.0,100,15,"[0.9340596780273533, 0.09446449835144466, 0.9453687199297687, 0.4296319873487293, 0.3954576491945416, -0.5678210088392472, 0.9525489095524835, -0.9875394895908203, -0.4940352752331121, -0.13041693519110842, 0.5587658435875049, -0.6046298507994938, 0.7259864711984445, 0.9668013543506255, -0.6723155171906026, 0.19466788786571843, -0.98202780466489, -0.22685743471274122, -0.9116798841370009, 0.9133059354284718, -0.1277067062404047, 0.8979546135631256, 0.5726119718701219, 0.7325785971633969, -0.6536691570081037, -0.850102825973786, 0.2014854427555386, -0.6640556325631923, 0.4667603350211398, -0.18311227969597055, 0.05581764683584067, 0.875143167901884, 0.043392244889916, -0.7836132342255386, -0.6835531856304011, 0.09040530340642561, 0.04880816013694678, 0.2752204882519873, -0.1970091128194542, 0.2996102180386846, -0.20619999419653467, 0.24783222709644614, 0.5348099341802477, -0.6420521799177383, -0.24884846282491524, 0.005066118653868745, 0.3733341598326916, -0.4926407026772337, 0.10948172588511706, 0.24986168812819542, 0.7910023321122921, -0.27429282313374714, 0.2751141460374733, -0.6171071957620733, -0.004411770765388567, -0.6351091908575863, 0.8367660782795254, -0.13635585731754474, 0.6603762041966925, -0.16644739064327485, 0.8093351774867339, -0.19034956537818792, -0.33765099381775454, 0.14427754054549724, 0.6908872981882266, 0.7220286235061439, 0.19137623413666893, -0.8306767779591795, 0.19453321463834983, -0.5090925828337958, 0.46518689717993555, 0.7893025846334776, 0.0294679418262902, 0.20712702072041278, -0.8698643752343853, 0.08014945928561268, -0.7416264326591246, 0.22912569270066396, -0.2726993059103242, 0.5355160686614915, -0.902931727160895, -0.7803637637643119, 0.36804643024725525, 0.029307394167312983, 0.1432827432294983, 0.6874139879813108, -0.024524721700651453, 0.6202888442522898, 0.020487258589880097, 0.8534413864805024, 0.333855543079252, -0.7025463211318861, -0.27089364934848836, 0.7315498318881986, -0.29942957828896866, -0.6219484810876903, -0.0547573816684539, -0.21443765035574014, 0.23785985328818726, -0.12646741612097356, -0.47815568541100895, -0.17505557667448635, -0.16193193089539926, 0.8048437117522818, 0.9592325240809707, 0.24713767881382775, -0.8336317548582777, 0.46599743519199, 0.357370804957968, 0.6520457340504391, -0.3050973265778887, -0.8822398116837538, 0.2236436329105842, -0.751970763373456, 0.5190590583266628, 0.5888466351532844, -0.18274642650020412, 0.8875950117660911, -0.6524404124894483, 0.8851716994539605]",rhc,relu,False,False,100,[10],0.1,100,11
1141,41,0.1255848000291735,1.7993168970658446,1698.0,100,15,"[0.9340596780273533, 0.09446449835144466, 0.9453687199297687, 0.4296319873487293, 0.3954576491945416, -0.5678210088392472, 0.9525489095524835, -0.9875394895908203, -0.4940352752331121, -0.13041693519110842, 0.5587658435875049, -0.6046298507994938, 0.7259864711984445, 0.9668013543506255, -0.6723155171906026, 0.19466788786571843, -0.98202780466489, -0.22685743471274122, -0.9116798841370009, 0.9133059354284718, -0.1277067062404047, 0.8979546135631256, 0.5726119718701219, 0.7325785971633969, -0.6536691570081037, -0.850102825973786, 0.2014854427555386, -0.6640556325631923, 0.4667603350211398, -0.18311227969597055, 0.05581764683584067, 0.875143167901884, 0.043392244889916, -0.7836132342255386, -0.6835531856304011, 0.09040530340642561, 0.04880816013694678, 0.2752204882519873, -0.1970091128194542, 0.2996102180386846, -0.20619999419653467, 0.24783222709644614, 0.5348099341802477, -0.6420521799177383, -0.24884846282491524, 0.005066118653868745, 0.3733341598326916, -0.4926407026772337, 0.10948172588511706, 0.24986168812819542, 0.7910023321122921, -0.27429282313374714, 0.2751141460374733, -0.6171071957620733, -0.004411770765388567, -0.6351091908575863, 0.8367660782795254, -0.13635585731754474, 0.6603762041966925, -0.16644739064327485, 0.8093351774867339, -0.19034956537818792, -0.33765099381775454, 0.14427754054549724, 0.6908872981882266, 0.7220286235061439, 0.19137623413666893, -0.8306767779591795, 0.19453321463834983, -0.5090925828337958, 0.46518689717993555, 0.7893025846334776, 0.0294679418262902, 0.20712702072041278, -0.8698643752343853, 0.08014945928561268, -0.7416264326591246, 0.22912569270066396, -0.2726993059103242, 0.5355160686614915, -0.902931727160895, -0.7803637637643119, 0.36804643024725525, 0.029307394167312983, 0.1432827432294983, 0.6874139879813108, -0.024524721700651453, 0.6202888442522898, 0.020487258589880097, 0.8534413864805024, 0.333855543079252, -0.7025463211318861, -0.27089364934848836, 0.7315498318881986, -0.29942957828896866, -0.6219484810876903, -0.0547573816684539, -0.21443765035574014, 0.23785985328818726, -0.12646741612097356, -0.47815568541100895, -0.17505557667448635, -0.16193193089539926, 0.8048437117522818, 0.9592325240809707, 0.24713767881382775, -0.8336317548582777, 0.46599743519199, 0.357370804957968, 0.6520457340504391, -0.3050973265778887, -0.8822398116837538, 0.2236436329105842, -0.751970763373456, 0.5190590583266628, 0.5888466351532844, -0.18274642650020412, 0.8875950117660911, -0.6524404124894483, 0.8851716994539605]",rhc,relu,False,False,100,[10],0.1,100,11
1142,42,0.12696350004989654,1.7993168970658446,1699.0,100,15,"[0.9340596780273533, 0.09446449835144466, 0.9453687199297687, 0.4296319873487293, 0.3954576491945416, -0.5678210088392472, 0.9525489095524835, -0.9875394895908203, -0.4940352752331121, -0.13041693519110842, 0.5587658435875049, -0.6046298507994938, 0.7259864711984445, 0.9668013543506255, -0.6723155171906026, 0.19466788786571843, -0.98202780466489, -0.22685743471274122, -0.9116798841370009, 0.9133059354284718, -0.1277067062404047, 0.8979546135631256, 0.5726119718701219, 0.7325785971633969, -0.6536691570081037, -0.850102825973786, 0.2014854427555386, -0.6640556325631923, 0.4667603350211398, -0.18311227969597055, 0.05581764683584067, 0.875143167901884, 0.043392244889916, -0.7836132342255386, -0.6835531856304011, 0.09040530340642561, 0.04880816013694678, 0.2752204882519873, -0.1970091128194542, 0.2996102180386846, -0.20619999419653467, 0.24783222709644614, 0.5348099341802477, -0.6420521799177383, -0.24884846282491524, 0.005066118653868745, 0.3733341598326916, -0.4926407026772337, 0.10948172588511706, 0.24986168812819542, 0.7910023321122921, -0.27429282313374714, 0.2751141460374733, -0.6171071957620733, -0.004411770765388567, -0.6351091908575863, 0.8367660782795254, -0.13635585731754474, 0.6603762041966925, -0.16644739064327485, 0.8093351774867339, -0.19034956537818792, -0.33765099381775454, 0.14427754054549724, 0.6908872981882266, 0.7220286235061439, 0.19137623413666893, -0.8306767779591795, 0.19453321463834983, -0.5090925828337958, 0.46518689717993555, 0.7893025846334776, 0.0294679418262902, 0.20712702072041278, -0.8698643752343853, 0.08014945928561268, -0.7416264326591246, 0.22912569270066396, -0.2726993059103242, 0.5355160686614915, -0.902931727160895, -0.7803637637643119, 0.36804643024725525, 0.029307394167312983, 0.1432827432294983, 0.6874139879813108, -0.024524721700651453, 0.6202888442522898, 0.020487258589880097, 0.8534413864805024, 0.333855543079252, -0.7025463211318861, -0.27089364934848836, 0.7315498318881986, -0.29942957828896866, -0.6219484810876903, -0.0547573816684539, -0.21443765035574014, 0.23785985328818726, -0.12646741612097356, -0.47815568541100895, -0.17505557667448635, -0.16193193089539926, 0.8048437117522818, 0.9592325240809707, 0.24713767881382775, -0.8336317548582777, 0.46599743519199, 0.357370804957968, 0.6520457340504391, -0.3050973265778887, -0.8822398116837538, 0.2236436329105842, -0.751970763373456, 0.5190590583266628, 0.5888466351532844, -0.18274642650020412, 0.8875950117660911, -0.6524404124894483, 0.8851716994539605]",rhc,relu,False,False,100,[10],0.1,100,11
1143,43,0.13002750009763986,1.7929772379249207,1701.0,100,15,"[0.9340596780273533, 0.09446449835144466, 0.9453687199297687, 0.4296319873487293, 0.3954576491945416, -0.5678210088392472, 0.9525489095524835, -0.9875394895908203, -0.4940352752331121, -0.13041693519110842, 0.5587658435875049, -0.6046298507994938, 0.7259864711984445, 0.9668013543506255, -0.6723155171906026, 0.19466788786571843, -0.98202780466489, -0.22685743471274122, -0.9116798841370009, 0.9133059354284718, -0.1277067062404047, 0.8979546135631256, 0.5726119718701219, 0.7325785971633969, -0.6536691570081037, -0.850102825973786, 0.2014854427555386, -0.6640556325631923, 0.4667603350211398, -0.18311227969597055, 0.05581764683584067, 0.875143167901884, 0.043392244889916, -0.7836132342255386, -0.6835531856304011, 0.09040530340642561, 0.04880816013694678, 0.2752204882519873, -0.1970091128194542, 0.2996102180386846, -0.20619999419653467, 0.24783222709644614, 0.5348099341802477, -0.6420521799177383, -0.24884846282491524, 0.005066118653868745, 0.3733341598326916, -0.4926407026772337, 0.10948172588511706, 0.24986168812819542, 0.7910023321122921, -0.27429282313374714, 0.2751141460374733, -0.6171071957620733, -0.004411770765388567, -0.6351091908575863, 0.8367660782795254, -0.13635585731754474, 0.6603762041966925, -0.16644739064327485, 0.8093351774867339, -0.19034956537818792, -0.33765099381775454, 0.14427754054549724, 0.6908872981882266, 0.7220286235061439, 0.19137623413666893, -0.8306767779591795, 0.19453321463834983, -0.5090925828337958, 0.46518689717993555, 0.7893025846334776, 0.0294679418262902, 0.20712702072041278, -0.8698643752343853, 0.08014945928561268, -0.7416264326591246, 0.22912569270066396, -0.2726993059103242, 0.5355160686614915, -0.902931727160895, -0.7803637637643119, 0.36804643024725525, 0.029307394167312983, 0.1432827432294983, 0.6874139879813108, -0.024524721700651453, 0.6202888442522898, 0.020487258589880097, 0.8534413864805024, 0.333855543079252, -0.7025463211318861, -0.27089364934848836, 0.7315498318881986, -0.29942957828896866, -0.6219484810876903, -0.0547573816684539, -0.21443765035574014, 0.23785985328818726, -0.12646741612097356, -0.47815568541100895, -0.17505557667448635, -0.16193193089539926, 0.8048437117522818, 0.9592325240809707, 0.24713767881382775, -0.8336317548582777, 0.46599743519199, 0.357370804957968, 0.6520457340504391, -0.3050973265778887, -0.8822398116837538, 0.2236436329105842, -0.751970763373456, 0.5190590583266628, 0.5888466351532844, -0.18274642650020412, 0.8875950117660911, -0.6524404124894483, 0.8851716994539605]",rhc,relu,False,False,100,[10],0.1,100,11
1144,44,0.1314245000248775,1.7324495217655145,1703.0,100,15,"[0.9340596780273533, 0.09446449835144466, 0.9453687199297687, 0.4296319873487293, 0.3954576491945416, -0.5678210088392472, 0.9525489095524835, -0.9875394895908203, -0.4940352752331121, -0.13041693519110842, 0.5587658435875049, -0.6046298507994938, 0.7259864711984445, 0.9668013543506255, -0.6723155171906026, 0.19466788786571843, -0.98202780466489, -0.22685743471274122, -0.9116798841370009, 0.9133059354284718, -0.1277067062404047, 0.8979546135631256, 0.5726119718701219, 0.7325785971633969, -0.6536691570081037, -0.850102825973786, 0.2014854427555386, -0.6640556325631923, 0.4667603350211398, -0.18311227969597055, 0.05581764683584067, 0.875143167901884, 0.043392244889916, -0.7836132342255386, -0.6835531856304011, 0.09040530340642561, 0.04880816013694678, 0.2752204882519873, -0.1970091128194542, 0.2996102180386846, -0.20619999419653467, 0.24783222709644614, 0.5348099341802477, -0.6420521799177383, -0.24884846282491524, 0.005066118653868745, 0.3733341598326916, -0.4926407026772337, 0.10948172588511706, 0.24986168812819542, 0.7910023321122921, -0.27429282313374714, 0.2751141460374733, -0.6171071957620733, -0.004411770765388567, -0.6351091908575863, 0.8367660782795254, -0.13635585731754474, 0.6603762041966925, -0.16644739064327485, 0.8093351774867339, -0.19034956537818792, -0.33765099381775454, 0.14427754054549724, 0.6908872981882266, 0.7220286235061439, 0.19137623413666893, -0.8306767779591795, 0.19453321463834983, -0.5090925828337958, 0.46518689717993555, 0.7893025846334776, 0.0294679418262902, 0.20712702072041278, -0.8698643752343853, 0.08014945928561268, -0.7416264326591246, 0.22912569270066396, -0.2726993059103242, 0.5355160686614915, -0.902931727160895, -0.7803637637643119, 0.36804643024725525, 0.029307394167312983, 0.1432827432294983, 0.6874139879813108, -0.024524721700651453, 0.6202888442522898, 0.020487258589880097, 0.8534413864805024, 0.333855543079252, -0.7025463211318861, -0.27089364934848836, 0.7315498318881986, -0.29942957828896866, -0.6219484810876903, -0.0547573816684539, -0.21443765035574014, 0.23785985328818726, -0.12646741612097356, -0.47815568541100895, -0.17505557667448635, -0.16193193089539926, 0.8048437117522818, 0.9592325240809707, 0.24713767881382775, -0.8336317548582777, 0.46599743519199, 0.357370804957968, 0.6520457340504391, -0.3050973265778887, -0.8822398116837538, 0.2236436329105842, -0.751970763373456, 0.5190590583266628, 0.5888466351532844, -0.18274642650020412, 0.8875950117660911, -0.6524404124894483, 0.8851716994539605]",rhc,relu,False,False,100,[10],0.1,100,11
1145,45,0.13282990001607686,1.7285083040675733,1705.0,100,15,"[0.9340596780273533, 0.09446449835144466, 0.9453687199297687, 0.4296319873487293, 0.3954576491945416, -0.5678210088392472, 0.9525489095524835, -0.9875394895908203, -0.4940352752331121, -0.13041693519110842, 0.5587658435875049, -0.6046298507994938, 0.7259864711984445, 0.9668013543506255, -0.6723155171906026, 0.19466788786571843, -0.98202780466489, -0.22685743471274122, -0.9116798841370009, 0.9133059354284718, -0.1277067062404047, 0.8979546135631256, 0.5726119718701219, 0.7325785971633969, -0.6536691570081037, -0.850102825973786, 0.2014854427555386, -0.6640556325631923, 0.4667603350211398, -0.18311227969597055, 0.05581764683584067, 0.875143167901884, 0.043392244889916, -0.7836132342255386, -0.6835531856304011, 0.09040530340642561, 0.04880816013694678, 0.2752204882519873, -0.1970091128194542, 0.2996102180386846, -0.20619999419653467, 0.24783222709644614, 0.5348099341802477, -0.6420521799177383, -0.24884846282491524, 0.005066118653868745, 0.3733341598326916, -0.4926407026772337, 0.10948172588511706, 0.24986168812819542, 0.7910023321122921, -0.27429282313374714, 0.2751141460374733, -0.6171071957620733, -0.004411770765388567, -0.6351091908575863, 0.8367660782795254, -0.13635585731754474, 0.6603762041966925, -0.16644739064327485, 0.8093351774867339, -0.19034956537818792, -0.33765099381775454, 0.14427754054549724, 0.6908872981882266, 0.7220286235061439, 0.19137623413666893, -0.8306767779591795, 0.19453321463834983, -0.5090925828337958, 0.46518689717993555, 0.7893025846334776, 0.0294679418262902, 0.20712702072041278, -0.8698643752343853, 0.08014945928561268, -0.7416264326591246, 0.22912569270066396, -0.2726993059103242, 0.5355160686614915, -0.902931727160895, -0.7803637637643119, 0.36804643024725525, 0.029307394167312983, 0.1432827432294983, 0.6874139879813108, -0.024524721700651453, 0.6202888442522898, 0.020487258589880097, 0.8534413864805024, 0.333855543079252, -0.7025463211318861, -0.27089364934848836, 0.7315498318881986, -0.29942957828896866, -0.6219484810876903, -0.0547573816684539, -0.21443765035574014, 0.23785985328818726, -0.12646741612097356, -0.47815568541100895, -0.17505557667448635, -0.16193193089539926, 0.8048437117522818, 0.9592325240809707, 0.24713767881382775, -0.8336317548582777, 0.46599743519199, 0.357370804957968, 0.6520457340504391, -0.3050973265778887, -0.8822398116837538, 0.2236436329105842, -0.751970763373456, 0.5190590583266628, 0.5888466351532844, -0.18274642650020412, 0.8875950117660911, -0.6524404124894483, 0.8851716994539605]",rhc,relu,False,False,100,[10],0.1,100,11
1146,46,0.13423810002859682,1.7251287524950498,1707.0,100,15,"[0.9340596780273533, 0.09446449835144466, 0.9453687199297687, 0.4296319873487293, 0.3954576491945416, -0.5678210088392472, 0.9525489095524835, -0.9875394895908203, -0.4940352752331121, -0.13041693519110842, 0.5587658435875049, -0.6046298507994938, 0.7259864711984445, 0.9668013543506255, -0.6723155171906026, 0.19466788786571843, -0.98202780466489, -0.22685743471274122, -0.9116798841370009, 0.9133059354284718, -0.1277067062404047, 0.8979546135631256, 0.5726119718701219, 0.7325785971633969, -0.6536691570081037, -0.850102825973786, 0.2014854427555386, -0.6640556325631923, 0.4667603350211398, -0.18311227969597055, 0.05581764683584067, 0.875143167901884, 0.043392244889916, -0.7836132342255386, -0.6835531856304011, 0.09040530340642561, 0.04880816013694678, 0.2752204882519873, -0.1970091128194542, 0.2996102180386846, -0.20619999419653467, 0.24783222709644614, 0.5348099341802477, -0.6420521799177383, -0.24884846282491524, 0.005066118653868745, 0.3733341598326916, -0.4926407026772337, 0.10948172588511706, 0.24986168812819542, 0.7910023321122921, -0.27429282313374714, 0.2751141460374733, -0.6171071957620733, -0.004411770765388567, -0.6351091908575863, 0.8367660782795254, -0.13635585731754474, 0.6603762041966925, -0.16644739064327485, 0.8093351774867339, -0.19034956537818792, -0.33765099381775454, 0.14427754054549724, 0.6908872981882266, 0.7220286235061439, 0.19137623413666893, -0.8306767779591795, 0.19453321463834983, -0.5090925828337958, 0.46518689717993555, 0.7893025846334776, 0.0294679418262902, 0.20712702072041278, -0.8698643752343853, 0.08014945928561268, -0.7416264326591246, 0.22912569270066396, -0.2726993059103242, 0.5355160686614915, -0.902931727160895, -0.7803637637643119, 0.36804643024725525, 0.029307394167312983, 0.1432827432294983, 0.6874139879813108, -0.024524721700651453, 0.6202888442522898, 0.020487258589880097, 0.8534413864805024, 0.333855543079252, -0.7025463211318861, -0.27089364934848836, 0.7315498318881986, -0.29942957828896866, -0.6219484810876903, -0.0547573816684539, -0.21443765035574014, 0.23785985328818726, -0.12646741612097356, -0.47815568541100895, -0.17505557667448635, -0.16193193089539926, 0.8048437117522818, 0.9592325240809707, 0.24713767881382775, -0.8336317548582777, 0.46599743519199, 0.357370804957968, 0.6520457340504391, -0.3050973265778887, -0.8822398116837538, 0.2236436329105842, -0.751970763373456, 0.5190590583266628, 0.5888466351532844, -0.18274642650020412, 0.8875950117660911, -0.6524404124894483, 0.8851716994539605]",rhc,relu,False,False,100,[10],0.1,100,11
1147,47,0.13724380009807646,1.7212256345102055,1709.0,100,15,"[0.9340596780273533, 0.09446449835144466, 0.9453687199297687, 0.4296319873487293, 0.3954576491945416, -0.5678210088392472, 0.9525489095524835, -0.9875394895908203, -0.4940352752331121, -0.13041693519110842, 0.5587658435875049, -0.6046298507994938, 0.7259864711984445, 0.9668013543506255, -0.6723155171906026, 0.19466788786571843, -0.98202780466489, -0.22685743471274122, -0.9116798841370009, 0.9133059354284718, -0.1277067062404047, 0.8979546135631256, 0.5726119718701219, 0.7325785971633969, -0.6536691570081037, -0.850102825973786, 0.2014854427555386, -0.6640556325631923, 0.4667603350211398, -0.18311227969597055, 0.05581764683584067, 0.875143167901884, 0.043392244889916, -0.7836132342255386, -0.6835531856304011, 0.09040530340642561, 0.04880816013694678, 0.2752204882519873, -0.1970091128194542, 0.2996102180386846, -0.20619999419653467, 0.24783222709644614, 0.5348099341802477, -0.6420521799177383, -0.24884846282491524, 0.005066118653868745, 0.3733341598326916, -0.4926407026772337, 0.10948172588511706, 0.24986168812819542, 0.7910023321122921, -0.27429282313374714, 0.2751141460374733, -0.6171071957620733, -0.004411770765388567, -0.6351091908575863, 0.8367660782795254, -0.13635585731754474, 0.6603762041966925, -0.16644739064327485, 0.8093351774867339, -0.19034956537818792, -0.33765099381775454, 0.14427754054549724, 0.6908872981882266, 0.7220286235061439, 0.19137623413666893, -0.8306767779591795, 0.19453321463834983, -0.5090925828337958, 0.46518689717993555, 0.7893025846334776, 0.0294679418262902, 0.20712702072041278, -0.8698643752343853, 0.08014945928561268, -0.7416264326591246, 0.22912569270066396, -0.2726993059103242, 0.5355160686614915, -0.902931727160895, -0.7803637637643119, 0.36804643024725525, 0.029307394167312983, 0.1432827432294983, 0.6874139879813108, -0.024524721700651453, 0.6202888442522898, 0.020487258589880097, 0.8534413864805024, 0.333855543079252, -0.7025463211318861, -0.27089364934848836, 0.7315498318881986, -0.29942957828896866, -0.6219484810876903, -0.0547573816684539, -0.21443765035574014, 0.23785985328818726, -0.12646741612097356, -0.47815568541100895, -0.17505557667448635, -0.16193193089539926, 0.8048437117522818, 0.9592325240809707, 0.24713767881382775, -0.8336317548582777, 0.46599743519199, 0.357370804957968, 0.6520457340504391, -0.3050973265778887, -0.8822398116837538, 0.2236436329105842, -0.751970763373456, 0.5190590583266628, 0.5888466351532844, -0.18274642650020412, 0.8875950117660911, -0.6524404124894483, 0.8851716994539605]",rhc,relu,False,False,100,[10],0.1,100,11
1148,48,0.13920730003155768,1.7212256345102055,1710.0,100,15,"[0.9340596780273533, 0.09446449835144466, 0.9453687199297687, 0.4296319873487293, 0.3954576491945416, -0.5678210088392472, 0.9525489095524835, -0.9875394895908203, -0.4940352752331121, -0.13041693519110842, 0.5587658435875049, -0.6046298507994938, 0.7259864711984445, 0.9668013543506255, -0.6723155171906026, 0.19466788786571843, -0.98202780466489, -0.22685743471274122, -0.9116798841370009, 0.9133059354284718, -0.1277067062404047, 0.8979546135631256, 0.5726119718701219, 0.7325785971633969, -0.6536691570081037, -0.850102825973786, 0.2014854427555386, -0.6640556325631923, 0.4667603350211398, -0.18311227969597055, 0.05581764683584067, 0.875143167901884, 0.043392244889916, -0.7836132342255386, -0.6835531856304011, 0.09040530340642561, 0.04880816013694678, 0.2752204882519873, -0.1970091128194542, 0.2996102180386846, -0.20619999419653467, 0.24783222709644614, 0.5348099341802477, -0.6420521799177383, -0.24884846282491524, 0.005066118653868745, 0.3733341598326916, -0.4926407026772337, 0.10948172588511706, 0.24986168812819542, 0.7910023321122921, -0.27429282313374714, 0.2751141460374733, -0.6171071957620733, -0.004411770765388567, -0.6351091908575863, 0.8367660782795254, -0.13635585731754474, 0.6603762041966925, -0.16644739064327485, 0.8093351774867339, -0.19034956537818792, -0.33765099381775454, 0.14427754054549724, 0.6908872981882266, 0.7220286235061439, 0.19137623413666893, -0.8306767779591795, 0.19453321463834983, -0.5090925828337958, 0.46518689717993555, 0.7893025846334776, 0.0294679418262902, 0.20712702072041278, -0.8698643752343853, 0.08014945928561268, -0.7416264326591246, 0.22912569270066396, -0.2726993059103242, 0.5355160686614915, -0.902931727160895, -0.7803637637643119, 0.36804643024725525, 0.029307394167312983, 0.1432827432294983, 0.6874139879813108, -0.024524721700651453, 0.6202888442522898, 0.020487258589880097, 0.8534413864805024, 0.333855543079252, -0.7025463211318861, -0.27089364934848836, 0.7315498318881986, -0.29942957828896866, -0.6219484810876903, -0.0547573816684539, -0.21443765035574014, 0.23785985328818726, -0.12646741612097356, -0.47815568541100895, -0.17505557667448635, -0.16193193089539926, 0.8048437117522818, 0.9592325240809707, 0.24713767881382775, -0.8336317548582777, 0.46599743519199, 0.357370804957968, 0.6520457340504391, -0.3050973265778887, -0.8822398116837538, 0.2236436329105842, -0.751970763373456, 0.5190590583266628, 0.5888466351532844, -0.18274642650020412, 0.8875950117660911, -0.6524404124894483, 0.8851716994539605]",rhc,relu,False,False,100,[10],0.1,100,11
1149,49,0.14330590004101396,1.7212256345102055,1711.0,100,15,"[0.9340596780273533, 0.09446449835144466, 0.9453687199297687, 0.4296319873487293, 0.3954576491945416, -0.5678210088392472, 0.9525489095524835, -0.9875394895908203, -0.4940352752331121, -0.13041693519110842, 0.5587658435875049, -0.6046298507994938, 0.7259864711984445, 0.9668013543506255, -0.6723155171906026, 0.19466788786571843, -0.98202780466489, -0.22685743471274122, -0.9116798841370009, 0.9133059354284718, -0.1277067062404047, 0.8979546135631256, 0.5726119718701219, 0.7325785971633969, -0.6536691570081037, -0.850102825973786, 0.2014854427555386, -0.6640556325631923, 0.4667603350211398, -0.18311227969597055, 0.05581764683584067, 0.875143167901884, 0.043392244889916, -0.7836132342255386, -0.6835531856304011, 0.09040530340642561, 0.04880816013694678, 0.2752204882519873, -0.1970091128194542, 0.2996102180386846, -0.20619999419653467, 0.24783222709644614, 0.5348099341802477, -0.6420521799177383, -0.24884846282491524, 0.005066118653868745, 0.3733341598326916, -0.4926407026772337, 0.10948172588511706, 0.24986168812819542, 0.7910023321122921, -0.27429282313374714, 0.2751141460374733, -0.6171071957620733, -0.004411770765388567, -0.6351091908575863, 0.8367660782795254, -0.13635585731754474, 0.6603762041966925, -0.16644739064327485, 0.8093351774867339, -0.19034956537818792, -0.33765099381775454, 0.14427754054549724, 0.6908872981882266, 0.7220286235061439, 0.19137623413666893, -0.8306767779591795, 0.19453321463834983, -0.5090925828337958, 0.46518689717993555, 0.7893025846334776, 0.0294679418262902, 0.20712702072041278, -0.8698643752343853, 0.08014945928561268, -0.7416264326591246, 0.22912569270066396, -0.2726993059103242, 0.5355160686614915, -0.902931727160895, -0.7803637637643119, 0.36804643024725525, 0.029307394167312983, 0.1432827432294983, 0.6874139879813108, -0.024524721700651453, 0.6202888442522898, 0.020487258589880097, 0.8534413864805024, 0.333855543079252, -0.7025463211318861, -0.27089364934848836, 0.7315498318881986, -0.29942957828896866, -0.6219484810876903, -0.0547573816684539, -0.21443765035574014, 0.23785985328818726, -0.12646741612097356, -0.47815568541100895, -0.17505557667448635, -0.16193193089539926, 0.8048437117522818, 0.9592325240809707, 0.24713767881382775, -0.8336317548582777, 0.46599743519199, 0.357370804957968, 0.6520457340504391, -0.3050973265778887, -0.8822398116837538, 0.2236436329105842, -0.751970763373456, 0.5190590583266628, 0.5888466351532844, -0.18274642650020412, 0.8875950117660911, -0.6524404124894483, 0.8851716994539605]",rhc,relu,False,False,100,[10],0.1,100,11
1150,50,0.14690749999135733,1.7184111279843195,1713.0,100,15,"[0.9340596780273533, 0.09446449835144466, 0.9453687199297687, 0.4296319873487293, 0.3954576491945416, -0.5678210088392472, 0.9525489095524835, -0.9875394895908203, -0.4940352752331121, -0.13041693519110842, 0.5587658435875049, -0.6046298507994938, 0.7259864711984445, 0.9668013543506255, -0.6723155171906026, 0.19466788786571843, -0.98202780466489, -0.22685743471274122, -0.9116798841370009, 0.9133059354284718, -0.1277067062404047, 0.8979546135631256, 0.5726119718701219, 0.7325785971633969, -0.6536691570081037, -0.850102825973786, 0.2014854427555386, -0.6640556325631923, 0.4667603350211398, -0.18311227969597055, 0.05581764683584067, 0.875143167901884, 0.043392244889916, -0.7836132342255386, -0.6835531856304011, 0.09040530340642561, 0.04880816013694678, 0.2752204882519873, -0.1970091128194542, 0.2996102180386846, -0.20619999419653467, 0.24783222709644614, 0.5348099341802477, -0.6420521799177383, -0.24884846282491524, 0.005066118653868745, 0.3733341598326916, -0.4926407026772337, 0.10948172588511706, 0.24986168812819542, 0.7910023321122921, -0.27429282313374714, 0.2751141460374733, -0.6171071957620733, -0.004411770765388567, -0.6351091908575863, 0.8367660782795254, -0.13635585731754474, 0.6603762041966925, -0.16644739064327485, 0.8093351774867339, -0.19034956537818792, -0.33765099381775454, 0.14427754054549724, 0.6908872981882266, 0.7220286235061439, 0.19137623413666893, -0.8306767779591795, 0.19453321463834983, -0.5090925828337958, 0.46518689717993555, 0.7893025846334776, 0.0294679418262902, 0.20712702072041278, -0.8698643752343853, 0.08014945928561268, -0.7416264326591246, 0.22912569270066396, -0.2726993059103242, 0.5355160686614915, -0.902931727160895, -0.7803637637643119, 0.36804643024725525, 0.029307394167312983, 0.1432827432294983, 0.6874139879813108, -0.024524721700651453, 0.6202888442522898, 0.020487258589880097, 0.8534413864805024, 0.333855543079252, -0.7025463211318861, -0.27089364934848836, 0.7315498318881986, -0.29942957828896866, -0.6219484810876903, -0.0547573816684539, -0.21443765035574014, 0.23785985328818726, -0.12646741612097356, -0.47815568541100895, -0.17505557667448635, -0.16193193089539926, 0.8048437117522818, 0.9592325240809707, 0.24713767881382775, -0.8336317548582777, 0.46599743519199, 0.357370804957968, 0.6520457340504391, -0.3050973265778887, -0.8822398116837538, 0.2236436329105842, -0.751970763373456, 0.5190590583266628, 0.5888466351532844, -0.18274642650020412, 0.8875950117660911, -0.6524404124894483, 0.8851716994539605]",rhc,relu,False,False,100,[10],0.1,100,11
1151,51,0.14868640003260225,1.7160402120693363,1715.0,100,15,"[0.9340596780273533, 0.09446449835144466, 0.9453687199297687, 0.4296319873487293, 0.3954576491945416, -0.5678210088392472, 0.9525489095524835, -0.9875394895908203, -0.4940352752331121, -0.13041693519110842, 0.5587658435875049, -0.6046298507994938, 0.7259864711984445, 0.9668013543506255, -0.6723155171906026, 0.19466788786571843, -0.98202780466489, -0.22685743471274122, -0.9116798841370009, 0.9133059354284718, -0.1277067062404047, 0.8979546135631256, 0.5726119718701219, 0.7325785971633969, -0.6536691570081037, -0.850102825973786, 0.2014854427555386, -0.6640556325631923, 0.4667603350211398, -0.18311227969597055, 0.05581764683584067, 0.875143167901884, 0.043392244889916, -0.7836132342255386, -0.6835531856304011, 0.09040530340642561, 0.04880816013694678, 0.2752204882519873, -0.1970091128194542, 0.2996102180386846, -0.20619999419653467, 0.24783222709644614, 0.5348099341802477, -0.6420521799177383, -0.24884846282491524, 0.005066118653868745, 0.3733341598326916, -0.4926407026772337, 0.10948172588511706, 0.24986168812819542, 0.7910023321122921, -0.27429282313374714, 0.2751141460374733, -0.6171071957620733, -0.004411770765388567, -0.6351091908575863, 0.8367660782795254, -0.13635585731754474, 0.6603762041966925, -0.16644739064327485, 0.8093351774867339, -0.19034956537818792, -0.33765099381775454, 0.14427754054549724, 0.6908872981882266, 0.7220286235061439, 0.19137623413666893, -0.8306767779591795, 0.19453321463834983, -0.5090925828337958, 0.46518689717993555, 0.7893025846334776, 0.0294679418262902, 0.20712702072041278, -0.8698643752343853, 0.08014945928561268, -0.7416264326591246, 0.22912569270066396, -0.2726993059103242, 0.5355160686614915, -0.902931727160895, -0.7803637637643119, 0.36804643024725525, 0.029307394167312983, 0.1432827432294983, 0.6874139879813108, -0.024524721700651453, 0.6202888442522898, 0.020487258589880097, 0.8534413864805024, 0.333855543079252, -0.7025463211318861, -0.27089364934848836, 0.7315498318881986, -0.29942957828896866, -0.6219484810876903, -0.0547573816684539, -0.21443765035574014, 0.23785985328818726, -0.12646741612097356, -0.47815568541100895, -0.17505557667448635, -0.16193193089539926, 0.8048437117522818, 0.9592325240809707, 0.24713767881382775, -0.8336317548582777, 0.46599743519199, 0.357370804957968, 0.6520457340504391, -0.3050973265778887, -0.8822398116837538, 0.2236436329105842, -0.751970763373456, 0.5190590583266628, 0.5888466351532844, -0.18274642650020412, 0.8875950117660911, -0.6524404124894483, 0.8851716994539605]",rhc,relu,False,False,100,[10],0.1,100,11
1152,52,0.15030470001511276,1.7160402120693363,1716.0,100,15,"[0.9340596780273533, 0.09446449835144466, 0.9453687199297687, 0.4296319873487293, 0.3954576491945416, -0.5678210088392472, 0.9525489095524835, -0.9875394895908203, -0.4940352752331121, -0.13041693519110842, 0.5587658435875049, -0.6046298507994938, 0.7259864711984445, 0.9668013543506255, -0.6723155171906026, 0.19466788786571843, -0.98202780466489, -0.22685743471274122, -0.9116798841370009, 0.9133059354284718, -0.1277067062404047, 0.8979546135631256, 0.5726119718701219, 0.7325785971633969, -0.6536691570081037, -0.850102825973786, 0.2014854427555386, -0.6640556325631923, 0.4667603350211398, -0.18311227969597055, 0.05581764683584067, 0.875143167901884, 0.043392244889916, -0.7836132342255386, -0.6835531856304011, 0.09040530340642561, 0.04880816013694678, 0.2752204882519873, -0.1970091128194542, 0.2996102180386846, -0.20619999419653467, 0.24783222709644614, 0.5348099341802477, -0.6420521799177383, -0.24884846282491524, 0.005066118653868745, 0.3733341598326916, -0.4926407026772337, 0.10948172588511706, 0.24986168812819542, 0.7910023321122921, -0.27429282313374714, 0.2751141460374733, -0.6171071957620733, -0.004411770765388567, -0.6351091908575863, 0.8367660782795254, -0.13635585731754474, 0.6603762041966925, -0.16644739064327485, 0.8093351774867339, -0.19034956537818792, -0.33765099381775454, 0.14427754054549724, 0.6908872981882266, 0.7220286235061439, 0.19137623413666893, -0.8306767779591795, 0.19453321463834983, -0.5090925828337958, 0.46518689717993555, 0.7893025846334776, 0.0294679418262902, 0.20712702072041278, -0.8698643752343853, 0.08014945928561268, -0.7416264326591246, 0.22912569270066396, -0.2726993059103242, 0.5355160686614915, -0.902931727160895, -0.7803637637643119, 0.36804643024725525, 0.029307394167312983, 0.1432827432294983, 0.6874139879813108, -0.024524721700651453, 0.6202888442522898, 0.020487258589880097, 0.8534413864805024, 0.333855543079252, -0.7025463211318861, -0.27089364934848836, 0.7315498318881986, -0.29942957828896866, -0.6219484810876903, -0.0547573816684539, -0.21443765035574014, 0.23785985328818726, -0.12646741612097356, -0.47815568541100895, -0.17505557667448635, -0.16193193089539926, 0.8048437117522818, 0.9592325240809707, 0.24713767881382775, -0.8336317548582777, 0.46599743519199, 0.357370804957968, 0.6520457340504391, -0.3050973265778887, -0.8822398116837538, 0.2236436329105842, -0.751970763373456, 0.5190590583266628, 0.5888466351532844, -0.18274642650020412, 0.8875950117660911, -0.6524404124894483, 0.8851716994539605]",rhc,relu,False,False,100,[10],0.1,100,11
1153,53,0.15169550001155585,1.7160402120693363,1717.0,100,15,"[0.9340596780273533, 0.09446449835144466, 0.9453687199297687, 0.4296319873487293, 0.3954576491945416, -0.5678210088392472, 0.9525489095524835, -0.9875394895908203, -0.4940352752331121, -0.13041693519110842, 0.5587658435875049, -0.6046298507994938, 0.7259864711984445, 0.9668013543506255, -0.6723155171906026, 0.19466788786571843, -0.98202780466489, -0.22685743471274122, -0.9116798841370009, 0.9133059354284718, -0.1277067062404047, 0.8979546135631256, 0.5726119718701219, 0.7325785971633969, -0.6536691570081037, -0.850102825973786, 0.2014854427555386, -0.6640556325631923, 0.4667603350211398, -0.18311227969597055, 0.05581764683584067, 0.875143167901884, 0.043392244889916, -0.7836132342255386, -0.6835531856304011, 0.09040530340642561, 0.04880816013694678, 0.2752204882519873, -0.1970091128194542, 0.2996102180386846, -0.20619999419653467, 0.24783222709644614, 0.5348099341802477, -0.6420521799177383, -0.24884846282491524, 0.005066118653868745, 0.3733341598326916, -0.4926407026772337, 0.10948172588511706, 0.24986168812819542, 0.7910023321122921, -0.27429282313374714, 0.2751141460374733, -0.6171071957620733, -0.004411770765388567, -0.6351091908575863, 0.8367660782795254, -0.13635585731754474, 0.6603762041966925, -0.16644739064327485, 0.8093351774867339, -0.19034956537818792, -0.33765099381775454, 0.14427754054549724, 0.6908872981882266, 0.7220286235061439, 0.19137623413666893, -0.8306767779591795, 0.19453321463834983, -0.5090925828337958, 0.46518689717993555, 0.7893025846334776, 0.0294679418262902, 0.20712702072041278, -0.8698643752343853, 0.08014945928561268, -0.7416264326591246, 0.22912569270066396, -0.2726993059103242, 0.5355160686614915, -0.902931727160895, -0.7803637637643119, 0.36804643024725525, 0.029307394167312983, 0.1432827432294983, 0.6874139879813108, -0.024524721700651453, 0.6202888442522898, 0.020487258589880097, 0.8534413864805024, 0.333855543079252, -0.7025463211318861, -0.27089364934848836, 0.7315498318881986, -0.29942957828896866, -0.6219484810876903, -0.0547573816684539, -0.21443765035574014, 0.23785985328818726, -0.12646741612097356, -0.47815568541100895, -0.17505557667448635, -0.16193193089539926, 0.8048437117522818, 0.9592325240809707, 0.24713767881382775, -0.8336317548582777, 0.46599743519199, 0.357370804957968, 0.6520457340504391, -0.3050973265778887, -0.8822398116837538, 0.2236436329105842, -0.751970763373456, 0.5190590583266628, 0.5888466351532844, -0.18274642650020412, 0.8875950117660911, -0.6524404124894483, 0.8851716994539605]",rhc,relu,False,False,100,[10],0.1,100,11
1154,54,0.15469950006809086,1.7160402120693363,1718.0,100,15,"[0.9340596780273533, 0.09446449835144466, 0.9453687199297687, 0.4296319873487293, 0.3954576491945416, -0.5678210088392472, 0.9525489095524835, -0.9875394895908203, -0.4940352752331121, -0.13041693519110842, 0.5587658435875049, -0.6046298507994938, 0.7259864711984445, 0.9668013543506255, -0.6723155171906026, 0.19466788786571843, -0.98202780466489, -0.22685743471274122, -0.9116798841370009, 0.9133059354284718, -0.1277067062404047, 0.8979546135631256, 0.5726119718701219, 0.7325785971633969, -0.6536691570081037, -0.850102825973786, 0.2014854427555386, -0.6640556325631923, 0.4667603350211398, -0.18311227969597055, 0.05581764683584067, 0.875143167901884, 0.043392244889916, -0.7836132342255386, -0.6835531856304011, 0.09040530340642561, 0.04880816013694678, 0.2752204882519873, -0.1970091128194542, 0.2996102180386846, -0.20619999419653467, 0.24783222709644614, 0.5348099341802477, -0.6420521799177383, -0.24884846282491524, 0.005066118653868745, 0.3733341598326916, -0.4926407026772337, 0.10948172588511706, 0.24986168812819542, 0.7910023321122921, -0.27429282313374714, 0.2751141460374733, -0.6171071957620733, -0.004411770765388567, -0.6351091908575863, 0.8367660782795254, -0.13635585731754474, 0.6603762041966925, -0.16644739064327485, 0.8093351774867339, -0.19034956537818792, -0.33765099381775454, 0.14427754054549724, 0.6908872981882266, 0.7220286235061439, 0.19137623413666893, -0.8306767779591795, 0.19453321463834983, -0.5090925828337958, 0.46518689717993555, 0.7893025846334776, 0.0294679418262902, 0.20712702072041278, -0.8698643752343853, 0.08014945928561268, -0.7416264326591246, 0.22912569270066396, -0.2726993059103242, 0.5355160686614915, -0.902931727160895, -0.7803637637643119, 0.36804643024725525, 0.029307394167312983, 0.1432827432294983, 0.6874139879813108, -0.024524721700651453, 0.6202888442522898, 0.020487258589880097, 0.8534413864805024, 0.333855543079252, -0.7025463211318861, -0.27089364934848836, 0.7315498318881986, -0.29942957828896866, -0.6219484810876903, -0.0547573816684539, -0.21443765035574014, 0.23785985328818726, -0.12646741612097356, -0.47815568541100895, -0.17505557667448635, -0.16193193089539926, 0.8048437117522818, 0.9592325240809707, 0.24713767881382775, -0.8336317548582777, 0.46599743519199, 0.357370804957968, 0.6520457340504391, -0.3050973265778887, -0.8822398116837538, 0.2236436329105842, -0.751970763373456, 0.5190590583266628, 0.5888466351532844, -0.18274642650020412, 0.8875950117660911, -0.6524404124894483, 0.8851716994539605]",rhc,relu,False,False,100,[10],0.1,100,11
1155,55,0.15623610001057386,1.7107716253355965,1720.0,100,15,"[0.9340596780273533, 0.09446449835144466, 0.9453687199297687, 0.4296319873487293, 0.3954576491945416, -0.5678210088392472, 0.9525489095524835, -0.9875394895908203, -0.4940352752331121, -0.13041693519110842, 0.5587658435875049, -0.6046298507994938, 0.7259864711984445, 0.9668013543506255, -0.6723155171906026, 0.19466788786571843, -0.98202780466489, -0.22685743471274122, -0.9116798841370009, 0.9133059354284718, -0.1277067062404047, 0.8979546135631256, 0.5726119718701219, 0.7325785971633969, -0.6536691570081037, -0.850102825973786, 0.2014854427555386, -0.6640556325631923, 0.4667603350211398, -0.18311227969597055, 0.05581764683584067, 0.875143167901884, 0.043392244889916, -0.7836132342255386, -0.6835531856304011, 0.09040530340642561, 0.04880816013694678, 0.2752204882519873, -0.1970091128194542, 0.2996102180386846, -0.20619999419653467, 0.24783222709644614, 0.5348099341802477, -0.6420521799177383, -0.24884846282491524, 0.005066118653868745, 0.3733341598326916, -0.4926407026772337, 0.10948172588511706, 0.24986168812819542, 0.7910023321122921, -0.27429282313374714, 0.2751141460374733, -0.6171071957620733, -0.004411770765388567, -0.6351091908575863, 0.8367660782795254, -0.13635585731754474, 0.6603762041966925, -0.16644739064327485, 0.8093351774867339, -0.19034956537818792, -0.33765099381775454, 0.14427754054549724, 0.6908872981882266, 0.7220286235061439, 0.19137623413666893, -0.8306767779591795, 0.19453321463834983, -0.5090925828337958, 0.46518689717993555, 0.7893025846334776, 0.0294679418262902, 0.20712702072041278, -0.8698643752343853, 0.08014945928561268, -0.7416264326591246, 0.22912569270066396, -0.2726993059103242, 0.5355160686614915, -0.902931727160895, -0.7803637637643119, 0.36804643024725525, 0.029307394167312983, 0.1432827432294983, 0.6874139879813108, -0.024524721700651453, 0.6202888442522898, 0.020487258589880097, 0.8534413864805024, 0.333855543079252, -0.7025463211318861, -0.27089364934848836, 0.7315498318881986, -0.29942957828896866, -0.6219484810876903, -0.0547573816684539, -0.21443765035574014, 0.23785985328818726, -0.12646741612097356, -0.47815568541100895, -0.17505557667448635, -0.16193193089539926, 0.8048437117522818, 0.9592325240809707, 0.24713767881382775, -0.8336317548582777, 0.46599743519199, 0.357370804957968, 0.6520457340504391, -0.3050973265778887, -0.8822398116837538, 0.2236436329105842, -0.751970763373456, 0.5190590583266628, 0.5888466351532844, -0.18274642650020412, 0.8875950117660911, -0.6524404124894483, 0.8851716994539605]",rhc,relu,False,False,100,[10],0.1,100,11
1156,56,0.15794740000274032,1.7031691799918587,1722.0,100,15,"[0.9340596780273533, 0.09446449835144466, 0.9453687199297687, 0.4296319873487293, 0.3954576491945416, -0.5678210088392472, 0.9525489095524835, -0.9875394895908203, -0.4940352752331121, -0.13041693519110842, 0.5587658435875049, -0.6046298507994938, 0.7259864711984445, 0.9668013543506255, -0.6723155171906026, 0.19466788786571843, -0.98202780466489, -0.22685743471274122, -0.9116798841370009, 0.9133059354284718, -0.1277067062404047, 0.8979546135631256, 0.5726119718701219, 0.7325785971633969, -0.6536691570081037, -0.850102825973786, 0.2014854427555386, -0.6640556325631923, 0.4667603350211398, -0.18311227969597055, 0.05581764683584067, 0.875143167901884, 0.043392244889916, -0.7836132342255386, -0.6835531856304011, 0.09040530340642561, 0.04880816013694678, 0.2752204882519873, -0.1970091128194542, 0.2996102180386846, -0.20619999419653467, 0.24783222709644614, 0.5348099341802477, -0.6420521799177383, -0.24884846282491524, 0.005066118653868745, 0.3733341598326916, -0.4926407026772337, 0.10948172588511706, 0.24986168812819542, 0.7910023321122921, -0.27429282313374714, 0.2751141460374733, -0.6171071957620733, -0.004411770765388567, -0.6351091908575863, 0.8367660782795254, -0.13635585731754474, 0.6603762041966925, -0.16644739064327485, 0.8093351774867339, -0.19034956537818792, -0.33765099381775454, 0.14427754054549724, 0.6908872981882266, 0.7220286235061439, 0.19137623413666893, -0.8306767779591795, 0.19453321463834983, -0.5090925828337958, 0.46518689717993555, 0.7893025846334776, 0.0294679418262902, 0.20712702072041278, -0.8698643752343853, 0.08014945928561268, -0.7416264326591246, 0.22912569270066396, -0.2726993059103242, 0.5355160686614915, -0.902931727160895, -0.7803637637643119, 0.36804643024725525, 0.029307394167312983, 0.1432827432294983, 0.6874139879813108, -0.024524721700651453, 0.6202888442522898, 0.020487258589880097, 0.8534413864805024, 0.333855543079252, -0.7025463211318861, -0.27089364934848836, 0.7315498318881986, -0.29942957828896866, -0.6219484810876903, -0.0547573816684539, -0.21443765035574014, 0.23785985328818726, -0.12646741612097356, -0.47815568541100895, -0.17505557667448635, -0.16193193089539926, 0.8048437117522818, 0.9592325240809707, 0.24713767881382775, -0.8336317548582777, 0.46599743519199, 0.357370804957968, 0.6520457340504391, -0.3050973265778887, -0.8822398116837538, 0.2236436329105842, -0.751970763373456, 0.5190590583266628, 0.5888466351532844, -0.18274642650020412, 0.8875950117660911, -0.6524404124894483, 0.8851716994539605]",rhc,relu,False,False,100,[10],0.1,100,11
1157,57,0.15946009999606758,1.7031691799918587,1723.0,100,15,"[0.9340596780273533, 0.09446449835144466, 0.9453687199297687, 0.4296319873487293, 0.3954576491945416, -0.5678210088392472, 0.9525489095524835, -0.9875394895908203, -0.4940352752331121, -0.13041693519110842, 0.5587658435875049, -0.6046298507994938, 0.7259864711984445, 0.9668013543506255, -0.6723155171906026, 0.19466788786571843, -0.98202780466489, -0.22685743471274122, -0.9116798841370009, 0.9133059354284718, -0.1277067062404047, 0.8979546135631256, 0.5726119718701219, 0.7325785971633969, -0.6536691570081037, -0.850102825973786, 0.2014854427555386, -0.6640556325631923, 0.4667603350211398, -0.18311227969597055, 0.05581764683584067, 0.875143167901884, 0.043392244889916, -0.7836132342255386, -0.6835531856304011, 0.09040530340642561, 0.04880816013694678, 0.2752204882519873, -0.1970091128194542, 0.2996102180386846, -0.20619999419653467, 0.24783222709644614, 0.5348099341802477, -0.6420521799177383, -0.24884846282491524, 0.005066118653868745, 0.3733341598326916, -0.4926407026772337, 0.10948172588511706, 0.24986168812819542, 0.7910023321122921, -0.27429282313374714, 0.2751141460374733, -0.6171071957620733, -0.004411770765388567, -0.6351091908575863, 0.8367660782795254, -0.13635585731754474, 0.6603762041966925, -0.16644739064327485, 0.8093351774867339, -0.19034956537818792, -0.33765099381775454, 0.14427754054549724, 0.6908872981882266, 0.7220286235061439, 0.19137623413666893, -0.8306767779591795, 0.19453321463834983, -0.5090925828337958, 0.46518689717993555, 0.7893025846334776, 0.0294679418262902, 0.20712702072041278, -0.8698643752343853, 0.08014945928561268, -0.7416264326591246, 0.22912569270066396, -0.2726993059103242, 0.5355160686614915, -0.902931727160895, -0.7803637637643119, 0.36804643024725525, 0.029307394167312983, 0.1432827432294983, 0.6874139879813108, -0.024524721700651453, 0.6202888442522898, 0.020487258589880097, 0.8534413864805024, 0.333855543079252, -0.7025463211318861, -0.27089364934848836, 0.7315498318881986, -0.29942957828896866, -0.6219484810876903, -0.0547573816684539, -0.21443765035574014, 0.23785985328818726, -0.12646741612097356, -0.47815568541100895, -0.17505557667448635, -0.16193193089539926, 0.8048437117522818, 0.9592325240809707, 0.24713767881382775, -0.8336317548582777, 0.46599743519199, 0.357370804957968, 0.6520457340504391, -0.3050973265778887, -0.8822398116837538, 0.2236436329105842, -0.751970763373456, 0.5190590583266628, 0.5888466351532844, -0.18274642650020412, 0.8875950117660911, -0.6524404124894483, 0.8851716994539605]",rhc,relu,False,False,100,[10],0.1,100,11
1158,58,0.16259170009288937,1.7031691799918587,1724.0,100,15,"[0.9340596780273533, 0.09446449835144466, 0.9453687199297687, 0.4296319873487293, 0.3954576491945416, -0.5678210088392472, 0.9525489095524835, -0.9875394895908203, -0.4940352752331121, -0.13041693519110842, 0.5587658435875049, -0.6046298507994938, 0.7259864711984445, 0.9668013543506255, -0.6723155171906026, 0.19466788786571843, -0.98202780466489, -0.22685743471274122, -0.9116798841370009, 0.9133059354284718, -0.1277067062404047, 0.8979546135631256, 0.5726119718701219, 0.7325785971633969, -0.6536691570081037, -0.850102825973786, 0.2014854427555386, -0.6640556325631923, 0.4667603350211398, -0.18311227969597055, 0.05581764683584067, 0.875143167901884, 0.043392244889916, -0.7836132342255386, -0.6835531856304011, 0.09040530340642561, 0.04880816013694678, 0.2752204882519873, -0.1970091128194542, 0.2996102180386846, -0.20619999419653467, 0.24783222709644614, 0.5348099341802477, -0.6420521799177383, -0.24884846282491524, 0.005066118653868745, 0.3733341598326916, -0.4926407026772337, 0.10948172588511706, 0.24986168812819542, 0.7910023321122921, -0.27429282313374714, 0.2751141460374733, -0.6171071957620733, -0.004411770765388567, -0.6351091908575863, 0.8367660782795254, -0.13635585731754474, 0.6603762041966925, -0.16644739064327485, 0.8093351774867339, -0.19034956537818792, -0.33765099381775454, 0.14427754054549724, 0.6908872981882266, 0.7220286235061439, 0.19137623413666893, -0.8306767779591795, 0.19453321463834983, -0.5090925828337958, 0.46518689717993555, 0.7893025846334776, 0.0294679418262902, 0.20712702072041278, -0.8698643752343853, 0.08014945928561268, -0.7416264326591246, 0.22912569270066396, -0.2726993059103242, 0.5355160686614915, -0.902931727160895, -0.7803637637643119, 0.36804643024725525, 0.029307394167312983, 0.1432827432294983, 0.6874139879813108, -0.024524721700651453, 0.6202888442522898, 0.020487258589880097, 0.8534413864805024, 0.333855543079252, -0.7025463211318861, -0.27089364934848836, 0.7315498318881986, -0.29942957828896866, -0.6219484810876903, -0.0547573816684539, -0.21443765035574014, 0.23785985328818726, -0.12646741612097356, -0.47815568541100895, -0.17505557667448635, -0.16193193089539926, 0.8048437117522818, 0.9592325240809707, 0.24713767881382775, -0.8336317548582777, 0.46599743519199, 0.357370804957968, 0.6520457340504391, -0.3050973265778887, -0.8822398116837538, 0.2236436329105842, -0.751970763373456, 0.5190590583266628, 0.5888466351532844, -0.18274642650020412, 0.8875950117660911, -0.6524404124894483, 0.8851716994539605]",rhc,relu,False,False,100,[10],0.1,100,11
1159,59,0.16467890003696084,1.7031691799918587,1725.0,100,15,"[0.9340596780273533, 0.09446449835144466, 0.9453687199297687, 0.4296319873487293, 0.3954576491945416, -0.5678210088392472, 0.9525489095524835, -0.9875394895908203, -0.4940352752331121, -0.13041693519110842, 0.5587658435875049, -0.6046298507994938, 0.7259864711984445, 0.9668013543506255, -0.6723155171906026, 0.19466788786571843, -0.98202780466489, -0.22685743471274122, -0.9116798841370009, 0.9133059354284718, -0.1277067062404047, 0.8979546135631256, 0.5726119718701219, 0.7325785971633969, -0.6536691570081037, -0.850102825973786, 0.2014854427555386, -0.6640556325631923, 0.4667603350211398, -0.18311227969597055, 0.05581764683584067, 0.875143167901884, 0.043392244889916, -0.7836132342255386, -0.6835531856304011, 0.09040530340642561, 0.04880816013694678, 0.2752204882519873, -0.1970091128194542, 0.2996102180386846, -0.20619999419653467, 0.24783222709644614, 0.5348099341802477, -0.6420521799177383, -0.24884846282491524, 0.005066118653868745, 0.3733341598326916, -0.4926407026772337, 0.10948172588511706, 0.24986168812819542, 0.7910023321122921, -0.27429282313374714, 0.2751141460374733, -0.6171071957620733, -0.004411770765388567, -0.6351091908575863, 0.8367660782795254, -0.13635585731754474, 0.6603762041966925, -0.16644739064327485, 0.8093351774867339, -0.19034956537818792, -0.33765099381775454, 0.14427754054549724, 0.6908872981882266, 0.7220286235061439, 0.19137623413666893, -0.8306767779591795, 0.19453321463834983, -0.5090925828337958, 0.46518689717993555, 0.7893025846334776, 0.0294679418262902, 0.20712702072041278, -0.8698643752343853, 0.08014945928561268, -0.7416264326591246, 0.22912569270066396, -0.2726993059103242, 0.5355160686614915, -0.902931727160895, -0.7803637637643119, 0.36804643024725525, 0.029307394167312983, 0.1432827432294983, 0.6874139879813108, -0.024524721700651453, 0.6202888442522898, 0.020487258589880097, 0.8534413864805024, 0.333855543079252, -0.7025463211318861, -0.27089364934848836, 0.7315498318881986, -0.29942957828896866, -0.6219484810876903, -0.0547573816684539, -0.21443765035574014, 0.23785985328818726, -0.12646741612097356, -0.47815568541100895, -0.17505557667448635, -0.16193193089539926, 0.8048437117522818, 0.9592325240809707, 0.24713767881382775, -0.8336317548582777, 0.46599743519199, 0.357370804957968, 0.6520457340504391, -0.3050973265778887, -0.8822398116837538, 0.2236436329105842, -0.751970763373456, 0.5190590583266628, 0.5888466351532844, -0.18274642650020412, 0.8875950117660911, -0.6524404124894483, 0.8851716994539605]",rhc,relu,False,False,100,[10],0.1,100,11
1160,60,0.16787820006720722,1.6993972451571069,1727.0,100,15,"[0.9340596780273533, 0.09446449835144466, 0.9453687199297687, 0.4296319873487293, 0.3954576491945416, -0.5678210088392472, 0.9525489095524835, -0.9875394895908203, -0.4940352752331121, -0.13041693519110842, 0.5587658435875049, -0.6046298507994938, 0.7259864711984445, 0.9668013543506255, -0.6723155171906026, 0.19466788786571843, -0.98202780466489, -0.22685743471274122, -0.9116798841370009, 0.9133059354284718, -0.1277067062404047, 0.8979546135631256, 0.5726119718701219, 0.7325785971633969, -0.6536691570081037, -0.850102825973786, 0.2014854427555386, -0.6640556325631923, 0.4667603350211398, -0.18311227969597055, 0.05581764683584067, 0.875143167901884, 0.043392244889916, -0.7836132342255386, -0.6835531856304011, 0.09040530340642561, 0.04880816013694678, 0.2752204882519873, -0.1970091128194542, 0.2996102180386846, -0.20619999419653467, 0.24783222709644614, 0.5348099341802477, -0.6420521799177383, -0.24884846282491524, 0.005066118653868745, 0.3733341598326916, -0.4926407026772337, 0.10948172588511706, 0.24986168812819542, 0.7910023321122921, -0.27429282313374714, 0.2751141460374733, -0.6171071957620733, -0.004411770765388567, -0.6351091908575863, 0.8367660782795254, -0.13635585731754474, 0.6603762041966925, -0.16644739064327485, 0.8093351774867339, -0.19034956537818792, -0.33765099381775454, 0.14427754054549724, 0.6908872981882266, 0.7220286235061439, 0.19137623413666893, -0.8306767779591795, 0.19453321463834983, -0.5090925828337958, 0.46518689717993555, 0.7893025846334776, 0.0294679418262902, 0.20712702072041278, -0.8698643752343853, 0.08014945928561268, -0.7416264326591246, 0.22912569270066396, -0.2726993059103242, 0.5355160686614915, -0.902931727160895, -0.7803637637643119, 0.36804643024725525, 0.029307394167312983, 0.1432827432294983, 0.6874139879813108, -0.024524721700651453, 0.6202888442522898, 0.020487258589880097, 0.8534413864805024, 0.333855543079252, -0.7025463211318861, -0.27089364934848836, 0.7315498318881986, -0.29942957828896866, -0.6219484810876903, -0.0547573816684539, -0.21443765035574014, 0.23785985328818726, -0.12646741612097356, -0.47815568541100895, -0.17505557667448635, -0.16193193089539926, 0.8048437117522818, 0.9592325240809707, 0.24713767881382775, -0.8336317548582777, 0.46599743519199, 0.357370804957968, 0.6520457340504391, -0.3050973265778887, -0.8822398116837538, 0.2236436329105842, -0.751970763373456, 0.5190590583266628, 0.5888466351532844, -0.18274642650020412, 0.8875950117660911, -0.6524404124894483, 0.8851716994539605]",rhc,relu,False,False,100,[10],0.1,100,11
1161,61,0.16964800003916025,1.6983691049980087,1729.0,100,15,"[0.9340596780273533, 0.09446449835144466, 0.9453687199297687, 0.4296319873487293, 0.3954576491945416, -0.5678210088392472, 0.9525489095524835, -0.9875394895908203, -0.4940352752331121, -0.13041693519110842, 0.5587658435875049, -0.6046298507994938, 0.7259864711984445, 0.9668013543506255, -0.6723155171906026, 0.19466788786571843, -0.98202780466489, -0.22685743471274122, -0.9116798841370009, 0.9133059354284718, -0.1277067062404047, 0.8979546135631256, 0.5726119718701219, 0.7325785971633969, -0.6536691570081037, -0.850102825973786, 0.2014854427555386, -0.6640556325631923, 0.4667603350211398, -0.18311227969597055, 0.05581764683584067, 0.875143167901884, 0.043392244889916, -0.7836132342255386, -0.6835531856304011, 0.09040530340642561, 0.04880816013694678, 0.2752204882519873, -0.1970091128194542, 0.2996102180386846, -0.20619999419653467, 0.24783222709644614, 0.5348099341802477, -0.6420521799177383, -0.24884846282491524, 0.005066118653868745, 0.3733341598326916, -0.4926407026772337, 0.10948172588511706, 0.24986168812819542, 0.7910023321122921, -0.27429282313374714, 0.2751141460374733, -0.6171071957620733, -0.004411770765388567, -0.6351091908575863, 0.8367660782795254, -0.13635585731754474, 0.6603762041966925, -0.16644739064327485, 0.8093351774867339, -0.19034956537818792, -0.33765099381775454, 0.14427754054549724, 0.6908872981882266, 0.7220286235061439, 0.19137623413666893, -0.8306767779591795, 0.19453321463834983, -0.5090925828337958, 0.46518689717993555, 0.7893025846334776, 0.0294679418262902, 0.20712702072041278, -0.8698643752343853, 0.08014945928561268, -0.7416264326591246, 0.22912569270066396, -0.2726993059103242, 0.5355160686614915, -0.902931727160895, -0.7803637637643119, 0.36804643024725525, 0.029307394167312983, 0.1432827432294983, 0.6874139879813108, -0.024524721700651453, 0.6202888442522898, 0.020487258589880097, 0.8534413864805024, 0.333855543079252, -0.7025463211318861, -0.27089364934848836, 0.7315498318881986, -0.29942957828896866, -0.6219484810876903, -0.0547573816684539, -0.21443765035574014, 0.23785985328818726, -0.12646741612097356, -0.47815568541100895, -0.17505557667448635, -0.16193193089539926, 0.8048437117522818, 0.9592325240809707, 0.24713767881382775, -0.8336317548582777, 0.46599743519199, 0.357370804957968, 0.6520457340504391, -0.3050973265778887, -0.8822398116837538, 0.2236436329105842, -0.751970763373456, 0.5190590583266628, 0.5888466351532844, -0.18274642650020412, 0.8875950117660911, -0.6524404124894483, 0.8851716994539605]",rhc,relu,False,False,100,[10],0.1,100,11
1162,62,0.172666700091213,1.6926191814906262,1731.0,100,15,"[0.9340596780273533, 0.09446449835144466, 0.9453687199297687, 0.4296319873487293, 0.3954576491945416, -0.5678210088392472, 0.9525489095524835, -0.9875394895908203, -0.4940352752331121, -0.13041693519110842, 0.5587658435875049, -0.6046298507994938, 0.7259864711984445, 0.9668013543506255, -0.6723155171906026, 0.19466788786571843, -0.98202780466489, -0.22685743471274122, -0.9116798841370009, 0.9133059354284718, -0.1277067062404047, 0.8979546135631256, 0.5726119718701219, 0.7325785971633969, -0.6536691570081037, -0.850102825973786, 0.2014854427555386, -0.6640556325631923, 0.4667603350211398, -0.18311227969597055, 0.05581764683584067, 0.875143167901884, 0.043392244889916, -0.7836132342255386, -0.6835531856304011, 0.09040530340642561, 0.04880816013694678, 0.2752204882519873, -0.1970091128194542, 0.2996102180386846, -0.20619999419653467, 0.24783222709644614, 0.5348099341802477, -0.6420521799177383, -0.24884846282491524, 0.005066118653868745, 0.3733341598326916, -0.4926407026772337, 0.10948172588511706, 0.24986168812819542, 0.7910023321122921, -0.27429282313374714, 0.2751141460374733, -0.6171071957620733, -0.004411770765388567, -0.6351091908575863, 0.8367660782795254, -0.13635585731754474, 0.6603762041966925, -0.16644739064327485, 0.8093351774867339, -0.19034956537818792, -0.33765099381775454, 0.14427754054549724, 0.6908872981882266, 0.7220286235061439, 0.19137623413666893, -0.8306767779591795, 0.19453321463834983, -0.5090925828337958, 0.46518689717993555, 0.7893025846334776, 0.0294679418262902, 0.20712702072041278, -0.8698643752343853, 0.08014945928561268, -0.7416264326591246, 0.22912569270066396, -0.2726993059103242, 0.5355160686614915, -0.902931727160895, -0.7803637637643119, 0.36804643024725525, 0.029307394167312983, 0.1432827432294983, 0.6874139879813108, -0.024524721700651453, 0.6202888442522898, 0.020487258589880097, 0.8534413864805024, 0.333855543079252, -0.7025463211318861, -0.27089364934848836, 0.7315498318881986, -0.29942957828896866, -0.6219484810876903, -0.0547573816684539, -0.21443765035574014, 0.23785985328818726, -0.12646741612097356, -0.47815568541100895, -0.17505557667448635, -0.16193193089539926, 0.8048437117522818, 0.9592325240809707, 0.24713767881382775, -0.8336317548582777, 0.46599743519199, 0.357370804957968, 0.6520457340504391, -0.3050973265778887, -0.8822398116837538, 0.2236436329105842, -0.751970763373456, 0.5190590583266628, 0.5888466351532844, -0.18274642650020412, 0.8875950117660911, -0.6524404124894483, 0.8851716994539605]",rhc,relu,False,False,100,[10],0.1,100,11
1163,63,0.1759350000647828,1.6926191814906262,1732.0,100,15,"[0.9340596780273533, 0.09446449835144466, 0.9453687199297687, 0.4296319873487293, 0.3954576491945416, -0.5678210088392472, 0.9525489095524835, -0.9875394895908203, -0.4940352752331121, -0.13041693519110842, 0.5587658435875049, -0.6046298507994938, 0.7259864711984445, 0.9668013543506255, -0.6723155171906026, 0.19466788786571843, -0.98202780466489, -0.22685743471274122, -0.9116798841370009, 0.9133059354284718, -0.1277067062404047, 0.8979546135631256, 0.5726119718701219, 0.7325785971633969, -0.6536691570081037, -0.850102825973786, 0.2014854427555386, -0.6640556325631923, 0.4667603350211398, -0.18311227969597055, 0.05581764683584067, 0.875143167901884, 0.043392244889916, -0.7836132342255386, -0.6835531856304011, 0.09040530340642561, 0.04880816013694678, 0.2752204882519873, -0.1970091128194542, 0.2996102180386846, -0.20619999419653467, 0.24783222709644614, 0.5348099341802477, -0.6420521799177383, -0.24884846282491524, 0.005066118653868745, 0.3733341598326916, -0.4926407026772337, 0.10948172588511706, 0.24986168812819542, 0.7910023321122921, -0.27429282313374714, 0.2751141460374733, -0.6171071957620733, -0.004411770765388567, -0.6351091908575863, 0.8367660782795254, -0.13635585731754474, 0.6603762041966925, -0.16644739064327485, 0.8093351774867339, -0.19034956537818792, -0.33765099381775454, 0.14427754054549724, 0.6908872981882266, 0.7220286235061439, 0.19137623413666893, -0.8306767779591795, 0.19453321463834983, -0.5090925828337958, 0.46518689717993555, 0.7893025846334776, 0.0294679418262902, 0.20712702072041278, -0.8698643752343853, 0.08014945928561268, -0.7416264326591246, 0.22912569270066396, -0.2726993059103242, 0.5355160686614915, -0.902931727160895, -0.7803637637643119, 0.36804643024725525, 0.029307394167312983, 0.1432827432294983, 0.6874139879813108, -0.024524721700651453, 0.6202888442522898, 0.020487258589880097, 0.8534413864805024, 0.333855543079252, -0.7025463211318861, -0.27089364934848836, 0.7315498318881986, -0.29942957828896866, -0.6219484810876903, -0.0547573816684539, -0.21443765035574014, 0.23785985328818726, -0.12646741612097356, -0.47815568541100895, -0.17505557667448635, -0.16193193089539926, 0.8048437117522818, 0.9592325240809707, 0.24713767881382775, -0.8336317548582777, 0.46599743519199, 0.357370804957968, 0.6520457340504391, -0.3050973265778887, -0.8822398116837538, 0.2236436329105842, -0.751970763373456, 0.5190590583266628, 0.5888466351532844, -0.18274642650020412, 0.8875950117660911, -0.6524404124894483, 0.8851716994539605]",rhc,relu,False,False,100,[10],0.1,100,11
1164,64,0.17886750004254282,1.6910861266162576,1734.0,100,15,"[0.9340596780273533, 0.09446449835144466, 0.9453687199297687, 0.4296319873487293, 0.3954576491945416, -0.5678210088392472, 0.9525489095524835, -0.9875394895908203, -0.4940352752331121, -0.13041693519110842, 0.5587658435875049, -0.6046298507994938, 0.7259864711984445, 0.9668013543506255, -0.6723155171906026, 0.19466788786571843, -0.98202780466489, -0.22685743471274122, -0.9116798841370009, 0.9133059354284718, -0.1277067062404047, 0.8979546135631256, 0.5726119718701219, 0.7325785971633969, -0.6536691570081037, -0.850102825973786, 0.2014854427555386, -0.6640556325631923, 0.4667603350211398, -0.18311227969597055, 0.05581764683584067, 0.875143167901884, 0.043392244889916, -0.7836132342255386, -0.6835531856304011, 0.09040530340642561, 0.04880816013694678, 0.2752204882519873, -0.1970091128194542, 0.2996102180386846, -0.20619999419653467, 0.24783222709644614, 0.5348099341802477, -0.6420521799177383, -0.24884846282491524, 0.005066118653868745, 0.3733341598326916, -0.4926407026772337, 0.10948172588511706, 0.24986168812819542, 0.7910023321122921, -0.27429282313374714, 0.2751141460374733, -0.6171071957620733, -0.004411770765388567, -0.6351091908575863, 0.8367660782795254, -0.13635585731754474, 0.6603762041966925, -0.16644739064327485, 0.8093351774867339, -0.19034956537818792, -0.33765099381775454, 0.14427754054549724, 0.6908872981882266, 0.7220286235061439, 0.19137623413666893, -0.8306767779591795, 0.19453321463834983, -0.5090925828337958, 0.46518689717993555, 0.7893025846334776, 0.0294679418262902, 0.20712702072041278, -0.8698643752343853, 0.08014945928561268, -0.7416264326591246, 0.22912569270066396, -0.2726993059103242, 0.5355160686614915, -0.902931727160895, -0.7803637637643119, 0.36804643024725525, 0.029307394167312983, 0.1432827432294983, 0.6874139879813108, -0.024524721700651453, 0.6202888442522898, 0.020487258589880097, 0.8534413864805024, 0.333855543079252, -0.7025463211318861, -0.27089364934848836, 0.7315498318881986, -0.29942957828896866, -0.6219484810876903, -0.0547573816684539, -0.21443765035574014, 0.23785985328818726, -0.12646741612097356, -0.47815568541100895, -0.17505557667448635, -0.16193193089539926, 0.8048437117522818, 0.9592325240809707, 0.24713767881382775, -0.8336317548582777, 0.46599743519199, 0.357370804957968, 0.6520457340504391, -0.3050973265778887, -0.8822398116837538, 0.2236436329105842, -0.751970763373456, 0.5190590583266628, 0.5888466351532844, -0.18274642650020412, 0.8875950117660911, -0.6524404124894483, 0.8851716994539605]",rhc,relu,False,False,100,[10],0.1,100,11
1165,65,0.1803774000145495,1.6890241919447493,1736.0,100,15,"[0.9340596780273533, 0.09446449835144466, 0.9453687199297687, 0.4296319873487293, 0.3954576491945416, -0.5678210088392472, 0.9525489095524835, -0.9875394895908203, -0.4940352752331121, -0.13041693519110842, 0.5587658435875049, -0.6046298507994938, 0.7259864711984445, 0.9668013543506255, -0.6723155171906026, 0.19466788786571843, -0.98202780466489, -0.22685743471274122, -0.9116798841370009, 0.9133059354284718, -0.1277067062404047, 0.8979546135631256, 0.5726119718701219, 0.7325785971633969, -0.6536691570081037, -0.850102825973786, 0.2014854427555386, -0.6640556325631923, 0.4667603350211398, -0.18311227969597055, 0.05581764683584067, 0.875143167901884, 0.043392244889916, -0.7836132342255386, -0.6835531856304011, 0.09040530340642561, 0.04880816013694678, 0.2752204882519873, -0.1970091128194542, 0.2996102180386846, -0.20619999419653467, 0.24783222709644614, 0.5348099341802477, -0.6420521799177383, -0.24884846282491524, 0.005066118653868745, 0.3733341598326916, -0.4926407026772337, 0.10948172588511706, 0.24986168812819542, 0.7910023321122921, -0.27429282313374714, 0.2751141460374733, -0.6171071957620733, -0.004411770765388567, -0.6351091908575863, 0.8367660782795254, -0.13635585731754474, 0.6603762041966925, -0.16644739064327485, 0.8093351774867339, -0.19034956537818792, -0.33765099381775454, 0.14427754054549724, 0.6908872981882266, 0.7220286235061439, 0.19137623413666893, -0.8306767779591795, 0.19453321463834983, -0.5090925828337958, 0.46518689717993555, 0.7893025846334776, 0.0294679418262902, 0.20712702072041278, -0.8698643752343853, 0.08014945928561268, -0.7416264326591246, 0.22912569270066396, -0.2726993059103242, 0.5355160686614915, -0.902931727160895, -0.7803637637643119, 0.36804643024725525, 0.029307394167312983, 0.1432827432294983, 0.6874139879813108, -0.024524721700651453, 0.6202888442522898, 0.020487258589880097, 0.8534413864805024, 0.333855543079252, -0.7025463211318861, -0.27089364934848836, 0.7315498318881986, -0.29942957828896866, -0.6219484810876903, -0.0547573816684539, -0.21443765035574014, 0.23785985328818726, -0.12646741612097356, -0.47815568541100895, -0.17505557667448635, -0.16193193089539926, 0.8048437117522818, 0.9592325240809707, 0.24713767881382775, -0.8336317548582777, 0.46599743519199, 0.357370804957968, 0.6520457340504391, -0.3050973265778887, -0.8822398116837538, 0.2236436329105842, -0.751970763373456, 0.5190590583266628, 0.5888466351532844, -0.18274642650020412, 0.8875950117660911, -0.6524404124894483, 0.8851716994539605]",rhc,relu,False,False,100,[10],0.1,100,11
1166,66,0.18194050004240125,1.6890241919447493,1737.0,100,15,"[0.9340596780273533, 0.09446449835144466, 0.9453687199297687, 0.4296319873487293, 0.3954576491945416, -0.5678210088392472, 0.9525489095524835, -0.9875394895908203, -0.4940352752331121, -0.13041693519110842, 0.5587658435875049, -0.6046298507994938, 0.7259864711984445, 0.9668013543506255, -0.6723155171906026, 0.19466788786571843, -0.98202780466489, -0.22685743471274122, -0.9116798841370009, 0.9133059354284718, -0.1277067062404047, 0.8979546135631256, 0.5726119718701219, 0.7325785971633969, -0.6536691570081037, -0.850102825973786, 0.2014854427555386, -0.6640556325631923, 0.4667603350211398, -0.18311227969597055, 0.05581764683584067, 0.875143167901884, 0.043392244889916, -0.7836132342255386, -0.6835531856304011, 0.09040530340642561, 0.04880816013694678, 0.2752204882519873, -0.1970091128194542, 0.2996102180386846, -0.20619999419653467, 0.24783222709644614, 0.5348099341802477, -0.6420521799177383, -0.24884846282491524, 0.005066118653868745, 0.3733341598326916, -0.4926407026772337, 0.10948172588511706, 0.24986168812819542, 0.7910023321122921, -0.27429282313374714, 0.2751141460374733, -0.6171071957620733, -0.004411770765388567, -0.6351091908575863, 0.8367660782795254, -0.13635585731754474, 0.6603762041966925, -0.16644739064327485, 0.8093351774867339, -0.19034956537818792, -0.33765099381775454, 0.14427754054549724, 0.6908872981882266, 0.7220286235061439, 0.19137623413666893, -0.8306767779591795, 0.19453321463834983, -0.5090925828337958, 0.46518689717993555, 0.7893025846334776, 0.0294679418262902, 0.20712702072041278, -0.8698643752343853, 0.08014945928561268, -0.7416264326591246, 0.22912569270066396, -0.2726993059103242, 0.5355160686614915, -0.902931727160895, -0.7803637637643119, 0.36804643024725525, 0.029307394167312983, 0.1432827432294983, 0.6874139879813108, -0.024524721700651453, 0.6202888442522898, 0.020487258589880097, 0.8534413864805024, 0.333855543079252, -0.7025463211318861, -0.27089364934848836, 0.7315498318881986, -0.29942957828896866, -0.6219484810876903, -0.0547573816684539, -0.21443765035574014, 0.23785985328818726, -0.12646741612097356, -0.47815568541100895, -0.17505557667448635, -0.16193193089539926, 0.8048437117522818, 0.9592325240809707, 0.24713767881382775, -0.8336317548582777, 0.46599743519199, 0.357370804957968, 0.6520457340504391, -0.3050973265778887, -0.8822398116837538, 0.2236436329105842, -0.751970763373456, 0.5190590583266628, 0.5888466351532844, -0.18274642650020412, 0.8875950117660911, -0.6524404124894483, 0.8851716994539605]",rhc,relu,False,False,100,[10],0.1,100,11
1167,67,0.1847929999930784,1.6839884743603877,1739.0,100,15,"[0.9340596780273533, 0.09446449835144466, 0.9453687199297687, 0.4296319873487293, 0.3954576491945416, -0.5678210088392472, 0.9525489095524835, -0.9875394895908203, -0.4940352752331121, -0.13041693519110842, 0.5587658435875049, -0.6046298507994938, 0.7259864711984445, 0.9668013543506255, -0.6723155171906026, 0.19466788786571843, -0.98202780466489, -0.22685743471274122, -0.9116798841370009, 0.9133059354284718, -0.1277067062404047, 0.8979546135631256, 0.5726119718701219, 0.7325785971633969, -0.6536691570081037, -0.850102825973786, 0.2014854427555386, -0.6640556325631923, 0.4667603350211398, -0.18311227969597055, 0.05581764683584067, 0.875143167901884, 0.043392244889916, -0.7836132342255386, -0.6835531856304011, 0.09040530340642561, 0.04880816013694678, 0.2752204882519873, -0.1970091128194542, 0.2996102180386846, -0.20619999419653467, 0.24783222709644614, 0.5348099341802477, -0.6420521799177383, -0.24884846282491524, 0.005066118653868745, 0.3733341598326916, -0.4926407026772337, 0.10948172588511706, 0.24986168812819542, 0.7910023321122921, -0.27429282313374714, 0.2751141460374733, -0.6171071957620733, -0.004411770765388567, -0.6351091908575863, 0.8367660782795254, -0.13635585731754474, 0.6603762041966925, -0.16644739064327485, 0.8093351774867339, -0.19034956537818792, -0.33765099381775454, 0.14427754054549724, 0.6908872981882266, 0.7220286235061439, 0.19137623413666893, -0.8306767779591795, 0.19453321463834983, -0.5090925828337958, 0.46518689717993555, 0.7893025846334776, 0.0294679418262902, 0.20712702072041278, -0.8698643752343853, 0.08014945928561268, -0.7416264326591246, 0.22912569270066396, -0.2726993059103242, 0.5355160686614915, -0.902931727160895, -0.7803637637643119, 0.36804643024725525, 0.029307394167312983, 0.1432827432294983, 0.6874139879813108, -0.024524721700651453, 0.6202888442522898, 0.020487258589880097, 0.8534413864805024, 0.333855543079252, -0.7025463211318861, -0.27089364934848836, 0.7315498318881986, -0.29942957828896866, -0.6219484810876903, -0.0547573816684539, -0.21443765035574014, 0.23785985328818726, -0.12646741612097356, -0.47815568541100895, -0.17505557667448635, -0.16193193089539926, 0.8048437117522818, 0.9592325240809707, 0.24713767881382775, -0.8336317548582777, 0.46599743519199, 0.357370804957968, 0.6520457340504391, -0.3050973265778887, -0.8822398116837538, 0.2236436329105842, -0.751970763373456, 0.5190590583266628, 0.5888466351532844, -0.18274642650020412, 0.8875950117660911, -0.6524404124894483, 0.8851716994539605]",rhc,relu,False,False,100,[10],0.1,100,11
1168,68,0.18640930007677525,1.6620416951259878,1741.0,100,15,"[0.9340596780273533, 0.09446449835144466, 0.9453687199297687, 0.4296319873487293, 0.3954576491945416, -0.5678210088392472, 0.9525489095524835, -0.9875394895908203, -0.4940352752331121, -0.13041693519110842, 0.5587658435875049, -0.6046298507994938, 0.7259864711984445, 0.9668013543506255, -0.6723155171906026, 0.19466788786571843, -0.98202780466489, -0.22685743471274122, -0.9116798841370009, 0.9133059354284718, -0.1277067062404047, 0.8979546135631256, 0.5726119718701219, 0.7325785971633969, -0.6536691570081037, -0.850102825973786, 0.2014854427555386, -0.6640556325631923, 0.4667603350211398, -0.18311227969597055, 0.05581764683584067, 0.875143167901884, 0.043392244889916, -0.7836132342255386, -0.6835531856304011, 0.09040530340642561, 0.04880816013694678, 0.2752204882519873, -0.1970091128194542, 0.2996102180386846, -0.20619999419653467, 0.24783222709644614, 0.5348099341802477, -0.6420521799177383, -0.24884846282491524, 0.005066118653868745, 0.3733341598326916, -0.4926407026772337, 0.10948172588511706, 0.24986168812819542, 0.7910023321122921, -0.27429282313374714, 0.2751141460374733, -0.6171071957620733, -0.004411770765388567, -0.6351091908575863, 0.8367660782795254, -0.13635585731754474, 0.6603762041966925, -0.16644739064327485, 0.8093351774867339, -0.19034956537818792, -0.33765099381775454, 0.14427754054549724, 0.6908872981882266, 0.7220286235061439, 0.19137623413666893, -0.8306767779591795, 0.19453321463834983, -0.5090925828337958, 0.46518689717993555, 0.7893025846334776, 0.0294679418262902, 0.20712702072041278, -0.8698643752343853, 0.08014945928561268, -0.7416264326591246, 0.22912569270066396, -0.2726993059103242, 0.5355160686614915, -0.902931727160895, -0.7803637637643119, 0.36804643024725525, 0.029307394167312983, 0.1432827432294983, 0.6874139879813108, -0.024524721700651453, 0.6202888442522898, 0.020487258589880097, 0.8534413864805024, 0.333855543079252, -0.7025463211318861, -0.27089364934848836, 0.7315498318881986, -0.29942957828896866, -0.6219484810876903, -0.0547573816684539, -0.21443765035574014, 0.23785985328818726, -0.12646741612097356, -0.47815568541100895, -0.17505557667448635, -0.16193193089539926, 0.8048437117522818, 0.9592325240809707, 0.24713767881382775, -0.8336317548582777, 0.46599743519199, 0.357370804957968, 0.6520457340504391, -0.3050973265778887, -0.8822398116837538, 0.2236436329105842, -0.751970763373456, 0.5190590583266628, 0.5888466351532844, -0.18274642650020412, 0.8875950117660911, -0.6524404124894483, 0.8851716994539605]",rhc,relu,False,False,100,[10],0.1,100,11
1169,69,0.18797269999049604,1.653118576715815,1743.0,100,15,"[0.9340596780273533, 0.09446449835144466, 0.9453687199297687, 0.4296319873487293, 0.3954576491945416, -0.5678210088392472, 0.9525489095524835, -0.9875394895908203, -0.4940352752331121, -0.13041693519110842, 0.5587658435875049, -0.6046298507994938, 0.7259864711984445, 0.9668013543506255, -0.6723155171906026, 0.19466788786571843, -0.98202780466489, -0.22685743471274122, -0.9116798841370009, 0.9133059354284718, -0.1277067062404047, 0.8979546135631256, 0.5726119718701219, 0.7325785971633969, -0.6536691570081037, -0.850102825973786, 0.2014854427555386, -0.6640556325631923, 0.4667603350211398, -0.18311227969597055, 0.05581764683584067, 0.875143167901884, 0.043392244889916, -0.7836132342255386, -0.6835531856304011, 0.09040530340642561, 0.04880816013694678, 0.2752204882519873, -0.1970091128194542, 0.2996102180386846, -0.20619999419653467, 0.24783222709644614, 0.5348099341802477, -0.6420521799177383, -0.24884846282491524, 0.005066118653868745, 0.3733341598326916, -0.4926407026772337, 0.10948172588511706, 0.24986168812819542, 0.7910023321122921, -0.27429282313374714, 0.2751141460374733, -0.6171071957620733, -0.004411770765388567, -0.6351091908575863, 0.8367660782795254, -0.13635585731754474, 0.6603762041966925, -0.16644739064327485, 0.8093351774867339, -0.19034956537818792, -0.33765099381775454, 0.14427754054549724, 0.6908872981882266, 0.7220286235061439, 0.19137623413666893, -0.8306767779591795, 0.19453321463834983, -0.5090925828337958, 0.46518689717993555, 0.7893025846334776, 0.0294679418262902, 0.20712702072041278, -0.8698643752343853, 0.08014945928561268, -0.7416264326591246, 0.22912569270066396, -0.2726993059103242, 0.5355160686614915, -0.902931727160895, -0.7803637637643119, 0.36804643024725525, 0.029307394167312983, 0.1432827432294983, 0.6874139879813108, -0.024524721700651453, 0.6202888442522898, 0.020487258589880097, 0.8534413864805024, 0.333855543079252, -0.7025463211318861, -0.27089364934848836, 0.7315498318881986, -0.29942957828896866, -0.6219484810876903, -0.0547573816684539, -0.21443765035574014, 0.23785985328818726, -0.12646741612097356, -0.47815568541100895, -0.17505557667448635, -0.16193193089539926, 0.8048437117522818, 0.9592325240809707, 0.24713767881382775, -0.8336317548582777, 0.46599743519199, 0.357370804957968, 0.6520457340504391, -0.3050973265778887, -0.8822398116837538, 0.2236436329105842, -0.751970763373456, 0.5190590583266628, 0.5888466351532844, -0.18274642650020412, 0.8875950117660911, -0.6524404124894483, 0.8851716994539605]",rhc,relu,False,False,100,[10],0.1,100,11
1170,70,0.1908457000972703,1.653118576715815,1744.0,100,15,"[0.9340596780273533, 0.09446449835144466, 0.9453687199297687, 0.4296319873487293, 0.3954576491945416, -0.5678210088392472, 0.9525489095524835, -0.9875394895908203, -0.4940352752331121, -0.13041693519110842, 0.5587658435875049, -0.6046298507994938, 0.7259864711984445, 0.9668013543506255, -0.6723155171906026, 0.19466788786571843, -0.98202780466489, -0.22685743471274122, -0.9116798841370009, 0.9133059354284718, -0.1277067062404047, 0.8979546135631256, 0.5726119718701219, 0.7325785971633969, -0.6536691570081037, -0.850102825973786, 0.2014854427555386, -0.6640556325631923, 0.4667603350211398, -0.18311227969597055, 0.05581764683584067, 0.875143167901884, 0.043392244889916, -0.7836132342255386, -0.6835531856304011, 0.09040530340642561, 0.04880816013694678, 0.2752204882519873, -0.1970091128194542, 0.2996102180386846, -0.20619999419653467, 0.24783222709644614, 0.5348099341802477, -0.6420521799177383, -0.24884846282491524, 0.005066118653868745, 0.3733341598326916, -0.4926407026772337, 0.10948172588511706, 0.24986168812819542, 0.7910023321122921, -0.27429282313374714, 0.2751141460374733, -0.6171071957620733, -0.004411770765388567, -0.6351091908575863, 0.8367660782795254, -0.13635585731754474, 0.6603762041966925, -0.16644739064327485, 0.8093351774867339, -0.19034956537818792, -0.33765099381775454, 0.14427754054549724, 0.6908872981882266, 0.7220286235061439, 0.19137623413666893, -0.8306767779591795, 0.19453321463834983, -0.5090925828337958, 0.46518689717993555, 0.7893025846334776, 0.0294679418262902, 0.20712702072041278, -0.8698643752343853, 0.08014945928561268, -0.7416264326591246, 0.22912569270066396, -0.2726993059103242, 0.5355160686614915, -0.902931727160895, -0.7803637637643119, 0.36804643024725525, 0.029307394167312983, 0.1432827432294983, 0.6874139879813108, -0.024524721700651453, 0.6202888442522898, 0.020487258589880097, 0.8534413864805024, 0.333855543079252, -0.7025463211318861, -0.27089364934848836, 0.7315498318881986, -0.29942957828896866, -0.6219484810876903, -0.0547573816684539, -0.21443765035574014, 0.23785985328818726, -0.12646741612097356, -0.47815568541100895, -0.17505557667448635, -0.16193193089539926, 0.8048437117522818, 0.9592325240809707, 0.24713767881382775, -0.8336317548582777, 0.46599743519199, 0.357370804957968, 0.6520457340504391, -0.3050973265778887, -0.8822398116837538, 0.2236436329105842, -0.751970763373456, 0.5190590583266628, 0.5888466351532844, -0.18274642650020412, 0.8875950117660911, -0.6524404124894483, 0.8851716994539605]",rhc,relu,False,False,100,[10],0.1,100,11
1171,71,0.1941902000689879,1.653118576715815,1745.0,100,15,"[0.9340596780273533, 0.09446449835144466, 0.9453687199297687, 0.4296319873487293, 0.3954576491945416, -0.5678210088392472, 0.9525489095524835, -0.9875394895908203, -0.4940352752331121, -0.13041693519110842, 0.5587658435875049, -0.6046298507994938, 0.7259864711984445, 0.9668013543506255, -0.6723155171906026, 0.19466788786571843, -0.98202780466489, -0.22685743471274122, -0.9116798841370009, 0.9133059354284718, -0.1277067062404047, 0.8979546135631256, 0.5726119718701219, 0.7325785971633969, -0.6536691570081037, -0.850102825973786, 0.2014854427555386, -0.6640556325631923, 0.4667603350211398, -0.18311227969597055, 0.05581764683584067, 0.875143167901884, 0.043392244889916, -0.7836132342255386, -0.6835531856304011, 0.09040530340642561, 0.04880816013694678, 0.2752204882519873, -0.1970091128194542, 0.2996102180386846, -0.20619999419653467, 0.24783222709644614, 0.5348099341802477, -0.6420521799177383, -0.24884846282491524, 0.005066118653868745, 0.3733341598326916, -0.4926407026772337, 0.10948172588511706, 0.24986168812819542, 0.7910023321122921, -0.27429282313374714, 0.2751141460374733, -0.6171071957620733, -0.004411770765388567, -0.6351091908575863, 0.8367660782795254, -0.13635585731754474, 0.6603762041966925, -0.16644739064327485, 0.8093351774867339, -0.19034956537818792, -0.33765099381775454, 0.14427754054549724, 0.6908872981882266, 0.7220286235061439, 0.19137623413666893, -0.8306767779591795, 0.19453321463834983, -0.5090925828337958, 0.46518689717993555, 0.7893025846334776, 0.0294679418262902, 0.20712702072041278, -0.8698643752343853, 0.08014945928561268, -0.7416264326591246, 0.22912569270066396, -0.2726993059103242, 0.5355160686614915, -0.902931727160895, -0.7803637637643119, 0.36804643024725525, 0.029307394167312983, 0.1432827432294983, 0.6874139879813108, -0.024524721700651453, 0.6202888442522898, 0.020487258589880097, 0.8534413864805024, 0.333855543079252, -0.7025463211318861, -0.27089364934848836, 0.7315498318881986, -0.29942957828896866, -0.6219484810876903, -0.0547573816684539, -0.21443765035574014, 0.23785985328818726, -0.12646741612097356, -0.47815568541100895, -0.17505557667448635, -0.16193193089539926, 0.8048437117522818, 0.9592325240809707, 0.24713767881382775, -0.8336317548582777, 0.46599743519199, 0.357370804957968, 0.6520457340504391, -0.3050973265778887, -0.8822398116837538, 0.2236436329105842, -0.751970763373456, 0.5190590583266628, 0.5888466351532844, -0.18274642650020412, 0.8875950117660911, -0.6524404124894483, 0.8851716994539605]",rhc,relu,False,False,100,[10],0.1,100,11
1172,72,0.19706690008752048,1.653118576715815,1746.0,100,15,"[0.9340596780273533, 0.09446449835144466, 0.9453687199297687, 0.4296319873487293, 0.3954576491945416, -0.5678210088392472, 0.9525489095524835, -0.9875394895908203, -0.4940352752331121, -0.13041693519110842, 0.5587658435875049, -0.6046298507994938, 0.7259864711984445, 0.9668013543506255, -0.6723155171906026, 0.19466788786571843, -0.98202780466489, -0.22685743471274122, -0.9116798841370009, 0.9133059354284718, -0.1277067062404047, 0.8979546135631256, 0.5726119718701219, 0.7325785971633969, -0.6536691570081037, -0.850102825973786, 0.2014854427555386, -0.6640556325631923, 0.4667603350211398, -0.18311227969597055, 0.05581764683584067, 0.875143167901884, 0.043392244889916, -0.7836132342255386, -0.6835531856304011, 0.09040530340642561, 0.04880816013694678, 0.2752204882519873, -0.1970091128194542, 0.2996102180386846, -0.20619999419653467, 0.24783222709644614, 0.5348099341802477, -0.6420521799177383, -0.24884846282491524, 0.005066118653868745, 0.3733341598326916, -0.4926407026772337, 0.10948172588511706, 0.24986168812819542, 0.7910023321122921, -0.27429282313374714, 0.2751141460374733, -0.6171071957620733, -0.004411770765388567, -0.6351091908575863, 0.8367660782795254, -0.13635585731754474, 0.6603762041966925, -0.16644739064327485, 0.8093351774867339, -0.19034956537818792, -0.33765099381775454, 0.14427754054549724, 0.6908872981882266, 0.7220286235061439, 0.19137623413666893, -0.8306767779591795, 0.19453321463834983, -0.5090925828337958, 0.46518689717993555, 0.7893025846334776, 0.0294679418262902, 0.20712702072041278, -0.8698643752343853, 0.08014945928561268, -0.7416264326591246, 0.22912569270066396, -0.2726993059103242, 0.5355160686614915, -0.902931727160895, -0.7803637637643119, 0.36804643024725525, 0.029307394167312983, 0.1432827432294983, 0.6874139879813108, -0.024524721700651453, 0.6202888442522898, 0.020487258589880097, 0.8534413864805024, 0.333855543079252, -0.7025463211318861, -0.27089364934848836, 0.7315498318881986, -0.29942957828896866, -0.6219484810876903, -0.0547573816684539, -0.21443765035574014, 0.23785985328818726, -0.12646741612097356, -0.47815568541100895, -0.17505557667448635, -0.16193193089539926, 0.8048437117522818, 0.9592325240809707, 0.24713767881382775, -0.8336317548582777, 0.46599743519199, 0.357370804957968, 0.6520457340504391, -0.3050973265778887, -0.8822398116837538, 0.2236436329105842, -0.751970763373456, 0.5190590583266628, 0.5888466351532844, -0.18274642650020412, 0.8875950117660911, -0.6524404124894483, 0.8851716994539605]",rhc,relu,False,False,100,[10],0.1,100,11
1173,73,0.19875830004457384,1.653118576715815,1747.0,100,15,"[0.9340596780273533, 0.09446449835144466, 0.9453687199297687, 0.4296319873487293, 0.3954576491945416, -0.5678210088392472, 0.9525489095524835, -0.9875394895908203, -0.4940352752331121, -0.13041693519110842, 0.5587658435875049, -0.6046298507994938, 0.7259864711984445, 0.9668013543506255, -0.6723155171906026, 0.19466788786571843, -0.98202780466489, -0.22685743471274122, -0.9116798841370009, 0.9133059354284718, -0.1277067062404047, 0.8979546135631256, 0.5726119718701219, 0.7325785971633969, -0.6536691570081037, -0.850102825973786, 0.2014854427555386, -0.6640556325631923, 0.4667603350211398, -0.18311227969597055, 0.05581764683584067, 0.875143167901884, 0.043392244889916, -0.7836132342255386, -0.6835531856304011, 0.09040530340642561, 0.04880816013694678, 0.2752204882519873, -0.1970091128194542, 0.2996102180386846, -0.20619999419653467, 0.24783222709644614, 0.5348099341802477, -0.6420521799177383, -0.24884846282491524, 0.005066118653868745, 0.3733341598326916, -0.4926407026772337, 0.10948172588511706, 0.24986168812819542, 0.7910023321122921, -0.27429282313374714, 0.2751141460374733, -0.6171071957620733, -0.004411770765388567, -0.6351091908575863, 0.8367660782795254, -0.13635585731754474, 0.6603762041966925, -0.16644739064327485, 0.8093351774867339, -0.19034956537818792, -0.33765099381775454, 0.14427754054549724, 0.6908872981882266, 0.7220286235061439, 0.19137623413666893, -0.8306767779591795, 0.19453321463834983, -0.5090925828337958, 0.46518689717993555, 0.7893025846334776, 0.0294679418262902, 0.20712702072041278, -0.8698643752343853, 0.08014945928561268, -0.7416264326591246, 0.22912569270066396, -0.2726993059103242, 0.5355160686614915, -0.902931727160895, -0.7803637637643119, 0.36804643024725525, 0.029307394167312983, 0.1432827432294983, 0.6874139879813108, -0.024524721700651453, 0.6202888442522898, 0.020487258589880097, 0.8534413864805024, 0.333855543079252, -0.7025463211318861, -0.27089364934848836, 0.7315498318881986, -0.29942957828896866, -0.6219484810876903, -0.0547573816684539, -0.21443765035574014, 0.23785985328818726, -0.12646741612097356, -0.47815568541100895, -0.17505557667448635, -0.16193193089539926, 0.8048437117522818, 0.9592325240809707, 0.24713767881382775, -0.8336317548582777, 0.46599743519199, 0.357370804957968, 0.6520457340504391, -0.3050973265778887, -0.8822398116837538, 0.2236436329105842, -0.751970763373456, 0.5190590583266628, 0.5888466351532844, -0.18274642650020412, 0.8875950117660911, -0.6524404124894483, 0.8851716994539605]",rhc,relu,False,False,100,[10],0.1,100,11
1174,74,0.20192090002819896,1.648656850592521,1749.0,100,15,"[0.9340596780273533, 0.09446449835144466, 0.9453687199297687, 0.4296319873487293, 0.3954576491945416, -0.5678210088392472, 0.9525489095524835, -0.9875394895908203, -0.4940352752331121, -0.13041693519110842, 0.5587658435875049, -0.6046298507994938, 0.7259864711984445, 0.9668013543506255, -0.6723155171906026, 0.19466788786571843, -0.98202780466489, -0.22685743471274122, -0.9116798841370009, 0.9133059354284718, -0.1277067062404047, 0.8979546135631256, 0.5726119718701219, 0.7325785971633969, -0.6536691570081037, -0.850102825973786, 0.2014854427555386, -0.6640556325631923, 0.4667603350211398, -0.18311227969597055, 0.05581764683584067, 0.875143167901884, 0.043392244889916, -0.7836132342255386, -0.6835531856304011, 0.09040530340642561, 0.04880816013694678, 0.2752204882519873, -0.1970091128194542, 0.2996102180386846, -0.20619999419653467, 0.24783222709644614, 0.5348099341802477, -0.6420521799177383, -0.24884846282491524, 0.005066118653868745, 0.3733341598326916, -0.4926407026772337, 0.10948172588511706, 0.24986168812819542, 0.7910023321122921, -0.27429282313374714, 0.2751141460374733, -0.6171071957620733, -0.004411770765388567, -0.6351091908575863, 0.8367660782795254, -0.13635585731754474, 0.6603762041966925, -0.16644739064327485, 0.8093351774867339, -0.19034956537818792, -0.33765099381775454, 0.14427754054549724, 0.6908872981882266, 0.7220286235061439, 0.19137623413666893, -0.8306767779591795, 0.19453321463834983, -0.5090925828337958, 0.46518689717993555, 0.7893025846334776, 0.0294679418262902, 0.20712702072041278, -0.8698643752343853, 0.08014945928561268, -0.7416264326591246, 0.22912569270066396, -0.2726993059103242, 0.5355160686614915, -0.902931727160895, -0.7803637637643119, 0.36804643024725525, 0.029307394167312983, 0.1432827432294983, 0.6874139879813108, -0.024524721700651453, 0.6202888442522898, 0.020487258589880097, 0.8534413864805024, 0.333855543079252, -0.7025463211318861, -0.27089364934848836, 0.7315498318881986, -0.29942957828896866, -0.6219484810876903, -0.0547573816684539, -0.21443765035574014, 0.23785985328818726, -0.12646741612097356, -0.47815568541100895, -0.17505557667448635, -0.16193193089539926, 0.8048437117522818, 0.9592325240809707, 0.24713767881382775, -0.8336317548582777, 0.46599743519199, 0.357370804957968, 0.6520457340504391, -0.3050973265778887, -0.8822398116837538, 0.2236436329105842, -0.751970763373456, 0.5190590583266628, 0.5888466351532844, -0.18274642650020412, 0.8875950117660911, -0.6524404124894483, 0.8851716994539605]",rhc,relu,False,False,100,[10],0.1,100,11
1175,75,0.2034730000887066,1.648656850592521,1750.0,100,15,"[0.9340596780273533, 0.09446449835144466, 0.9453687199297687, 0.4296319873487293, 0.3954576491945416, -0.5678210088392472, 0.9525489095524835, -0.9875394895908203, -0.4940352752331121, -0.13041693519110842, 0.5587658435875049, -0.6046298507994938, 0.7259864711984445, 0.9668013543506255, -0.6723155171906026, 0.19466788786571843, -0.98202780466489, -0.22685743471274122, -0.9116798841370009, 0.9133059354284718, -0.1277067062404047, 0.8979546135631256, 0.5726119718701219, 0.7325785971633969, -0.6536691570081037, -0.850102825973786, 0.2014854427555386, -0.6640556325631923, 0.4667603350211398, -0.18311227969597055, 0.05581764683584067, 0.875143167901884, 0.043392244889916, -0.7836132342255386, -0.6835531856304011, 0.09040530340642561, 0.04880816013694678, 0.2752204882519873, -0.1970091128194542, 0.2996102180386846, -0.20619999419653467, 0.24783222709644614, 0.5348099341802477, -0.6420521799177383, -0.24884846282491524, 0.005066118653868745, 0.3733341598326916, -0.4926407026772337, 0.10948172588511706, 0.24986168812819542, 0.7910023321122921, -0.27429282313374714, 0.2751141460374733, -0.6171071957620733, -0.004411770765388567, -0.6351091908575863, 0.8367660782795254, -0.13635585731754474, 0.6603762041966925, -0.16644739064327485, 0.8093351774867339, -0.19034956537818792, -0.33765099381775454, 0.14427754054549724, 0.6908872981882266, 0.7220286235061439, 0.19137623413666893, -0.8306767779591795, 0.19453321463834983, -0.5090925828337958, 0.46518689717993555, 0.7893025846334776, 0.0294679418262902, 0.20712702072041278, -0.8698643752343853, 0.08014945928561268, -0.7416264326591246, 0.22912569270066396, -0.2726993059103242, 0.5355160686614915, -0.902931727160895, -0.7803637637643119, 0.36804643024725525, 0.029307394167312983, 0.1432827432294983, 0.6874139879813108, -0.024524721700651453, 0.6202888442522898, 0.020487258589880097, 0.8534413864805024, 0.333855543079252, -0.7025463211318861, -0.27089364934848836, 0.7315498318881986, -0.29942957828896866, -0.6219484810876903, -0.0547573816684539, -0.21443765035574014, 0.23785985328818726, -0.12646741612097356, -0.47815568541100895, -0.17505557667448635, -0.16193193089539926, 0.8048437117522818, 0.9592325240809707, 0.24713767881382775, -0.8336317548582777, 0.46599743519199, 0.357370804957968, 0.6520457340504391, -0.3050973265778887, -0.8822398116837538, 0.2236436329105842, -0.751970763373456, 0.5190590583266628, 0.5888466351532844, -0.18274642650020412, 0.8875950117660911, -0.6524404124894483, 0.8851716994539605]",rhc,relu,False,False,100,[10],0.1,100,11
1176,76,0.2065150000853464,1.648656850592521,1751.0,100,15,"[0.9340596780273533, 0.09446449835144466, 0.9453687199297687, 0.4296319873487293, 0.3954576491945416, -0.5678210088392472, 0.9525489095524835, -0.9875394895908203, -0.4940352752331121, -0.13041693519110842, 0.5587658435875049, -0.6046298507994938, 0.7259864711984445, 0.9668013543506255, -0.6723155171906026, 0.19466788786571843, -0.98202780466489, -0.22685743471274122, -0.9116798841370009, 0.9133059354284718, -0.1277067062404047, 0.8979546135631256, 0.5726119718701219, 0.7325785971633969, -0.6536691570081037, -0.850102825973786, 0.2014854427555386, -0.6640556325631923, 0.4667603350211398, -0.18311227969597055, 0.05581764683584067, 0.875143167901884, 0.043392244889916, -0.7836132342255386, -0.6835531856304011, 0.09040530340642561, 0.04880816013694678, 0.2752204882519873, -0.1970091128194542, 0.2996102180386846, -0.20619999419653467, 0.24783222709644614, 0.5348099341802477, -0.6420521799177383, -0.24884846282491524, 0.005066118653868745, 0.3733341598326916, -0.4926407026772337, 0.10948172588511706, 0.24986168812819542, 0.7910023321122921, -0.27429282313374714, 0.2751141460374733, -0.6171071957620733, -0.004411770765388567, -0.6351091908575863, 0.8367660782795254, -0.13635585731754474, 0.6603762041966925, -0.16644739064327485, 0.8093351774867339, -0.19034956537818792, -0.33765099381775454, 0.14427754054549724, 0.6908872981882266, 0.7220286235061439, 0.19137623413666893, -0.8306767779591795, 0.19453321463834983, -0.5090925828337958, 0.46518689717993555, 0.7893025846334776, 0.0294679418262902, 0.20712702072041278, -0.8698643752343853, 0.08014945928561268, -0.7416264326591246, 0.22912569270066396, -0.2726993059103242, 0.5355160686614915, -0.902931727160895, -0.7803637637643119, 0.36804643024725525, 0.029307394167312983, 0.1432827432294983, 0.6874139879813108, -0.024524721700651453, 0.6202888442522898, 0.020487258589880097, 0.8534413864805024, 0.333855543079252, -0.7025463211318861, -0.27089364934848836, 0.7315498318881986, -0.29942957828896866, -0.6219484810876903, -0.0547573816684539, -0.21443765035574014, 0.23785985328818726, -0.12646741612097356, -0.47815568541100895, -0.17505557667448635, -0.16193193089539926, 0.8048437117522818, 0.9592325240809707, 0.24713767881382775, -0.8336317548582777, 0.46599743519199, 0.357370804957968, 0.6520457340504391, -0.3050973265778887, -0.8822398116837538, 0.2236436329105842, -0.751970763373456, 0.5190590583266628, 0.5888466351532844, -0.18274642650020412, 0.8875950117660911, -0.6524404124894483, 0.8851716994539605]",rhc,relu,False,False,100,[10],0.1,100,11
1177,77,0.20961990009527653,1.6266908123579213,1753.0,100,15,"[0.9340596780273533, 0.09446449835144466, 0.9453687199297687, 0.4296319873487293, 0.3954576491945416, -0.5678210088392472, 0.9525489095524835, -0.9875394895908203, -0.4940352752331121, -0.13041693519110842, 0.5587658435875049, -0.6046298507994938, 0.7259864711984445, 0.9668013543506255, -0.6723155171906026, 0.19466788786571843, -0.98202780466489, -0.22685743471274122, -0.9116798841370009, 0.9133059354284718, -0.1277067062404047, 0.8979546135631256, 0.5726119718701219, 0.7325785971633969, -0.6536691570081037, -0.850102825973786, 0.2014854427555386, -0.6640556325631923, 0.4667603350211398, -0.18311227969597055, 0.05581764683584067, 0.875143167901884, 0.043392244889916, -0.7836132342255386, -0.6835531856304011, 0.09040530340642561, 0.04880816013694678, 0.2752204882519873, -0.1970091128194542, 0.2996102180386846, -0.20619999419653467, 0.24783222709644614, 0.5348099341802477, -0.6420521799177383, -0.24884846282491524, 0.005066118653868745, 0.3733341598326916, -0.4926407026772337, 0.10948172588511706, 0.24986168812819542, 0.7910023321122921, -0.27429282313374714, 0.2751141460374733, -0.6171071957620733, -0.004411770765388567, -0.6351091908575863, 0.8367660782795254, -0.13635585731754474, 0.6603762041966925, -0.16644739064327485, 0.8093351774867339, -0.19034956537818792, -0.33765099381775454, 0.14427754054549724, 0.6908872981882266, 0.7220286235061439, 0.19137623413666893, -0.8306767779591795, 0.19453321463834983, -0.5090925828337958, 0.46518689717993555, 0.7893025846334776, 0.0294679418262902, 0.20712702072041278, -0.8698643752343853, 0.08014945928561268, -0.7416264326591246, 0.22912569270066396, -0.2726993059103242, 0.5355160686614915, -0.902931727160895, -0.7803637637643119, 0.36804643024725525, 0.029307394167312983, 0.1432827432294983, 0.6874139879813108, -0.024524721700651453, 0.6202888442522898, 0.020487258589880097, 0.8534413864805024, 0.333855543079252, -0.7025463211318861, -0.27089364934848836, 0.7315498318881986, -0.29942957828896866, -0.6219484810876903, -0.0547573816684539, -0.21443765035574014, 0.23785985328818726, -0.12646741612097356, -0.47815568541100895, -0.17505557667448635, -0.16193193089539926, 0.8048437117522818, 0.9592325240809707, 0.24713767881382775, -0.8336317548582777, 0.46599743519199, 0.357370804957968, 0.6520457340504391, -0.3050973265778887, -0.8822398116837538, 0.2236436329105842, -0.751970763373456, 0.5190590583266628, 0.5888466351532844, -0.18274642650020412, 0.8875950117660911, -0.6524404124894483, 0.8851716994539605]",rhc,relu,False,False,100,[10],0.1,100,11
1178,78,0.2124417000450194,1.6266908123579213,1754.0,100,15,"[0.9340596780273533, 0.09446449835144466, 0.9453687199297687, 0.4296319873487293, 0.3954576491945416, -0.5678210088392472, 0.9525489095524835, -0.9875394895908203, -0.4940352752331121, -0.13041693519110842, 0.5587658435875049, -0.6046298507994938, 0.7259864711984445, 0.9668013543506255, -0.6723155171906026, 0.19466788786571843, -0.98202780466489, -0.22685743471274122, -0.9116798841370009, 0.9133059354284718, -0.1277067062404047, 0.8979546135631256, 0.5726119718701219, 0.7325785971633969, -0.6536691570081037, -0.850102825973786, 0.2014854427555386, -0.6640556325631923, 0.4667603350211398, -0.18311227969597055, 0.05581764683584067, 0.875143167901884, 0.043392244889916, -0.7836132342255386, -0.6835531856304011, 0.09040530340642561, 0.04880816013694678, 0.2752204882519873, -0.1970091128194542, 0.2996102180386846, -0.20619999419653467, 0.24783222709644614, 0.5348099341802477, -0.6420521799177383, -0.24884846282491524, 0.005066118653868745, 0.3733341598326916, -0.4926407026772337, 0.10948172588511706, 0.24986168812819542, 0.7910023321122921, -0.27429282313374714, 0.2751141460374733, -0.6171071957620733, -0.004411770765388567, -0.6351091908575863, 0.8367660782795254, -0.13635585731754474, 0.6603762041966925, -0.16644739064327485, 0.8093351774867339, -0.19034956537818792, -0.33765099381775454, 0.14427754054549724, 0.6908872981882266, 0.7220286235061439, 0.19137623413666893, -0.8306767779591795, 0.19453321463834983, -0.5090925828337958, 0.46518689717993555, 0.7893025846334776, 0.0294679418262902, 0.20712702072041278, -0.8698643752343853, 0.08014945928561268, -0.7416264326591246, 0.22912569270066396, -0.2726993059103242, 0.5355160686614915, -0.902931727160895, -0.7803637637643119, 0.36804643024725525, 0.029307394167312983, 0.1432827432294983, 0.6874139879813108, -0.024524721700651453, 0.6202888442522898, 0.020487258589880097, 0.8534413864805024, 0.333855543079252, -0.7025463211318861, -0.27089364934848836, 0.7315498318881986, -0.29942957828896866, -0.6219484810876903, -0.0547573816684539, -0.21443765035574014, 0.23785985328818726, -0.12646741612097356, -0.47815568541100895, -0.17505557667448635, -0.16193193089539926, 0.8048437117522818, 0.9592325240809707, 0.24713767881382775, -0.8336317548582777, 0.46599743519199, 0.357370804957968, 0.6520457340504391, -0.3050973265778887, -0.8822398116837538, 0.2236436329105842, -0.751970763373456, 0.5190590583266628, 0.5888466351532844, -0.18274642650020412, 0.8875950117660911, -0.6524404124894483, 0.8851716994539605]",rhc,relu,False,False,100,[10],0.1,100,11
1179,79,0.21469990001060069,1.6266908123579213,1755.0,100,15,"[0.9340596780273533, 0.09446449835144466, 0.9453687199297687, 0.4296319873487293, 0.3954576491945416, -0.5678210088392472, 0.9525489095524835, -0.9875394895908203, -0.4940352752331121, -0.13041693519110842, 0.5587658435875049, -0.6046298507994938, 0.7259864711984445, 0.9668013543506255, -0.6723155171906026, 0.19466788786571843, -0.98202780466489, -0.22685743471274122, -0.9116798841370009, 0.9133059354284718, -0.1277067062404047, 0.8979546135631256, 0.5726119718701219, 0.7325785971633969, -0.6536691570081037, -0.850102825973786, 0.2014854427555386, -0.6640556325631923, 0.4667603350211398, -0.18311227969597055, 0.05581764683584067, 0.875143167901884, 0.043392244889916, -0.7836132342255386, -0.6835531856304011, 0.09040530340642561, 0.04880816013694678, 0.2752204882519873, -0.1970091128194542, 0.2996102180386846, -0.20619999419653467, 0.24783222709644614, 0.5348099341802477, -0.6420521799177383, -0.24884846282491524, 0.005066118653868745, 0.3733341598326916, -0.4926407026772337, 0.10948172588511706, 0.24986168812819542, 0.7910023321122921, -0.27429282313374714, 0.2751141460374733, -0.6171071957620733, -0.004411770765388567, -0.6351091908575863, 0.8367660782795254, -0.13635585731754474, 0.6603762041966925, -0.16644739064327485, 0.8093351774867339, -0.19034956537818792, -0.33765099381775454, 0.14427754054549724, 0.6908872981882266, 0.7220286235061439, 0.19137623413666893, -0.8306767779591795, 0.19453321463834983, -0.5090925828337958, 0.46518689717993555, 0.7893025846334776, 0.0294679418262902, 0.20712702072041278, -0.8698643752343853, 0.08014945928561268, -0.7416264326591246, 0.22912569270066396, -0.2726993059103242, 0.5355160686614915, -0.902931727160895, -0.7803637637643119, 0.36804643024725525, 0.029307394167312983, 0.1432827432294983, 0.6874139879813108, -0.024524721700651453, 0.6202888442522898, 0.020487258589880097, 0.8534413864805024, 0.333855543079252, -0.7025463211318861, -0.27089364934848836, 0.7315498318881986, -0.29942957828896866, -0.6219484810876903, -0.0547573816684539, -0.21443765035574014, 0.23785985328818726, -0.12646741612097356, -0.47815568541100895, -0.17505557667448635, -0.16193193089539926, 0.8048437117522818, 0.9592325240809707, 0.24713767881382775, -0.8336317548582777, 0.46599743519199, 0.357370804957968, 0.6520457340504391, -0.3050973265778887, -0.8822398116837538, 0.2236436329105842, -0.751970763373456, 0.5190590583266628, 0.5888466351532844, -0.18274642650020412, 0.8875950117660911, -0.6524404124894483, 0.8851716994539605]",rhc,relu,False,False,100,[10],0.1,100,11
1180,80,0.21622890001162887,1.6266908123579213,1756.0,100,15,"[0.9340596780273533, 0.09446449835144466, 0.9453687199297687, 0.4296319873487293, 0.3954576491945416, -0.5678210088392472, 0.9525489095524835, -0.9875394895908203, -0.4940352752331121, -0.13041693519110842, 0.5587658435875049, -0.6046298507994938, 0.7259864711984445, 0.9668013543506255, -0.6723155171906026, 0.19466788786571843, -0.98202780466489, -0.22685743471274122, -0.9116798841370009, 0.9133059354284718, -0.1277067062404047, 0.8979546135631256, 0.5726119718701219, 0.7325785971633969, -0.6536691570081037, -0.850102825973786, 0.2014854427555386, -0.6640556325631923, 0.4667603350211398, -0.18311227969597055, 0.05581764683584067, 0.875143167901884, 0.043392244889916, -0.7836132342255386, -0.6835531856304011, 0.09040530340642561, 0.04880816013694678, 0.2752204882519873, -0.1970091128194542, 0.2996102180386846, -0.20619999419653467, 0.24783222709644614, 0.5348099341802477, -0.6420521799177383, -0.24884846282491524, 0.005066118653868745, 0.3733341598326916, -0.4926407026772337, 0.10948172588511706, 0.24986168812819542, 0.7910023321122921, -0.27429282313374714, 0.2751141460374733, -0.6171071957620733, -0.004411770765388567, -0.6351091908575863, 0.8367660782795254, -0.13635585731754474, 0.6603762041966925, -0.16644739064327485, 0.8093351774867339, -0.19034956537818792, -0.33765099381775454, 0.14427754054549724, 0.6908872981882266, 0.7220286235061439, 0.19137623413666893, -0.8306767779591795, 0.19453321463834983, -0.5090925828337958, 0.46518689717993555, 0.7893025846334776, 0.0294679418262902, 0.20712702072041278, -0.8698643752343853, 0.08014945928561268, -0.7416264326591246, 0.22912569270066396, -0.2726993059103242, 0.5355160686614915, -0.902931727160895, -0.7803637637643119, 0.36804643024725525, 0.029307394167312983, 0.1432827432294983, 0.6874139879813108, -0.024524721700651453, 0.6202888442522898, 0.020487258589880097, 0.8534413864805024, 0.333855543079252, -0.7025463211318861, -0.27089364934848836, 0.7315498318881986, -0.29942957828896866, -0.6219484810876903, -0.0547573816684539, -0.21443765035574014, 0.23785985328818726, -0.12646741612097356, -0.47815568541100895, -0.17505557667448635, -0.16193193089539926, 0.8048437117522818, 0.9592325240809707, 0.24713767881382775, -0.8336317548582777, 0.46599743519199, 0.357370804957968, 0.6520457340504391, -0.3050973265778887, -0.8822398116837538, 0.2236436329105842, -0.751970763373456, 0.5190590583266628, 0.5888466351532844, -0.18274642650020412, 0.8875950117660911, -0.6524404124894483, 0.8851716994539605]",rhc,relu,False,False,100,[10],0.1,100,11
1181,81,0.21764280006755143,1.6266908123579213,1757.0,100,15,"[0.9340596780273533, 0.09446449835144466, 0.9453687199297687, 0.4296319873487293, 0.3954576491945416, -0.5678210088392472, 0.9525489095524835, -0.9875394895908203, -0.4940352752331121, -0.13041693519110842, 0.5587658435875049, -0.6046298507994938, 0.7259864711984445, 0.9668013543506255, -0.6723155171906026, 0.19466788786571843, -0.98202780466489, -0.22685743471274122, -0.9116798841370009, 0.9133059354284718, -0.1277067062404047, 0.8979546135631256, 0.5726119718701219, 0.7325785971633969, -0.6536691570081037, -0.850102825973786, 0.2014854427555386, -0.6640556325631923, 0.4667603350211398, -0.18311227969597055, 0.05581764683584067, 0.875143167901884, 0.043392244889916, -0.7836132342255386, -0.6835531856304011, 0.09040530340642561, 0.04880816013694678, 0.2752204882519873, -0.1970091128194542, 0.2996102180386846, -0.20619999419653467, 0.24783222709644614, 0.5348099341802477, -0.6420521799177383, -0.24884846282491524, 0.005066118653868745, 0.3733341598326916, -0.4926407026772337, 0.10948172588511706, 0.24986168812819542, 0.7910023321122921, -0.27429282313374714, 0.2751141460374733, -0.6171071957620733, -0.004411770765388567, -0.6351091908575863, 0.8367660782795254, -0.13635585731754474, 0.6603762041966925, -0.16644739064327485, 0.8093351774867339, -0.19034956537818792, -0.33765099381775454, 0.14427754054549724, 0.6908872981882266, 0.7220286235061439, 0.19137623413666893, -0.8306767779591795, 0.19453321463834983, -0.5090925828337958, 0.46518689717993555, 0.7893025846334776, 0.0294679418262902, 0.20712702072041278, -0.8698643752343853, 0.08014945928561268, -0.7416264326591246, 0.22912569270066396, -0.2726993059103242, 0.5355160686614915, -0.902931727160895, -0.7803637637643119, 0.36804643024725525, 0.029307394167312983, 0.1432827432294983, 0.6874139879813108, -0.024524721700651453, 0.6202888442522898, 0.020487258589880097, 0.8534413864805024, 0.333855543079252, -0.7025463211318861, -0.27089364934848836, 0.7315498318881986, -0.29942957828896866, -0.6219484810876903, -0.0547573816684539, -0.21443765035574014, 0.23785985328818726, -0.12646741612097356, -0.47815568541100895, -0.17505557667448635, -0.16193193089539926, 0.8048437117522818, 0.9592325240809707, 0.24713767881382775, -0.8336317548582777, 0.46599743519199, 0.357370804957968, 0.6520457340504391, -0.3050973265778887, -0.8822398116837538, 0.2236436329105842, -0.751970763373456, 0.5190590583266628, 0.5888466351532844, -0.18274642650020412, 0.8875950117660911, -0.6524404124894483, 0.8851716994539605]",rhc,relu,False,False,100,[10],0.1,100,11
1182,82,0.2193455999949947,1.6266908123579213,1758.0,100,15,"[0.9340596780273533, 0.09446449835144466, 0.9453687199297687, 0.4296319873487293, 0.3954576491945416, -0.5678210088392472, 0.9525489095524835, -0.9875394895908203, -0.4940352752331121, -0.13041693519110842, 0.5587658435875049, -0.6046298507994938, 0.7259864711984445, 0.9668013543506255, -0.6723155171906026, 0.19466788786571843, -0.98202780466489, -0.22685743471274122, -0.9116798841370009, 0.9133059354284718, -0.1277067062404047, 0.8979546135631256, 0.5726119718701219, 0.7325785971633969, -0.6536691570081037, -0.850102825973786, 0.2014854427555386, -0.6640556325631923, 0.4667603350211398, -0.18311227969597055, 0.05581764683584067, 0.875143167901884, 0.043392244889916, -0.7836132342255386, -0.6835531856304011, 0.09040530340642561, 0.04880816013694678, 0.2752204882519873, -0.1970091128194542, 0.2996102180386846, -0.20619999419653467, 0.24783222709644614, 0.5348099341802477, -0.6420521799177383, -0.24884846282491524, 0.005066118653868745, 0.3733341598326916, -0.4926407026772337, 0.10948172588511706, 0.24986168812819542, 0.7910023321122921, -0.27429282313374714, 0.2751141460374733, -0.6171071957620733, -0.004411770765388567, -0.6351091908575863, 0.8367660782795254, -0.13635585731754474, 0.6603762041966925, -0.16644739064327485, 0.8093351774867339, -0.19034956537818792, -0.33765099381775454, 0.14427754054549724, 0.6908872981882266, 0.7220286235061439, 0.19137623413666893, -0.8306767779591795, 0.19453321463834983, -0.5090925828337958, 0.46518689717993555, 0.7893025846334776, 0.0294679418262902, 0.20712702072041278, -0.8698643752343853, 0.08014945928561268, -0.7416264326591246, 0.22912569270066396, -0.2726993059103242, 0.5355160686614915, -0.902931727160895, -0.7803637637643119, 0.36804643024725525, 0.029307394167312983, 0.1432827432294983, 0.6874139879813108, -0.024524721700651453, 0.6202888442522898, 0.020487258589880097, 0.8534413864805024, 0.333855543079252, -0.7025463211318861, -0.27089364934848836, 0.7315498318881986, -0.29942957828896866, -0.6219484810876903, -0.0547573816684539, -0.21443765035574014, 0.23785985328818726, -0.12646741612097356, -0.47815568541100895, -0.17505557667448635, -0.16193193089539926, 0.8048437117522818, 0.9592325240809707, 0.24713767881382775, -0.8336317548582777, 0.46599743519199, 0.357370804957968, 0.6520457340504391, -0.3050973265778887, -0.8822398116837538, 0.2236436329105842, -0.751970763373456, 0.5190590583266628, 0.5888466351532844, -0.18274642650020412, 0.8875950117660911, -0.6524404124894483, 0.8851716994539605]",rhc,relu,False,False,100,[10],0.1,100,11
1183,83,0.22115360002499074,1.6266908123579213,1759.0,100,15,"[0.9340596780273533, 0.09446449835144466, 0.9453687199297687, 0.4296319873487293, 0.3954576491945416, -0.5678210088392472, 0.9525489095524835, -0.9875394895908203, -0.4940352752331121, -0.13041693519110842, 0.5587658435875049, -0.6046298507994938, 0.7259864711984445, 0.9668013543506255, -0.6723155171906026, 0.19466788786571843, -0.98202780466489, -0.22685743471274122, -0.9116798841370009, 0.9133059354284718, -0.1277067062404047, 0.8979546135631256, 0.5726119718701219, 0.7325785971633969, -0.6536691570081037, -0.850102825973786, 0.2014854427555386, -0.6640556325631923, 0.4667603350211398, -0.18311227969597055, 0.05581764683584067, 0.875143167901884, 0.043392244889916, -0.7836132342255386, -0.6835531856304011, 0.09040530340642561, 0.04880816013694678, 0.2752204882519873, -0.1970091128194542, 0.2996102180386846, -0.20619999419653467, 0.24783222709644614, 0.5348099341802477, -0.6420521799177383, -0.24884846282491524, 0.005066118653868745, 0.3733341598326916, -0.4926407026772337, 0.10948172588511706, 0.24986168812819542, 0.7910023321122921, -0.27429282313374714, 0.2751141460374733, -0.6171071957620733, -0.004411770765388567, -0.6351091908575863, 0.8367660782795254, -0.13635585731754474, 0.6603762041966925, -0.16644739064327485, 0.8093351774867339, -0.19034956537818792, -0.33765099381775454, 0.14427754054549724, 0.6908872981882266, 0.7220286235061439, 0.19137623413666893, -0.8306767779591795, 0.19453321463834983, -0.5090925828337958, 0.46518689717993555, 0.7893025846334776, 0.0294679418262902, 0.20712702072041278, -0.8698643752343853, 0.08014945928561268, -0.7416264326591246, 0.22912569270066396, -0.2726993059103242, 0.5355160686614915, -0.902931727160895, -0.7803637637643119, 0.36804643024725525, 0.029307394167312983, 0.1432827432294983, 0.6874139879813108, -0.024524721700651453, 0.6202888442522898, 0.020487258589880097, 0.8534413864805024, 0.333855543079252, -0.7025463211318861, -0.27089364934848836, 0.7315498318881986, -0.29942957828896866, -0.6219484810876903, -0.0547573816684539, -0.21443765035574014, 0.23785985328818726, -0.12646741612097356, -0.47815568541100895, -0.17505557667448635, -0.16193193089539926, 0.8048437117522818, 0.9592325240809707, 0.24713767881382775, -0.8336317548582777, 0.46599743519199, 0.357370804957968, 0.6520457340504391, -0.3050973265778887, -0.8822398116837538, 0.2236436329105842, -0.751970763373456, 0.5190590583266628, 0.5888466351532844, -0.18274642650020412, 0.8875950117660911, -0.6524404124894483, 0.8851716994539605]",rhc,relu,False,False,100,[10],0.1,100,11
1184,84,0.22437200008425862,1.6174437528649033,1761.0,100,15,"[0.9340596780273533, 0.09446449835144466, 0.9453687199297687, 0.4296319873487293, 0.3954576491945416, -0.5678210088392472, 0.9525489095524835, -0.9875394895908203, -0.4940352752331121, -0.13041693519110842, 0.5587658435875049, -0.6046298507994938, 0.7259864711984445, 0.9668013543506255, -0.6723155171906026, 0.19466788786571843, -0.98202780466489, -0.22685743471274122, -0.9116798841370009, 0.9133059354284718, -0.1277067062404047, 0.8979546135631256, 0.5726119718701219, 0.7325785971633969, -0.6536691570081037, -0.850102825973786, 0.2014854427555386, -0.6640556325631923, 0.4667603350211398, -0.18311227969597055, 0.05581764683584067, 0.875143167901884, 0.043392244889916, -0.7836132342255386, -0.6835531856304011, 0.09040530340642561, 0.04880816013694678, 0.2752204882519873, -0.1970091128194542, 0.2996102180386846, -0.20619999419653467, 0.24783222709644614, 0.5348099341802477, -0.6420521799177383, -0.24884846282491524, 0.005066118653868745, 0.3733341598326916, -0.4926407026772337, 0.10948172588511706, 0.24986168812819542, 0.7910023321122921, -0.27429282313374714, 0.2751141460374733, -0.6171071957620733, -0.004411770765388567, -0.6351091908575863, 0.8367660782795254, -0.13635585731754474, 0.6603762041966925, -0.16644739064327485, 0.8093351774867339, -0.19034956537818792, -0.33765099381775454, 0.14427754054549724, 0.6908872981882266, 0.7220286235061439, 0.19137623413666893, -0.8306767779591795, 0.19453321463834983, -0.5090925828337958, 0.46518689717993555, 0.7893025846334776, 0.0294679418262902, 0.20712702072041278, -0.8698643752343853, 0.08014945928561268, -0.7416264326591246, 0.22912569270066396, -0.2726993059103242, 0.5355160686614915, -0.902931727160895, -0.7803637637643119, 0.36804643024725525, 0.029307394167312983, 0.1432827432294983, 0.6874139879813108, -0.024524721700651453, 0.6202888442522898, 0.020487258589880097, 0.8534413864805024, 0.333855543079252, -0.7025463211318861, -0.27089364934848836, 0.7315498318881986, -0.29942957828896866, -0.6219484810876903, -0.0547573816684539, -0.21443765035574014, 0.23785985328818726, -0.12646741612097356, -0.47815568541100895, -0.17505557667448635, -0.16193193089539926, 0.8048437117522818, 0.9592325240809707, 0.24713767881382775, -0.8336317548582777, 0.46599743519199, 0.357370804957968, 0.6520457340504391, -0.3050973265778887, -0.8822398116837538, 0.2236436329105842, -0.751970763373456, 0.5190590583266628, 0.5888466351532844, -0.18274642650020412, 0.8875950117660911, -0.6524404124894483, 0.8851716994539605]",rhc,relu,False,False,100,[10],0.1,100,11
1185,85,0.2259537000209093,1.6119242734226775,1763.0,100,15,"[0.9340596780273533, 0.09446449835144466, 0.9453687199297687, 0.4296319873487293, 0.3954576491945416, -0.5678210088392472, 0.9525489095524835, -0.9875394895908203, -0.4940352752331121, -0.13041693519110842, 0.5587658435875049, -0.6046298507994938, 0.7259864711984445, 0.9668013543506255, -0.6723155171906026, 0.19466788786571843, -0.98202780466489, -0.22685743471274122, -0.9116798841370009, 0.9133059354284718, -0.1277067062404047, 0.8979546135631256, 0.5726119718701219, 0.7325785971633969, -0.6536691570081037, -0.850102825973786, 0.2014854427555386, -0.6640556325631923, 0.4667603350211398, -0.18311227969597055, 0.05581764683584067, 0.875143167901884, 0.043392244889916, -0.7836132342255386, -0.6835531856304011, 0.09040530340642561, 0.04880816013694678, 0.2752204882519873, -0.1970091128194542, 0.2996102180386846, -0.20619999419653467, 0.24783222709644614, 0.5348099341802477, -0.6420521799177383, -0.24884846282491524, 0.005066118653868745, 0.3733341598326916, -0.4926407026772337, 0.10948172588511706, 0.24986168812819542, 0.7910023321122921, -0.27429282313374714, 0.2751141460374733, -0.6171071957620733, -0.004411770765388567, -0.6351091908575863, 0.8367660782795254, -0.13635585731754474, 0.6603762041966925, -0.16644739064327485, 0.8093351774867339, -0.19034956537818792, -0.33765099381775454, 0.14427754054549724, 0.6908872981882266, 0.7220286235061439, 0.19137623413666893, -0.8306767779591795, 0.19453321463834983, -0.5090925828337958, 0.46518689717993555, 0.7893025846334776, 0.0294679418262902, 0.20712702072041278, -0.8698643752343853, 0.08014945928561268, -0.7416264326591246, 0.22912569270066396, -0.2726993059103242, 0.5355160686614915, -0.902931727160895, -0.7803637637643119, 0.36804643024725525, 0.029307394167312983, 0.1432827432294983, 0.6874139879813108, -0.024524721700651453, 0.6202888442522898, 0.020487258589880097, 0.8534413864805024, 0.333855543079252, -0.7025463211318861, -0.27089364934848836, 0.7315498318881986, -0.29942957828896866, -0.6219484810876903, -0.0547573816684539, -0.21443765035574014, 0.23785985328818726, -0.12646741612097356, -0.47815568541100895, -0.17505557667448635, -0.16193193089539926, 0.8048437117522818, 0.9592325240809707, 0.24713767881382775, -0.8336317548582777, 0.46599743519199, 0.357370804957968, 0.6520457340504391, -0.3050973265778887, -0.8822398116837538, 0.2236436329105842, -0.751970763373456, 0.5190590583266628, 0.5888466351532844, -0.18274642650020412, 0.8875950117660911, -0.6524404124894483, 0.8851716994539605]",rhc,relu,False,False,100,[10],0.1,100,11
1186,86,0.22897670010570437,1.6119242734226775,1764.0,100,15,"[0.9340596780273533, 0.09446449835144466, 0.9453687199297687, 0.4296319873487293, 0.3954576491945416, -0.5678210088392472, 0.9525489095524835, -0.9875394895908203, -0.4940352752331121, -0.13041693519110842, 0.5587658435875049, -0.6046298507994938, 0.7259864711984445, 0.9668013543506255, -0.6723155171906026, 0.19466788786571843, -0.98202780466489, -0.22685743471274122, -0.9116798841370009, 0.9133059354284718, -0.1277067062404047, 0.8979546135631256, 0.5726119718701219, 0.7325785971633969, -0.6536691570081037, -0.850102825973786, 0.2014854427555386, -0.6640556325631923, 0.4667603350211398, -0.18311227969597055, 0.05581764683584067, 0.875143167901884, 0.043392244889916, -0.7836132342255386, -0.6835531856304011, 0.09040530340642561, 0.04880816013694678, 0.2752204882519873, -0.1970091128194542, 0.2996102180386846, -0.20619999419653467, 0.24783222709644614, 0.5348099341802477, -0.6420521799177383, -0.24884846282491524, 0.005066118653868745, 0.3733341598326916, -0.4926407026772337, 0.10948172588511706, 0.24986168812819542, 0.7910023321122921, -0.27429282313374714, 0.2751141460374733, -0.6171071957620733, -0.004411770765388567, -0.6351091908575863, 0.8367660782795254, -0.13635585731754474, 0.6603762041966925, -0.16644739064327485, 0.8093351774867339, -0.19034956537818792, -0.33765099381775454, 0.14427754054549724, 0.6908872981882266, 0.7220286235061439, 0.19137623413666893, -0.8306767779591795, 0.19453321463834983, -0.5090925828337958, 0.46518689717993555, 0.7893025846334776, 0.0294679418262902, 0.20712702072041278, -0.8698643752343853, 0.08014945928561268, -0.7416264326591246, 0.22912569270066396, -0.2726993059103242, 0.5355160686614915, -0.902931727160895, -0.7803637637643119, 0.36804643024725525, 0.029307394167312983, 0.1432827432294983, 0.6874139879813108, -0.024524721700651453, 0.6202888442522898, 0.020487258589880097, 0.8534413864805024, 0.333855543079252, -0.7025463211318861, -0.27089364934848836, 0.7315498318881986, -0.29942957828896866, -0.6219484810876903, -0.0547573816684539, -0.21443765035574014, 0.23785985328818726, -0.12646741612097356, -0.47815568541100895, -0.17505557667448635, -0.16193193089539926, 0.8048437117522818, 0.9592325240809707, 0.24713767881382775, -0.8336317548582777, 0.46599743519199, 0.357370804957968, 0.6520457340504391, -0.3050973265778887, -0.8822398116837538, 0.2236436329105842, -0.751970763373456, 0.5190590583266628, 0.5888466351532844, -0.18274642650020412, 0.8875950117660911, -0.6524404124894483, 0.8851716994539605]",rhc,relu,False,False,100,[10],0.1,100,11
1187,87,0.23168840003199875,1.6119242734226775,1765.0,100,15,"[0.9340596780273533, 0.09446449835144466, 0.9453687199297687, 0.4296319873487293, 0.3954576491945416, -0.5678210088392472, 0.9525489095524835, -0.9875394895908203, -0.4940352752331121, -0.13041693519110842, 0.5587658435875049, -0.6046298507994938, 0.7259864711984445, 0.9668013543506255, -0.6723155171906026, 0.19466788786571843, -0.98202780466489, -0.22685743471274122, -0.9116798841370009, 0.9133059354284718, -0.1277067062404047, 0.8979546135631256, 0.5726119718701219, 0.7325785971633969, -0.6536691570081037, -0.850102825973786, 0.2014854427555386, -0.6640556325631923, 0.4667603350211398, -0.18311227969597055, 0.05581764683584067, 0.875143167901884, 0.043392244889916, -0.7836132342255386, -0.6835531856304011, 0.09040530340642561, 0.04880816013694678, 0.2752204882519873, -0.1970091128194542, 0.2996102180386846, -0.20619999419653467, 0.24783222709644614, 0.5348099341802477, -0.6420521799177383, -0.24884846282491524, 0.005066118653868745, 0.3733341598326916, -0.4926407026772337, 0.10948172588511706, 0.24986168812819542, 0.7910023321122921, -0.27429282313374714, 0.2751141460374733, -0.6171071957620733, -0.004411770765388567, -0.6351091908575863, 0.8367660782795254, -0.13635585731754474, 0.6603762041966925, -0.16644739064327485, 0.8093351774867339, -0.19034956537818792, -0.33765099381775454, 0.14427754054549724, 0.6908872981882266, 0.7220286235061439, 0.19137623413666893, -0.8306767779591795, 0.19453321463834983, -0.5090925828337958, 0.46518689717993555, 0.7893025846334776, 0.0294679418262902, 0.20712702072041278, -0.8698643752343853, 0.08014945928561268, -0.7416264326591246, 0.22912569270066396, -0.2726993059103242, 0.5355160686614915, -0.902931727160895, -0.7803637637643119, 0.36804643024725525, 0.029307394167312983, 0.1432827432294983, 0.6874139879813108, -0.024524721700651453, 0.6202888442522898, 0.020487258589880097, 0.8534413864805024, 0.333855543079252, -0.7025463211318861, -0.27089364934848836, 0.7315498318881986, -0.29942957828896866, -0.6219484810876903, -0.0547573816684539, -0.21443765035574014, 0.23785985328818726, -0.12646741612097356, -0.47815568541100895, -0.17505557667448635, -0.16193193089539926, 0.8048437117522818, 0.9592325240809707, 0.24713767881382775, -0.8336317548582777, 0.46599743519199, 0.357370804957968, 0.6520457340504391, -0.3050973265778887, -0.8822398116837538, 0.2236436329105842, -0.751970763373456, 0.5190590583266628, 0.5888466351532844, -0.18274642650020412, 0.8875950117660911, -0.6524404124894483, 0.8851716994539605]",rhc,relu,False,False,100,[10],0.1,100,11
1188,88,0.23309100000187755,1.6119242734226775,1766.0,100,15,"[0.9340596780273533, 0.09446449835144466, 0.9453687199297687, 0.4296319873487293, 0.3954576491945416, -0.5678210088392472, 0.9525489095524835, -0.9875394895908203, -0.4940352752331121, -0.13041693519110842, 0.5587658435875049, -0.6046298507994938, 0.7259864711984445, 0.9668013543506255, -0.6723155171906026, 0.19466788786571843, -0.98202780466489, -0.22685743471274122, -0.9116798841370009, 0.9133059354284718, -0.1277067062404047, 0.8979546135631256, 0.5726119718701219, 0.7325785971633969, -0.6536691570081037, -0.850102825973786, 0.2014854427555386, -0.6640556325631923, 0.4667603350211398, -0.18311227969597055, 0.05581764683584067, 0.875143167901884, 0.043392244889916, -0.7836132342255386, -0.6835531856304011, 0.09040530340642561, 0.04880816013694678, 0.2752204882519873, -0.1970091128194542, 0.2996102180386846, -0.20619999419653467, 0.24783222709644614, 0.5348099341802477, -0.6420521799177383, -0.24884846282491524, 0.005066118653868745, 0.3733341598326916, -0.4926407026772337, 0.10948172588511706, 0.24986168812819542, 0.7910023321122921, -0.27429282313374714, 0.2751141460374733, -0.6171071957620733, -0.004411770765388567, -0.6351091908575863, 0.8367660782795254, -0.13635585731754474, 0.6603762041966925, -0.16644739064327485, 0.8093351774867339, -0.19034956537818792, -0.33765099381775454, 0.14427754054549724, 0.6908872981882266, 0.7220286235061439, 0.19137623413666893, -0.8306767779591795, 0.19453321463834983, -0.5090925828337958, 0.46518689717993555, 0.7893025846334776, 0.0294679418262902, 0.20712702072041278, -0.8698643752343853, 0.08014945928561268, -0.7416264326591246, 0.22912569270066396, -0.2726993059103242, 0.5355160686614915, -0.902931727160895, -0.7803637637643119, 0.36804643024725525, 0.029307394167312983, 0.1432827432294983, 0.6874139879813108, -0.024524721700651453, 0.6202888442522898, 0.020487258589880097, 0.8534413864805024, 0.333855543079252, -0.7025463211318861, -0.27089364934848836, 0.7315498318881986, -0.29942957828896866, -0.6219484810876903, -0.0547573816684539, -0.21443765035574014, 0.23785985328818726, -0.12646741612097356, -0.47815568541100895, -0.17505557667448635, -0.16193193089539926, 0.8048437117522818, 0.9592325240809707, 0.24713767881382775, -0.8336317548582777, 0.46599743519199, 0.357370804957968, 0.6520457340504391, -0.3050973265778887, -0.8822398116837538, 0.2236436329105842, -0.751970763373456, 0.5190590583266628, 0.5888466351532844, -0.18274642650020412, 0.8875950117660911, -0.6524404124894483, 0.8851716994539605]",rhc,relu,False,False,100,[10],0.1,100,11
1189,89,0.23613770003430545,1.6114376085551674,1768.0,100,15,"[0.9340596780273533, 0.09446449835144466, 0.9453687199297687, 0.4296319873487293, 0.3954576491945416, -0.5678210088392472, 0.9525489095524835, -0.9875394895908203, -0.4940352752331121, -0.13041693519110842, 0.5587658435875049, -0.6046298507994938, 0.7259864711984445, 0.9668013543506255, -0.6723155171906026, 0.19466788786571843, -0.98202780466489, -0.22685743471274122, -0.9116798841370009, 0.9133059354284718, -0.1277067062404047, 0.8979546135631256, 0.5726119718701219, 0.7325785971633969, -0.6536691570081037, -0.850102825973786, 0.2014854427555386, -0.6640556325631923, 0.4667603350211398, -0.18311227969597055, 0.05581764683584067, 0.875143167901884, 0.043392244889916, -0.7836132342255386, -0.6835531856304011, 0.09040530340642561, 0.04880816013694678, 0.2752204882519873, -0.1970091128194542, 0.2996102180386846, -0.20619999419653467, 0.24783222709644614, 0.5348099341802477, -0.6420521799177383, -0.24884846282491524, 0.005066118653868745, 0.3733341598326916, -0.4926407026772337, 0.10948172588511706, 0.24986168812819542, 0.7910023321122921, -0.27429282313374714, 0.2751141460374733, -0.6171071957620733, -0.004411770765388567, -0.6351091908575863, 0.8367660782795254, -0.13635585731754474, 0.6603762041966925, -0.16644739064327485, 0.8093351774867339, -0.19034956537818792, -0.33765099381775454, 0.14427754054549724, 0.6908872981882266, 0.7220286235061439, 0.19137623413666893, -0.8306767779591795, 0.19453321463834983, -0.5090925828337958, 0.46518689717993555, 0.7893025846334776, 0.0294679418262902, 0.20712702072041278, -0.8698643752343853, 0.08014945928561268, -0.7416264326591246, 0.22912569270066396, -0.2726993059103242, 0.5355160686614915, -0.902931727160895, -0.7803637637643119, 0.36804643024725525, 0.029307394167312983, 0.1432827432294983, 0.6874139879813108, -0.024524721700651453, 0.6202888442522898, 0.020487258589880097, 0.8534413864805024, 0.333855543079252, -0.7025463211318861, -0.27089364934848836, 0.7315498318881986, -0.29942957828896866, -0.6219484810876903, -0.0547573816684539, -0.21443765035574014, 0.23785985328818726, -0.12646741612097356, -0.47815568541100895, -0.17505557667448635, -0.16193193089539926, 0.8048437117522818, 0.9592325240809707, 0.24713767881382775, -0.8336317548582777, 0.46599743519199, 0.357370804957968, 0.6520457340504391, -0.3050973265778887, -0.8822398116837538, 0.2236436329105842, -0.751970763373456, 0.5190590583266628, 0.5888466351532844, -0.18274642650020412, 0.8875950117660911, -0.6524404124894483, 0.8851716994539605]",rhc,relu,False,False,100,[10],0.1,100,11
1190,90,0.23915060004219413,1.6114376085551674,1769.0,100,15,"[0.9340596780273533, 0.09446449835144466, 0.9453687199297687, 0.4296319873487293, 0.3954576491945416, -0.5678210088392472, 0.9525489095524835, -0.9875394895908203, -0.4940352752331121, -0.13041693519110842, 0.5587658435875049, -0.6046298507994938, 0.7259864711984445, 0.9668013543506255, -0.6723155171906026, 0.19466788786571843, -0.98202780466489, -0.22685743471274122, -0.9116798841370009, 0.9133059354284718, -0.1277067062404047, 0.8979546135631256, 0.5726119718701219, 0.7325785971633969, -0.6536691570081037, -0.850102825973786, 0.2014854427555386, -0.6640556325631923, 0.4667603350211398, -0.18311227969597055, 0.05581764683584067, 0.875143167901884, 0.043392244889916, -0.7836132342255386, -0.6835531856304011, 0.09040530340642561, 0.04880816013694678, 0.2752204882519873, -0.1970091128194542, 0.2996102180386846, -0.20619999419653467, 0.24783222709644614, 0.5348099341802477, -0.6420521799177383, -0.24884846282491524, 0.005066118653868745, 0.3733341598326916, -0.4926407026772337, 0.10948172588511706, 0.24986168812819542, 0.7910023321122921, -0.27429282313374714, 0.2751141460374733, -0.6171071957620733, -0.004411770765388567, -0.6351091908575863, 0.8367660782795254, -0.13635585731754474, 0.6603762041966925, -0.16644739064327485, 0.8093351774867339, -0.19034956537818792, -0.33765099381775454, 0.14427754054549724, 0.6908872981882266, 0.7220286235061439, 0.19137623413666893, -0.8306767779591795, 0.19453321463834983, -0.5090925828337958, 0.46518689717993555, 0.7893025846334776, 0.0294679418262902, 0.20712702072041278, -0.8698643752343853, 0.08014945928561268, -0.7416264326591246, 0.22912569270066396, -0.2726993059103242, 0.5355160686614915, -0.902931727160895, -0.7803637637643119, 0.36804643024725525, 0.029307394167312983, 0.1432827432294983, 0.6874139879813108, -0.024524721700651453, 0.6202888442522898, 0.020487258589880097, 0.8534413864805024, 0.333855543079252, -0.7025463211318861, -0.27089364934848836, 0.7315498318881986, -0.29942957828896866, -0.6219484810876903, -0.0547573816684539, -0.21443765035574014, 0.23785985328818726, -0.12646741612097356, -0.47815568541100895, -0.17505557667448635, -0.16193193089539926, 0.8048437117522818, 0.9592325240809707, 0.24713767881382775, -0.8336317548582777, 0.46599743519199, 0.357370804957968, 0.6520457340504391, -0.3050973265778887, -0.8822398116837538, 0.2236436329105842, -0.751970763373456, 0.5190590583266628, 0.5888466351532844, -0.18274642650020412, 0.8875950117660911, -0.6524404124894483, 0.8851716994539605]",rhc,relu,False,False,100,[10],0.1,100,11
1191,91,0.24208670004736632,1.6114376085551674,1770.0,100,15,"[0.9340596780273533, 0.09446449835144466, 0.9453687199297687, 0.4296319873487293, 0.3954576491945416, -0.5678210088392472, 0.9525489095524835, -0.9875394895908203, -0.4940352752331121, -0.13041693519110842, 0.5587658435875049, -0.6046298507994938, 0.7259864711984445, 0.9668013543506255, -0.6723155171906026, 0.19466788786571843, -0.98202780466489, -0.22685743471274122, -0.9116798841370009, 0.9133059354284718, -0.1277067062404047, 0.8979546135631256, 0.5726119718701219, 0.7325785971633969, -0.6536691570081037, -0.850102825973786, 0.2014854427555386, -0.6640556325631923, 0.4667603350211398, -0.18311227969597055, 0.05581764683584067, 0.875143167901884, 0.043392244889916, -0.7836132342255386, -0.6835531856304011, 0.09040530340642561, 0.04880816013694678, 0.2752204882519873, -0.1970091128194542, 0.2996102180386846, -0.20619999419653467, 0.24783222709644614, 0.5348099341802477, -0.6420521799177383, -0.24884846282491524, 0.005066118653868745, 0.3733341598326916, -0.4926407026772337, 0.10948172588511706, 0.24986168812819542, 0.7910023321122921, -0.27429282313374714, 0.2751141460374733, -0.6171071957620733, -0.004411770765388567, -0.6351091908575863, 0.8367660782795254, -0.13635585731754474, 0.6603762041966925, -0.16644739064327485, 0.8093351774867339, -0.19034956537818792, -0.33765099381775454, 0.14427754054549724, 0.6908872981882266, 0.7220286235061439, 0.19137623413666893, -0.8306767779591795, 0.19453321463834983, -0.5090925828337958, 0.46518689717993555, 0.7893025846334776, 0.0294679418262902, 0.20712702072041278, -0.8698643752343853, 0.08014945928561268, -0.7416264326591246, 0.22912569270066396, -0.2726993059103242, 0.5355160686614915, -0.902931727160895, -0.7803637637643119, 0.36804643024725525, 0.029307394167312983, 0.1432827432294983, 0.6874139879813108, -0.024524721700651453, 0.6202888442522898, 0.020487258589880097, 0.8534413864805024, 0.333855543079252, -0.7025463211318861, -0.27089364934848836, 0.7315498318881986, -0.29942957828896866, -0.6219484810876903, -0.0547573816684539, -0.21443765035574014, 0.23785985328818726, -0.12646741612097356, -0.47815568541100895, -0.17505557667448635, -0.16193193089539926, 0.8048437117522818, 0.9592325240809707, 0.24713767881382775, -0.8336317548582777, 0.46599743519199, 0.357370804957968, 0.6520457340504391, -0.3050973265778887, -0.8822398116837538, 0.2236436329105842, -0.751970763373456, 0.5190590583266628, 0.5888466351532844, -0.18274642650020412, 0.8875950117660911, -0.6524404124894483, 0.8851716994539605]",rhc,relu,False,False,100,[10],0.1,100,11
1192,92,0.24406210007146,1.600021857449319,1772.0,100,15,"[0.9340596780273533, 0.09446449835144466, 0.9453687199297687, 0.4296319873487293, 0.3954576491945416, -0.5678210088392472, 0.9525489095524835, -0.9875394895908203, -0.4940352752331121, -0.13041693519110842, 0.5587658435875049, -0.6046298507994938, 0.7259864711984445, 0.9668013543506255, -0.6723155171906026, 0.19466788786571843, -0.98202780466489, -0.22685743471274122, -0.9116798841370009, 0.9133059354284718, -0.1277067062404047, 0.8979546135631256, 0.5726119718701219, 0.7325785971633969, -0.6536691570081037, -0.850102825973786, 0.2014854427555386, -0.6640556325631923, 0.4667603350211398, -0.18311227969597055, 0.05581764683584067, 0.875143167901884, 0.043392244889916, -0.7836132342255386, -0.6835531856304011, 0.09040530340642561, 0.04880816013694678, 0.2752204882519873, -0.1970091128194542, 0.2996102180386846, -0.20619999419653467, 0.24783222709644614, 0.5348099341802477, -0.6420521799177383, -0.24884846282491524, 0.005066118653868745, 0.3733341598326916, -0.4926407026772337, 0.10948172588511706, 0.24986168812819542, 0.7910023321122921, -0.27429282313374714, 0.2751141460374733, -0.6171071957620733, -0.004411770765388567, -0.6351091908575863, 0.8367660782795254, -0.13635585731754474, 0.6603762041966925, -0.16644739064327485, 0.8093351774867339, -0.19034956537818792, -0.33765099381775454, 0.14427754054549724, 0.6908872981882266, 0.7220286235061439, 0.19137623413666893, -0.8306767779591795, 0.19453321463834983, -0.5090925828337958, 0.46518689717993555, 0.7893025846334776, 0.0294679418262902, 0.20712702072041278, -0.8698643752343853, 0.08014945928561268, -0.7416264326591246, 0.22912569270066396, -0.2726993059103242, 0.5355160686614915, -0.902931727160895, -0.7803637637643119, 0.36804643024725525, 0.029307394167312983, 0.1432827432294983, 0.6874139879813108, -0.024524721700651453, 0.6202888442522898, 0.020487258589880097, 0.8534413864805024, 0.333855543079252, -0.7025463211318861, -0.27089364934848836, 0.7315498318881986, -0.29942957828896866, -0.6219484810876903, -0.0547573816684539, -0.21443765035574014, 0.23785985328818726, -0.12646741612097356, -0.47815568541100895, -0.17505557667448635, -0.16193193089539926, 0.8048437117522818, 0.9592325240809707, 0.24713767881382775, -0.8336317548582777, 0.46599743519199, 0.357370804957968, 0.6520457340504391, -0.3050973265778887, -0.8822398116837538, 0.2236436329105842, -0.751970763373456, 0.5190590583266628, 0.5888466351532844, -0.18274642650020412, 0.8875950117660911, -0.6524404124894483, 0.8851716994539605]",rhc,relu,False,False,100,[10],0.1,100,11
1193,93,0.2456533000804484,1.5973298866325372,1774.0,100,15,"[0.9340596780273533, 0.09446449835144466, 0.9453687199297687, 0.4296319873487293, 0.3954576491945416, -0.5678210088392472, 0.9525489095524835, -0.9875394895908203, -0.4940352752331121, -0.13041693519110842, 0.5587658435875049, -0.6046298507994938, 0.7259864711984445, 0.9668013543506255, -0.6723155171906026, 0.19466788786571843, -0.98202780466489, -0.22685743471274122, -0.9116798841370009, 0.9133059354284718, -0.1277067062404047, 0.8979546135631256, 0.5726119718701219, 0.7325785971633969, -0.6536691570081037, -0.850102825973786, 0.2014854427555386, -0.6640556325631923, 0.4667603350211398, -0.18311227969597055, 0.05581764683584067, 0.875143167901884, 0.043392244889916, -0.7836132342255386, -0.6835531856304011, 0.09040530340642561, 0.04880816013694678, 0.2752204882519873, -0.1970091128194542, 0.2996102180386846, -0.20619999419653467, 0.24783222709644614, 0.5348099341802477, -0.6420521799177383, -0.24884846282491524, 0.005066118653868745, 0.3733341598326916, -0.4926407026772337, 0.10948172588511706, 0.24986168812819542, 0.7910023321122921, -0.27429282313374714, 0.2751141460374733, -0.6171071957620733, -0.004411770765388567, -0.6351091908575863, 0.8367660782795254, -0.13635585731754474, 0.6603762041966925, -0.16644739064327485, 0.8093351774867339, -0.19034956537818792, -0.33765099381775454, 0.14427754054549724, 0.6908872981882266, 0.7220286235061439, 0.19137623413666893, -0.8306767779591795, 0.19453321463834983, -0.5090925828337958, 0.46518689717993555, 0.7893025846334776, 0.0294679418262902, 0.20712702072041278, -0.8698643752343853, 0.08014945928561268, -0.7416264326591246, 0.22912569270066396, -0.2726993059103242, 0.5355160686614915, -0.902931727160895, -0.7803637637643119, 0.36804643024725525, 0.029307394167312983, 0.1432827432294983, 0.6874139879813108, -0.024524721700651453, 0.6202888442522898, 0.020487258589880097, 0.8534413864805024, 0.333855543079252, -0.7025463211318861, -0.27089364934848836, 0.7315498318881986, -0.29942957828896866, -0.6219484810876903, -0.0547573816684539, -0.21443765035574014, 0.23785985328818726, -0.12646741612097356, -0.47815568541100895, -0.17505557667448635, -0.16193193089539926, 0.8048437117522818, 0.9592325240809707, 0.24713767881382775, -0.8336317548582777, 0.46599743519199, 0.357370804957968, 0.6520457340504391, -0.3050973265778887, -0.8822398116837538, 0.2236436329105842, -0.751970763373456, 0.5190590583266628, 0.5888466351532844, -0.18274642650020412, 0.8875950117660911, -0.6524404124894483, 0.8851716994539605]",rhc,relu,False,False,100,[10],0.1,100,11
1194,94,0.24860799999441952,1.5973298866325372,1775.0,100,15,"[0.9340596780273533, 0.09446449835144466, 0.9453687199297687, 0.4296319873487293, 0.3954576491945416, -0.5678210088392472, 0.9525489095524835, -0.9875394895908203, -0.4940352752331121, -0.13041693519110842, 0.5587658435875049, -0.6046298507994938, 0.7259864711984445, 0.9668013543506255, -0.6723155171906026, 0.19466788786571843, -0.98202780466489, -0.22685743471274122, -0.9116798841370009, 0.9133059354284718, -0.1277067062404047, 0.8979546135631256, 0.5726119718701219, 0.7325785971633969, -0.6536691570081037, -0.850102825973786, 0.2014854427555386, -0.6640556325631923, 0.4667603350211398, -0.18311227969597055, 0.05581764683584067, 0.875143167901884, 0.043392244889916, -0.7836132342255386, -0.6835531856304011, 0.09040530340642561, 0.04880816013694678, 0.2752204882519873, -0.1970091128194542, 0.2996102180386846, -0.20619999419653467, 0.24783222709644614, 0.5348099341802477, -0.6420521799177383, -0.24884846282491524, 0.005066118653868745, 0.3733341598326916, -0.4926407026772337, 0.10948172588511706, 0.24986168812819542, 0.7910023321122921, -0.27429282313374714, 0.2751141460374733, -0.6171071957620733, -0.004411770765388567, -0.6351091908575863, 0.8367660782795254, -0.13635585731754474, 0.6603762041966925, -0.16644739064327485, 0.8093351774867339, -0.19034956537818792, -0.33765099381775454, 0.14427754054549724, 0.6908872981882266, 0.7220286235061439, 0.19137623413666893, -0.8306767779591795, 0.19453321463834983, -0.5090925828337958, 0.46518689717993555, 0.7893025846334776, 0.0294679418262902, 0.20712702072041278, -0.8698643752343853, 0.08014945928561268, -0.7416264326591246, 0.22912569270066396, -0.2726993059103242, 0.5355160686614915, -0.902931727160895, -0.7803637637643119, 0.36804643024725525, 0.029307394167312983, 0.1432827432294983, 0.6874139879813108, -0.024524721700651453, 0.6202888442522898, 0.020487258589880097, 0.8534413864805024, 0.333855543079252, -0.7025463211318861, -0.27089364934848836, 0.7315498318881986, -0.29942957828896866, -0.6219484810876903, -0.0547573816684539, -0.21443765035574014, 0.23785985328818726, -0.12646741612097356, -0.47815568541100895, -0.17505557667448635, -0.16193193089539926, 0.8048437117522818, 0.9592325240809707, 0.24713767881382775, -0.8336317548582777, 0.46599743519199, 0.357370804957968, 0.6520457340504391, -0.3050973265778887, -0.8822398116837538, 0.2236436329105842, -0.751970763373456, 0.5190590583266628, 0.5888466351532844, -0.18274642650020412, 0.8875950117660911, -0.6524404124894483, 0.8851716994539605]",rhc,relu,False,False,100,[10],0.1,100,11
1195,95,0.25007430010009557,1.5966262356061915,1777.0,100,15,"[0.9340596780273533, 0.09446449835144466, 0.9453687199297687, 0.4296319873487293, 0.3954576491945416, -0.5678210088392472, 0.9525489095524835, -0.9875394895908203, -0.4940352752331121, -0.13041693519110842, 0.5587658435875049, -0.6046298507994938, 0.7259864711984445, 0.9668013543506255, -0.6723155171906026, 0.19466788786571843, -0.98202780466489, -0.22685743471274122, -0.9116798841370009, 0.9133059354284718, -0.1277067062404047, 0.8979546135631256, 0.5726119718701219, 0.7325785971633969, -0.6536691570081037, -0.850102825973786, 0.2014854427555386, -0.6640556325631923, 0.4667603350211398, -0.18311227969597055, 0.05581764683584067, 0.875143167901884, 0.043392244889916, -0.7836132342255386, -0.6835531856304011, 0.09040530340642561, 0.04880816013694678, 0.2752204882519873, -0.1970091128194542, 0.2996102180386846, -0.20619999419653467, 0.24783222709644614, 0.5348099341802477, -0.6420521799177383, -0.24884846282491524, 0.005066118653868745, 0.3733341598326916, -0.4926407026772337, 0.10948172588511706, 0.24986168812819542, 0.7910023321122921, -0.27429282313374714, 0.2751141460374733, -0.6171071957620733, -0.004411770765388567, -0.6351091908575863, 0.8367660782795254, -0.13635585731754474, 0.6603762041966925, -0.16644739064327485, 0.8093351774867339, -0.19034956537818792, -0.33765099381775454, 0.14427754054549724, 0.6908872981882266, 0.7220286235061439, 0.19137623413666893, -0.8306767779591795, 0.19453321463834983, -0.5090925828337958, 0.46518689717993555, 0.7893025846334776, 0.0294679418262902, 0.20712702072041278, -0.8698643752343853, 0.08014945928561268, -0.7416264326591246, 0.22912569270066396, -0.2726993059103242, 0.5355160686614915, -0.902931727160895, -0.7803637637643119, 0.36804643024725525, 0.029307394167312983, 0.1432827432294983, 0.6874139879813108, -0.024524721700651453, 0.6202888442522898, 0.020487258589880097, 0.8534413864805024, 0.333855543079252, -0.7025463211318861, -0.27089364934848836, 0.7315498318881986, -0.29942957828896866, -0.6219484810876903, -0.0547573816684539, -0.21443765035574014, 0.23785985328818726, -0.12646741612097356, -0.47815568541100895, -0.17505557667448635, -0.16193193089539926, 0.8048437117522818, 0.9592325240809707, 0.24713767881382775, -0.8336317548582777, 0.46599743519199, 0.357370804957968, 0.6520457340504391, -0.3050973265778887, -0.8822398116837538, 0.2236436329105842, -0.751970763373456, 0.5190590583266628, 0.5888466351532844, -0.18274642650020412, 0.8875950117660911, -0.6524404124894483, 0.8851716994539605]",rhc,relu,False,False,100,[10],0.1,100,11
1196,96,0.253057699999772,1.5966262356061915,1778.0,100,15,"[0.9340596780273533, 0.09446449835144466, 0.9453687199297687, 0.4296319873487293, 0.3954576491945416, -0.5678210088392472, 0.9525489095524835, -0.9875394895908203, -0.4940352752331121, -0.13041693519110842, 0.5587658435875049, -0.6046298507994938, 0.7259864711984445, 0.9668013543506255, -0.6723155171906026, 0.19466788786571843, -0.98202780466489, -0.22685743471274122, -0.9116798841370009, 0.9133059354284718, -0.1277067062404047, 0.8979546135631256, 0.5726119718701219, 0.7325785971633969, -0.6536691570081037, -0.850102825973786, 0.2014854427555386, -0.6640556325631923, 0.4667603350211398, -0.18311227969597055, 0.05581764683584067, 0.875143167901884, 0.043392244889916, -0.7836132342255386, -0.6835531856304011, 0.09040530340642561, 0.04880816013694678, 0.2752204882519873, -0.1970091128194542, 0.2996102180386846, -0.20619999419653467, 0.24783222709644614, 0.5348099341802477, -0.6420521799177383, -0.24884846282491524, 0.005066118653868745, 0.3733341598326916, -0.4926407026772337, 0.10948172588511706, 0.24986168812819542, 0.7910023321122921, -0.27429282313374714, 0.2751141460374733, -0.6171071957620733, -0.004411770765388567, -0.6351091908575863, 0.8367660782795254, -0.13635585731754474, 0.6603762041966925, -0.16644739064327485, 0.8093351774867339, -0.19034956537818792, -0.33765099381775454, 0.14427754054549724, 0.6908872981882266, 0.7220286235061439, 0.19137623413666893, -0.8306767779591795, 0.19453321463834983, -0.5090925828337958, 0.46518689717993555, 0.7893025846334776, 0.0294679418262902, 0.20712702072041278, -0.8698643752343853, 0.08014945928561268, -0.7416264326591246, 0.22912569270066396, -0.2726993059103242, 0.5355160686614915, -0.902931727160895, -0.7803637637643119, 0.36804643024725525, 0.029307394167312983, 0.1432827432294983, 0.6874139879813108, -0.024524721700651453, 0.6202888442522898, 0.020487258589880097, 0.8534413864805024, 0.333855543079252, -0.7025463211318861, -0.27089364934848836, 0.7315498318881986, -0.29942957828896866, -0.6219484810876903, -0.0547573816684539, -0.21443765035574014, 0.23785985328818726, -0.12646741612097356, -0.47815568541100895, -0.17505557667448635, -0.16193193089539926, 0.8048437117522818, 0.9592325240809707, 0.24713767881382775, -0.8336317548582777, 0.46599743519199, 0.357370804957968, 0.6520457340504391, -0.3050973265778887, -0.8822398116837538, 0.2236436329105842, -0.751970763373456, 0.5190590583266628, 0.5888466351532844, -0.18274642650020412, 0.8875950117660911, -0.6524404124894483, 0.8851716994539605]",rhc,relu,False,False,100,[10],0.1,100,11
1197,97,0.2544917000923306,1.5903427992122658,1780.0,100,15,"[0.9340596780273533, 0.09446449835144466, 0.9453687199297687, 0.4296319873487293, 0.3954576491945416, -0.5678210088392472, 0.9525489095524835, -0.9875394895908203, -0.4940352752331121, -0.13041693519110842, 0.5587658435875049, -0.6046298507994938, 0.7259864711984445, 0.9668013543506255, -0.6723155171906026, 0.19466788786571843, -0.98202780466489, -0.22685743471274122, -0.9116798841370009, 0.9133059354284718, -0.1277067062404047, 0.8979546135631256, 0.5726119718701219, 0.7325785971633969, -0.6536691570081037, -0.850102825973786, 0.2014854427555386, -0.6640556325631923, 0.4667603350211398, -0.18311227969597055, 0.05581764683584067, 0.875143167901884, 0.043392244889916, -0.7836132342255386, -0.6835531856304011, 0.09040530340642561, 0.04880816013694678, 0.2752204882519873, -0.1970091128194542, 0.2996102180386846, -0.20619999419653467, 0.24783222709644614, 0.5348099341802477, -0.6420521799177383, -0.24884846282491524, 0.005066118653868745, 0.3733341598326916, -0.4926407026772337, 0.10948172588511706, 0.24986168812819542, 0.7910023321122921, -0.27429282313374714, 0.2751141460374733, -0.6171071957620733, -0.004411770765388567, -0.6351091908575863, 0.8367660782795254, -0.13635585731754474, 0.6603762041966925, -0.16644739064327485, 0.8093351774867339, -0.19034956537818792, -0.33765099381775454, 0.14427754054549724, 0.6908872981882266, 0.7220286235061439, 0.19137623413666893, -0.8306767779591795, 0.19453321463834983, -0.5090925828337958, 0.46518689717993555, 0.7893025846334776, 0.0294679418262902, 0.20712702072041278, -0.8698643752343853, 0.08014945928561268, -0.7416264326591246, 0.22912569270066396, -0.2726993059103242, 0.5355160686614915, -0.902931727160895, -0.7803637637643119, 0.36804643024725525, 0.029307394167312983, 0.1432827432294983, 0.6874139879813108, -0.024524721700651453, 0.6202888442522898, 0.020487258589880097, 0.8534413864805024, 0.333855543079252, -0.7025463211318861, -0.27089364934848836, 0.7315498318881986, -0.29942957828896866, -0.6219484810876903, -0.0547573816684539, -0.21443765035574014, 0.23785985328818726, -0.12646741612097356, -0.47815568541100895, -0.17505557667448635, -0.16193193089539926, 0.8048437117522818, 0.9592325240809707, 0.24713767881382775, -0.8336317548582777, 0.46599743519199, 0.357370804957968, 0.6520457340504391, -0.3050973265778887, -0.8822398116837538, 0.2236436329105842, -0.751970763373456, 0.5190590583266628, 0.5888466351532844, -0.18274642650020412, 0.8875950117660911, -0.6524404124894483, 0.8851716994539605]",rhc,relu,False,False,100,[10],0.1,100,11
1198,98,0.25626020005438477,1.5903427992122658,1781.0,100,15,"[0.9340596780273533, 0.09446449835144466, 0.9453687199297687, 0.4296319873487293, 0.3954576491945416, -0.5678210088392472, 0.9525489095524835, -0.9875394895908203, -0.4940352752331121, -0.13041693519110842, 0.5587658435875049, -0.6046298507994938, 0.7259864711984445, 0.9668013543506255, -0.6723155171906026, 0.19466788786571843, -0.98202780466489, -0.22685743471274122, -0.9116798841370009, 0.9133059354284718, -0.1277067062404047, 0.8979546135631256, 0.5726119718701219, 0.7325785971633969, -0.6536691570081037, -0.850102825973786, 0.2014854427555386, -0.6640556325631923, 0.4667603350211398, -0.18311227969597055, 0.05581764683584067, 0.875143167901884, 0.043392244889916, -0.7836132342255386, -0.6835531856304011, 0.09040530340642561, 0.04880816013694678, 0.2752204882519873, -0.1970091128194542, 0.2996102180386846, -0.20619999419653467, 0.24783222709644614, 0.5348099341802477, -0.6420521799177383, -0.24884846282491524, 0.005066118653868745, 0.3733341598326916, -0.4926407026772337, 0.10948172588511706, 0.24986168812819542, 0.7910023321122921, -0.27429282313374714, 0.2751141460374733, -0.6171071957620733, -0.004411770765388567, -0.6351091908575863, 0.8367660782795254, -0.13635585731754474, 0.6603762041966925, -0.16644739064327485, 0.8093351774867339, -0.19034956537818792, -0.33765099381775454, 0.14427754054549724, 0.6908872981882266, 0.7220286235061439, 0.19137623413666893, -0.8306767779591795, 0.19453321463834983, -0.5090925828337958, 0.46518689717993555, 0.7893025846334776, 0.0294679418262902, 0.20712702072041278, -0.8698643752343853, 0.08014945928561268, -0.7416264326591246, 0.22912569270066396, -0.2726993059103242, 0.5355160686614915, -0.902931727160895, -0.7803637637643119, 0.36804643024725525, 0.029307394167312983, 0.1432827432294983, 0.6874139879813108, -0.024524721700651453, 0.6202888442522898, 0.020487258589880097, 0.8534413864805024, 0.333855543079252, -0.7025463211318861, -0.27089364934848836, 0.7315498318881986, -0.29942957828896866, -0.6219484810876903, -0.0547573816684539, -0.21443765035574014, 0.23785985328818726, -0.12646741612097356, -0.47815568541100895, -0.17505557667448635, -0.16193193089539926, 0.8048437117522818, 0.9592325240809707, 0.24713767881382775, -0.8336317548582777, 0.46599743519199, 0.357370804957968, 0.6520457340504391, -0.3050973265778887, -0.8822398116837538, 0.2236436329105842, -0.751970763373456, 0.5190590583266628, 0.5888466351532844, -0.18274642650020412, 0.8875950117660911, -0.6524404124894483, 0.8851716994539605]",rhc,relu,False,False,100,[10],0.1,100,11
1199,99,0.2595394999952987,1.5900686620535176,1783.0,100,15,"[0.9340596780273533, 0.09446449835144466, 0.9453687199297687, 0.4296319873487293, 0.3954576491945416, -0.5678210088392472, 0.9525489095524835, -0.9875394895908203, -0.4940352752331121, -0.13041693519110842, 0.5587658435875049, -0.6046298507994938, 0.7259864711984445, 0.9668013543506255, -0.6723155171906026, 0.19466788786571843, -0.98202780466489, -0.22685743471274122, -0.9116798841370009, 0.9133059354284718, -0.1277067062404047, 0.8979546135631256, 0.5726119718701219, 0.7325785971633969, -0.6536691570081037, -0.850102825973786, 0.2014854427555386, -0.6640556325631923, 0.4667603350211398, -0.18311227969597055, 0.05581764683584067, 0.875143167901884, 0.043392244889916, -0.7836132342255386, -0.6835531856304011, 0.09040530340642561, 0.04880816013694678, 0.2752204882519873, -0.1970091128194542, 0.2996102180386846, -0.20619999419653467, 0.24783222709644614, 0.5348099341802477, -0.6420521799177383, -0.24884846282491524, 0.005066118653868745, 0.3733341598326916, -0.4926407026772337, 0.10948172588511706, 0.24986168812819542, 0.7910023321122921, -0.27429282313374714, 0.2751141460374733, -0.6171071957620733, -0.004411770765388567, -0.6351091908575863, 0.8367660782795254, -0.13635585731754474, 0.6603762041966925, -0.16644739064327485, 0.8093351774867339, -0.19034956537818792, -0.33765099381775454, 0.14427754054549724, 0.6908872981882266, 0.7220286235061439, 0.19137623413666893, -0.8306767779591795, 0.19453321463834983, -0.5090925828337958, 0.46518689717993555, 0.7893025846334776, 0.0294679418262902, 0.20712702072041278, -0.8698643752343853, 0.08014945928561268, -0.7416264326591246, 0.22912569270066396, -0.2726993059103242, 0.5355160686614915, -0.902931727160895, -0.7803637637643119, 0.36804643024725525, 0.029307394167312983, 0.1432827432294983, 0.6874139879813108, -0.024524721700651453, 0.6202888442522898, 0.020487258589880097, 0.8534413864805024, 0.333855543079252, -0.7025463211318861, -0.27089364934848836, 0.7315498318881986, -0.29942957828896866, -0.6219484810876903, -0.0547573816684539, -0.21443765035574014, 0.23785985328818726, -0.12646741612097356, -0.47815568541100895, -0.17505557667448635, -0.16193193089539926, 0.8048437117522818, 0.9592325240809707, 0.24713767881382775, -0.8336317548582777, 0.46599743519199, 0.357370804957968, 0.6520457340504391, -0.3050973265778887, -0.8822398116837538, 0.2236436329105842, -0.751970763373456, 0.5190590583266628, 0.5888466351532844, -0.18274642650020412, 0.8875950117660911, -0.6524404124894483, 0.8851716994539605]",rhc,relu,False,False,100,[10],0.1,100,11
1200,100,0.26120120007544756,1.5900686620535176,1784.0,100,15,"[0.9340596780273533, 0.09446449835144466, 0.9453687199297687, 0.4296319873487293, 0.3954576491945416, -0.5678210088392472, 0.9525489095524835, -0.9875394895908203, -0.4940352752331121, -0.13041693519110842, 0.5587658435875049, -0.6046298507994938, 0.7259864711984445, 0.9668013543506255, -0.6723155171906026, 0.19466788786571843, -0.98202780466489, -0.22685743471274122, -0.9116798841370009, 0.9133059354284718, -0.1277067062404047, 0.8979546135631256, 0.5726119718701219, 0.7325785971633969, -0.6536691570081037, -0.850102825973786, 0.2014854427555386, -0.6640556325631923, 0.4667603350211398, -0.18311227969597055, 0.05581764683584067, 0.875143167901884, 0.043392244889916, -0.7836132342255386, -0.6835531856304011, 0.09040530340642561, 0.04880816013694678, 0.2752204882519873, -0.1970091128194542, 0.2996102180386846, -0.20619999419653467, 0.24783222709644614, 0.5348099341802477, -0.6420521799177383, -0.24884846282491524, 0.005066118653868745, 0.3733341598326916, -0.4926407026772337, 0.10948172588511706, 0.24986168812819542, 0.7910023321122921, -0.27429282313374714, 0.2751141460374733, -0.6171071957620733, -0.004411770765388567, -0.6351091908575863, 0.8367660782795254, -0.13635585731754474, 0.6603762041966925, -0.16644739064327485, 0.8093351774867339, -0.19034956537818792, -0.33765099381775454, 0.14427754054549724, 0.6908872981882266, 0.7220286235061439, 0.19137623413666893, -0.8306767779591795, 0.19453321463834983, -0.5090925828337958, 0.46518689717993555, 0.7893025846334776, 0.0294679418262902, 0.20712702072041278, -0.8698643752343853, 0.08014945928561268, -0.7416264326591246, 0.22912569270066396, -0.2726993059103242, 0.5355160686614915, -0.902931727160895, -0.7803637637643119, 0.36804643024725525, 0.029307394167312983, 0.1432827432294983, 0.6874139879813108, -0.024524721700651453, 0.6202888442522898, 0.020487258589880097, 0.8534413864805024, 0.333855543079252, -0.7025463211318861, -0.27089364934848836, 0.7315498318881986, -0.29942957828896866, -0.6219484810876903, -0.0547573816684539, -0.21443765035574014, 0.23785985328818726, -0.12646741612097356, -0.47815568541100895, -0.17505557667448635, -0.16193193089539926, 0.8048437117522818, 0.9592325240809707, 0.24713767881382775, -0.8336317548582777, 0.46599743519199, 0.357370804957968, 0.6520457340504391, -0.3050973265778887, -0.8822398116837538, 0.2236436329105842, -0.751970763373456, 0.5190590583266628, 0.5888466351532844, -0.18274642650020412, 0.8875950117660911, -0.6524404124894483, 0.8851716994539605]",rhc,relu,False,False,100,[10],0.1,100,11
1201,1,0.03315600007772446,1.909824072611587,1786.0,100,15,"[0.9340596780273533, 0.09446449835144466, 0.9453687199297687, 0.4296319873487293, 0.3954576491945416, -0.5678210088392472, 0.9525489095524835, -0.9875394895908203, -0.4940352752331121, -0.13041693519110842, 0.5587658435875049, -0.6046298507994938, 0.7259864711984445, 0.9668013543506255, -0.6723155171906026, 0.19466788786571843, -0.98202780466489, -0.22685743471274122, -0.9116798841370009, 0.9133059354284718, -0.1277067062404047, 0.8979546135631256, 0.5726119718701219, 0.7325785971633969, -0.6536691570081037, -0.850102825973786, 0.2014854427555386, -0.6640556325631923, 0.4667603350211398, -0.18311227969597055, 0.05581764683584067, 0.875143167901884, 0.043392244889916, -0.7836132342255386, -0.6835531856304011, 0.09040530340642561, 0.04880816013694678, 0.2752204882519873, -0.1970091128194542, 0.2996102180386846, -0.20619999419653467, 0.24783222709644614, 0.5348099341802477, -0.6420521799177383, -0.24884846282491524, 0.005066118653868745, 0.3733341598326916, -0.4926407026772337, 0.10948172588511706, 0.24986168812819542, 0.7910023321122921, -0.27429282313374714, 0.2751141460374733, -0.6171071957620733, -0.004411770765388567, -0.6351091908575863, 0.8367660782795254, -0.13635585731754474, 0.6603762041966925, -0.16644739064327485, 0.8093351774867339, -0.19034956537818792, -0.33765099381775454, 0.14427754054549724, 0.6908872981882266, 0.7220286235061439, 0.19137623413666893, -0.8306767779591795, 0.19453321463834983, -0.5090925828337958, 0.46518689717993555, 0.7893025846334776, 0.0294679418262902, 0.20712702072041278, -0.8698643752343853, 0.08014945928561268, -0.7416264326591246, 0.22912569270066396, -0.2726993059103242, 0.5355160686614915, -0.902931727160895, -0.7803637637643119, 0.36804643024725525, 0.029307394167312983, 0.1432827432294983, 0.6874139879813108, -0.024524721700651453, 0.6202888442522898, 0.020487258589880097, 0.8534413864805024, 0.333855543079252, -0.7025463211318861, -0.27089364934848836, 0.7315498318881986, -0.29942957828896866, -0.6219484810876903, -0.0547573816684539, -0.21443765035574014, 0.23785985328818726, -0.12646741612097356, -0.47815568541100895, -0.17505557667448635, -0.16193193089539926, 0.8048437117522818, 0.9592325240809707, 0.24713767881382775, -0.8336317548582777, 0.46599743519199, 0.357370804957968, 0.6520457340504391, -0.3050973265778887, -0.8822398116837538, 0.2236436329105842, -0.751970763373456, 0.5190590583266628, 0.5888466351532844, -0.18274642650020412, 0.8875950117660911, -0.6524404124894483, 0.8851716994539605]",rhc,relu,False,False,100,[10],0.1,100,12
1202,2,0.03611099999397993,1.9017739655412336,1788.0,100,15,"[0.9340596780273533, 0.09446449835144466, 0.9453687199297687, 0.4296319873487293, 0.3954576491945416, -0.5678210088392472, 0.9525489095524835, -0.9875394895908203, -0.4940352752331121, -0.13041693519110842, 0.5587658435875049, -0.6046298507994938, 0.7259864711984445, 0.9668013543506255, -0.6723155171906026, 0.19466788786571843, -0.98202780466489, -0.22685743471274122, -0.9116798841370009, 0.9133059354284718, -0.1277067062404047, 0.8979546135631256, 0.5726119718701219, 0.7325785971633969, -0.6536691570081037, -0.850102825973786, 0.2014854427555386, -0.6640556325631923, 0.4667603350211398, -0.18311227969597055, 0.05581764683584067, 0.875143167901884, 0.043392244889916, -0.7836132342255386, -0.6835531856304011, 0.09040530340642561, 0.04880816013694678, 0.2752204882519873, -0.1970091128194542, 0.2996102180386846, -0.20619999419653467, 0.24783222709644614, 0.5348099341802477, -0.6420521799177383, -0.24884846282491524, 0.005066118653868745, 0.3733341598326916, -0.4926407026772337, 0.10948172588511706, 0.24986168812819542, 0.7910023321122921, -0.27429282313374714, 0.2751141460374733, -0.6171071957620733, -0.004411770765388567, -0.6351091908575863, 0.8367660782795254, -0.13635585731754474, 0.6603762041966925, -0.16644739064327485, 0.8093351774867339, -0.19034956537818792, -0.33765099381775454, 0.14427754054549724, 0.6908872981882266, 0.7220286235061439, 0.19137623413666893, -0.8306767779591795, 0.19453321463834983, -0.5090925828337958, 0.46518689717993555, 0.7893025846334776, 0.0294679418262902, 0.20712702072041278, -0.8698643752343853, 0.08014945928561268, -0.7416264326591246, 0.22912569270066396, -0.2726993059103242, 0.5355160686614915, -0.902931727160895, -0.7803637637643119, 0.36804643024725525, 0.029307394167312983, 0.1432827432294983, 0.6874139879813108, -0.024524721700651453, 0.6202888442522898, 0.020487258589880097, 0.8534413864805024, 0.333855543079252, -0.7025463211318861, -0.27089364934848836, 0.7315498318881986, -0.29942957828896866, -0.6219484810876903, -0.0547573816684539, -0.21443765035574014, 0.23785985328818726, -0.12646741612097356, -0.47815568541100895, -0.17505557667448635, -0.16193193089539926, 0.8048437117522818, 0.9592325240809707, 0.24713767881382775, -0.8336317548582777, 0.46599743519199, 0.357370804957968, 0.6520457340504391, -0.3050973265778887, -0.8822398116837538, 0.2236436329105842, -0.751970763373456, 0.5190590583266628, 0.5888466351532844, -0.18274642650020412, 0.8875950117660911, -0.6524404124894483, 0.8851716994539605]",rhc,relu,False,False,100,[10],0.1,100,12
1203,3,0.03751040005590767,1.9017739655412336,1789.0,100,15,"[0.9340596780273533, 0.09446449835144466, 0.9453687199297687, 0.4296319873487293, 0.3954576491945416, -0.5678210088392472, 0.9525489095524835, -0.9875394895908203, -0.4940352752331121, -0.13041693519110842, 0.5587658435875049, -0.6046298507994938, 0.7259864711984445, 0.9668013543506255, -0.6723155171906026, 0.19466788786571843, -0.98202780466489, -0.22685743471274122, -0.9116798841370009, 0.9133059354284718, -0.1277067062404047, 0.8979546135631256, 0.5726119718701219, 0.7325785971633969, -0.6536691570081037, -0.850102825973786, 0.2014854427555386, -0.6640556325631923, 0.4667603350211398, -0.18311227969597055, 0.05581764683584067, 0.875143167901884, 0.043392244889916, -0.7836132342255386, -0.6835531856304011, 0.09040530340642561, 0.04880816013694678, 0.2752204882519873, -0.1970091128194542, 0.2996102180386846, -0.20619999419653467, 0.24783222709644614, 0.5348099341802477, -0.6420521799177383, -0.24884846282491524, 0.005066118653868745, 0.3733341598326916, -0.4926407026772337, 0.10948172588511706, 0.24986168812819542, 0.7910023321122921, -0.27429282313374714, 0.2751141460374733, -0.6171071957620733, -0.004411770765388567, -0.6351091908575863, 0.8367660782795254, -0.13635585731754474, 0.6603762041966925, -0.16644739064327485, 0.8093351774867339, -0.19034956537818792, -0.33765099381775454, 0.14427754054549724, 0.6908872981882266, 0.7220286235061439, 0.19137623413666893, -0.8306767779591795, 0.19453321463834983, -0.5090925828337958, 0.46518689717993555, 0.7893025846334776, 0.0294679418262902, 0.20712702072041278, -0.8698643752343853, 0.08014945928561268, -0.7416264326591246, 0.22912569270066396, -0.2726993059103242, 0.5355160686614915, -0.902931727160895, -0.7803637637643119, 0.36804643024725525, 0.029307394167312983, 0.1432827432294983, 0.6874139879813108, -0.024524721700651453, 0.6202888442522898, 0.020487258589880097, 0.8534413864805024, 0.333855543079252, -0.7025463211318861, -0.27089364934848836, 0.7315498318881986, -0.29942957828896866, -0.6219484810876903, -0.0547573816684539, -0.21443765035574014, 0.23785985328818726, -0.12646741612097356, -0.47815568541100895, -0.17505557667448635, -0.16193193089539926, 0.8048437117522818, 0.9592325240809707, 0.24713767881382775, -0.8336317548582777, 0.46599743519199, 0.357370804957968, 0.6520457340504391, -0.3050973265778887, -0.8822398116837538, 0.2236436329105842, -0.751970763373456, 0.5190590583266628, 0.5888466351532844, -0.18274642650020412, 0.8875950117660911, -0.6524404124894483, 0.8851716994539605]",rhc,relu,False,False,100,[10],0.1,100,12
1204,4,0.0403158999979496,1.9017739655412336,1790.0,100,15,"[0.9340596780273533, 0.09446449835144466, 0.9453687199297687, 0.4296319873487293, 0.3954576491945416, -0.5678210088392472, 0.9525489095524835, -0.9875394895908203, -0.4940352752331121, -0.13041693519110842, 0.5587658435875049, -0.6046298507994938, 0.7259864711984445, 0.9668013543506255, -0.6723155171906026, 0.19466788786571843, -0.98202780466489, -0.22685743471274122, -0.9116798841370009, 0.9133059354284718, -0.1277067062404047, 0.8979546135631256, 0.5726119718701219, 0.7325785971633969, -0.6536691570081037, -0.850102825973786, 0.2014854427555386, -0.6640556325631923, 0.4667603350211398, -0.18311227969597055, 0.05581764683584067, 0.875143167901884, 0.043392244889916, -0.7836132342255386, -0.6835531856304011, 0.09040530340642561, 0.04880816013694678, 0.2752204882519873, -0.1970091128194542, 0.2996102180386846, -0.20619999419653467, 0.24783222709644614, 0.5348099341802477, -0.6420521799177383, -0.24884846282491524, 0.005066118653868745, 0.3733341598326916, -0.4926407026772337, 0.10948172588511706, 0.24986168812819542, 0.7910023321122921, -0.27429282313374714, 0.2751141460374733, -0.6171071957620733, -0.004411770765388567, -0.6351091908575863, 0.8367660782795254, -0.13635585731754474, 0.6603762041966925, -0.16644739064327485, 0.8093351774867339, -0.19034956537818792, -0.33765099381775454, 0.14427754054549724, 0.6908872981882266, 0.7220286235061439, 0.19137623413666893, -0.8306767779591795, 0.19453321463834983, -0.5090925828337958, 0.46518689717993555, 0.7893025846334776, 0.0294679418262902, 0.20712702072041278, -0.8698643752343853, 0.08014945928561268, -0.7416264326591246, 0.22912569270066396, -0.2726993059103242, 0.5355160686614915, -0.902931727160895, -0.7803637637643119, 0.36804643024725525, 0.029307394167312983, 0.1432827432294983, 0.6874139879813108, -0.024524721700651453, 0.6202888442522898, 0.020487258589880097, 0.8534413864805024, 0.333855543079252, -0.7025463211318861, -0.27089364934848836, 0.7315498318881986, -0.29942957828896866, -0.6219484810876903, -0.0547573816684539, -0.21443765035574014, 0.23785985328818726, -0.12646741612097356, -0.47815568541100895, -0.17505557667448635, -0.16193193089539926, 0.8048437117522818, 0.9592325240809707, 0.24713767881382775, -0.8336317548582777, 0.46599743519199, 0.357370804957968, 0.6520457340504391, -0.3050973265778887, -0.8822398116837538, 0.2236436329105842, -0.751970763373456, 0.5190590583266628, 0.5888466351532844, -0.18274642650020412, 0.8875950117660911, -0.6524404124894483, 0.8851716994539605]",rhc,relu,False,False,100,[10],0.1,100,12
1205,5,0.041674000094644725,1.9017739655412336,1791.0,100,15,"[0.9340596780273533, 0.09446449835144466, 0.9453687199297687, 0.4296319873487293, 0.3954576491945416, -0.5678210088392472, 0.9525489095524835, -0.9875394895908203, -0.4940352752331121, -0.13041693519110842, 0.5587658435875049, -0.6046298507994938, 0.7259864711984445, 0.9668013543506255, -0.6723155171906026, 0.19466788786571843, -0.98202780466489, -0.22685743471274122, -0.9116798841370009, 0.9133059354284718, -0.1277067062404047, 0.8979546135631256, 0.5726119718701219, 0.7325785971633969, -0.6536691570081037, -0.850102825973786, 0.2014854427555386, -0.6640556325631923, 0.4667603350211398, -0.18311227969597055, 0.05581764683584067, 0.875143167901884, 0.043392244889916, -0.7836132342255386, -0.6835531856304011, 0.09040530340642561, 0.04880816013694678, 0.2752204882519873, -0.1970091128194542, 0.2996102180386846, -0.20619999419653467, 0.24783222709644614, 0.5348099341802477, -0.6420521799177383, -0.24884846282491524, 0.005066118653868745, 0.3733341598326916, -0.4926407026772337, 0.10948172588511706, 0.24986168812819542, 0.7910023321122921, -0.27429282313374714, 0.2751141460374733, -0.6171071957620733, -0.004411770765388567, -0.6351091908575863, 0.8367660782795254, -0.13635585731754474, 0.6603762041966925, -0.16644739064327485, 0.8093351774867339, -0.19034956537818792, -0.33765099381775454, 0.14427754054549724, 0.6908872981882266, 0.7220286235061439, 0.19137623413666893, -0.8306767779591795, 0.19453321463834983, -0.5090925828337958, 0.46518689717993555, 0.7893025846334776, 0.0294679418262902, 0.20712702072041278, -0.8698643752343853, 0.08014945928561268, -0.7416264326591246, 0.22912569270066396, -0.2726993059103242, 0.5355160686614915, -0.902931727160895, -0.7803637637643119, 0.36804643024725525, 0.029307394167312983, 0.1432827432294983, 0.6874139879813108, -0.024524721700651453, 0.6202888442522898, 0.020487258589880097, 0.8534413864805024, 0.333855543079252, -0.7025463211318861, -0.27089364934848836, 0.7315498318881986, -0.29942957828896866, -0.6219484810876903, -0.0547573816684539, -0.21443765035574014, 0.23785985328818726, -0.12646741612097356, -0.47815568541100895, -0.17505557667448635, -0.16193193089539926, 0.8048437117522818, 0.9592325240809707, 0.24713767881382775, -0.8336317548582777, 0.46599743519199, 0.357370804957968, 0.6520457340504391, -0.3050973265778887, -0.8822398116837538, 0.2236436329105842, -0.751970763373456, 0.5190590583266628, 0.5888466351532844, -0.18274642650020412, 0.8875950117660911, -0.6524404124894483, 0.8851716994539605]",rhc,relu,False,False,100,[10],0.1,100,12
1206,6,0.04435340000782162,1.8995251568494742,1793.0,100,15,"[0.9340596780273533, 0.09446449835144466, 0.9453687199297687, 0.4296319873487293, 0.3954576491945416, -0.5678210088392472, 0.9525489095524835, -0.9875394895908203, -0.4940352752331121, -0.13041693519110842, 0.5587658435875049, -0.6046298507994938, 0.7259864711984445, 0.9668013543506255, -0.6723155171906026, 0.19466788786571843, -0.98202780466489, -0.22685743471274122, -0.9116798841370009, 0.9133059354284718, -0.1277067062404047, 0.8979546135631256, 0.5726119718701219, 0.7325785971633969, -0.6536691570081037, -0.850102825973786, 0.2014854427555386, -0.6640556325631923, 0.4667603350211398, -0.18311227969597055, 0.05581764683584067, 0.875143167901884, 0.043392244889916, -0.7836132342255386, -0.6835531856304011, 0.09040530340642561, 0.04880816013694678, 0.2752204882519873, -0.1970091128194542, 0.2996102180386846, -0.20619999419653467, 0.24783222709644614, 0.5348099341802477, -0.6420521799177383, -0.24884846282491524, 0.005066118653868745, 0.3733341598326916, -0.4926407026772337, 0.10948172588511706, 0.24986168812819542, 0.7910023321122921, -0.27429282313374714, 0.2751141460374733, -0.6171071957620733, -0.004411770765388567, -0.6351091908575863, 0.8367660782795254, -0.13635585731754474, 0.6603762041966925, -0.16644739064327485, 0.8093351774867339, -0.19034956537818792, -0.33765099381775454, 0.14427754054549724, 0.6908872981882266, 0.7220286235061439, 0.19137623413666893, -0.8306767779591795, 0.19453321463834983, -0.5090925828337958, 0.46518689717993555, 0.7893025846334776, 0.0294679418262902, 0.20712702072041278, -0.8698643752343853, 0.08014945928561268, -0.7416264326591246, 0.22912569270066396, -0.2726993059103242, 0.5355160686614915, -0.902931727160895, -0.7803637637643119, 0.36804643024725525, 0.029307394167312983, 0.1432827432294983, 0.6874139879813108, -0.024524721700651453, 0.6202888442522898, 0.020487258589880097, 0.8534413864805024, 0.333855543079252, -0.7025463211318861, -0.27089364934848836, 0.7315498318881986, -0.29942957828896866, -0.6219484810876903, -0.0547573816684539, -0.21443765035574014, 0.23785985328818726, -0.12646741612097356, -0.47815568541100895, -0.17505557667448635, -0.16193193089539926, 0.8048437117522818, 0.9592325240809707, 0.24713767881382775, -0.8336317548582777, 0.46599743519199, 0.357370804957968, 0.6520457340504391, -0.3050973265778887, -0.8822398116837538, 0.2236436329105842, -0.751970763373456, 0.5190590583266628, 0.5888466351532844, -0.18274642650020412, 0.8875950117660911, -0.6524404124894483, 0.8851716994539605]",rhc,relu,False,False,100,[10],0.1,100,12
1207,7,0.04734460008330643,1.8995251568494742,1794.0,100,15,"[0.9340596780273533, 0.09446449835144466, 0.9453687199297687, 0.4296319873487293, 0.3954576491945416, -0.5678210088392472, 0.9525489095524835, -0.9875394895908203, -0.4940352752331121, -0.13041693519110842, 0.5587658435875049, -0.6046298507994938, 0.7259864711984445, 0.9668013543506255, -0.6723155171906026, 0.19466788786571843, -0.98202780466489, -0.22685743471274122, -0.9116798841370009, 0.9133059354284718, -0.1277067062404047, 0.8979546135631256, 0.5726119718701219, 0.7325785971633969, -0.6536691570081037, -0.850102825973786, 0.2014854427555386, -0.6640556325631923, 0.4667603350211398, -0.18311227969597055, 0.05581764683584067, 0.875143167901884, 0.043392244889916, -0.7836132342255386, -0.6835531856304011, 0.09040530340642561, 0.04880816013694678, 0.2752204882519873, -0.1970091128194542, 0.2996102180386846, -0.20619999419653467, 0.24783222709644614, 0.5348099341802477, -0.6420521799177383, -0.24884846282491524, 0.005066118653868745, 0.3733341598326916, -0.4926407026772337, 0.10948172588511706, 0.24986168812819542, 0.7910023321122921, -0.27429282313374714, 0.2751141460374733, -0.6171071957620733, -0.004411770765388567, -0.6351091908575863, 0.8367660782795254, -0.13635585731754474, 0.6603762041966925, -0.16644739064327485, 0.8093351774867339, -0.19034956537818792, -0.33765099381775454, 0.14427754054549724, 0.6908872981882266, 0.7220286235061439, 0.19137623413666893, -0.8306767779591795, 0.19453321463834983, -0.5090925828337958, 0.46518689717993555, 0.7893025846334776, 0.0294679418262902, 0.20712702072041278, -0.8698643752343853, 0.08014945928561268, -0.7416264326591246, 0.22912569270066396, -0.2726993059103242, 0.5355160686614915, -0.902931727160895, -0.7803637637643119, 0.36804643024725525, 0.029307394167312983, 0.1432827432294983, 0.6874139879813108, -0.024524721700651453, 0.6202888442522898, 0.020487258589880097, 0.8534413864805024, 0.333855543079252, -0.7025463211318861, -0.27089364934848836, 0.7315498318881986, -0.29942957828896866, -0.6219484810876903, -0.0547573816684539, -0.21443765035574014, 0.23785985328818726, -0.12646741612097356, -0.47815568541100895, -0.17505557667448635, -0.16193193089539926, 0.8048437117522818, 0.9592325240809707, 0.24713767881382775, -0.8336317548582777, 0.46599743519199, 0.357370804957968, 0.6520457340504391, -0.3050973265778887, -0.8822398116837538, 0.2236436329105842, -0.751970763373456, 0.5190590583266628, 0.5888466351532844, -0.18274642650020412, 0.8875950117660911, -0.6524404124894483, 0.8851716994539605]",rhc,relu,False,False,100,[10],0.1,100,12
1208,8,0.049982900032773614,1.8984344778241462,1796.0,100,15,"[0.9340596780273533, 0.09446449835144466, 0.9453687199297687, 0.4296319873487293, 0.3954576491945416, -0.5678210088392472, 0.9525489095524835, -0.9875394895908203, -0.4940352752331121, -0.13041693519110842, 0.5587658435875049, -0.6046298507994938, 0.7259864711984445, 0.9668013543506255, -0.6723155171906026, 0.19466788786571843, -0.98202780466489, -0.22685743471274122, -0.9116798841370009, 0.9133059354284718, -0.1277067062404047, 0.8979546135631256, 0.5726119718701219, 0.7325785971633969, -0.6536691570081037, -0.850102825973786, 0.2014854427555386, -0.6640556325631923, 0.4667603350211398, -0.18311227969597055, 0.05581764683584067, 0.875143167901884, 0.043392244889916, -0.7836132342255386, -0.6835531856304011, 0.09040530340642561, 0.04880816013694678, 0.2752204882519873, -0.1970091128194542, 0.2996102180386846, -0.20619999419653467, 0.24783222709644614, 0.5348099341802477, -0.6420521799177383, -0.24884846282491524, 0.005066118653868745, 0.3733341598326916, -0.4926407026772337, 0.10948172588511706, 0.24986168812819542, 0.7910023321122921, -0.27429282313374714, 0.2751141460374733, -0.6171071957620733, -0.004411770765388567, -0.6351091908575863, 0.8367660782795254, -0.13635585731754474, 0.6603762041966925, -0.16644739064327485, 0.8093351774867339, -0.19034956537818792, -0.33765099381775454, 0.14427754054549724, 0.6908872981882266, 0.7220286235061439, 0.19137623413666893, -0.8306767779591795, 0.19453321463834983, -0.5090925828337958, 0.46518689717993555, 0.7893025846334776, 0.0294679418262902, 0.20712702072041278, -0.8698643752343853, 0.08014945928561268, -0.7416264326591246, 0.22912569270066396, -0.2726993059103242, 0.5355160686614915, -0.902931727160895, -0.7803637637643119, 0.36804643024725525, 0.029307394167312983, 0.1432827432294983, 0.6874139879813108, -0.024524721700651453, 0.6202888442522898, 0.020487258589880097, 0.8534413864805024, 0.333855543079252, -0.7025463211318861, -0.27089364934848836, 0.7315498318881986, -0.29942957828896866, -0.6219484810876903, -0.0547573816684539, -0.21443765035574014, 0.23785985328818726, -0.12646741612097356, -0.47815568541100895, -0.17505557667448635, -0.16193193089539926, 0.8048437117522818, 0.9592325240809707, 0.24713767881382775, -0.8336317548582777, 0.46599743519199, 0.357370804957968, 0.6520457340504391, -0.3050973265778887, -0.8822398116837538, 0.2236436329105842, -0.751970763373456, 0.5190590583266628, 0.5888466351532844, -0.18274642650020412, 0.8875950117660911, -0.6524404124894483, 0.8851716994539605]",rhc,relu,False,False,100,[10],0.1,100,12
1209,9,0.05281060002744198,1.8957154880434806,1798.0,100,15,"[0.9340596780273533, 0.09446449835144466, 0.9453687199297687, 0.4296319873487293, 0.3954576491945416, -0.5678210088392472, 0.9525489095524835, -0.9875394895908203, -0.4940352752331121, -0.13041693519110842, 0.5587658435875049, -0.6046298507994938, 0.7259864711984445, 0.9668013543506255, -0.6723155171906026, 0.19466788786571843, -0.98202780466489, -0.22685743471274122, -0.9116798841370009, 0.9133059354284718, -0.1277067062404047, 0.8979546135631256, 0.5726119718701219, 0.7325785971633969, -0.6536691570081037, -0.850102825973786, 0.2014854427555386, -0.6640556325631923, 0.4667603350211398, -0.18311227969597055, 0.05581764683584067, 0.875143167901884, 0.043392244889916, -0.7836132342255386, -0.6835531856304011, 0.09040530340642561, 0.04880816013694678, 0.2752204882519873, -0.1970091128194542, 0.2996102180386846, -0.20619999419653467, 0.24783222709644614, 0.5348099341802477, -0.6420521799177383, -0.24884846282491524, 0.005066118653868745, 0.3733341598326916, -0.4926407026772337, 0.10948172588511706, 0.24986168812819542, 0.7910023321122921, -0.27429282313374714, 0.2751141460374733, -0.6171071957620733, -0.004411770765388567, -0.6351091908575863, 0.8367660782795254, -0.13635585731754474, 0.6603762041966925, -0.16644739064327485, 0.8093351774867339, -0.19034956537818792, -0.33765099381775454, 0.14427754054549724, 0.6908872981882266, 0.7220286235061439, 0.19137623413666893, -0.8306767779591795, 0.19453321463834983, -0.5090925828337958, 0.46518689717993555, 0.7893025846334776, 0.0294679418262902, 0.20712702072041278, -0.8698643752343853, 0.08014945928561268, -0.7416264326591246, 0.22912569270066396, -0.2726993059103242, 0.5355160686614915, -0.902931727160895, -0.7803637637643119, 0.36804643024725525, 0.029307394167312983, 0.1432827432294983, 0.6874139879813108, -0.024524721700651453, 0.6202888442522898, 0.020487258589880097, 0.8534413864805024, 0.333855543079252, -0.7025463211318861, -0.27089364934848836, 0.7315498318881986, -0.29942957828896866, -0.6219484810876903, -0.0547573816684539, -0.21443765035574014, 0.23785985328818726, -0.12646741612097356, -0.47815568541100895, -0.17505557667448635, -0.16193193089539926, 0.8048437117522818, 0.9592325240809707, 0.24713767881382775, -0.8336317548582777, 0.46599743519199, 0.357370804957968, 0.6520457340504391, -0.3050973265778887, -0.8822398116837538, 0.2236436329105842, -0.751970763373456, 0.5190590583266628, 0.5888466351532844, -0.18274642650020412, 0.8875950117660911, -0.6524404124894483, 0.8851716994539605]",rhc,relu,False,False,100,[10],0.1,100,12
1210,10,0.054268900072202086,1.8947710271255411,1800.0,100,15,"[0.9340596780273533, 0.09446449835144466, 0.9453687199297687, 0.4296319873487293, 0.3954576491945416, -0.5678210088392472, 0.9525489095524835, -0.9875394895908203, -0.4940352752331121, -0.13041693519110842, 0.5587658435875049, -0.6046298507994938, 0.7259864711984445, 0.9668013543506255, -0.6723155171906026, 0.19466788786571843, -0.98202780466489, -0.22685743471274122, -0.9116798841370009, 0.9133059354284718, -0.1277067062404047, 0.8979546135631256, 0.5726119718701219, 0.7325785971633969, -0.6536691570081037, -0.850102825973786, 0.2014854427555386, -0.6640556325631923, 0.4667603350211398, -0.18311227969597055, 0.05581764683584067, 0.875143167901884, 0.043392244889916, -0.7836132342255386, -0.6835531856304011, 0.09040530340642561, 0.04880816013694678, 0.2752204882519873, -0.1970091128194542, 0.2996102180386846, -0.20619999419653467, 0.24783222709644614, 0.5348099341802477, -0.6420521799177383, -0.24884846282491524, 0.005066118653868745, 0.3733341598326916, -0.4926407026772337, 0.10948172588511706, 0.24986168812819542, 0.7910023321122921, -0.27429282313374714, 0.2751141460374733, -0.6171071957620733, -0.004411770765388567, -0.6351091908575863, 0.8367660782795254, -0.13635585731754474, 0.6603762041966925, -0.16644739064327485, 0.8093351774867339, -0.19034956537818792, -0.33765099381775454, 0.14427754054549724, 0.6908872981882266, 0.7220286235061439, 0.19137623413666893, -0.8306767779591795, 0.19453321463834983, -0.5090925828337958, 0.46518689717993555, 0.7893025846334776, 0.0294679418262902, 0.20712702072041278, -0.8698643752343853, 0.08014945928561268, -0.7416264326591246, 0.22912569270066396, -0.2726993059103242, 0.5355160686614915, -0.902931727160895, -0.7803637637643119, 0.36804643024725525, 0.029307394167312983, 0.1432827432294983, 0.6874139879813108, -0.024524721700651453, 0.6202888442522898, 0.020487258589880097, 0.8534413864805024, 0.333855543079252, -0.7025463211318861, -0.27089364934848836, 0.7315498318881986, -0.29942957828896866, -0.6219484810876903, -0.0547573816684539, -0.21443765035574014, 0.23785985328818726, -0.12646741612097356, -0.47815568541100895, -0.17505557667448635, -0.16193193089539926, 0.8048437117522818, 0.9592325240809707, 0.24713767881382775, -0.8336317548582777, 0.46599743519199, 0.357370804957968, 0.6520457340504391, -0.3050973265778887, -0.8822398116837538, 0.2236436329105842, -0.751970763373456, 0.5190590583266628, 0.5888466351532844, -0.18274642650020412, 0.8875950117660911, -0.6524404124894483, 0.8851716994539605]",rhc,relu,False,False,100,[10],0.1,100,12
1211,11,0.05699730000924319,1.8840131161964773,1802.0,100,15,"[0.9340596780273533, 0.09446449835144466, 0.9453687199297687, 0.4296319873487293, 0.3954576491945416, -0.5678210088392472, 0.9525489095524835, -0.9875394895908203, -0.4940352752331121, -0.13041693519110842, 0.5587658435875049, -0.6046298507994938, 0.7259864711984445, 0.9668013543506255, -0.6723155171906026, 0.19466788786571843, -0.98202780466489, -0.22685743471274122, -0.9116798841370009, 0.9133059354284718, -0.1277067062404047, 0.8979546135631256, 0.5726119718701219, 0.7325785971633969, -0.6536691570081037, -0.850102825973786, 0.2014854427555386, -0.6640556325631923, 0.4667603350211398, -0.18311227969597055, 0.05581764683584067, 0.875143167901884, 0.043392244889916, -0.7836132342255386, -0.6835531856304011, 0.09040530340642561, 0.04880816013694678, 0.2752204882519873, -0.1970091128194542, 0.2996102180386846, -0.20619999419653467, 0.24783222709644614, 0.5348099341802477, -0.6420521799177383, -0.24884846282491524, 0.005066118653868745, 0.3733341598326916, -0.4926407026772337, 0.10948172588511706, 0.24986168812819542, 0.7910023321122921, -0.27429282313374714, 0.2751141460374733, -0.6171071957620733, -0.004411770765388567, -0.6351091908575863, 0.8367660782795254, -0.13635585731754474, 0.6603762041966925, -0.16644739064327485, 0.8093351774867339, -0.19034956537818792, -0.33765099381775454, 0.14427754054549724, 0.6908872981882266, 0.7220286235061439, 0.19137623413666893, -0.8306767779591795, 0.19453321463834983, -0.5090925828337958, 0.46518689717993555, 0.7893025846334776, 0.0294679418262902, 0.20712702072041278, -0.8698643752343853, 0.08014945928561268, -0.7416264326591246, 0.22912569270066396, -0.2726993059103242, 0.5355160686614915, -0.902931727160895, -0.7803637637643119, 0.36804643024725525, 0.029307394167312983, 0.1432827432294983, 0.6874139879813108, -0.024524721700651453, 0.6202888442522898, 0.020487258589880097, 0.8534413864805024, 0.333855543079252, -0.7025463211318861, -0.27089364934848836, 0.7315498318881986, -0.29942957828896866, -0.6219484810876903, -0.0547573816684539, -0.21443765035574014, 0.23785985328818726, -0.12646741612097356, -0.47815568541100895, -0.17505557667448635, -0.16193193089539926, 0.8048437117522818, 0.9592325240809707, 0.24713767881382775, -0.8336317548582777, 0.46599743519199, 0.357370804957968, 0.6520457340504391, -0.3050973265778887, -0.8822398116837538, 0.2236436329105842, -0.751970763373456, 0.5190590583266628, 0.5888466351532844, -0.18274642650020412, 0.8875950117660911, -0.6524404124894483, 0.8851716994539605]",rhc,relu,False,False,100,[10],0.1,100,12
1212,12,0.05975670006591827,1.8840131161964773,1803.0,100,15,"[0.9340596780273533, 0.09446449835144466, 0.9453687199297687, 0.4296319873487293, 0.3954576491945416, -0.5678210088392472, 0.9525489095524835, -0.9875394895908203, -0.4940352752331121, -0.13041693519110842, 0.5587658435875049, -0.6046298507994938, 0.7259864711984445, 0.9668013543506255, -0.6723155171906026, 0.19466788786571843, -0.98202780466489, -0.22685743471274122, -0.9116798841370009, 0.9133059354284718, -0.1277067062404047, 0.8979546135631256, 0.5726119718701219, 0.7325785971633969, -0.6536691570081037, -0.850102825973786, 0.2014854427555386, -0.6640556325631923, 0.4667603350211398, -0.18311227969597055, 0.05581764683584067, 0.875143167901884, 0.043392244889916, -0.7836132342255386, -0.6835531856304011, 0.09040530340642561, 0.04880816013694678, 0.2752204882519873, -0.1970091128194542, 0.2996102180386846, -0.20619999419653467, 0.24783222709644614, 0.5348099341802477, -0.6420521799177383, -0.24884846282491524, 0.005066118653868745, 0.3733341598326916, -0.4926407026772337, 0.10948172588511706, 0.24986168812819542, 0.7910023321122921, -0.27429282313374714, 0.2751141460374733, -0.6171071957620733, -0.004411770765388567, -0.6351091908575863, 0.8367660782795254, -0.13635585731754474, 0.6603762041966925, -0.16644739064327485, 0.8093351774867339, -0.19034956537818792, -0.33765099381775454, 0.14427754054549724, 0.6908872981882266, 0.7220286235061439, 0.19137623413666893, -0.8306767779591795, 0.19453321463834983, -0.5090925828337958, 0.46518689717993555, 0.7893025846334776, 0.0294679418262902, 0.20712702072041278, -0.8698643752343853, 0.08014945928561268, -0.7416264326591246, 0.22912569270066396, -0.2726993059103242, 0.5355160686614915, -0.902931727160895, -0.7803637637643119, 0.36804643024725525, 0.029307394167312983, 0.1432827432294983, 0.6874139879813108, -0.024524721700651453, 0.6202888442522898, 0.020487258589880097, 0.8534413864805024, 0.333855543079252, -0.7025463211318861, -0.27089364934848836, 0.7315498318881986, -0.29942957828896866, -0.6219484810876903, -0.0547573816684539, -0.21443765035574014, 0.23785985328818726, -0.12646741612097356, -0.47815568541100895, -0.17505557667448635, -0.16193193089539926, 0.8048437117522818, 0.9592325240809707, 0.24713767881382775, -0.8336317548582777, 0.46599743519199, 0.357370804957968, 0.6520457340504391, -0.3050973265778887, -0.8822398116837538, 0.2236436329105842, -0.751970763373456, 0.5190590583266628, 0.5888466351532844, -0.18274642650020412, 0.8875950117660911, -0.6524404124894483, 0.8851716994539605]",rhc,relu,False,False,100,[10],0.1,100,12
1213,13,0.06276760005857795,1.8840131161964773,1804.0,100,15,"[0.9340596780273533, 0.09446449835144466, 0.9453687199297687, 0.4296319873487293, 0.3954576491945416, -0.5678210088392472, 0.9525489095524835, -0.9875394895908203, -0.4940352752331121, -0.13041693519110842, 0.5587658435875049, -0.6046298507994938, 0.7259864711984445, 0.9668013543506255, -0.6723155171906026, 0.19466788786571843, -0.98202780466489, -0.22685743471274122, -0.9116798841370009, 0.9133059354284718, -0.1277067062404047, 0.8979546135631256, 0.5726119718701219, 0.7325785971633969, -0.6536691570081037, -0.850102825973786, 0.2014854427555386, -0.6640556325631923, 0.4667603350211398, -0.18311227969597055, 0.05581764683584067, 0.875143167901884, 0.043392244889916, -0.7836132342255386, -0.6835531856304011, 0.09040530340642561, 0.04880816013694678, 0.2752204882519873, -0.1970091128194542, 0.2996102180386846, -0.20619999419653467, 0.24783222709644614, 0.5348099341802477, -0.6420521799177383, -0.24884846282491524, 0.005066118653868745, 0.3733341598326916, -0.4926407026772337, 0.10948172588511706, 0.24986168812819542, 0.7910023321122921, -0.27429282313374714, 0.2751141460374733, -0.6171071957620733, -0.004411770765388567, -0.6351091908575863, 0.8367660782795254, -0.13635585731754474, 0.6603762041966925, -0.16644739064327485, 0.8093351774867339, -0.19034956537818792, -0.33765099381775454, 0.14427754054549724, 0.6908872981882266, 0.7220286235061439, 0.19137623413666893, -0.8306767779591795, 0.19453321463834983, -0.5090925828337958, 0.46518689717993555, 0.7893025846334776, 0.0294679418262902, 0.20712702072041278, -0.8698643752343853, 0.08014945928561268, -0.7416264326591246, 0.22912569270066396, -0.2726993059103242, 0.5355160686614915, -0.902931727160895, -0.7803637637643119, 0.36804643024725525, 0.029307394167312983, 0.1432827432294983, 0.6874139879813108, -0.024524721700651453, 0.6202888442522898, 0.020487258589880097, 0.8534413864805024, 0.333855543079252, -0.7025463211318861, -0.27089364934848836, 0.7315498318881986, -0.29942957828896866, -0.6219484810876903, -0.0547573816684539, -0.21443765035574014, 0.23785985328818726, -0.12646741612097356, -0.47815568541100895, -0.17505557667448635, -0.16193193089539926, 0.8048437117522818, 0.9592325240809707, 0.24713767881382775, -0.8336317548582777, 0.46599743519199, 0.357370804957968, 0.6520457340504391, -0.3050973265778887, -0.8822398116837538, 0.2236436329105842, -0.751970763373456, 0.5190590583266628, 0.5888466351532844, -0.18274642650020412, 0.8875950117660911, -0.6524404124894483, 0.8851716994539605]",rhc,relu,False,False,100,[10],0.1,100,12
1214,14,0.06632550002541393,1.8840131161964773,1805.0,100,15,"[0.9340596780273533, 0.09446449835144466, 0.9453687199297687, 0.4296319873487293, 0.3954576491945416, -0.5678210088392472, 0.9525489095524835, -0.9875394895908203, -0.4940352752331121, -0.13041693519110842, 0.5587658435875049, -0.6046298507994938, 0.7259864711984445, 0.9668013543506255, -0.6723155171906026, 0.19466788786571843, -0.98202780466489, -0.22685743471274122, -0.9116798841370009, 0.9133059354284718, -0.1277067062404047, 0.8979546135631256, 0.5726119718701219, 0.7325785971633969, -0.6536691570081037, -0.850102825973786, 0.2014854427555386, -0.6640556325631923, 0.4667603350211398, -0.18311227969597055, 0.05581764683584067, 0.875143167901884, 0.043392244889916, -0.7836132342255386, -0.6835531856304011, 0.09040530340642561, 0.04880816013694678, 0.2752204882519873, -0.1970091128194542, 0.2996102180386846, -0.20619999419653467, 0.24783222709644614, 0.5348099341802477, -0.6420521799177383, -0.24884846282491524, 0.005066118653868745, 0.3733341598326916, -0.4926407026772337, 0.10948172588511706, 0.24986168812819542, 0.7910023321122921, -0.27429282313374714, 0.2751141460374733, -0.6171071957620733, -0.004411770765388567, -0.6351091908575863, 0.8367660782795254, -0.13635585731754474, 0.6603762041966925, -0.16644739064327485, 0.8093351774867339, -0.19034956537818792, -0.33765099381775454, 0.14427754054549724, 0.6908872981882266, 0.7220286235061439, 0.19137623413666893, -0.8306767779591795, 0.19453321463834983, -0.5090925828337958, 0.46518689717993555, 0.7893025846334776, 0.0294679418262902, 0.20712702072041278, -0.8698643752343853, 0.08014945928561268, -0.7416264326591246, 0.22912569270066396, -0.2726993059103242, 0.5355160686614915, -0.902931727160895, -0.7803637637643119, 0.36804643024725525, 0.029307394167312983, 0.1432827432294983, 0.6874139879813108, -0.024524721700651453, 0.6202888442522898, 0.020487258589880097, 0.8534413864805024, 0.333855543079252, -0.7025463211318861, -0.27089364934848836, 0.7315498318881986, -0.29942957828896866, -0.6219484810876903, -0.0547573816684539, -0.21443765035574014, 0.23785985328818726, -0.12646741612097356, -0.47815568541100895, -0.17505557667448635, -0.16193193089539926, 0.8048437117522818, 0.9592325240809707, 0.24713767881382775, -0.8336317548582777, 0.46599743519199, 0.357370804957968, 0.6520457340504391, -0.3050973265778887, -0.8822398116837538, 0.2236436329105842, -0.751970763373456, 0.5190590583266628, 0.5888466351532844, -0.18274642650020412, 0.8875950117660911, -0.6524404124894483, 0.8851716994539605]",rhc,relu,False,False,100,[10],0.1,100,12
1215,15,0.06922320008743554,1.8840131161964773,1806.0,100,15,"[0.9340596780273533, 0.09446449835144466, 0.9453687199297687, 0.4296319873487293, 0.3954576491945416, -0.5678210088392472, 0.9525489095524835, -0.9875394895908203, -0.4940352752331121, -0.13041693519110842, 0.5587658435875049, -0.6046298507994938, 0.7259864711984445, 0.9668013543506255, -0.6723155171906026, 0.19466788786571843, -0.98202780466489, -0.22685743471274122, -0.9116798841370009, 0.9133059354284718, -0.1277067062404047, 0.8979546135631256, 0.5726119718701219, 0.7325785971633969, -0.6536691570081037, -0.850102825973786, 0.2014854427555386, -0.6640556325631923, 0.4667603350211398, -0.18311227969597055, 0.05581764683584067, 0.875143167901884, 0.043392244889916, -0.7836132342255386, -0.6835531856304011, 0.09040530340642561, 0.04880816013694678, 0.2752204882519873, -0.1970091128194542, 0.2996102180386846, -0.20619999419653467, 0.24783222709644614, 0.5348099341802477, -0.6420521799177383, -0.24884846282491524, 0.005066118653868745, 0.3733341598326916, -0.4926407026772337, 0.10948172588511706, 0.24986168812819542, 0.7910023321122921, -0.27429282313374714, 0.2751141460374733, -0.6171071957620733, -0.004411770765388567, -0.6351091908575863, 0.8367660782795254, -0.13635585731754474, 0.6603762041966925, -0.16644739064327485, 0.8093351774867339, -0.19034956537818792, -0.33765099381775454, 0.14427754054549724, 0.6908872981882266, 0.7220286235061439, 0.19137623413666893, -0.8306767779591795, 0.19453321463834983, -0.5090925828337958, 0.46518689717993555, 0.7893025846334776, 0.0294679418262902, 0.20712702072041278, -0.8698643752343853, 0.08014945928561268, -0.7416264326591246, 0.22912569270066396, -0.2726993059103242, 0.5355160686614915, -0.902931727160895, -0.7803637637643119, 0.36804643024725525, 0.029307394167312983, 0.1432827432294983, 0.6874139879813108, -0.024524721700651453, 0.6202888442522898, 0.020487258589880097, 0.8534413864805024, 0.333855543079252, -0.7025463211318861, -0.27089364934848836, 0.7315498318881986, -0.29942957828896866, -0.6219484810876903, -0.0547573816684539, -0.21443765035574014, 0.23785985328818726, -0.12646741612097356, -0.47815568541100895, -0.17505557667448635, -0.16193193089539926, 0.8048437117522818, 0.9592325240809707, 0.24713767881382775, -0.8336317548582777, 0.46599743519199, 0.357370804957968, 0.6520457340504391, -0.3050973265778887, -0.8822398116837538, 0.2236436329105842, -0.751970763373456, 0.5190590583266628, 0.5888466351532844, -0.18274642650020412, 0.8875950117660911, -0.6524404124894483, 0.8851716994539605]",rhc,relu,False,False,100,[10],0.1,100,12
1216,16,0.07063110009767115,1.8840131161964773,1807.0,100,15,"[0.9340596780273533, 0.09446449835144466, 0.9453687199297687, 0.4296319873487293, 0.3954576491945416, -0.5678210088392472, 0.9525489095524835, -0.9875394895908203, -0.4940352752331121, -0.13041693519110842, 0.5587658435875049, -0.6046298507994938, 0.7259864711984445, 0.9668013543506255, -0.6723155171906026, 0.19466788786571843, -0.98202780466489, -0.22685743471274122, -0.9116798841370009, 0.9133059354284718, -0.1277067062404047, 0.8979546135631256, 0.5726119718701219, 0.7325785971633969, -0.6536691570081037, -0.850102825973786, 0.2014854427555386, -0.6640556325631923, 0.4667603350211398, -0.18311227969597055, 0.05581764683584067, 0.875143167901884, 0.043392244889916, -0.7836132342255386, -0.6835531856304011, 0.09040530340642561, 0.04880816013694678, 0.2752204882519873, -0.1970091128194542, 0.2996102180386846, -0.20619999419653467, 0.24783222709644614, 0.5348099341802477, -0.6420521799177383, -0.24884846282491524, 0.005066118653868745, 0.3733341598326916, -0.4926407026772337, 0.10948172588511706, 0.24986168812819542, 0.7910023321122921, -0.27429282313374714, 0.2751141460374733, -0.6171071957620733, -0.004411770765388567, -0.6351091908575863, 0.8367660782795254, -0.13635585731754474, 0.6603762041966925, -0.16644739064327485, 0.8093351774867339, -0.19034956537818792, -0.33765099381775454, 0.14427754054549724, 0.6908872981882266, 0.7220286235061439, 0.19137623413666893, -0.8306767779591795, 0.19453321463834983, -0.5090925828337958, 0.46518689717993555, 0.7893025846334776, 0.0294679418262902, 0.20712702072041278, -0.8698643752343853, 0.08014945928561268, -0.7416264326591246, 0.22912569270066396, -0.2726993059103242, 0.5355160686614915, -0.902931727160895, -0.7803637637643119, 0.36804643024725525, 0.029307394167312983, 0.1432827432294983, 0.6874139879813108, -0.024524721700651453, 0.6202888442522898, 0.020487258589880097, 0.8534413864805024, 0.333855543079252, -0.7025463211318861, -0.27089364934848836, 0.7315498318881986, -0.29942957828896866, -0.6219484810876903, -0.0547573816684539, -0.21443765035574014, 0.23785985328818726, -0.12646741612097356, -0.47815568541100895, -0.17505557667448635, -0.16193193089539926, 0.8048437117522818, 0.9592325240809707, 0.24713767881382775, -0.8336317548582777, 0.46599743519199, 0.357370804957968, 0.6520457340504391, -0.3050973265778887, -0.8822398116837538, 0.2236436329105842, -0.751970763373456, 0.5190590583266628, 0.5888466351532844, -0.18274642650020412, 0.8875950117660911, -0.6524404124894483, 0.8851716994539605]",rhc,relu,False,False,100,[10],0.1,100,12
1217,17,0.07200020004529506,1.8840131161964773,1808.0,100,15,"[0.9340596780273533, 0.09446449835144466, 0.9453687199297687, 0.4296319873487293, 0.3954576491945416, -0.5678210088392472, 0.9525489095524835, -0.9875394895908203, -0.4940352752331121, -0.13041693519110842, 0.5587658435875049, -0.6046298507994938, 0.7259864711984445, 0.9668013543506255, -0.6723155171906026, 0.19466788786571843, -0.98202780466489, -0.22685743471274122, -0.9116798841370009, 0.9133059354284718, -0.1277067062404047, 0.8979546135631256, 0.5726119718701219, 0.7325785971633969, -0.6536691570081037, -0.850102825973786, 0.2014854427555386, -0.6640556325631923, 0.4667603350211398, -0.18311227969597055, 0.05581764683584067, 0.875143167901884, 0.043392244889916, -0.7836132342255386, -0.6835531856304011, 0.09040530340642561, 0.04880816013694678, 0.2752204882519873, -0.1970091128194542, 0.2996102180386846, -0.20619999419653467, 0.24783222709644614, 0.5348099341802477, -0.6420521799177383, -0.24884846282491524, 0.005066118653868745, 0.3733341598326916, -0.4926407026772337, 0.10948172588511706, 0.24986168812819542, 0.7910023321122921, -0.27429282313374714, 0.2751141460374733, -0.6171071957620733, -0.004411770765388567, -0.6351091908575863, 0.8367660782795254, -0.13635585731754474, 0.6603762041966925, -0.16644739064327485, 0.8093351774867339, -0.19034956537818792, -0.33765099381775454, 0.14427754054549724, 0.6908872981882266, 0.7220286235061439, 0.19137623413666893, -0.8306767779591795, 0.19453321463834983, -0.5090925828337958, 0.46518689717993555, 0.7893025846334776, 0.0294679418262902, 0.20712702072041278, -0.8698643752343853, 0.08014945928561268, -0.7416264326591246, 0.22912569270066396, -0.2726993059103242, 0.5355160686614915, -0.902931727160895, -0.7803637637643119, 0.36804643024725525, 0.029307394167312983, 0.1432827432294983, 0.6874139879813108, -0.024524721700651453, 0.6202888442522898, 0.020487258589880097, 0.8534413864805024, 0.333855543079252, -0.7025463211318861, -0.27089364934848836, 0.7315498318881986, -0.29942957828896866, -0.6219484810876903, -0.0547573816684539, -0.21443765035574014, 0.23785985328818726, -0.12646741612097356, -0.47815568541100895, -0.17505557667448635, -0.16193193089539926, 0.8048437117522818, 0.9592325240809707, 0.24713767881382775, -0.8336317548582777, 0.46599743519199, 0.357370804957968, 0.6520457340504391, -0.3050973265778887, -0.8822398116837538, 0.2236436329105842, -0.751970763373456, 0.5190590583266628, 0.5888466351532844, -0.18274642650020412, 0.8875950117660911, -0.6524404124894483, 0.8851716994539605]",rhc,relu,False,False,100,[10],0.1,100,12
1218,18,0.07342060003429651,1.8742818434735198,1810.0,100,15,"[0.9340596780273533, 0.09446449835144466, 0.9453687199297687, 0.4296319873487293, 0.3954576491945416, -0.5678210088392472, 0.9525489095524835, -0.9875394895908203, -0.4940352752331121, -0.13041693519110842, 0.5587658435875049, -0.6046298507994938, 0.7259864711984445, 0.9668013543506255, -0.6723155171906026, 0.19466788786571843, -0.98202780466489, -0.22685743471274122, -0.9116798841370009, 0.9133059354284718, -0.1277067062404047, 0.8979546135631256, 0.5726119718701219, 0.7325785971633969, -0.6536691570081037, -0.850102825973786, 0.2014854427555386, -0.6640556325631923, 0.4667603350211398, -0.18311227969597055, 0.05581764683584067, 0.875143167901884, 0.043392244889916, -0.7836132342255386, -0.6835531856304011, 0.09040530340642561, 0.04880816013694678, 0.2752204882519873, -0.1970091128194542, 0.2996102180386846, -0.20619999419653467, 0.24783222709644614, 0.5348099341802477, -0.6420521799177383, -0.24884846282491524, 0.005066118653868745, 0.3733341598326916, -0.4926407026772337, 0.10948172588511706, 0.24986168812819542, 0.7910023321122921, -0.27429282313374714, 0.2751141460374733, -0.6171071957620733, -0.004411770765388567, -0.6351091908575863, 0.8367660782795254, -0.13635585731754474, 0.6603762041966925, -0.16644739064327485, 0.8093351774867339, -0.19034956537818792, -0.33765099381775454, 0.14427754054549724, 0.6908872981882266, 0.7220286235061439, 0.19137623413666893, -0.8306767779591795, 0.19453321463834983, -0.5090925828337958, 0.46518689717993555, 0.7893025846334776, 0.0294679418262902, 0.20712702072041278, -0.8698643752343853, 0.08014945928561268, -0.7416264326591246, 0.22912569270066396, -0.2726993059103242, 0.5355160686614915, -0.902931727160895, -0.7803637637643119, 0.36804643024725525, 0.029307394167312983, 0.1432827432294983, 0.6874139879813108, -0.024524721700651453, 0.6202888442522898, 0.020487258589880097, 0.8534413864805024, 0.333855543079252, -0.7025463211318861, -0.27089364934848836, 0.7315498318881986, -0.29942957828896866, -0.6219484810876903, -0.0547573816684539, -0.21443765035574014, 0.23785985328818726, -0.12646741612097356, -0.47815568541100895, -0.17505557667448635, -0.16193193089539926, 0.8048437117522818, 0.9592325240809707, 0.24713767881382775, -0.8336317548582777, 0.46599743519199, 0.357370804957968, 0.6520457340504391, -0.3050973265778887, -0.8822398116837538, 0.2236436329105842, -0.751970763373456, 0.5190590583266628, 0.5888466351532844, -0.18274642650020412, 0.8875950117660911, -0.6524404124894483, 0.8851716994539605]",rhc,relu,False,False,100,[10],0.1,100,12
1219,19,0.07618380000349134,1.8742818434735198,1811.0,100,15,"[0.9340596780273533, 0.09446449835144466, 0.9453687199297687, 0.4296319873487293, 0.3954576491945416, -0.5678210088392472, 0.9525489095524835, -0.9875394895908203, -0.4940352752331121, -0.13041693519110842, 0.5587658435875049, -0.6046298507994938, 0.7259864711984445, 0.9668013543506255, -0.6723155171906026, 0.19466788786571843, -0.98202780466489, -0.22685743471274122, -0.9116798841370009, 0.9133059354284718, -0.1277067062404047, 0.8979546135631256, 0.5726119718701219, 0.7325785971633969, -0.6536691570081037, -0.850102825973786, 0.2014854427555386, -0.6640556325631923, 0.4667603350211398, -0.18311227969597055, 0.05581764683584067, 0.875143167901884, 0.043392244889916, -0.7836132342255386, -0.6835531856304011, 0.09040530340642561, 0.04880816013694678, 0.2752204882519873, -0.1970091128194542, 0.2996102180386846, -0.20619999419653467, 0.24783222709644614, 0.5348099341802477, -0.6420521799177383, -0.24884846282491524, 0.005066118653868745, 0.3733341598326916, -0.4926407026772337, 0.10948172588511706, 0.24986168812819542, 0.7910023321122921, -0.27429282313374714, 0.2751141460374733, -0.6171071957620733, -0.004411770765388567, -0.6351091908575863, 0.8367660782795254, -0.13635585731754474, 0.6603762041966925, -0.16644739064327485, 0.8093351774867339, -0.19034956537818792, -0.33765099381775454, 0.14427754054549724, 0.6908872981882266, 0.7220286235061439, 0.19137623413666893, -0.8306767779591795, 0.19453321463834983, -0.5090925828337958, 0.46518689717993555, 0.7893025846334776, 0.0294679418262902, 0.20712702072041278, -0.8698643752343853, 0.08014945928561268, -0.7416264326591246, 0.22912569270066396, -0.2726993059103242, 0.5355160686614915, -0.902931727160895, -0.7803637637643119, 0.36804643024725525, 0.029307394167312983, 0.1432827432294983, 0.6874139879813108, -0.024524721700651453, 0.6202888442522898, 0.020487258589880097, 0.8534413864805024, 0.333855543079252, -0.7025463211318861, -0.27089364934848836, 0.7315498318881986, -0.29942957828896866, -0.6219484810876903, -0.0547573816684539, -0.21443765035574014, 0.23785985328818726, -0.12646741612097356, -0.47815568541100895, -0.17505557667448635, -0.16193193089539926, 0.8048437117522818, 0.9592325240809707, 0.24713767881382775, -0.8336317548582777, 0.46599743519199, 0.357370804957968, 0.6520457340504391, -0.3050973265778887, -0.8822398116837538, 0.2236436329105842, -0.751970763373456, 0.5190590583266628, 0.5888466351532844, -0.18274642650020412, 0.8875950117660911, -0.6524404124894483, 0.8851716994539605]",rhc,relu,False,False,100,[10],0.1,100,12
1220,20,0.07762070000171661,1.8742818434735198,1812.0,100,15,"[0.9340596780273533, 0.09446449835144466, 0.9453687199297687, 0.4296319873487293, 0.3954576491945416, -0.5678210088392472, 0.9525489095524835, -0.9875394895908203, -0.4940352752331121, -0.13041693519110842, 0.5587658435875049, -0.6046298507994938, 0.7259864711984445, 0.9668013543506255, -0.6723155171906026, 0.19466788786571843, -0.98202780466489, -0.22685743471274122, -0.9116798841370009, 0.9133059354284718, -0.1277067062404047, 0.8979546135631256, 0.5726119718701219, 0.7325785971633969, -0.6536691570081037, -0.850102825973786, 0.2014854427555386, -0.6640556325631923, 0.4667603350211398, -0.18311227969597055, 0.05581764683584067, 0.875143167901884, 0.043392244889916, -0.7836132342255386, -0.6835531856304011, 0.09040530340642561, 0.04880816013694678, 0.2752204882519873, -0.1970091128194542, 0.2996102180386846, -0.20619999419653467, 0.24783222709644614, 0.5348099341802477, -0.6420521799177383, -0.24884846282491524, 0.005066118653868745, 0.3733341598326916, -0.4926407026772337, 0.10948172588511706, 0.24986168812819542, 0.7910023321122921, -0.27429282313374714, 0.2751141460374733, -0.6171071957620733, -0.004411770765388567, -0.6351091908575863, 0.8367660782795254, -0.13635585731754474, 0.6603762041966925, -0.16644739064327485, 0.8093351774867339, -0.19034956537818792, -0.33765099381775454, 0.14427754054549724, 0.6908872981882266, 0.7220286235061439, 0.19137623413666893, -0.8306767779591795, 0.19453321463834983, -0.5090925828337958, 0.46518689717993555, 0.7893025846334776, 0.0294679418262902, 0.20712702072041278, -0.8698643752343853, 0.08014945928561268, -0.7416264326591246, 0.22912569270066396, -0.2726993059103242, 0.5355160686614915, -0.902931727160895, -0.7803637637643119, 0.36804643024725525, 0.029307394167312983, 0.1432827432294983, 0.6874139879813108, -0.024524721700651453, 0.6202888442522898, 0.020487258589880097, 0.8534413864805024, 0.333855543079252, -0.7025463211318861, -0.27089364934848836, 0.7315498318881986, -0.29942957828896866, -0.6219484810876903, -0.0547573816684539, -0.21443765035574014, 0.23785985328818726, -0.12646741612097356, -0.47815568541100895, -0.17505557667448635, -0.16193193089539926, 0.8048437117522818, 0.9592325240809707, 0.24713767881382775, -0.8336317548582777, 0.46599743519199, 0.357370804957968, 0.6520457340504391, -0.3050973265778887, -0.8822398116837538, 0.2236436329105842, -0.751970763373456, 0.5190590583266628, 0.5888466351532844, -0.18274642650020412, 0.8875950117660911, -0.6524404124894483, 0.8851716994539605]",rhc,relu,False,False,100,[10],0.1,100,12
1221,21,0.07905250007752329,1.8742818434735198,1813.0,100,15,"[0.9340596780273533, 0.09446449835144466, 0.9453687199297687, 0.4296319873487293, 0.3954576491945416, -0.5678210088392472, 0.9525489095524835, -0.9875394895908203, -0.4940352752331121, -0.13041693519110842, 0.5587658435875049, -0.6046298507994938, 0.7259864711984445, 0.9668013543506255, -0.6723155171906026, 0.19466788786571843, -0.98202780466489, -0.22685743471274122, -0.9116798841370009, 0.9133059354284718, -0.1277067062404047, 0.8979546135631256, 0.5726119718701219, 0.7325785971633969, -0.6536691570081037, -0.850102825973786, 0.2014854427555386, -0.6640556325631923, 0.4667603350211398, -0.18311227969597055, 0.05581764683584067, 0.875143167901884, 0.043392244889916, -0.7836132342255386, -0.6835531856304011, 0.09040530340642561, 0.04880816013694678, 0.2752204882519873, -0.1970091128194542, 0.2996102180386846, -0.20619999419653467, 0.24783222709644614, 0.5348099341802477, -0.6420521799177383, -0.24884846282491524, 0.005066118653868745, 0.3733341598326916, -0.4926407026772337, 0.10948172588511706, 0.24986168812819542, 0.7910023321122921, -0.27429282313374714, 0.2751141460374733, -0.6171071957620733, -0.004411770765388567, -0.6351091908575863, 0.8367660782795254, -0.13635585731754474, 0.6603762041966925, -0.16644739064327485, 0.8093351774867339, -0.19034956537818792, -0.33765099381775454, 0.14427754054549724, 0.6908872981882266, 0.7220286235061439, 0.19137623413666893, -0.8306767779591795, 0.19453321463834983, -0.5090925828337958, 0.46518689717993555, 0.7893025846334776, 0.0294679418262902, 0.20712702072041278, -0.8698643752343853, 0.08014945928561268, -0.7416264326591246, 0.22912569270066396, -0.2726993059103242, 0.5355160686614915, -0.902931727160895, -0.7803637637643119, 0.36804643024725525, 0.029307394167312983, 0.1432827432294983, 0.6874139879813108, -0.024524721700651453, 0.6202888442522898, 0.020487258589880097, 0.8534413864805024, 0.333855543079252, -0.7025463211318861, -0.27089364934848836, 0.7315498318881986, -0.29942957828896866, -0.6219484810876903, -0.0547573816684539, -0.21443765035574014, 0.23785985328818726, -0.12646741612097356, -0.47815568541100895, -0.17505557667448635, -0.16193193089539926, 0.8048437117522818, 0.9592325240809707, 0.24713767881382775, -0.8336317548582777, 0.46599743519199, 0.357370804957968, 0.6520457340504391, -0.3050973265778887, -0.8822398116837538, 0.2236436329105842, -0.751970763373456, 0.5190590583266628, 0.5888466351532844, -0.18274642650020412, 0.8875950117660911, -0.6524404124894483, 0.8851716994539605]",rhc,relu,False,False,100,[10],0.1,100,12
1222,22,0.08195150003302842,1.8701121707544532,1815.0,100,15,"[0.9340596780273533, 0.09446449835144466, 0.9453687199297687, 0.4296319873487293, 0.3954576491945416, -0.5678210088392472, 0.9525489095524835, -0.9875394895908203, -0.4940352752331121, -0.13041693519110842, 0.5587658435875049, -0.6046298507994938, 0.7259864711984445, 0.9668013543506255, -0.6723155171906026, 0.19466788786571843, -0.98202780466489, -0.22685743471274122, -0.9116798841370009, 0.9133059354284718, -0.1277067062404047, 0.8979546135631256, 0.5726119718701219, 0.7325785971633969, -0.6536691570081037, -0.850102825973786, 0.2014854427555386, -0.6640556325631923, 0.4667603350211398, -0.18311227969597055, 0.05581764683584067, 0.875143167901884, 0.043392244889916, -0.7836132342255386, -0.6835531856304011, 0.09040530340642561, 0.04880816013694678, 0.2752204882519873, -0.1970091128194542, 0.2996102180386846, -0.20619999419653467, 0.24783222709644614, 0.5348099341802477, -0.6420521799177383, -0.24884846282491524, 0.005066118653868745, 0.3733341598326916, -0.4926407026772337, 0.10948172588511706, 0.24986168812819542, 0.7910023321122921, -0.27429282313374714, 0.2751141460374733, -0.6171071957620733, -0.004411770765388567, -0.6351091908575863, 0.8367660782795254, -0.13635585731754474, 0.6603762041966925, -0.16644739064327485, 0.8093351774867339, -0.19034956537818792, -0.33765099381775454, 0.14427754054549724, 0.6908872981882266, 0.7220286235061439, 0.19137623413666893, -0.8306767779591795, 0.19453321463834983, -0.5090925828337958, 0.46518689717993555, 0.7893025846334776, 0.0294679418262902, 0.20712702072041278, -0.8698643752343853, 0.08014945928561268, -0.7416264326591246, 0.22912569270066396, -0.2726993059103242, 0.5355160686614915, -0.902931727160895, -0.7803637637643119, 0.36804643024725525, 0.029307394167312983, 0.1432827432294983, 0.6874139879813108, -0.024524721700651453, 0.6202888442522898, 0.020487258589880097, 0.8534413864805024, 0.333855543079252, -0.7025463211318861, -0.27089364934848836, 0.7315498318881986, -0.29942957828896866, -0.6219484810876903, -0.0547573816684539, -0.21443765035574014, 0.23785985328818726, -0.12646741612097356, -0.47815568541100895, -0.17505557667448635, -0.16193193089539926, 0.8048437117522818, 0.9592325240809707, 0.24713767881382775, -0.8336317548582777, 0.46599743519199, 0.357370804957968, 0.6520457340504391, -0.3050973265778887, -0.8822398116837538, 0.2236436329105842, -0.751970763373456, 0.5190590583266628, 0.5888466351532844, -0.18274642650020412, 0.8875950117660911, -0.6524404124894483, 0.8851716994539605]",rhc,relu,False,False,100,[10],0.1,100,12
1223,23,0.08453910006210208,1.8701121707544532,1816.0,100,15,"[0.9340596780273533, 0.09446449835144466, 0.9453687199297687, 0.4296319873487293, 0.3954576491945416, -0.5678210088392472, 0.9525489095524835, -0.9875394895908203, -0.4940352752331121, -0.13041693519110842, 0.5587658435875049, -0.6046298507994938, 0.7259864711984445, 0.9668013543506255, -0.6723155171906026, 0.19466788786571843, -0.98202780466489, -0.22685743471274122, -0.9116798841370009, 0.9133059354284718, -0.1277067062404047, 0.8979546135631256, 0.5726119718701219, 0.7325785971633969, -0.6536691570081037, -0.850102825973786, 0.2014854427555386, -0.6640556325631923, 0.4667603350211398, -0.18311227969597055, 0.05581764683584067, 0.875143167901884, 0.043392244889916, -0.7836132342255386, -0.6835531856304011, 0.09040530340642561, 0.04880816013694678, 0.2752204882519873, -0.1970091128194542, 0.2996102180386846, -0.20619999419653467, 0.24783222709644614, 0.5348099341802477, -0.6420521799177383, -0.24884846282491524, 0.005066118653868745, 0.3733341598326916, -0.4926407026772337, 0.10948172588511706, 0.24986168812819542, 0.7910023321122921, -0.27429282313374714, 0.2751141460374733, -0.6171071957620733, -0.004411770765388567, -0.6351091908575863, 0.8367660782795254, -0.13635585731754474, 0.6603762041966925, -0.16644739064327485, 0.8093351774867339, -0.19034956537818792, -0.33765099381775454, 0.14427754054549724, 0.6908872981882266, 0.7220286235061439, 0.19137623413666893, -0.8306767779591795, 0.19453321463834983, -0.5090925828337958, 0.46518689717993555, 0.7893025846334776, 0.0294679418262902, 0.20712702072041278, -0.8698643752343853, 0.08014945928561268, -0.7416264326591246, 0.22912569270066396, -0.2726993059103242, 0.5355160686614915, -0.902931727160895, -0.7803637637643119, 0.36804643024725525, 0.029307394167312983, 0.1432827432294983, 0.6874139879813108, -0.024524721700651453, 0.6202888442522898, 0.020487258589880097, 0.8534413864805024, 0.333855543079252, -0.7025463211318861, -0.27089364934848836, 0.7315498318881986, -0.29942957828896866, -0.6219484810876903, -0.0547573816684539, -0.21443765035574014, 0.23785985328818726, -0.12646741612097356, -0.47815568541100895, -0.17505557667448635, -0.16193193089539926, 0.8048437117522818, 0.9592325240809707, 0.24713767881382775, -0.8336317548582777, 0.46599743519199, 0.357370804957968, 0.6520457340504391, -0.3050973265778887, -0.8822398116837538, 0.2236436329105842, -0.751970763373456, 0.5190590583266628, 0.5888466351532844, -0.18274642650020412, 0.8875950117660911, -0.6524404124894483, 0.8851716994539605]",rhc,relu,False,False,100,[10],0.1,100,12
1224,24,0.08600310003384948,1.8637747668189197,1818.0,100,15,"[0.9340596780273533, 0.09446449835144466, 0.9453687199297687, 0.4296319873487293, 0.3954576491945416, -0.5678210088392472, 0.9525489095524835, -0.9875394895908203, -0.4940352752331121, -0.13041693519110842, 0.5587658435875049, -0.6046298507994938, 0.7259864711984445, 0.9668013543506255, -0.6723155171906026, 0.19466788786571843, -0.98202780466489, -0.22685743471274122, -0.9116798841370009, 0.9133059354284718, -0.1277067062404047, 0.8979546135631256, 0.5726119718701219, 0.7325785971633969, -0.6536691570081037, -0.850102825973786, 0.2014854427555386, -0.6640556325631923, 0.4667603350211398, -0.18311227969597055, 0.05581764683584067, 0.875143167901884, 0.043392244889916, -0.7836132342255386, -0.6835531856304011, 0.09040530340642561, 0.04880816013694678, 0.2752204882519873, -0.1970091128194542, 0.2996102180386846, -0.20619999419653467, 0.24783222709644614, 0.5348099341802477, -0.6420521799177383, -0.24884846282491524, 0.005066118653868745, 0.3733341598326916, -0.4926407026772337, 0.10948172588511706, 0.24986168812819542, 0.7910023321122921, -0.27429282313374714, 0.2751141460374733, -0.6171071957620733, -0.004411770765388567, -0.6351091908575863, 0.8367660782795254, -0.13635585731754474, 0.6603762041966925, -0.16644739064327485, 0.8093351774867339, -0.19034956537818792, -0.33765099381775454, 0.14427754054549724, 0.6908872981882266, 0.7220286235061439, 0.19137623413666893, -0.8306767779591795, 0.19453321463834983, -0.5090925828337958, 0.46518689717993555, 0.7893025846334776, 0.0294679418262902, 0.20712702072041278, -0.8698643752343853, 0.08014945928561268, -0.7416264326591246, 0.22912569270066396, -0.2726993059103242, 0.5355160686614915, -0.902931727160895, -0.7803637637643119, 0.36804643024725525, 0.029307394167312983, 0.1432827432294983, 0.6874139879813108, -0.024524721700651453, 0.6202888442522898, 0.020487258589880097, 0.8534413864805024, 0.333855543079252, -0.7025463211318861, -0.27089364934848836, 0.7315498318881986, -0.29942957828896866, -0.6219484810876903, -0.0547573816684539, -0.21443765035574014, 0.23785985328818726, -0.12646741612097356, -0.47815568541100895, -0.17505557667448635, -0.16193193089539926, 0.8048437117522818, 0.9592325240809707, 0.24713767881382775, -0.8336317548582777, 0.46599743519199, 0.357370804957968, 0.6520457340504391, -0.3050973265778887, -0.8822398116837538, 0.2236436329105842, -0.751970763373456, 0.5190590583266628, 0.5888466351532844, -0.18274642650020412, 0.8875950117660911, -0.6524404124894483, 0.8851716994539605]",rhc,relu,False,False,100,[10],0.1,100,12
1225,25,0.08905609999783337,1.8606692399892926,1820.0,100,15,"[0.9340596780273533, 0.09446449835144466, 0.9453687199297687, 0.4296319873487293, 0.3954576491945416, -0.5678210088392472, 0.9525489095524835, -0.9875394895908203, -0.4940352752331121, -0.13041693519110842, 0.5587658435875049, -0.6046298507994938, 0.7259864711984445, 0.9668013543506255, -0.6723155171906026, 0.19466788786571843, -0.98202780466489, -0.22685743471274122, -0.9116798841370009, 0.9133059354284718, -0.1277067062404047, 0.8979546135631256, 0.5726119718701219, 0.7325785971633969, -0.6536691570081037, -0.850102825973786, 0.2014854427555386, -0.6640556325631923, 0.4667603350211398, -0.18311227969597055, 0.05581764683584067, 0.875143167901884, 0.043392244889916, -0.7836132342255386, -0.6835531856304011, 0.09040530340642561, 0.04880816013694678, 0.2752204882519873, -0.1970091128194542, 0.2996102180386846, -0.20619999419653467, 0.24783222709644614, 0.5348099341802477, -0.6420521799177383, -0.24884846282491524, 0.005066118653868745, 0.3733341598326916, -0.4926407026772337, 0.10948172588511706, 0.24986168812819542, 0.7910023321122921, -0.27429282313374714, 0.2751141460374733, -0.6171071957620733, -0.004411770765388567, -0.6351091908575863, 0.8367660782795254, -0.13635585731754474, 0.6603762041966925, -0.16644739064327485, 0.8093351774867339, -0.19034956537818792, -0.33765099381775454, 0.14427754054549724, 0.6908872981882266, 0.7220286235061439, 0.19137623413666893, -0.8306767779591795, 0.19453321463834983, -0.5090925828337958, 0.46518689717993555, 0.7893025846334776, 0.0294679418262902, 0.20712702072041278, -0.8698643752343853, 0.08014945928561268, -0.7416264326591246, 0.22912569270066396, -0.2726993059103242, 0.5355160686614915, -0.902931727160895, -0.7803637637643119, 0.36804643024725525, 0.029307394167312983, 0.1432827432294983, 0.6874139879813108, -0.024524721700651453, 0.6202888442522898, 0.020487258589880097, 0.8534413864805024, 0.333855543079252, -0.7025463211318861, -0.27089364934848836, 0.7315498318881986, -0.29942957828896866, -0.6219484810876903, -0.0547573816684539, -0.21443765035574014, 0.23785985328818726, -0.12646741612097356, -0.47815568541100895, -0.17505557667448635, -0.16193193089539926, 0.8048437117522818, 0.9592325240809707, 0.24713767881382775, -0.8336317548582777, 0.46599743519199, 0.357370804957968, 0.6520457340504391, -0.3050973265778887, -0.8822398116837538, 0.2236436329105842, -0.751970763373456, 0.5190590583266628, 0.5888466351532844, -0.18274642650020412, 0.8875950117660911, -0.6524404124894483, 0.8851716994539605]",rhc,relu,False,False,100,[10],0.1,100,12
1226,26,0.09043240000028163,1.8606692399892926,1821.0,100,15,"[0.9340596780273533, 0.09446449835144466, 0.9453687199297687, 0.4296319873487293, 0.3954576491945416, -0.5678210088392472, 0.9525489095524835, -0.9875394895908203, -0.4940352752331121, -0.13041693519110842, 0.5587658435875049, -0.6046298507994938, 0.7259864711984445, 0.9668013543506255, -0.6723155171906026, 0.19466788786571843, -0.98202780466489, -0.22685743471274122, -0.9116798841370009, 0.9133059354284718, -0.1277067062404047, 0.8979546135631256, 0.5726119718701219, 0.7325785971633969, -0.6536691570081037, -0.850102825973786, 0.2014854427555386, -0.6640556325631923, 0.4667603350211398, -0.18311227969597055, 0.05581764683584067, 0.875143167901884, 0.043392244889916, -0.7836132342255386, -0.6835531856304011, 0.09040530340642561, 0.04880816013694678, 0.2752204882519873, -0.1970091128194542, 0.2996102180386846, -0.20619999419653467, 0.24783222709644614, 0.5348099341802477, -0.6420521799177383, -0.24884846282491524, 0.005066118653868745, 0.3733341598326916, -0.4926407026772337, 0.10948172588511706, 0.24986168812819542, 0.7910023321122921, -0.27429282313374714, 0.2751141460374733, -0.6171071957620733, -0.004411770765388567, -0.6351091908575863, 0.8367660782795254, -0.13635585731754474, 0.6603762041966925, -0.16644739064327485, 0.8093351774867339, -0.19034956537818792, -0.33765099381775454, 0.14427754054549724, 0.6908872981882266, 0.7220286235061439, 0.19137623413666893, -0.8306767779591795, 0.19453321463834983, -0.5090925828337958, 0.46518689717993555, 0.7893025846334776, 0.0294679418262902, 0.20712702072041278, -0.8698643752343853, 0.08014945928561268, -0.7416264326591246, 0.22912569270066396, -0.2726993059103242, 0.5355160686614915, -0.902931727160895, -0.7803637637643119, 0.36804643024725525, 0.029307394167312983, 0.1432827432294983, 0.6874139879813108, -0.024524721700651453, 0.6202888442522898, 0.020487258589880097, 0.8534413864805024, 0.333855543079252, -0.7025463211318861, -0.27089364934848836, 0.7315498318881986, -0.29942957828896866, -0.6219484810876903, -0.0547573816684539, -0.21443765035574014, 0.23785985328818726, -0.12646741612097356, -0.47815568541100895, -0.17505557667448635, -0.16193193089539926, 0.8048437117522818, 0.9592325240809707, 0.24713767881382775, -0.8336317548582777, 0.46599743519199, 0.357370804957968, 0.6520457340504391, -0.3050973265778887, -0.8822398116837538, 0.2236436329105842, -0.751970763373456, 0.5190590583266628, 0.5888466351532844, -0.18274642650020412, 0.8875950117660911, -0.6524404124894483, 0.8851716994539605]",rhc,relu,False,False,100,[10],0.1,100,12
1227,27,0.09306690003722906,1.8606692399892926,1822.0,100,15,"[0.9340596780273533, 0.09446449835144466, 0.9453687199297687, 0.4296319873487293, 0.3954576491945416, -0.5678210088392472, 0.9525489095524835, -0.9875394895908203, -0.4940352752331121, -0.13041693519110842, 0.5587658435875049, -0.6046298507994938, 0.7259864711984445, 0.9668013543506255, -0.6723155171906026, 0.19466788786571843, -0.98202780466489, -0.22685743471274122, -0.9116798841370009, 0.9133059354284718, -0.1277067062404047, 0.8979546135631256, 0.5726119718701219, 0.7325785971633969, -0.6536691570081037, -0.850102825973786, 0.2014854427555386, -0.6640556325631923, 0.4667603350211398, -0.18311227969597055, 0.05581764683584067, 0.875143167901884, 0.043392244889916, -0.7836132342255386, -0.6835531856304011, 0.09040530340642561, 0.04880816013694678, 0.2752204882519873, -0.1970091128194542, 0.2996102180386846, -0.20619999419653467, 0.24783222709644614, 0.5348099341802477, -0.6420521799177383, -0.24884846282491524, 0.005066118653868745, 0.3733341598326916, -0.4926407026772337, 0.10948172588511706, 0.24986168812819542, 0.7910023321122921, -0.27429282313374714, 0.2751141460374733, -0.6171071957620733, -0.004411770765388567, -0.6351091908575863, 0.8367660782795254, -0.13635585731754474, 0.6603762041966925, -0.16644739064327485, 0.8093351774867339, -0.19034956537818792, -0.33765099381775454, 0.14427754054549724, 0.6908872981882266, 0.7220286235061439, 0.19137623413666893, -0.8306767779591795, 0.19453321463834983, -0.5090925828337958, 0.46518689717993555, 0.7893025846334776, 0.0294679418262902, 0.20712702072041278, -0.8698643752343853, 0.08014945928561268, -0.7416264326591246, 0.22912569270066396, -0.2726993059103242, 0.5355160686614915, -0.902931727160895, -0.7803637637643119, 0.36804643024725525, 0.029307394167312983, 0.1432827432294983, 0.6874139879813108, -0.024524721700651453, 0.6202888442522898, 0.020487258589880097, 0.8534413864805024, 0.333855543079252, -0.7025463211318861, -0.27089364934848836, 0.7315498318881986, -0.29942957828896866, -0.6219484810876903, -0.0547573816684539, -0.21443765035574014, 0.23785985328818726, -0.12646741612097356, -0.47815568541100895, -0.17505557667448635, -0.16193193089539926, 0.8048437117522818, 0.9592325240809707, 0.24713767881382775, -0.8336317548582777, 0.46599743519199, 0.357370804957968, 0.6520457340504391, -0.3050973265778887, -0.8822398116837538, 0.2236436329105842, -0.751970763373456, 0.5190590583266628, 0.5888466351532844, -0.18274642650020412, 0.8875950117660911, -0.6524404124894483, 0.8851716994539605]",rhc,relu,False,False,100,[10],0.1,100,12
1228,28,0.0945393000729382,1.8606692399892926,1823.0,100,15,"[0.9340596780273533, 0.09446449835144466, 0.9453687199297687, 0.4296319873487293, 0.3954576491945416, -0.5678210088392472, 0.9525489095524835, -0.9875394895908203, -0.4940352752331121, -0.13041693519110842, 0.5587658435875049, -0.6046298507994938, 0.7259864711984445, 0.9668013543506255, -0.6723155171906026, 0.19466788786571843, -0.98202780466489, -0.22685743471274122, -0.9116798841370009, 0.9133059354284718, -0.1277067062404047, 0.8979546135631256, 0.5726119718701219, 0.7325785971633969, -0.6536691570081037, -0.850102825973786, 0.2014854427555386, -0.6640556325631923, 0.4667603350211398, -0.18311227969597055, 0.05581764683584067, 0.875143167901884, 0.043392244889916, -0.7836132342255386, -0.6835531856304011, 0.09040530340642561, 0.04880816013694678, 0.2752204882519873, -0.1970091128194542, 0.2996102180386846, -0.20619999419653467, 0.24783222709644614, 0.5348099341802477, -0.6420521799177383, -0.24884846282491524, 0.005066118653868745, 0.3733341598326916, -0.4926407026772337, 0.10948172588511706, 0.24986168812819542, 0.7910023321122921, -0.27429282313374714, 0.2751141460374733, -0.6171071957620733, -0.004411770765388567, -0.6351091908575863, 0.8367660782795254, -0.13635585731754474, 0.6603762041966925, -0.16644739064327485, 0.8093351774867339, -0.19034956537818792, -0.33765099381775454, 0.14427754054549724, 0.6908872981882266, 0.7220286235061439, 0.19137623413666893, -0.8306767779591795, 0.19453321463834983, -0.5090925828337958, 0.46518689717993555, 0.7893025846334776, 0.0294679418262902, 0.20712702072041278, -0.8698643752343853, 0.08014945928561268, -0.7416264326591246, 0.22912569270066396, -0.2726993059103242, 0.5355160686614915, -0.902931727160895, -0.7803637637643119, 0.36804643024725525, 0.029307394167312983, 0.1432827432294983, 0.6874139879813108, -0.024524721700651453, 0.6202888442522898, 0.020487258589880097, 0.8534413864805024, 0.333855543079252, -0.7025463211318861, -0.27089364934848836, 0.7315498318881986, -0.29942957828896866, -0.6219484810876903, -0.0547573816684539, -0.21443765035574014, 0.23785985328818726, -0.12646741612097356, -0.47815568541100895, -0.17505557667448635, -0.16193193089539926, 0.8048437117522818, 0.9592325240809707, 0.24713767881382775, -0.8336317548582777, 0.46599743519199, 0.357370804957968, 0.6520457340504391, -0.3050973265778887, -0.8822398116837538, 0.2236436329105842, -0.751970763373456, 0.5190590583266628, 0.5888466351532844, -0.18274642650020412, 0.8875950117660911, -0.6524404124894483, 0.8851716994539605]",rhc,relu,False,False,100,[10],0.1,100,12
1229,29,0.09622690000105649,1.8606692399892926,1824.0,100,15,"[0.9340596780273533, 0.09446449835144466, 0.9453687199297687, 0.4296319873487293, 0.3954576491945416, -0.5678210088392472, 0.9525489095524835, -0.9875394895908203, -0.4940352752331121, -0.13041693519110842, 0.5587658435875049, -0.6046298507994938, 0.7259864711984445, 0.9668013543506255, -0.6723155171906026, 0.19466788786571843, -0.98202780466489, -0.22685743471274122, -0.9116798841370009, 0.9133059354284718, -0.1277067062404047, 0.8979546135631256, 0.5726119718701219, 0.7325785971633969, -0.6536691570081037, -0.850102825973786, 0.2014854427555386, -0.6640556325631923, 0.4667603350211398, -0.18311227969597055, 0.05581764683584067, 0.875143167901884, 0.043392244889916, -0.7836132342255386, -0.6835531856304011, 0.09040530340642561, 0.04880816013694678, 0.2752204882519873, -0.1970091128194542, 0.2996102180386846, -0.20619999419653467, 0.24783222709644614, 0.5348099341802477, -0.6420521799177383, -0.24884846282491524, 0.005066118653868745, 0.3733341598326916, -0.4926407026772337, 0.10948172588511706, 0.24986168812819542, 0.7910023321122921, -0.27429282313374714, 0.2751141460374733, -0.6171071957620733, -0.004411770765388567, -0.6351091908575863, 0.8367660782795254, -0.13635585731754474, 0.6603762041966925, -0.16644739064327485, 0.8093351774867339, -0.19034956537818792, -0.33765099381775454, 0.14427754054549724, 0.6908872981882266, 0.7220286235061439, 0.19137623413666893, -0.8306767779591795, 0.19453321463834983, -0.5090925828337958, 0.46518689717993555, 0.7893025846334776, 0.0294679418262902, 0.20712702072041278, -0.8698643752343853, 0.08014945928561268, -0.7416264326591246, 0.22912569270066396, -0.2726993059103242, 0.5355160686614915, -0.902931727160895, -0.7803637637643119, 0.36804643024725525, 0.029307394167312983, 0.1432827432294983, 0.6874139879813108, -0.024524721700651453, 0.6202888442522898, 0.020487258589880097, 0.8534413864805024, 0.333855543079252, -0.7025463211318861, -0.27089364934848836, 0.7315498318881986, -0.29942957828896866, -0.6219484810876903, -0.0547573816684539, -0.21443765035574014, 0.23785985328818726, -0.12646741612097356, -0.47815568541100895, -0.17505557667448635, -0.16193193089539926, 0.8048437117522818, 0.9592325240809707, 0.24713767881382775, -0.8336317548582777, 0.46599743519199, 0.357370804957968, 0.6520457340504391, -0.3050973265778887, -0.8822398116837538, 0.2236436329105842, -0.751970763373456, 0.5190590583266628, 0.5888466351532844, -0.18274642650020412, 0.8875950117660911, -0.6524404124894483, 0.8851716994539605]",rhc,relu,False,False,100,[10],0.1,100,12
1230,30,0.09977780003100634,1.8588554841094531,1826.0,100,15,"[0.9340596780273533, 0.09446449835144466, 0.9453687199297687, 0.4296319873487293, 0.3954576491945416, -0.5678210088392472, 0.9525489095524835, -0.9875394895908203, -0.4940352752331121, -0.13041693519110842, 0.5587658435875049, -0.6046298507994938, 0.7259864711984445, 0.9668013543506255, -0.6723155171906026, 0.19466788786571843, -0.98202780466489, -0.22685743471274122, -0.9116798841370009, 0.9133059354284718, -0.1277067062404047, 0.8979546135631256, 0.5726119718701219, 0.7325785971633969, -0.6536691570081037, -0.850102825973786, 0.2014854427555386, -0.6640556325631923, 0.4667603350211398, -0.18311227969597055, 0.05581764683584067, 0.875143167901884, 0.043392244889916, -0.7836132342255386, -0.6835531856304011, 0.09040530340642561, 0.04880816013694678, 0.2752204882519873, -0.1970091128194542, 0.2996102180386846, -0.20619999419653467, 0.24783222709644614, 0.5348099341802477, -0.6420521799177383, -0.24884846282491524, 0.005066118653868745, 0.3733341598326916, -0.4926407026772337, 0.10948172588511706, 0.24986168812819542, 0.7910023321122921, -0.27429282313374714, 0.2751141460374733, -0.6171071957620733, -0.004411770765388567, -0.6351091908575863, 0.8367660782795254, -0.13635585731754474, 0.6603762041966925, -0.16644739064327485, 0.8093351774867339, -0.19034956537818792, -0.33765099381775454, 0.14427754054549724, 0.6908872981882266, 0.7220286235061439, 0.19137623413666893, -0.8306767779591795, 0.19453321463834983, -0.5090925828337958, 0.46518689717993555, 0.7893025846334776, 0.0294679418262902, 0.20712702072041278, -0.8698643752343853, 0.08014945928561268, -0.7416264326591246, 0.22912569270066396, -0.2726993059103242, 0.5355160686614915, -0.902931727160895, -0.7803637637643119, 0.36804643024725525, 0.029307394167312983, 0.1432827432294983, 0.6874139879813108, -0.024524721700651453, 0.6202888442522898, 0.020487258589880097, 0.8534413864805024, 0.333855543079252, -0.7025463211318861, -0.27089364934848836, 0.7315498318881986, -0.29942957828896866, -0.6219484810876903, -0.0547573816684539, -0.21443765035574014, 0.23785985328818726, -0.12646741612097356, -0.47815568541100895, -0.17505557667448635, -0.16193193089539926, 0.8048437117522818, 0.9592325240809707, 0.24713767881382775, -0.8336317548582777, 0.46599743519199, 0.357370804957968, 0.6520457340504391, -0.3050973265778887, -0.8822398116837538, 0.2236436329105842, -0.751970763373456, 0.5190590583266628, 0.5888466351532844, -0.18274642650020412, 0.8875950117660911, -0.6524404124894483, 0.8851716994539605]",rhc,relu,False,False,100,[10],0.1,100,12
1231,31,0.10406230005901307,1.8588554841094531,1827.0,100,15,"[0.9340596780273533, 0.09446449835144466, 0.9453687199297687, 0.4296319873487293, 0.3954576491945416, -0.5678210088392472, 0.9525489095524835, -0.9875394895908203, -0.4940352752331121, -0.13041693519110842, 0.5587658435875049, -0.6046298507994938, 0.7259864711984445, 0.9668013543506255, -0.6723155171906026, 0.19466788786571843, -0.98202780466489, -0.22685743471274122, -0.9116798841370009, 0.9133059354284718, -0.1277067062404047, 0.8979546135631256, 0.5726119718701219, 0.7325785971633969, -0.6536691570081037, -0.850102825973786, 0.2014854427555386, -0.6640556325631923, 0.4667603350211398, -0.18311227969597055, 0.05581764683584067, 0.875143167901884, 0.043392244889916, -0.7836132342255386, -0.6835531856304011, 0.09040530340642561, 0.04880816013694678, 0.2752204882519873, -0.1970091128194542, 0.2996102180386846, -0.20619999419653467, 0.24783222709644614, 0.5348099341802477, -0.6420521799177383, -0.24884846282491524, 0.005066118653868745, 0.3733341598326916, -0.4926407026772337, 0.10948172588511706, 0.24986168812819542, 0.7910023321122921, -0.27429282313374714, 0.2751141460374733, -0.6171071957620733, -0.004411770765388567, -0.6351091908575863, 0.8367660782795254, -0.13635585731754474, 0.6603762041966925, -0.16644739064327485, 0.8093351774867339, -0.19034956537818792, -0.33765099381775454, 0.14427754054549724, 0.6908872981882266, 0.7220286235061439, 0.19137623413666893, -0.8306767779591795, 0.19453321463834983, -0.5090925828337958, 0.46518689717993555, 0.7893025846334776, 0.0294679418262902, 0.20712702072041278, -0.8698643752343853, 0.08014945928561268, -0.7416264326591246, 0.22912569270066396, -0.2726993059103242, 0.5355160686614915, -0.902931727160895, -0.7803637637643119, 0.36804643024725525, 0.029307394167312983, 0.1432827432294983, 0.6874139879813108, -0.024524721700651453, 0.6202888442522898, 0.020487258589880097, 0.8534413864805024, 0.333855543079252, -0.7025463211318861, -0.27089364934848836, 0.7315498318881986, -0.29942957828896866, -0.6219484810876903, -0.0547573816684539, -0.21443765035574014, 0.23785985328818726, -0.12646741612097356, -0.47815568541100895, -0.17505557667448635, -0.16193193089539926, 0.8048437117522818, 0.9592325240809707, 0.24713767881382775, -0.8336317548582777, 0.46599743519199, 0.357370804957968, 0.6520457340504391, -0.3050973265778887, -0.8822398116837538, 0.2236436329105842, -0.751970763373456, 0.5190590583266628, 0.5888466351532844, -0.18274642650020412, 0.8875950117660911, -0.6524404124894483, 0.8851716994539605]",rhc,relu,False,False,100,[10],0.1,100,12
1232,32,0.1062065000878647,1.8314103984707177,1829.0,100,15,"[0.9340596780273533, 0.09446449835144466, 0.9453687199297687, 0.4296319873487293, 0.3954576491945416, -0.5678210088392472, 0.9525489095524835, -0.9875394895908203, -0.4940352752331121, -0.13041693519110842, 0.5587658435875049, -0.6046298507994938, 0.7259864711984445, 0.9668013543506255, -0.6723155171906026, 0.19466788786571843, -0.98202780466489, -0.22685743471274122, -0.9116798841370009, 0.9133059354284718, -0.1277067062404047, 0.8979546135631256, 0.5726119718701219, 0.7325785971633969, -0.6536691570081037, -0.850102825973786, 0.2014854427555386, -0.6640556325631923, 0.4667603350211398, -0.18311227969597055, 0.05581764683584067, 0.875143167901884, 0.043392244889916, -0.7836132342255386, -0.6835531856304011, 0.09040530340642561, 0.04880816013694678, 0.2752204882519873, -0.1970091128194542, 0.2996102180386846, -0.20619999419653467, 0.24783222709644614, 0.5348099341802477, -0.6420521799177383, -0.24884846282491524, 0.005066118653868745, 0.3733341598326916, -0.4926407026772337, 0.10948172588511706, 0.24986168812819542, 0.7910023321122921, -0.27429282313374714, 0.2751141460374733, -0.6171071957620733, -0.004411770765388567, -0.6351091908575863, 0.8367660782795254, -0.13635585731754474, 0.6603762041966925, -0.16644739064327485, 0.8093351774867339, -0.19034956537818792, -0.33765099381775454, 0.14427754054549724, 0.6908872981882266, 0.7220286235061439, 0.19137623413666893, -0.8306767779591795, 0.19453321463834983, -0.5090925828337958, 0.46518689717993555, 0.7893025846334776, 0.0294679418262902, 0.20712702072041278, -0.8698643752343853, 0.08014945928561268, -0.7416264326591246, 0.22912569270066396, -0.2726993059103242, 0.5355160686614915, -0.902931727160895, -0.7803637637643119, 0.36804643024725525, 0.029307394167312983, 0.1432827432294983, 0.6874139879813108, -0.024524721700651453, 0.6202888442522898, 0.020487258589880097, 0.8534413864805024, 0.333855543079252, -0.7025463211318861, -0.27089364934848836, 0.7315498318881986, -0.29942957828896866, -0.6219484810876903, -0.0547573816684539, -0.21443765035574014, 0.23785985328818726, -0.12646741612097356, -0.47815568541100895, -0.17505557667448635, -0.16193193089539926, 0.8048437117522818, 0.9592325240809707, 0.24713767881382775, -0.8336317548582777, 0.46599743519199, 0.357370804957968, 0.6520457340504391, -0.3050973265778887, -0.8822398116837538, 0.2236436329105842, -0.751970763373456, 0.5190590583266628, 0.5888466351532844, -0.18274642650020412, 0.8875950117660911, -0.6524404124894483, 0.8851716994539605]",rhc,relu,False,False,100,[10],0.1,100,12
1233,33,0.10762970009818673,1.8308715291360629,1831.0,100,15,"[0.9340596780273533, 0.09446449835144466, 0.9453687199297687, 0.4296319873487293, 0.3954576491945416, -0.5678210088392472, 0.9525489095524835, -0.9875394895908203, -0.4940352752331121, -0.13041693519110842, 0.5587658435875049, -0.6046298507994938, 0.7259864711984445, 0.9668013543506255, -0.6723155171906026, 0.19466788786571843, -0.98202780466489, -0.22685743471274122, -0.9116798841370009, 0.9133059354284718, -0.1277067062404047, 0.8979546135631256, 0.5726119718701219, 0.7325785971633969, -0.6536691570081037, -0.850102825973786, 0.2014854427555386, -0.6640556325631923, 0.4667603350211398, -0.18311227969597055, 0.05581764683584067, 0.875143167901884, 0.043392244889916, -0.7836132342255386, -0.6835531856304011, 0.09040530340642561, 0.04880816013694678, 0.2752204882519873, -0.1970091128194542, 0.2996102180386846, -0.20619999419653467, 0.24783222709644614, 0.5348099341802477, -0.6420521799177383, -0.24884846282491524, 0.005066118653868745, 0.3733341598326916, -0.4926407026772337, 0.10948172588511706, 0.24986168812819542, 0.7910023321122921, -0.27429282313374714, 0.2751141460374733, -0.6171071957620733, -0.004411770765388567, -0.6351091908575863, 0.8367660782795254, -0.13635585731754474, 0.6603762041966925, -0.16644739064327485, 0.8093351774867339, -0.19034956537818792, -0.33765099381775454, 0.14427754054549724, 0.6908872981882266, 0.7220286235061439, 0.19137623413666893, -0.8306767779591795, 0.19453321463834983, -0.5090925828337958, 0.46518689717993555, 0.7893025846334776, 0.0294679418262902, 0.20712702072041278, -0.8698643752343853, 0.08014945928561268, -0.7416264326591246, 0.22912569270066396, -0.2726993059103242, 0.5355160686614915, -0.902931727160895, -0.7803637637643119, 0.36804643024725525, 0.029307394167312983, 0.1432827432294983, 0.6874139879813108, -0.024524721700651453, 0.6202888442522898, 0.020487258589880097, 0.8534413864805024, 0.333855543079252, -0.7025463211318861, -0.27089364934848836, 0.7315498318881986, -0.29942957828896866, -0.6219484810876903, -0.0547573816684539, -0.21443765035574014, 0.23785985328818726, -0.12646741612097356, -0.47815568541100895, -0.17505557667448635, -0.16193193089539926, 0.8048437117522818, 0.9592325240809707, 0.24713767881382775, -0.8336317548582777, 0.46599743519199, 0.357370804957968, 0.6520457340504391, -0.3050973265778887, -0.8822398116837538, 0.2236436329105842, -0.751970763373456, 0.5190590583266628, 0.5888466351532844, -0.18274642650020412, 0.8875950117660911, -0.6524404124894483, 0.8851716994539605]",rhc,relu,False,False,100,[10],0.1,100,12
1234,34,0.10928710002917796,1.8308715291360629,1832.0,100,15,"[0.9340596780273533, 0.09446449835144466, 0.9453687199297687, 0.4296319873487293, 0.3954576491945416, -0.5678210088392472, 0.9525489095524835, -0.9875394895908203, -0.4940352752331121, -0.13041693519110842, 0.5587658435875049, -0.6046298507994938, 0.7259864711984445, 0.9668013543506255, -0.6723155171906026, 0.19466788786571843, -0.98202780466489, -0.22685743471274122, -0.9116798841370009, 0.9133059354284718, -0.1277067062404047, 0.8979546135631256, 0.5726119718701219, 0.7325785971633969, -0.6536691570081037, -0.850102825973786, 0.2014854427555386, -0.6640556325631923, 0.4667603350211398, -0.18311227969597055, 0.05581764683584067, 0.875143167901884, 0.043392244889916, -0.7836132342255386, -0.6835531856304011, 0.09040530340642561, 0.04880816013694678, 0.2752204882519873, -0.1970091128194542, 0.2996102180386846, -0.20619999419653467, 0.24783222709644614, 0.5348099341802477, -0.6420521799177383, -0.24884846282491524, 0.005066118653868745, 0.3733341598326916, -0.4926407026772337, 0.10948172588511706, 0.24986168812819542, 0.7910023321122921, -0.27429282313374714, 0.2751141460374733, -0.6171071957620733, -0.004411770765388567, -0.6351091908575863, 0.8367660782795254, -0.13635585731754474, 0.6603762041966925, -0.16644739064327485, 0.8093351774867339, -0.19034956537818792, -0.33765099381775454, 0.14427754054549724, 0.6908872981882266, 0.7220286235061439, 0.19137623413666893, -0.8306767779591795, 0.19453321463834983, -0.5090925828337958, 0.46518689717993555, 0.7893025846334776, 0.0294679418262902, 0.20712702072041278, -0.8698643752343853, 0.08014945928561268, -0.7416264326591246, 0.22912569270066396, -0.2726993059103242, 0.5355160686614915, -0.902931727160895, -0.7803637637643119, 0.36804643024725525, 0.029307394167312983, 0.1432827432294983, 0.6874139879813108, -0.024524721700651453, 0.6202888442522898, 0.020487258589880097, 0.8534413864805024, 0.333855543079252, -0.7025463211318861, -0.27089364934848836, 0.7315498318881986, -0.29942957828896866, -0.6219484810876903, -0.0547573816684539, -0.21443765035574014, 0.23785985328818726, -0.12646741612097356, -0.47815568541100895, -0.17505557667448635, -0.16193193089539926, 0.8048437117522818, 0.9592325240809707, 0.24713767881382775, -0.8336317548582777, 0.46599743519199, 0.357370804957968, 0.6520457340504391, -0.3050973265778887, -0.8822398116837538, 0.2236436329105842, -0.751970763373456, 0.5190590583266628, 0.5888466351532844, -0.18274642650020412, 0.8875950117660911, -0.6524404124894483, 0.8851716994539605]",rhc,relu,False,False,100,[10],0.1,100,12
1235,35,0.11070370010565966,1.816561774842057,1834.0,100,15,"[0.9340596780273533, 0.09446449835144466, 0.9453687199297687, 0.4296319873487293, 0.3954576491945416, -0.5678210088392472, 0.9525489095524835, -0.9875394895908203, -0.4940352752331121, -0.13041693519110842, 0.5587658435875049, -0.6046298507994938, 0.7259864711984445, 0.9668013543506255, -0.6723155171906026, 0.19466788786571843, -0.98202780466489, -0.22685743471274122, -0.9116798841370009, 0.9133059354284718, -0.1277067062404047, 0.8979546135631256, 0.5726119718701219, 0.7325785971633969, -0.6536691570081037, -0.850102825973786, 0.2014854427555386, -0.6640556325631923, 0.4667603350211398, -0.18311227969597055, 0.05581764683584067, 0.875143167901884, 0.043392244889916, -0.7836132342255386, -0.6835531856304011, 0.09040530340642561, 0.04880816013694678, 0.2752204882519873, -0.1970091128194542, 0.2996102180386846, -0.20619999419653467, 0.24783222709644614, 0.5348099341802477, -0.6420521799177383, -0.24884846282491524, 0.005066118653868745, 0.3733341598326916, -0.4926407026772337, 0.10948172588511706, 0.24986168812819542, 0.7910023321122921, -0.27429282313374714, 0.2751141460374733, -0.6171071957620733, -0.004411770765388567, -0.6351091908575863, 0.8367660782795254, -0.13635585731754474, 0.6603762041966925, -0.16644739064327485, 0.8093351774867339, -0.19034956537818792, -0.33765099381775454, 0.14427754054549724, 0.6908872981882266, 0.7220286235061439, 0.19137623413666893, -0.8306767779591795, 0.19453321463834983, -0.5090925828337958, 0.46518689717993555, 0.7893025846334776, 0.0294679418262902, 0.20712702072041278, -0.8698643752343853, 0.08014945928561268, -0.7416264326591246, 0.22912569270066396, -0.2726993059103242, 0.5355160686614915, -0.902931727160895, -0.7803637637643119, 0.36804643024725525, 0.029307394167312983, 0.1432827432294983, 0.6874139879813108, -0.024524721700651453, 0.6202888442522898, 0.020487258589880097, 0.8534413864805024, 0.333855543079252, -0.7025463211318861, -0.27089364934848836, 0.7315498318881986, -0.29942957828896866, -0.6219484810876903, -0.0547573816684539, -0.21443765035574014, 0.23785985328818726, -0.12646741612097356, -0.47815568541100895, -0.17505557667448635, -0.16193193089539926, 0.8048437117522818, 0.9592325240809707, 0.24713767881382775, -0.8336317548582777, 0.46599743519199, 0.357370804957968, 0.6520457340504391, -0.3050973265778887, -0.8822398116837538, 0.2236436329105842, -0.751970763373456, 0.5190590583266628, 0.5888466351532844, -0.18274642650020412, 0.8875950117660911, -0.6524404124894483, 0.8851716994539605]",rhc,relu,False,False,100,[10],0.1,100,12
1236,36,0.1138131000334397,1.816561774842057,1835.0,100,15,"[0.9340596780273533, 0.09446449835144466, 0.9453687199297687, 0.4296319873487293, 0.3954576491945416, -0.5678210088392472, 0.9525489095524835, -0.9875394895908203, -0.4940352752331121, -0.13041693519110842, 0.5587658435875049, -0.6046298507994938, 0.7259864711984445, 0.9668013543506255, -0.6723155171906026, 0.19466788786571843, -0.98202780466489, -0.22685743471274122, -0.9116798841370009, 0.9133059354284718, -0.1277067062404047, 0.8979546135631256, 0.5726119718701219, 0.7325785971633969, -0.6536691570081037, -0.850102825973786, 0.2014854427555386, -0.6640556325631923, 0.4667603350211398, -0.18311227969597055, 0.05581764683584067, 0.875143167901884, 0.043392244889916, -0.7836132342255386, -0.6835531856304011, 0.09040530340642561, 0.04880816013694678, 0.2752204882519873, -0.1970091128194542, 0.2996102180386846, -0.20619999419653467, 0.24783222709644614, 0.5348099341802477, -0.6420521799177383, -0.24884846282491524, 0.005066118653868745, 0.3733341598326916, -0.4926407026772337, 0.10948172588511706, 0.24986168812819542, 0.7910023321122921, -0.27429282313374714, 0.2751141460374733, -0.6171071957620733, -0.004411770765388567, -0.6351091908575863, 0.8367660782795254, -0.13635585731754474, 0.6603762041966925, -0.16644739064327485, 0.8093351774867339, -0.19034956537818792, -0.33765099381775454, 0.14427754054549724, 0.6908872981882266, 0.7220286235061439, 0.19137623413666893, -0.8306767779591795, 0.19453321463834983, -0.5090925828337958, 0.46518689717993555, 0.7893025846334776, 0.0294679418262902, 0.20712702072041278, -0.8698643752343853, 0.08014945928561268, -0.7416264326591246, 0.22912569270066396, -0.2726993059103242, 0.5355160686614915, -0.902931727160895, -0.7803637637643119, 0.36804643024725525, 0.029307394167312983, 0.1432827432294983, 0.6874139879813108, -0.024524721700651453, 0.6202888442522898, 0.020487258589880097, 0.8534413864805024, 0.333855543079252, -0.7025463211318861, -0.27089364934848836, 0.7315498318881986, -0.29942957828896866, -0.6219484810876903, -0.0547573816684539, -0.21443765035574014, 0.23785985328818726, -0.12646741612097356, -0.47815568541100895, -0.17505557667448635, -0.16193193089539926, 0.8048437117522818, 0.9592325240809707, 0.24713767881382775, -0.8336317548582777, 0.46599743519199, 0.357370804957968, 0.6520457340504391, -0.3050973265778887, -0.8822398116837538, 0.2236436329105842, -0.751970763373456, 0.5190590583266628, 0.5888466351532844, -0.18274642650020412, 0.8875950117660911, -0.6524404124894483, 0.8851716994539605]",rhc,relu,False,False,100,[10],0.1,100,12
1237,37,0.1166854000184685,1.8156339849233667,1837.0,100,15,"[0.9340596780273533, 0.09446449835144466, 0.9453687199297687, 0.4296319873487293, 0.3954576491945416, -0.5678210088392472, 0.9525489095524835, -0.9875394895908203, -0.4940352752331121, -0.13041693519110842, 0.5587658435875049, -0.6046298507994938, 0.7259864711984445, 0.9668013543506255, -0.6723155171906026, 0.19466788786571843, -0.98202780466489, -0.22685743471274122, -0.9116798841370009, 0.9133059354284718, -0.1277067062404047, 0.8979546135631256, 0.5726119718701219, 0.7325785971633969, -0.6536691570081037, -0.850102825973786, 0.2014854427555386, -0.6640556325631923, 0.4667603350211398, -0.18311227969597055, 0.05581764683584067, 0.875143167901884, 0.043392244889916, -0.7836132342255386, -0.6835531856304011, 0.09040530340642561, 0.04880816013694678, 0.2752204882519873, -0.1970091128194542, 0.2996102180386846, -0.20619999419653467, 0.24783222709644614, 0.5348099341802477, -0.6420521799177383, -0.24884846282491524, 0.005066118653868745, 0.3733341598326916, -0.4926407026772337, 0.10948172588511706, 0.24986168812819542, 0.7910023321122921, -0.27429282313374714, 0.2751141460374733, -0.6171071957620733, -0.004411770765388567, -0.6351091908575863, 0.8367660782795254, -0.13635585731754474, 0.6603762041966925, -0.16644739064327485, 0.8093351774867339, -0.19034956537818792, -0.33765099381775454, 0.14427754054549724, 0.6908872981882266, 0.7220286235061439, 0.19137623413666893, -0.8306767779591795, 0.19453321463834983, -0.5090925828337958, 0.46518689717993555, 0.7893025846334776, 0.0294679418262902, 0.20712702072041278, -0.8698643752343853, 0.08014945928561268, -0.7416264326591246, 0.22912569270066396, -0.2726993059103242, 0.5355160686614915, -0.902931727160895, -0.7803637637643119, 0.36804643024725525, 0.029307394167312983, 0.1432827432294983, 0.6874139879813108, -0.024524721700651453, 0.6202888442522898, 0.020487258589880097, 0.8534413864805024, 0.333855543079252, -0.7025463211318861, -0.27089364934848836, 0.7315498318881986, -0.29942957828896866, -0.6219484810876903, -0.0547573816684539, -0.21443765035574014, 0.23785985328818726, -0.12646741612097356, -0.47815568541100895, -0.17505557667448635, -0.16193193089539926, 0.8048437117522818, 0.9592325240809707, 0.24713767881382775, -0.8336317548582777, 0.46599743519199, 0.357370804957968, 0.6520457340504391, -0.3050973265778887, -0.8822398116837538, 0.2236436329105842, -0.751970763373456, 0.5190590583266628, 0.5888466351532844, -0.18274642650020412, 0.8875950117660911, -0.6524404124894483, 0.8851716994539605]",rhc,relu,False,False,100,[10],0.1,100,12
1238,38,0.11806140001863241,1.8156339849233667,1838.0,100,15,"[0.9340596780273533, 0.09446449835144466, 0.9453687199297687, 0.4296319873487293, 0.3954576491945416, -0.5678210088392472, 0.9525489095524835, -0.9875394895908203, -0.4940352752331121, -0.13041693519110842, 0.5587658435875049, -0.6046298507994938, 0.7259864711984445, 0.9668013543506255, -0.6723155171906026, 0.19466788786571843, -0.98202780466489, -0.22685743471274122, -0.9116798841370009, 0.9133059354284718, -0.1277067062404047, 0.8979546135631256, 0.5726119718701219, 0.7325785971633969, -0.6536691570081037, -0.850102825973786, 0.2014854427555386, -0.6640556325631923, 0.4667603350211398, -0.18311227969597055, 0.05581764683584067, 0.875143167901884, 0.043392244889916, -0.7836132342255386, -0.6835531856304011, 0.09040530340642561, 0.04880816013694678, 0.2752204882519873, -0.1970091128194542, 0.2996102180386846, -0.20619999419653467, 0.24783222709644614, 0.5348099341802477, -0.6420521799177383, -0.24884846282491524, 0.005066118653868745, 0.3733341598326916, -0.4926407026772337, 0.10948172588511706, 0.24986168812819542, 0.7910023321122921, -0.27429282313374714, 0.2751141460374733, -0.6171071957620733, -0.004411770765388567, -0.6351091908575863, 0.8367660782795254, -0.13635585731754474, 0.6603762041966925, -0.16644739064327485, 0.8093351774867339, -0.19034956537818792, -0.33765099381775454, 0.14427754054549724, 0.6908872981882266, 0.7220286235061439, 0.19137623413666893, -0.8306767779591795, 0.19453321463834983, -0.5090925828337958, 0.46518689717993555, 0.7893025846334776, 0.0294679418262902, 0.20712702072041278, -0.8698643752343853, 0.08014945928561268, -0.7416264326591246, 0.22912569270066396, -0.2726993059103242, 0.5355160686614915, -0.902931727160895, -0.7803637637643119, 0.36804643024725525, 0.029307394167312983, 0.1432827432294983, 0.6874139879813108, -0.024524721700651453, 0.6202888442522898, 0.020487258589880097, 0.8534413864805024, 0.333855543079252, -0.7025463211318861, -0.27089364934848836, 0.7315498318881986, -0.29942957828896866, -0.6219484810876903, -0.0547573816684539, -0.21443765035574014, 0.23785985328818726, -0.12646741612097356, -0.47815568541100895, -0.17505557667448635, -0.16193193089539926, 0.8048437117522818, 0.9592325240809707, 0.24713767881382775, -0.8336317548582777, 0.46599743519199, 0.357370804957968, 0.6520457340504391, -0.3050973265778887, -0.8822398116837538, 0.2236436329105842, -0.751970763373456, 0.5190590583266628, 0.5888466351532844, -0.18274642650020412, 0.8875950117660911, -0.6524404124894483, 0.8851716994539605]",rhc,relu,False,False,100,[10],0.1,100,12
1239,39,0.12082070007454604,1.8090537823373565,1840.0,100,15,"[0.9340596780273533, 0.09446449835144466, 0.9453687199297687, 0.4296319873487293, 0.3954576491945416, -0.5678210088392472, 0.9525489095524835, -0.9875394895908203, -0.4940352752331121, -0.13041693519110842, 0.5587658435875049, -0.6046298507994938, 0.7259864711984445, 0.9668013543506255, -0.6723155171906026, 0.19466788786571843, -0.98202780466489, -0.22685743471274122, -0.9116798841370009, 0.9133059354284718, -0.1277067062404047, 0.8979546135631256, 0.5726119718701219, 0.7325785971633969, -0.6536691570081037, -0.850102825973786, 0.2014854427555386, -0.6640556325631923, 0.4667603350211398, -0.18311227969597055, 0.05581764683584067, 0.875143167901884, 0.043392244889916, -0.7836132342255386, -0.6835531856304011, 0.09040530340642561, 0.04880816013694678, 0.2752204882519873, -0.1970091128194542, 0.2996102180386846, -0.20619999419653467, 0.24783222709644614, 0.5348099341802477, -0.6420521799177383, -0.24884846282491524, 0.005066118653868745, 0.3733341598326916, -0.4926407026772337, 0.10948172588511706, 0.24986168812819542, 0.7910023321122921, -0.27429282313374714, 0.2751141460374733, -0.6171071957620733, -0.004411770765388567, -0.6351091908575863, 0.8367660782795254, -0.13635585731754474, 0.6603762041966925, -0.16644739064327485, 0.8093351774867339, -0.19034956537818792, -0.33765099381775454, 0.14427754054549724, 0.6908872981882266, 0.7220286235061439, 0.19137623413666893, -0.8306767779591795, 0.19453321463834983, -0.5090925828337958, 0.46518689717993555, 0.7893025846334776, 0.0294679418262902, 0.20712702072041278, -0.8698643752343853, 0.08014945928561268, -0.7416264326591246, 0.22912569270066396, -0.2726993059103242, 0.5355160686614915, -0.902931727160895, -0.7803637637643119, 0.36804643024725525, 0.029307394167312983, 0.1432827432294983, 0.6874139879813108, -0.024524721700651453, 0.6202888442522898, 0.020487258589880097, 0.8534413864805024, 0.333855543079252, -0.7025463211318861, -0.27089364934848836, 0.7315498318881986, -0.29942957828896866, -0.6219484810876903, -0.0547573816684539, -0.21443765035574014, 0.23785985328818726, -0.12646741612097356, -0.47815568541100895, -0.17505557667448635, -0.16193193089539926, 0.8048437117522818, 0.9592325240809707, 0.24713767881382775, -0.8336317548582777, 0.46599743519199, 0.357370804957968, 0.6520457340504391, -0.3050973265778887, -0.8822398116837538, 0.2236436329105842, -0.751970763373456, 0.5190590583266628, 0.5888466351532844, -0.18274642650020412, 0.8875950117660911, -0.6524404124894483, 0.8851716994539605]",rhc,relu,False,False,100,[10],0.1,100,12
1240,40,0.12267690000589937,1.8090537823373565,1841.0,100,15,"[0.9340596780273533, 0.09446449835144466, 0.9453687199297687, 0.4296319873487293, 0.3954576491945416, -0.5678210088392472, 0.9525489095524835, -0.9875394895908203, -0.4940352752331121, -0.13041693519110842, 0.5587658435875049, -0.6046298507994938, 0.7259864711984445, 0.9668013543506255, -0.6723155171906026, 0.19466788786571843, -0.98202780466489, -0.22685743471274122, -0.9116798841370009, 0.9133059354284718, -0.1277067062404047, 0.8979546135631256, 0.5726119718701219, 0.7325785971633969, -0.6536691570081037, -0.850102825973786, 0.2014854427555386, -0.6640556325631923, 0.4667603350211398, -0.18311227969597055, 0.05581764683584067, 0.875143167901884, 0.043392244889916, -0.7836132342255386, -0.6835531856304011, 0.09040530340642561, 0.04880816013694678, 0.2752204882519873, -0.1970091128194542, 0.2996102180386846, -0.20619999419653467, 0.24783222709644614, 0.5348099341802477, -0.6420521799177383, -0.24884846282491524, 0.005066118653868745, 0.3733341598326916, -0.4926407026772337, 0.10948172588511706, 0.24986168812819542, 0.7910023321122921, -0.27429282313374714, 0.2751141460374733, -0.6171071957620733, -0.004411770765388567, -0.6351091908575863, 0.8367660782795254, -0.13635585731754474, 0.6603762041966925, -0.16644739064327485, 0.8093351774867339, -0.19034956537818792, -0.33765099381775454, 0.14427754054549724, 0.6908872981882266, 0.7220286235061439, 0.19137623413666893, -0.8306767779591795, 0.19453321463834983, -0.5090925828337958, 0.46518689717993555, 0.7893025846334776, 0.0294679418262902, 0.20712702072041278, -0.8698643752343853, 0.08014945928561268, -0.7416264326591246, 0.22912569270066396, -0.2726993059103242, 0.5355160686614915, -0.902931727160895, -0.7803637637643119, 0.36804643024725525, 0.029307394167312983, 0.1432827432294983, 0.6874139879813108, -0.024524721700651453, 0.6202888442522898, 0.020487258589880097, 0.8534413864805024, 0.333855543079252, -0.7025463211318861, -0.27089364934848836, 0.7315498318881986, -0.29942957828896866, -0.6219484810876903, -0.0547573816684539, -0.21443765035574014, 0.23785985328818726, -0.12646741612097356, -0.47815568541100895, -0.17505557667448635, -0.16193193089539926, 0.8048437117522818, 0.9592325240809707, 0.24713767881382775, -0.8336317548582777, 0.46599743519199, 0.357370804957968, 0.6520457340504391, -0.3050973265778887, -0.8822398116837538, 0.2236436329105842, -0.751970763373456, 0.5190590583266628, 0.5888466351532844, -0.18274642650020412, 0.8875950117660911, -0.6524404124894483, 0.8851716994539605]",rhc,relu,False,False,100,[10],0.1,100,12
1241,41,0.1255848000291735,1.8090537823373565,1842.0,100,15,"[0.9340596780273533, 0.09446449835144466, 0.9453687199297687, 0.4296319873487293, 0.3954576491945416, -0.5678210088392472, 0.9525489095524835, -0.9875394895908203, -0.4940352752331121, -0.13041693519110842, 0.5587658435875049, -0.6046298507994938, 0.7259864711984445, 0.9668013543506255, -0.6723155171906026, 0.19466788786571843, -0.98202780466489, -0.22685743471274122, -0.9116798841370009, 0.9133059354284718, -0.1277067062404047, 0.8979546135631256, 0.5726119718701219, 0.7325785971633969, -0.6536691570081037, -0.850102825973786, 0.2014854427555386, -0.6640556325631923, 0.4667603350211398, -0.18311227969597055, 0.05581764683584067, 0.875143167901884, 0.043392244889916, -0.7836132342255386, -0.6835531856304011, 0.09040530340642561, 0.04880816013694678, 0.2752204882519873, -0.1970091128194542, 0.2996102180386846, -0.20619999419653467, 0.24783222709644614, 0.5348099341802477, -0.6420521799177383, -0.24884846282491524, 0.005066118653868745, 0.3733341598326916, -0.4926407026772337, 0.10948172588511706, 0.24986168812819542, 0.7910023321122921, -0.27429282313374714, 0.2751141460374733, -0.6171071957620733, -0.004411770765388567, -0.6351091908575863, 0.8367660782795254, -0.13635585731754474, 0.6603762041966925, -0.16644739064327485, 0.8093351774867339, -0.19034956537818792, -0.33765099381775454, 0.14427754054549724, 0.6908872981882266, 0.7220286235061439, 0.19137623413666893, -0.8306767779591795, 0.19453321463834983, -0.5090925828337958, 0.46518689717993555, 0.7893025846334776, 0.0294679418262902, 0.20712702072041278, -0.8698643752343853, 0.08014945928561268, -0.7416264326591246, 0.22912569270066396, -0.2726993059103242, 0.5355160686614915, -0.902931727160895, -0.7803637637643119, 0.36804643024725525, 0.029307394167312983, 0.1432827432294983, 0.6874139879813108, -0.024524721700651453, 0.6202888442522898, 0.020487258589880097, 0.8534413864805024, 0.333855543079252, -0.7025463211318861, -0.27089364934848836, 0.7315498318881986, -0.29942957828896866, -0.6219484810876903, -0.0547573816684539, -0.21443765035574014, 0.23785985328818726, -0.12646741612097356, -0.47815568541100895, -0.17505557667448635, -0.16193193089539926, 0.8048437117522818, 0.9592325240809707, 0.24713767881382775, -0.8336317548582777, 0.46599743519199, 0.357370804957968, 0.6520457340504391, -0.3050973265778887, -0.8822398116837538, 0.2236436329105842, -0.751970763373456, 0.5190590583266628, 0.5888466351532844, -0.18274642650020412, 0.8875950117660911, -0.6524404124894483, 0.8851716994539605]",rhc,relu,False,False,100,[10],0.1,100,12
1242,42,0.12696350004989654,1.8090537823373565,1843.0,100,15,"[0.9340596780273533, 0.09446449835144466, 0.9453687199297687, 0.4296319873487293, 0.3954576491945416, -0.5678210088392472, 0.9525489095524835, -0.9875394895908203, -0.4940352752331121, -0.13041693519110842, 0.5587658435875049, -0.6046298507994938, 0.7259864711984445, 0.9668013543506255, -0.6723155171906026, 0.19466788786571843, -0.98202780466489, -0.22685743471274122, -0.9116798841370009, 0.9133059354284718, -0.1277067062404047, 0.8979546135631256, 0.5726119718701219, 0.7325785971633969, -0.6536691570081037, -0.850102825973786, 0.2014854427555386, -0.6640556325631923, 0.4667603350211398, -0.18311227969597055, 0.05581764683584067, 0.875143167901884, 0.043392244889916, -0.7836132342255386, -0.6835531856304011, 0.09040530340642561, 0.04880816013694678, 0.2752204882519873, -0.1970091128194542, 0.2996102180386846, -0.20619999419653467, 0.24783222709644614, 0.5348099341802477, -0.6420521799177383, -0.24884846282491524, 0.005066118653868745, 0.3733341598326916, -0.4926407026772337, 0.10948172588511706, 0.24986168812819542, 0.7910023321122921, -0.27429282313374714, 0.2751141460374733, -0.6171071957620733, -0.004411770765388567, -0.6351091908575863, 0.8367660782795254, -0.13635585731754474, 0.6603762041966925, -0.16644739064327485, 0.8093351774867339, -0.19034956537818792, -0.33765099381775454, 0.14427754054549724, 0.6908872981882266, 0.7220286235061439, 0.19137623413666893, -0.8306767779591795, 0.19453321463834983, -0.5090925828337958, 0.46518689717993555, 0.7893025846334776, 0.0294679418262902, 0.20712702072041278, -0.8698643752343853, 0.08014945928561268, -0.7416264326591246, 0.22912569270066396, -0.2726993059103242, 0.5355160686614915, -0.902931727160895, -0.7803637637643119, 0.36804643024725525, 0.029307394167312983, 0.1432827432294983, 0.6874139879813108, -0.024524721700651453, 0.6202888442522898, 0.020487258589880097, 0.8534413864805024, 0.333855543079252, -0.7025463211318861, -0.27089364934848836, 0.7315498318881986, -0.29942957828896866, -0.6219484810876903, -0.0547573816684539, -0.21443765035574014, 0.23785985328818726, -0.12646741612097356, -0.47815568541100895, -0.17505557667448635, -0.16193193089539926, 0.8048437117522818, 0.9592325240809707, 0.24713767881382775, -0.8336317548582777, 0.46599743519199, 0.357370804957968, 0.6520457340504391, -0.3050973265778887, -0.8822398116837538, 0.2236436329105842, -0.751970763373456, 0.5190590583266628, 0.5888466351532844, -0.18274642650020412, 0.8875950117660911, -0.6524404124894483, 0.8851716994539605]",rhc,relu,False,False,100,[10],0.1,100,12
1243,43,0.13002750009763986,1.8090537823373565,1844.0,100,15,"[0.9340596780273533, 0.09446449835144466, 0.9453687199297687, 0.4296319873487293, 0.3954576491945416, -0.5678210088392472, 0.9525489095524835, -0.9875394895908203, -0.4940352752331121, -0.13041693519110842, 0.5587658435875049, -0.6046298507994938, 0.7259864711984445, 0.9668013543506255, -0.6723155171906026, 0.19466788786571843, -0.98202780466489, -0.22685743471274122, -0.9116798841370009, 0.9133059354284718, -0.1277067062404047, 0.8979546135631256, 0.5726119718701219, 0.7325785971633969, -0.6536691570081037, -0.850102825973786, 0.2014854427555386, -0.6640556325631923, 0.4667603350211398, -0.18311227969597055, 0.05581764683584067, 0.875143167901884, 0.043392244889916, -0.7836132342255386, -0.6835531856304011, 0.09040530340642561, 0.04880816013694678, 0.2752204882519873, -0.1970091128194542, 0.2996102180386846, -0.20619999419653467, 0.24783222709644614, 0.5348099341802477, -0.6420521799177383, -0.24884846282491524, 0.005066118653868745, 0.3733341598326916, -0.4926407026772337, 0.10948172588511706, 0.24986168812819542, 0.7910023321122921, -0.27429282313374714, 0.2751141460374733, -0.6171071957620733, -0.004411770765388567, -0.6351091908575863, 0.8367660782795254, -0.13635585731754474, 0.6603762041966925, -0.16644739064327485, 0.8093351774867339, -0.19034956537818792, -0.33765099381775454, 0.14427754054549724, 0.6908872981882266, 0.7220286235061439, 0.19137623413666893, -0.8306767779591795, 0.19453321463834983, -0.5090925828337958, 0.46518689717993555, 0.7893025846334776, 0.0294679418262902, 0.20712702072041278, -0.8698643752343853, 0.08014945928561268, -0.7416264326591246, 0.22912569270066396, -0.2726993059103242, 0.5355160686614915, -0.902931727160895, -0.7803637637643119, 0.36804643024725525, 0.029307394167312983, 0.1432827432294983, 0.6874139879813108, -0.024524721700651453, 0.6202888442522898, 0.020487258589880097, 0.8534413864805024, 0.333855543079252, -0.7025463211318861, -0.27089364934848836, 0.7315498318881986, -0.29942957828896866, -0.6219484810876903, -0.0547573816684539, -0.21443765035574014, 0.23785985328818726, -0.12646741612097356, -0.47815568541100895, -0.17505557667448635, -0.16193193089539926, 0.8048437117522818, 0.9592325240809707, 0.24713767881382775, -0.8336317548582777, 0.46599743519199, 0.357370804957968, 0.6520457340504391, -0.3050973265778887, -0.8822398116837538, 0.2236436329105842, -0.751970763373456, 0.5190590583266628, 0.5888466351532844, -0.18274642650020412, 0.8875950117660911, -0.6524404124894483, 0.8851716994539605]",rhc,relu,False,False,100,[10],0.1,100,12
1244,44,0.1314245000248775,1.8058250185422424,1846.0,100,15,"[0.9340596780273533, 0.09446449835144466, 0.9453687199297687, 0.4296319873487293, 0.3954576491945416, -0.5678210088392472, 0.9525489095524835, -0.9875394895908203, -0.4940352752331121, -0.13041693519110842, 0.5587658435875049, -0.6046298507994938, 0.7259864711984445, 0.9668013543506255, -0.6723155171906026, 0.19466788786571843, -0.98202780466489, -0.22685743471274122, -0.9116798841370009, 0.9133059354284718, -0.1277067062404047, 0.8979546135631256, 0.5726119718701219, 0.7325785971633969, -0.6536691570081037, -0.850102825973786, 0.2014854427555386, -0.6640556325631923, 0.4667603350211398, -0.18311227969597055, 0.05581764683584067, 0.875143167901884, 0.043392244889916, -0.7836132342255386, -0.6835531856304011, 0.09040530340642561, 0.04880816013694678, 0.2752204882519873, -0.1970091128194542, 0.2996102180386846, -0.20619999419653467, 0.24783222709644614, 0.5348099341802477, -0.6420521799177383, -0.24884846282491524, 0.005066118653868745, 0.3733341598326916, -0.4926407026772337, 0.10948172588511706, 0.24986168812819542, 0.7910023321122921, -0.27429282313374714, 0.2751141460374733, -0.6171071957620733, -0.004411770765388567, -0.6351091908575863, 0.8367660782795254, -0.13635585731754474, 0.6603762041966925, -0.16644739064327485, 0.8093351774867339, -0.19034956537818792, -0.33765099381775454, 0.14427754054549724, 0.6908872981882266, 0.7220286235061439, 0.19137623413666893, -0.8306767779591795, 0.19453321463834983, -0.5090925828337958, 0.46518689717993555, 0.7893025846334776, 0.0294679418262902, 0.20712702072041278, -0.8698643752343853, 0.08014945928561268, -0.7416264326591246, 0.22912569270066396, -0.2726993059103242, 0.5355160686614915, -0.902931727160895, -0.7803637637643119, 0.36804643024725525, 0.029307394167312983, 0.1432827432294983, 0.6874139879813108, -0.024524721700651453, 0.6202888442522898, 0.020487258589880097, 0.8534413864805024, 0.333855543079252, -0.7025463211318861, -0.27089364934848836, 0.7315498318881986, -0.29942957828896866, -0.6219484810876903, -0.0547573816684539, -0.21443765035574014, 0.23785985328818726, -0.12646741612097356, -0.47815568541100895, -0.17505557667448635, -0.16193193089539926, 0.8048437117522818, 0.9592325240809707, 0.24713767881382775, -0.8336317548582777, 0.46599743519199, 0.357370804957968, 0.6520457340504391, -0.3050973265778887, -0.8822398116837538, 0.2236436329105842, -0.751970763373456, 0.5190590583266628, 0.5888466351532844, -0.18274642650020412, 0.8875950117660911, -0.6524404124894483, 0.8851716994539605]",rhc,relu,False,False,100,[10],0.1,100,12
1245,45,0.13282990001607686,1.80137835731274,1848.0,100,15,"[0.9340596780273533, 0.09446449835144466, 0.9453687199297687, 0.4296319873487293, 0.3954576491945416, -0.5678210088392472, 0.9525489095524835, -0.9875394895908203, -0.4940352752331121, -0.13041693519110842, 0.5587658435875049, -0.6046298507994938, 0.7259864711984445, 0.9668013543506255, -0.6723155171906026, 0.19466788786571843, -0.98202780466489, -0.22685743471274122, -0.9116798841370009, 0.9133059354284718, -0.1277067062404047, 0.8979546135631256, 0.5726119718701219, 0.7325785971633969, -0.6536691570081037, -0.850102825973786, 0.2014854427555386, -0.6640556325631923, 0.4667603350211398, -0.18311227969597055, 0.05581764683584067, 0.875143167901884, 0.043392244889916, -0.7836132342255386, -0.6835531856304011, 0.09040530340642561, 0.04880816013694678, 0.2752204882519873, -0.1970091128194542, 0.2996102180386846, -0.20619999419653467, 0.24783222709644614, 0.5348099341802477, -0.6420521799177383, -0.24884846282491524, 0.005066118653868745, 0.3733341598326916, -0.4926407026772337, 0.10948172588511706, 0.24986168812819542, 0.7910023321122921, -0.27429282313374714, 0.2751141460374733, -0.6171071957620733, -0.004411770765388567, -0.6351091908575863, 0.8367660782795254, -0.13635585731754474, 0.6603762041966925, -0.16644739064327485, 0.8093351774867339, -0.19034956537818792, -0.33765099381775454, 0.14427754054549724, 0.6908872981882266, 0.7220286235061439, 0.19137623413666893, -0.8306767779591795, 0.19453321463834983, -0.5090925828337958, 0.46518689717993555, 0.7893025846334776, 0.0294679418262902, 0.20712702072041278, -0.8698643752343853, 0.08014945928561268, -0.7416264326591246, 0.22912569270066396, -0.2726993059103242, 0.5355160686614915, -0.902931727160895, -0.7803637637643119, 0.36804643024725525, 0.029307394167312983, 0.1432827432294983, 0.6874139879813108, -0.024524721700651453, 0.6202888442522898, 0.020487258589880097, 0.8534413864805024, 0.333855543079252, -0.7025463211318861, -0.27089364934848836, 0.7315498318881986, -0.29942957828896866, -0.6219484810876903, -0.0547573816684539, -0.21443765035574014, 0.23785985328818726, -0.12646741612097356, -0.47815568541100895, -0.17505557667448635, -0.16193193089539926, 0.8048437117522818, 0.9592325240809707, 0.24713767881382775, -0.8336317548582777, 0.46599743519199, 0.357370804957968, 0.6520457340504391, -0.3050973265778887, -0.8822398116837538, 0.2236436329105842, -0.751970763373456, 0.5190590583266628, 0.5888466351532844, -0.18274642650020412, 0.8875950117660911, -0.6524404124894483, 0.8851716994539605]",rhc,relu,False,False,100,[10],0.1,100,12
1246,46,0.13423810002859682,1.7990733370285124,1850.0,100,15,"[0.9340596780273533, 0.09446449835144466, 0.9453687199297687, 0.4296319873487293, 0.3954576491945416, -0.5678210088392472, 0.9525489095524835, -0.9875394895908203, -0.4940352752331121, -0.13041693519110842, 0.5587658435875049, -0.6046298507994938, 0.7259864711984445, 0.9668013543506255, -0.6723155171906026, 0.19466788786571843, -0.98202780466489, -0.22685743471274122, -0.9116798841370009, 0.9133059354284718, -0.1277067062404047, 0.8979546135631256, 0.5726119718701219, 0.7325785971633969, -0.6536691570081037, -0.850102825973786, 0.2014854427555386, -0.6640556325631923, 0.4667603350211398, -0.18311227969597055, 0.05581764683584067, 0.875143167901884, 0.043392244889916, -0.7836132342255386, -0.6835531856304011, 0.09040530340642561, 0.04880816013694678, 0.2752204882519873, -0.1970091128194542, 0.2996102180386846, -0.20619999419653467, 0.24783222709644614, 0.5348099341802477, -0.6420521799177383, -0.24884846282491524, 0.005066118653868745, 0.3733341598326916, -0.4926407026772337, 0.10948172588511706, 0.24986168812819542, 0.7910023321122921, -0.27429282313374714, 0.2751141460374733, -0.6171071957620733, -0.004411770765388567, -0.6351091908575863, 0.8367660782795254, -0.13635585731754474, 0.6603762041966925, -0.16644739064327485, 0.8093351774867339, -0.19034956537818792, -0.33765099381775454, 0.14427754054549724, 0.6908872981882266, 0.7220286235061439, 0.19137623413666893, -0.8306767779591795, 0.19453321463834983, -0.5090925828337958, 0.46518689717993555, 0.7893025846334776, 0.0294679418262902, 0.20712702072041278, -0.8698643752343853, 0.08014945928561268, -0.7416264326591246, 0.22912569270066396, -0.2726993059103242, 0.5355160686614915, -0.902931727160895, -0.7803637637643119, 0.36804643024725525, 0.029307394167312983, 0.1432827432294983, 0.6874139879813108, -0.024524721700651453, 0.6202888442522898, 0.020487258589880097, 0.8534413864805024, 0.333855543079252, -0.7025463211318861, -0.27089364934848836, 0.7315498318881986, -0.29942957828896866, -0.6219484810876903, -0.0547573816684539, -0.21443765035574014, 0.23785985328818726, -0.12646741612097356, -0.47815568541100895, -0.17505557667448635, -0.16193193089539926, 0.8048437117522818, 0.9592325240809707, 0.24713767881382775, -0.8336317548582777, 0.46599743519199, 0.357370804957968, 0.6520457340504391, -0.3050973265778887, -0.8822398116837538, 0.2236436329105842, -0.751970763373456, 0.5190590583266628, 0.5888466351532844, -0.18274642650020412, 0.8875950117660911, -0.6524404124894483, 0.8851716994539605]",rhc,relu,False,False,100,[10],0.1,100,12
1247,47,0.13724380009807646,1.7985623504375334,1852.0,100,15,"[0.9340596780273533, 0.09446449835144466, 0.9453687199297687, 0.4296319873487293, 0.3954576491945416, -0.5678210088392472, 0.9525489095524835, -0.9875394895908203, -0.4940352752331121, -0.13041693519110842, 0.5587658435875049, -0.6046298507994938, 0.7259864711984445, 0.9668013543506255, -0.6723155171906026, 0.19466788786571843, -0.98202780466489, -0.22685743471274122, -0.9116798841370009, 0.9133059354284718, -0.1277067062404047, 0.8979546135631256, 0.5726119718701219, 0.7325785971633969, -0.6536691570081037, -0.850102825973786, 0.2014854427555386, -0.6640556325631923, 0.4667603350211398, -0.18311227969597055, 0.05581764683584067, 0.875143167901884, 0.043392244889916, -0.7836132342255386, -0.6835531856304011, 0.09040530340642561, 0.04880816013694678, 0.2752204882519873, -0.1970091128194542, 0.2996102180386846, -0.20619999419653467, 0.24783222709644614, 0.5348099341802477, -0.6420521799177383, -0.24884846282491524, 0.005066118653868745, 0.3733341598326916, -0.4926407026772337, 0.10948172588511706, 0.24986168812819542, 0.7910023321122921, -0.27429282313374714, 0.2751141460374733, -0.6171071957620733, -0.004411770765388567, -0.6351091908575863, 0.8367660782795254, -0.13635585731754474, 0.6603762041966925, -0.16644739064327485, 0.8093351774867339, -0.19034956537818792, -0.33765099381775454, 0.14427754054549724, 0.6908872981882266, 0.7220286235061439, 0.19137623413666893, -0.8306767779591795, 0.19453321463834983, -0.5090925828337958, 0.46518689717993555, 0.7893025846334776, 0.0294679418262902, 0.20712702072041278, -0.8698643752343853, 0.08014945928561268, -0.7416264326591246, 0.22912569270066396, -0.2726993059103242, 0.5355160686614915, -0.902931727160895, -0.7803637637643119, 0.36804643024725525, 0.029307394167312983, 0.1432827432294983, 0.6874139879813108, -0.024524721700651453, 0.6202888442522898, 0.020487258589880097, 0.8534413864805024, 0.333855543079252, -0.7025463211318861, -0.27089364934848836, 0.7315498318881986, -0.29942957828896866, -0.6219484810876903, -0.0547573816684539, -0.21443765035574014, 0.23785985328818726, -0.12646741612097356, -0.47815568541100895, -0.17505557667448635, -0.16193193089539926, 0.8048437117522818, 0.9592325240809707, 0.24713767881382775, -0.8336317548582777, 0.46599743519199, 0.357370804957968, 0.6520457340504391, -0.3050973265778887, -0.8822398116837538, 0.2236436329105842, -0.751970763373456, 0.5190590583266628, 0.5888466351532844, -0.18274642650020412, 0.8875950117660911, -0.6524404124894483, 0.8851716994539605]",rhc,relu,False,False,100,[10],0.1,100,12
1248,48,0.13920730003155768,1.7881931524485506,1854.0,100,15,"[0.9340596780273533, 0.09446449835144466, 0.9453687199297687, 0.4296319873487293, 0.3954576491945416, -0.5678210088392472, 0.9525489095524835, -0.9875394895908203, -0.4940352752331121, -0.13041693519110842, 0.5587658435875049, -0.6046298507994938, 0.7259864711984445, 0.9668013543506255, -0.6723155171906026, 0.19466788786571843, -0.98202780466489, -0.22685743471274122, -0.9116798841370009, 0.9133059354284718, -0.1277067062404047, 0.8979546135631256, 0.5726119718701219, 0.7325785971633969, -0.6536691570081037, -0.850102825973786, 0.2014854427555386, -0.6640556325631923, 0.4667603350211398, -0.18311227969597055, 0.05581764683584067, 0.875143167901884, 0.043392244889916, -0.7836132342255386, -0.6835531856304011, 0.09040530340642561, 0.04880816013694678, 0.2752204882519873, -0.1970091128194542, 0.2996102180386846, -0.20619999419653467, 0.24783222709644614, 0.5348099341802477, -0.6420521799177383, -0.24884846282491524, 0.005066118653868745, 0.3733341598326916, -0.4926407026772337, 0.10948172588511706, 0.24986168812819542, 0.7910023321122921, -0.27429282313374714, 0.2751141460374733, -0.6171071957620733, -0.004411770765388567, -0.6351091908575863, 0.8367660782795254, -0.13635585731754474, 0.6603762041966925, -0.16644739064327485, 0.8093351774867339, -0.19034956537818792, -0.33765099381775454, 0.14427754054549724, 0.6908872981882266, 0.7220286235061439, 0.19137623413666893, -0.8306767779591795, 0.19453321463834983, -0.5090925828337958, 0.46518689717993555, 0.7893025846334776, 0.0294679418262902, 0.20712702072041278, -0.8698643752343853, 0.08014945928561268, -0.7416264326591246, 0.22912569270066396, -0.2726993059103242, 0.5355160686614915, -0.902931727160895, -0.7803637637643119, 0.36804643024725525, 0.029307394167312983, 0.1432827432294983, 0.6874139879813108, -0.024524721700651453, 0.6202888442522898, 0.020487258589880097, 0.8534413864805024, 0.333855543079252, -0.7025463211318861, -0.27089364934848836, 0.7315498318881986, -0.29942957828896866, -0.6219484810876903, -0.0547573816684539, -0.21443765035574014, 0.23785985328818726, -0.12646741612097356, -0.47815568541100895, -0.17505557667448635, -0.16193193089539926, 0.8048437117522818, 0.9592325240809707, 0.24713767881382775, -0.8336317548582777, 0.46599743519199, 0.357370804957968, 0.6520457340504391, -0.3050973265778887, -0.8822398116837538, 0.2236436329105842, -0.751970763373456, 0.5190590583266628, 0.5888466351532844, -0.18274642650020412, 0.8875950117660911, -0.6524404124894483, 0.8851716994539605]",rhc,relu,False,False,100,[10],0.1,100,12
1249,49,0.14330590004101396,1.7881931524485506,1855.0,100,15,"[0.9340596780273533, 0.09446449835144466, 0.9453687199297687, 0.4296319873487293, 0.3954576491945416, -0.5678210088392472, 0.9525489095524835, -0.9875394895908203, -0.4940352752331121, -0.13041693519110842, 0.5587658435875049, -0.6046298507994938, 0.7259864711984445, 0.9668013543506255, -0.6723155171906026, 0.19466788786571843, -0.98202780466489, -0.22685743471274122, -0.9116798841370009, 0.9133059354284718, -0.1277067062404047, 0.8979546135631256, 0.5726119718701219, 0.7325785971633969, -0.6536691570081037, -0.850102825973786, 0.2014854427555386, -0.6640556325631923, 0.4667603350211398, -0.18311227969597055, 0.05581764683584067, 0.875143167901884, 0.043392244889916, -0.7836132342255386, -0.6835531856304011, 0.09040530340642561, 0.04880816013694678, 0.2752204882519873, -0.1970091128194542, 0.2996102180386846, -0.20619999419653467, 0.24783222709644614, 0.5348099341802477, -0.6420521799177383, -0.24884846282491524, 0.005066118653868745, 0.3733341598326916, -0.4926407026772337, 0.10948172588511706, 0.24986168812819542, 0.7910023321122921, -0.27429282313374714, 0.2751141460374733, -0.6171071957620733, -0.004411770765388567, -0.6351091908575863, 0.8367660782795254, -0.13635585731754474, 0.6603762041966925, -0.16644739064327485, 0.8093351774867339, -0.19034956537818792, -0.33765099381775454, 0.14427754054549724, 0.6908872981882266, 0.7220286235061439, 0.19137623413666893, -0.8306767779591795, 0.19453321463834983, -0.5090925828337958, 0.46518689717993555, 0.7893025846334776, 0.0294679418262902, 0.20712702072041278, -0.8698643752343853, 0.08014945928561268, -0.7416264326591246, 0.22912569270066396, -0.2726993059103242, 0.5355160686614915, -0.902931727160895, -0.7803637637643119, 0.36804643024725525, 0.029307394167312983, 0.1432827432294983, 0.6874139879813108, -0.024524721700651453, 0.6202888442522898, 0.020487258589880097, 0.8534413864805024, 0.333855543079252, -0.7025463211318861, -0.27089364934848836, 0.7315498318881986, -0.29942957828896866, -0.6219484810876903, -0.0547573816684539, -0.21443765035574014, 0.23785985328818726, -0.12646741612097356, -0.47815568541100895, -0.17505557667448635, -0.16193193089539926, 0.8048437117522818, 0.9592325240809707, 0.24713767881382775, -0.8336317548582777, 0.46599743519199, 0.357370804957968, 0.6520457340504391, -0.3050973265778887, -0.8822398116837538, 0.2236436329105842, -0.751970763373456, 0.5190590583266628, 0.5888466351532844, -0.18274642650020412, 0.8875950117660911, -0.6524404124894483, 0.8851716994539605]",rhc,relu,False,False,100,[10],0.1,100,12
1250,50,0.14690749999135733,1.7881931524485506,1856.0,100,15,"[0.9340596780273533, 0.09446449835144466, 0.9453687199297687, 0.4296319873487293, 0.3954576491945416, -0.5678210088392472, 0.9525489095524835, -0.9875394895908203, -0.4940352752331121, -0.13041693519110842, 0.5587658435875049, -0.6046298507994938, 0.7259864711984445, 0.9668013543506255, -0.6723155171906026, 0.19466788786571843, -0.98202780466489, -0.22685743471274122, -0.9116798841370009, 0.9133059354284718, -0.1277067062404047, 0.8979546135631256, 0.5726119718701219, 0.7325785971633969, -0.6536691570081037, -0.850102825973786, 0.2014854427555386, -0.6640556325631923, 0.4667603350211398, -0.18311227969597055, 0.05581764683584067, 0.875143167901884, 0.043392244889916, -0.7836132342255386, -0.6835531856304011, 0.09040530340642561, 0.04880816013694678, 0.2752204882519873, -0.1970091128194542, 0.2996102180386846, -0.20619999419653467, 0.24783222709644614, 0.5348099341802477, -0.6420521799177383, -0.24884846282491524, 0.005066118653868745, 0.3733341598326916, -0.4926407026772337, 0.10948172588511706, 0.24986168812819542, 0.7910023321122921, -0.27429282313374714, 0.2751141460374733, -0.6171071957620733, -0.004411770765388567, -0.6351091908575863, 0.8367660782795254, -0.13635585731754474, 0.6603762041966925, -0.16644739064327485, 0.8093351774867339, -0.19034956537818792, -0.33765099381775454, 0.14427754054549724, 0.6908872981882266, 0.7220286235061439, 0.19137623413666893, -0.8306767779591795, 0.19453321463834983, -0.5090925828337958, 0.46518689717993555, 0.7893025846334776, 0.0294679418262902, 0.20712702072041278, -0.8698643752343853, 0.08014945928561268, -0.7416264326591246, 0.22912569270066396, -0.2726993059103242, 0.5355160686614915, -0.902931727160895, -0.7803637637643119, 0.36804643024725525, 0.029307394167312983, 0.1432827432294983, 0.6874139879813108, -0.024524721700651453, 0.6202888442522898, 0.020487258589880097, 0.8534413864805024, 0.333855543079252, -0.7025463211318861, -0.27089364934848836, 0.7315498318881986, -0.29942957828896866, -0.6219484810876903, -0.0547573816684539, -0.21443765035574014, 0.23785985328818726, -0.12646741612097356, -0.47815568541100895, -0.17505557667448635, -0.16193193089539926, 0.8048437117522818, 0.9592325240809707, 0.24713767881382775, -0.8336317548582777, 0.46599743519199, 0.357370804957968, 0.6520457340504391, -0.3050973265778887, -0.8822398116837538, 0.2236436329105842, -0.751970763373456, 0.5190590583266628, 0.5888466351532844, -0.18274642650020412, 0.8875950117660911, -0.6524404124894483, 0.8851716994539605]",rhc,relu,False,False,100,[10],0.1,100,12
1251,51,0.14868640003260225,1.782810580175588,1858.0,100,15,"[0.9340596780273533, 0.09446449835144466, 0.9453687199297687, 0.4296319873487293, 0.3954576491945416, -0.5678210088392472, 0.9525489095524835, -0.9875394895908203, -0.4940352752331121, -0.13041693519110842, 0.5587658435875049, -0.6046298507994938, 0.7259864711984445, 0.9668013543506255, -0.6723155171906026, 0.19466788786571843, -0.98202780466489, -0.22685743471274122, -0.9116798841370009, 0.9133059354284718, -0.1277067062404047, 0.8979546135631256, 0.5726119718701219, 0.7325785971633969, -0.6536691570081037, -0.850102825973786, 0.2014854427555386, -0.6640556325631923, 0.4667603350211398, -0.18311227969597055, 0.05581764683584067, 0.875143167901884, 0.043392244889916, -0.7836132342255386, -0.6835531856304011, 0.09040530340642561, 0.04880816013694678, 0.2752204882519873, -0.1970091128194542, 0.2996102180386846, -0.20619999419653467, 0.24783222709644614, 0.5348099341802477, -0.6420521799177383, -0.24884846282491524, 0.005066118653868745, 0.3733341598326916, -0.4926407026772337, 0.10948172588511706, 0.24986168812819542, 0.7910023321122921, -0.27429282313374714, 0.2751141460374733, -0.6171071957620733, -0.004411770765388567, -0.6351091908575863, 0.8367660782795254, -0.13635585731754474, 0.6603762041966925, -0.16644739064327485, 0.8093351774867339, -0.19034956537818792, -0.33765099381775454, 0.14427754054549724, 0.6908872981882266, 0.7220286235061439, 0.19137623413666893, -0.8306767779591795, 0.19453321463834983, -0.5090925828337958, 0.46518689717993555, 0.7893025846334776, 0.0294679418262902, 0.20712702072041278, -0.8698643752343853, 0.08014945928561268, -0.7416264326591246, 0.22912569270066396, -0.2726993059103242, 0.5355160686614915, -0.902931727160895, -0.7803637637643119, 0.36804643024725525, 0.029307394167312983, 0.1432827432294983, 0.6874139879813108, -0.024524721700651453, 0.6202888442522898, 0.020487258589880097, 0.8534413864805024, 0.333855543079252, -0.7025463211318861, -0.27089364934848836, 0.7315498318881986, -0.29942957828896866, -0.6219484810876903, -0.0547573816684539, -0.21443765035574014, 0.23785985328818726, -0.12646741612097356, -0.47815568541100895, -0.17505557667448635, -0.16193193089539926, 0.8048437117522818, 0.9592325240809707, 0.24713767881382775, -0.8336317548582777, 0.46599743519199, 0.357370804957968, 0.6520457340504391, -0.3050973265778887, -0.8822398116837538, 0.2236436329105842, -0.751970763373456, 0.5190590583266628, 0.5888466351532844, -0.18274642650020412, 0.8875950117660911, -0.6524404124894483, 0.8851716994539605]",rhc,relu,False,False,100,[10],0.1,100,12
1252,52,0.15030470001511276,1.75919707456522,1860.0,100,15,"[0.9340596780273533, 0.09446449835144466, 0.9453687199297687, 0.4296319873487293, 0.3954576491945416, -0.5678210088392472, 0.9525489095524835, -0.9875394895908203, -0.4940352752331121, -0.13041693519110842, 0.5587658435875049, -0.6046298507994938, 0.7259864711984445, 0.9668013543506255, -0.6723155171906026, 0.19466788786571843, -0.98202780466489, -0.22685743471274122, -0.9116798841370009, 0.9133059354284718, -0.1277067062404047, 0.8979546135631256, 0.5726119718701219, 0.7325785971633969, -0.6536691570081037, -0.850102825973786, 0.2014854427555386, -0.6640556325631923, 0.4667603350211398, -0.18311227969597055, 0.05581764683584067, 0.875143167901884, 0.043392244889916, -0.7836132342255386, -0.6835531856304011, 0.09040530340642561, 0.04880816013694678, 0.2752204882519873, -0.1970091128194542, 0.2996102180386846, -0.20619999419653467, 0.24783222709644614, 0.5348099341802477, -0.6420521799177383, -0.24884846282491524, 0.005066118653868745, 0.3733341598326916, -0.4926407026772337, 0.10948172588511706, 0.24986168812819542, 0.7910023321122921, -0.27429282313374714, 0.2751141460374733, -0.6171071957620733, -0.004411770765388567, -0.6351091908575863, 0.8367660782795254, -0.13635585731754474, 0.6603762041966925, -0.16644739064327485, 0.8093351774867339, -0.19034956537818792, -0.33765099381775454, 0.14427754054549724, 0.6908872981882266, 0.7220286235061439, 0.19137623413666893, -0.8306767779591795, 0.19453321463834983, -0.5090925828337958, 0.46518689717993555, 0.7893025846334776, 0.0294679418262902, 0.20712702072041278, -0.8698643752343853, 0.08014945928561268, -0.7416264326591246, 0.22912569270066396, -0.2726993059103242, 0.5355160686614915, -0.902931727160895, -0.7803637637643119, 0.36804643024725525, 0.029307394167312983, 0.1432827432294983, 0.6874139879813108, -0.024524721700651453, 0.6202888442522898, 0.020487258589880097, 0.8534413864805024, 0.333855543079252, -0.7025463211318861, -0.27089364934848836, 0.7315498318881986, -0.29942957828896866, -0.6219484810876903, -0.0547573816684539, -0.21443765035574014, 0.23785985328818726, -0.12646741612097356, -0.47815568541100895, -0.17505557667448635, -0.16193193089539926, 0.8048437117522818, 0.9592325240809707, 0.24713767881382775, -0.8336317548582777, 0.46599743519199, 0.357370804957968, 0.6520457340504391, -0.3050973265778887, -0.8822398116837538, 0.2236436329105842, -0.751970763373456, 0.5190590583266628, 0.5888466351532844, -0.18274642650020412, 0.8875950117660911, -0.6524404124894483, 0.8851716994539605]",rhc,relu,False,False,100,[10],0.1,100,12
1253,53,0.15169550001155585,1.75782098836105,1862.0,100,15,"[0.9340596780273533, 0.09446449835144466, 0.9453687199297687, 0.4296319873487293, 0.3954576491945416, -0.5678210088392472, 0.9525489095524835, -0.9875394895908203, -0.4940352752331121, -0.13041693519110842, 0.5587658435875049, -0.6046298507994938, 0.7259864711984445, 0.9668013543506255, -0.6723155171906026, 0.19466788786571843, -0.98202780466489, -0.22685743471274122, -0.9116798841370009, 0.9133059354284718, -0.1277067062404047, 0.8979546135631256, 0.5726119718701219, 0.7325785971633969, -0.6536691570081037, -0.850102825973786, 0.2014854427555386, -0.6640556325631923, 0.4667603350211398, -0.18311227969597055, 0.05581764683584067, 0.875143167901884, 0.043392244889916, -0.7836132342255386, -0.6835531856304011, 0.09040530340642561, 0.04880816013694678, 0.2752204882519873, -0.1970091128194542, 0.2996102180386846, -0.20619999419653467, 0.24783222709644614, 0.5348099341802477, -0.6420521799177383, -0.24884846282491524, 0.005066118653868745, 0.3733341598326916, -0.4926407026772337, 0.10948172588511706, 0.24986168812819542, 0.7910023321122921, -0.27429282313374714, 0.2751141460374733, -0.6171071957620733, -0.004411770765388567, -0.6351091908575863, 0.8367660782795254, -0.13635585731754474, 0.6603762041966925, -0.16644739064327485, 0.8093351774867339, -0.19034956537818792, -0.33765099381775454, 0.14427754054549724, 0.6908872981882266, 0.7220286235061439, 0.19137623413666893, -0.8306767779591795, 0.19453321463834983, -0.5090925828337958, 0.46518689717993555, 0.7893025846334776, 0.0294679418262902, 0.20712702072041278, -0.8698643752343853, 0.08014945928561268, -0.7416264326591246, 0.22912569270066396, -0.2726993059103242, 0.5355160686614915, -0.902931727160895, -0.7803637637643119, 0.36804643024725525, 0.029307394167312983, 0.1432827432294983, 0.6874139879813108, -0.024524721700651453, 0.6202888442522898, 0.020487258589880097, 0.8534413864805024, 0.333855543079252, -0.7025463211318861, -0.27089364934848836, 0.7315498318881986, -0.29942957828896866, -0.6219484810876903, -0.0547573816684539, -0.21443765035574014, 0.23785985328818726, -0.12646741612097356, -0.47815568541100895, -0.17505557667448635, -0.16193193089539926, 0.8048437117522818, 0.9592325240809707, 0.24713767881382775, -0.8336317548582777, 0.46599743519199, 0.357370804957968, 0.6520457340504391, -0.3050973265778887, -0.8822398116837538, 0.2236436329105842, -0.751970763373456, 0.5190590583266628, 0.5888466351532844, -0.18274642650020412, 0.8875950117660911, -0.6524404124894483, 0.8851716994539605]",rhc,relu,False,False,100,[10],0.1,100,12
1254,54,0.15469950006809086,1.75782098836105,1863.0,100,15,"[0.9340596780273533, 0.09446449835144466, 0.9453687199297687, 0.4296319873487293, 0.3954576491945416, -0.5678210088392472, 0.9525489095524835, -0.9875394895908203, -0.4940352752331121, -0.13041693519110842, 0.5587658435875049, -0.6046298507994938, 0.7259864711984445, 0.9668013543506255, -0.6723155171906026, 0.19466788786571843, -0.98202780466489, -0.22685743471274122, -0.9116798841370009, 0.9133059354284718, -0.1277067062404047, 0.8979546135631256, 0.5726119718701219, 0.7325785971633969, -0.6536691570081037, -0.850102825973786, 0.2014854427555386, -0.6640556325631923, 0.4667603350211398, -0.18311227969597055, 0.05581764683584067, 0.875143167901884, 0.043392244889916, -0.7836132342255386, -0.6835531856304011, 0.09040530340642561, 0.04880816013694678, 0.2752204882519873, -0.1970091128194542, 0.2996102180386846, -0.20619999419653467, 0.24783222709644614, 0.5348099341802477, -0.6420521799177383, -0.24884846282491524, 0.005066118653868745, 0.3733341598326916, -0.4926407026772337, 0.10948172588511706, 0.24986168812819542, 0.7910023321122921, -0.27429282313374714, 0.2751141460374733, -0.6171071957620733, -0.004411770765388567, -0.6351091908575863, 0.8367660782795254, -0.13635585731754474, 0.6603762041966925, -0.16644739064327485, 0.8093351774867339, -0.19034956537818792, -0.33765099381775454, 0.14427754054549724, 0.6908872981882266, 0.7220286235061439, 0.19137623413666893, -0.8306767779591795, 0.19453321463834983, -0.5090925828337958, 0.46518689717993555, 0.7893025846334776, 0.0294679418262902, 0.20712702072041278, -0.8698643752343853, 0.08014945928561268, -0.7416264326591246, 0.22912569270066396, -0.2726993059103242, 0.5355160686614915, -0.902931727160895, -0.7803637637643119, 0.36804643024725525, 0.029307394167312983, 0.1432827432294983, 0.6874139879813108, -0.024524721700651453, 0.6202888442522898, 0.020487258589880097, 0.8534413864805024, 0.333855543079252, -0.7025463211318861, -0.27089364934848836, 0.7315498318881986, -0.29942957828896866, -0.6219484810876903, -0.0547573816684539, -0.21443765035574014, 0.23785985328818726, -0.12646741612097356, -0.47815568541100895, -0.17505557667448635, -0.16193193089539926, 0.8048437117522818, 0.9592325240809707, 0.24713767881382775, -0.8336317548582777, 0.46599743519199, 0.357370804957968, 0.6520457340504391, -0.3050973265778887, -0.8822398116837538, 0.2236436329105842, -0.751970763373456, 0.5190590583266628, 0.5888466351532844, -0.18274642650020412, 0.8875950117660911, -0.6524404124894483, 0.8851716994539605]",rhc,relu,False,False,100,[10],0.1,100,12
1255,55,0.15623610001057386,1.75782098836105,1864.0,100,15,"[0.9340596780273533, 0.09446449835144466, 0.9453687199297687, 0.4296319873487293, 0.3954576491945416, -0.5678210088392472, 0.9525489095524835, -0.9875394895908203, -0.4940352752331121, -0.13041693519110842, 0.5587658435875049, -0.6046298507994938, 0.7259864711984445, 0.9668013543506255, -0.6723155171906026, 0.19466788786571843, -0.98202780466489, -0.22685743471274122, -0.9116798841370009, 0.9133059354284718, -0.1277067062404047, 0.8979546135631256, 0.5726119718701219, 0.7325785971633969, -0.6536691570081037, -0.850102825973786, 0.2014854427555386, -0.6640556325631923, 0.4667603350211398, -0.18311227969597055, 0.05581764683584067, 0.875143167901884, 0.043392244889916, -0.7836132342255386, -0.6835531856304011, 0.09040530340642561, 0.04880816013694678, 0.2752204882519873, -0.1970091128194542, 0.2996102180386846, -0.20619999419653467, 0.24783222709644614, 0.5348099341802477, -0.6420521799177383, -0.24884846282491524, 0.005066118653868745, 0.3733341598326916, -0.4926407026772337, 0.10948172588511706, 0.24986168812819542, 0.7910023321122921, -0.27429282313374714, 0.2751141460374733, -0.6171071957620733, -0.004411770765388567, -0.6351091908575863, 0.8367660782795254, -0.13635585731754474, 0.6603762041966925, -0.16644739064327485, 0.8093351774867339, -0.19034956537818792, -0.33765099381775454, 0.14427754054549724, 0.6908872981882266, 0.7220286235061439, 0.19137623413666893, -0.8306767779591795, 0.19453321463834983, -0.5090925828337958, 0.46518689717993555, 0.7893025846334776, 0.0294679418262902, 0.20712702072041278, -0.8698643752343853, 0.08014945928561268, -0.7416264326591246, 0.22912569270066396, -0.2726993059103242, 0.5355160686614915, -0.902931727160895, -0.7803637637643119, 0.36804643024725525, 0.029307394167312983, 0.1432827432294983, 0.6874139879813108, -0.024524721700651453, 0.6202888442522898, 0.020487258589880097, 0.8534413864805024, 0.333855543079252, -0.7025463211318861, -0.27089364934848836, 0.7315498318881986, -0.29942957828896866, -0.6219484810876903, -0.0547573816684539, -0.21443765035574014, 0.23785985328818726, -0.12646741612097356, -0.47815568541100895, -0.17505557667448635, -0.16193193089539926, 0.8048437117522818, 0.9592325240809707, 0.24713767881382775, -0.8336317548582777, 0.46599743519199, 0.357370804957968, 0.6520457340504391, -0.3050973265778887, -0.8822398116837538, 0.2236436329105842, -0.751970763373456, 0.5190590583266628, 0.5888466351532844, -0.18274642650020412, 0.8875950117660911, -0.6524404124894483, 0.8851716994539605]",rhc,relu,False,False,100,[10],0.1,100,12
1256,56,0.15794740000274032,1.75782098836105,1865.0,100,15,"[0.9340596780273533, 0.09446449835144466, 0.9453687199297687, 0.4296319873487293, 0.3954576491945416, -0.5678210088392472, 0.9525489095524835, -0.9875394895908203, -0.4940352752331121, -0.13041693519110842, 0.5587658435875049, -0.6046298507994938, 0.7259864711984445, 0.9668013543506255, -0.6723155171906026, 0.19466788786571843, -0.98202780466489, -0.22685743471274122, -0.9116798841370009, 0.9133059354284718, -0.1277067062404047, 0.8979546135631256, 0.5726119718701219, 0.7325785971633969, -0.6536691570081037, -0.850102825973786, 0.2014854427555386, -0.6640556325631923, 0.4667603350211398, -0.18311227969597055, 0.05581764683584067, 0.875143167901884, 0.043392244889916, -0.7836132342255386, -0.6835531856304011, 0.09040530340642561, 0.04880816013694678, 0.2752204882519873, -0.1970091128194542, 0.2996102180386846, -0.20619999419653467, 0.24783222709644614, 0.5348099341802477, -0.6420521799177383, -0.24884846282491524, 0.005066118653868745, 0.3733341598326916, -0.4926407026772337, 0.10948172588511706, 0.24986168812819542, 0.7910023321122921, -0.27429282313374714, 0.2751141460374733, -0.6171071957620733, -0.004411770765388567, -0.6351091908575863, 0.8367660782795254, -0.13635585731754474, 0.6603762041966925, -0.16644739064327485, 0.8093351774867339, -0.19034956537818792, -0.33765099381775454, 0.14427754054549724, 0.6908872981882266, 0.7220286235061439, 0.19137623413666893, -0.8306767779591795, 0.19453321463834983, -0.5090925828337958, 0.46518689717993555, 0.7893025846334776, 0.0294679418262902, 0.20712702072041278, -0.8698643752343853, 0.08014945928561268, -0.7416264326591246, 0.22912569270066396, -0.2726993059103242, 0.5355160686614915, -0.902931727160895, -0.7803637637643119, 0.36804643024725525, 0.029307394167312983, 0.1432827432294983, 0.6874139879813108, -0.024524721700651453, 0.6202888442522898, 0.020487258589880097, 0.8534413864805024, 0.333855543079252, -0.7025463211318861, -0.27089364934848836, 0.7315498318881986, -0.29942957828896866, -0.6219484810876903, -0.0547573816684539, -0.21443765035574014, 0.23785985328818726, -0.12646741612097356, -0.47815568541100895, -0.17505557667448635, -0.16193193089539926, 0.8048437117522818, 0.9592325240809707, 0.24713767881382775, -0.8336317548582777, 0.46599743519199, 0.357370804957968, 0.6520457340504391, -0.3050973265778887, -0.8822398116837538, 0.2236436329105842, -0.751970763373456, 0.5190590583266628, 0.5888466351532844, -0.18274642650020412, 0.8875950117660911, -0.6524404124894483, 0.8851716994539605]",rhc,relu,False,False,100,[10],0.1,100,12
1257,57,0.15946009999606758,1.7485031848300212,1867.0,100,15,"[0.9340596780273533, 0.09446449835144466, 0.9453687199297687, 0.4296319873487293, 0.3954576491945416, -0.5678210088392472, 0.9525489095524835, -0.9875394895908203, -0.4940352752331121, -0.13041693519110842, 0.5587658435875049, -0.6046298507994938, 0.7259864711984445, 0.9668013543506255, -0.6723155171906026, 0.19466788786571843, -0.98202780466489, -0.22685743471274122, -0.9116798841370009, 0.9133059354284718, -0.1277067062404047, 0.8979546135631256, 0.5726119718701219, 0.7325785971633969, -0.6536691570081037, -0.850102825973786, 0.2014854427555386, -0.6640556325631923, 0.4667603350211398, -0.18311227969597055, 0.05581764683584067, 0.875143167901884, 0.043392244889916, -0.7836132342255386, -0.6835531856304011, 0.09040530340642561, 0.04880816013694678, 0.2752204882519873, -0.1970091128194542, 0.2996102180386846, -0.20619999419653467, 0.24783222709644614, 0.5348099341802477, -0.6420521799177383, -0.24884846282491524, 0.005066118653868745, 0.3733341598326916, -0.4926407026772337, 0.10948172588511706, 0.24986168812819542, 0.7910023321122921, -0.27429282313374714, 0.2751141460374733, -0.6171071957620733, -0.004411770765388567, -0.6351091908575863, 0.8367660782795254, -0.13635585731754474, 0.6603762041966925, -0.16644739064327485, 0.8093351774867339, -0.19034956537818792, -0.33765099381775454, 0.14427754054549724, 0.6908872981882266, 0.7220286235061439, 0.19137623413666893, -0.8306767779591795, 0.19453321463834983, -0.5090925828337958, 0.46518689717993555, 0.7893025846334776, 0.0294679418262902, 0.20712702072041278, -0.8698643752343853, 0.08014945928561268, -0.7416264326591246, 0.22912569270066396, -0.2726993059103242, 0.5355160686614915, -0.902931727160895, -0.7803637637643119, 0.36804643024725525, 0.029307394167312983, 0.1432827432294983, 0.6874139879813108, -0.024524721700651453, 0.6202888442522898, 0.020487258589880097, 0.8534413864805024, 0.333855543079252, -0.7025463211318861, -0.27089364934848836, 0.7315498318881986, -0.29942957828896866, -0.6219484810876903, -0.0547573816684539, -0.21443765035574014, 0.23785985328818726, -0.12646741612097356, -0.47815568541100895, -0.17505557667448635, -0.16193193089539926, 0.8048437117522818, 0.9592325240809707, 0.24713767881382775, -0.8336317548582777, 0.46599743519199, 0.357370804957968, 0.6520457340504391, -0.3050973265778887, -0.8822398116837538, 0.2236436329105842, -0.751970763373456, 0.5190590583266628, 0.5888466351532844, -0.18274642650020412, 0.8875950117660911, -0.6524404124894483, 0.8851716994539605]",rhc,relu,False,False,100,[10],0.1,100,12
1258,58,0.16259170009288937,1.7480181726413295,1869.0,100,15,"[0.9340596780273533, 0.09446449835144466, 0.9453687199297687, 0.4296319873487293, 0.3954576491945416, -0.5678210088392472, 0.9525489095524835, -0.9875394895908203, -0.4940352752331121, -0.13041693519110842, 0.5587658435875049, -0.6046298507994938, 0.7259864711984445, 0.9668013543506255, -0.6723155171906026, 0.19466788786571843, -0.98202780466489, -0.22685743471274122, -0.9116798841370009, 0.9133059354284718, -0.1277067062404047, 0.8979546135631256, 0.5726119718701219, 0.7325785971633969, -0.6536691570081037, -0.850102825973786, 0.2014854427555386, -0.6640556325631923, 0.4667603350211398, -0.18311227969597055, 0.05581764683584067, 0.875143167901884, 0.043392244889916, -0.7836132342255386, -0.6835531856304011, 0.09040530340642561, 0.04880816013694678, 0.2752204882519873, -0.1970091128194542, 0.2996102180386846, -0.20619999419653467, 0.24783222709644614, 0.5348099341802477, -0.6420521799177383, -0.24884846282491524, 0.005066118653868745, 0.3733341598326916, -0.4926407026772337, 0.10948172588511706, 0.24986168812819542, 0.7910023321122921, -0.27429282313374714, 0.2751141460374733, -0.6171071957620733, -0.004411770765388567, -0.6351091908575863, 0.8367660782795254, -0.13635585731754474, 0.6603762041966925, -0.16644739064327485, 0.8093351774867339, -0.19034956537818792, -0.33765099381775454, 0.14427754054549724, 0.6908872981882266, 0.7220286235061439, 0.19137623413666893, -0.8306767779591795, 0.19453321463834983, -0.5090925828337958, 0.46518689717993555, 0.7893025846334776, 0.0294679418262902, 0.20712702072041278, -0.8698643752343853, 0.08014945928561268, -0.7416264326591246, 0.22912569270066396, -0.2726993059103242, 0.5355160686614915, -0.902931727160895, -0.7803637637643119, 0.36804643024725525, 0.029307394167312983, 0.1432827432294983, 0.6874139879813108, -0.024524721700651453, 0.6202888442522898, 0.020487258589880097, 0.8534413864805024, 0.333855543079252, -0.7025463211318861, -0.27089364934848836, 0.7315498318881986, -0.29942957828896866, -0.6219484810876903, -0.0547573816684539, -0.21443765035574014, 0.23785985328818726, -0.12646741612097356, -0.47815568541100895, -0.17505557667448635, -0.16193193089539926, 0.8048437117522818, 0.9592325240809707, 0.24713767881382775, -0.8336317548582777, 0.46599743519199, 0.357370804957968, 0.6520457340504391, -0.3050973265778887, -0.8822398116837538, 0.2236436329105842, -0.751970763373456, 0.5190590583266628, 0.5888466351532844, -0.18274642650020412, 0.8875950117660911, -0.6524404124894483, 0.8851716994539605]",rhc,relu,False,False,100,[10],0.1,100,12
1259,59,0.16467890003696084,1.7480181726413295,1870.0,100,15,"[0.9340596780273533, 0.09446449835144466, 0.9453687199297687, 0.4296319873487293, 0.3954576491945416, -0.5678210088392472, 0.9525489095524835, -0.9875394895908203, -0.4940352752331121, -0.13041693519110842, 0.5587658435875049, -0.6046298507994938, 0.7259864711984445, 0.9668013543506255, -0.6723155171906026, 0.19466788786571843, -0.98202780466489, -0.22685743471274122, -0.9116798841370009, 0.9133059354284718, -0.1277067062404047, 0.8979546135631256, 0.5726119718701219, 0.7325785971633969, -0.6536691570081037, -0.850102825973786, 0.2014854427555386, -0.6640556325631923, 0.4667603350211398, -0.18311227969597055, 0.05581764683584067, 0.875143167901884, 0.043392244889916, -0.7836132342255386, -0.6835531856304011, 0.09040530340642561, 0.04880816013694678, 0.2752204882519873, -0.1970091128194542, 0.2996102180386846, -0.20619999419653467, 0.24783222709644614, 0.5348099341802477, -0.6420521799177383, -0.24884846282491524, 0.005066118653868745, 0.3733341598326916, -0.4926407026772337, 0.10948172588511706, 0.24986168812819542, 0.7910023321122921, -0.27429282313374714, 0.2751141460374733, -0.6171071957620733, -0.004411770765388567, -0.6351091908575863, 0.8367660782795254, -0.13635585731754474, 0.6603762041966925, -0.16644739064327485, 0.8093351774867339, -0.19034956537818792, -0.33765099381775454, 0.14427754054549724, 0.6908872981882266, 0.7220286235061439, 0.19137623413666893, -0.8306767779591795, 0.19453321463834983, -0.5090925828337958, 0.46518689717993555, 0.7893025846334776, 0.0294679418262902, 0.20712702072041278, -0.8698643752343853, 0.08014945928561268, -0.7416264326591246, 0.22912569270066396, -0.2726993059103242, 0.5355160686614915, -0.902931727160895, -0.7803637637643119, 0.36804643024725525, 0.029307394167312983, 0.1432827432294983, 0.6874139879813108, -0.024524721700651453, 0.6202888442522898, 0.020487258589880097, 0.8534413864805024, 0.333855543079252, -0.7025463211318861, -0.27089364934848836, 0.7315498318881986, -0.29942957828896866, -0.6219484810876903, -0.0547573816684539, -0.21443765035574014, 0.23785985328818726, -0.12646741612097356, -0.47815568541100895, -0.17505557667448635, -0.16193193089539926, 0.8048437117522818, 0.9592325240809707, 0.24713767881382775, -0.8336317548582777, 0.46599743519199, 0.357370804957968, 0.6520457340504391, -0.3050973265778887, -0.8822398116837538, 0.2236436329105842, -0.751970763373456, 0.5190590583266628, 0.5888466351532844, -0.18274642650020412, 0.8875950117660911, -0.6524404124894483, 0.8851716994539605]",rhc,relu,False,False,100,[10],0.1,100,12
1260,60,0.16787820006720722,1.7444408996535699,1872.0,100,15,"[0.9340596780273533, 0.09446449835144466, 0.9453687199297687, 0.4296319873487293, 0.3954576491945416, -0.5678210088392472, 0.9525489095524835, -0.9875394895908203, -0.4940352752331121, -0.13041693519110842, 0.5587658435875049, -0.6046298507994938, 0.7259864711984445, 0.9668013543506255, -0.6723155171906026, 0.19466788786571843, -0.98202780466489, -0.22685743471274122, -0.9116798841370009, 0.9133059354284718, -0.1277067062404047, 0.8979546135631256, 0.5726119718701219, 0.7325785971633969, -0.6536691570081037, -0.850102825973786, 0.2014854427555386, -0.6640556325631923, 0.4667603350211398, -0.18311227969597055, 0.05581764683584067, 0.875143167901884, 0.043392244889916, -0.7836132342255386, -0.6835531856304011, 0.09040530340642561, 0.04880816013694678, 0.2752204882519873, -0.1970091128194542, 0.2996102180386846, -0.20619999419653467, 0.24783222709644614, 0.5348099341802477, -0.6420521799177383, -0.24884846282491524, 0.005066118653868745, 0.3733341598326916, -0.4926407026772337, 0.10948172588511706, 0.24986168812819542, 0.7910023321122921, -0.27429282313374714, 0.2751141460374733, -0.6171071957620733, -0.004411770765388567, -0.6351091908575863, 0.8367660782795254, -0.13635585731754474, 0.6603762041966925, -0.16644739064327485, 0.8093351774867339, -0.19034956537818792, -0.33765099381775454, 0.14427754054549724, 0.6908872981882266, 0.7220286235061439, 0.19137623413666893, -0.8306767779591795, 0.19453321463834983, -0.5090925828337958, 0.46518689717993555, 0.7893025846334776, 0.0294679418262902, 0.20712702072041278, -0.8698643752343853, 0.08014945928561268, -0.7416264326591246, 0.22912569270066396, -0.2726993059103242, 0.5355160686614915, -0.902931727160895, -0.7803637637643119, 0.36804643024725525, 0.029307394167312983, 0.1432827432294983, 0.6874139879813108, -0.024524721700651453, 0.6202888442522898, 0.020487258589880097, 0.8534413864805024, 0.333855543079252, -0.7025463211318861, -0.27089364934848836, 0.7315498318881986, -0.29942957828896866, -0.6219484810876903, -0.0547573816684539, -0.21443765035574014, 0.23785985328818726, -0.12646741612097356, -0.47815568541100895, -0.17505557667448635, -0.16193193089539926, 0.8048437117522818, 0.9592325240809707, 0.24713767881382775, -0.8336317548582777, 0.46599743519199, 0.357370804957968, 0.6520457340504391, -0.3050973265778887, -0.8822398116837538, 0.2236436329105842, -0.751970763373456, 0.5190590583266628, 0.5888466351532844, -0.18274642650020412, 0.8875950117660911, -0.6524404124894483, 0.8851716994539605]",rhc,relu,False,False,100,[10],0.1,100,12
1261,61,0.16964800003916025,1.7444408996535699,1873.0,100,15,"[0.9340596780273533, 0.09446449835144466, 0.9453687199297687, 0.4296319873487293, 0.3954576491945416, -0.5678210088392472, 0.9525489095524835, -0.9875394895908203, -0.4940352752331121, -0.13041693519110842, 0.5587658435875049, -0.6046298507994938, 0.7259864711984445, 0.9668013543506255, -0.6723155171906026, 0.19466788786571843, -0.98202780466489, -0.22685743471274122, -0.9116798841370009, 0.9133059354284718, -0.1277067062404047, 0.8979546135631256, 0.5726119718701219, 0.7325785971633969, -0.6536691570081037, -0.850102825973786, 0.2014854427555386, -0.6640556325631923, 0.4667603350211398, -0.18311227969597055, 0.05581764683584067, 0.875143167901884, 0.043392244889916, -0.7836132342255386, -0.6835531856304011, 0.09040530340642561, 0.04880816013694678, 0.2752204882519873, -0.1970091128194542, 0.2996102180386846, -0.20619999419653467, 0.24783222709644614, 0.5348099341802477, -0.6420521799177383, -0.24884846282491524, 0.005066118653868745, 0.3733341598326916, -0.4926407026772337, 0.10948172588511706, 0.24986168812819542, 0.7910023321122921, -0.27429282313374714, 0.2751141460374733, -0.6171071957620733, -0.004411770765388567, -0.6351091908575863, 0.8367660782795254, -0.13635585731754474, 0.6603762041966925, -0.16644739064327485, 0.8093351774867339, -0.19034956537818792, -0.33765099381775454, 0.14427754054549724, 0.6908872981882266, 0.7220286235061439, 0.19137623413666893, -0.8306767779591795, 0.19453321463834983, -0.5090925828337958, 0.46518689717993555, 0.7893025846334776, 0.0294679418262902, 0.20712702072041278, -0.8698643752343853, 0.08014945928561268, -0.7416264326591246, 0.22912569270066396, -0.2726993059103242, 0.5355160686614915, -0.902931727160895, -0.7803637637643119, 0.36804643024725525, 0.029307394167312983, 0.1432827432294983, 0.6874139879813108, -0.024524721700651453, 0.6202888442522898, 0.020487258589880097, 0.8534413864805024, 0.333855543079252, -0.7025463211318861, -0.27089364934848836, 0.7315498318881986, -0.29942957828896866, -0.6219484810876903, -0.0547573816684539, -0.21443765035574014, 0.23785985328818726, -0.12646741612097356, -0.47815568541100895, -0.17505557667448635, -0.16193193089539926, 0.8048437117522818, 0.9592325240809707, 0.24713767881382775, -0.8336317548582777, 0.46599743519199, 0.357370804957968, 0.6520457340504391, -0.3050973265778887, -0.8822398116837538, 0.2236436329105842, -0.751970763373456, 0.5190590583266628, 0.5888466351532844, -0.18274642650020412, 0.8875950117660911, -0.6524404124894483, 0.8851716994539605]",rhc,relu,False,False,100,[10],0.1,100,12
1262,62,0.172666700091213,1.7444408996535699,1874.0,100,15,"[0.9340596780273533, 0.09446449835144466, 0.9453687199297687, 0.4296319873487293, 0.3954576491945416, -0.5678210088392472, 0.9525489095524835, -0.9875394895908203, -0.4940352752331121, -0.13041693519110842, 0.5587658435875049, -0.6046298507994938, 0.7259864711984445, 0.9668013543506255, -0.6723155171906026, 0.19466788786571843, -0.98202780466489, -0.22685743471274122, -0.9116798841370009, 0.9133059354284718, -0.1277067062404047, 0.8979546135631256, 0.5726119718701219, 0.7325785971633969, -0.6536691570081037, -0.850102825973786, 0.2014854427555386, -0.6640556325631923, 0.4667603350211398, -0.18311227969597055, 0.05581764683584067, 0.875143167901884, 0.043392244889916, -0.7836132342255386, -0.6835531856304011, 0.09040530340642561, 0.04880816013694678, 0.2752204882519873, -0.1970091128194542, 0.2996102180386846, -0.20619999419653467, 0.24783222709644614, 0.5348099341802477, -0.6420521799177383, -0.24884846282491524, 0.005066118653868745, 0.3733341598326916, -0.4926407026772337, 0.10948172588511706, 0.24986168812819542, 0.7910023321122921, -0.27429282313374714, 0.2751141460374733, -0.6171071957620733, -0.004411770765388567, -0.6351091908575863, 0.8367660782795254, -0.13635585731754474, 0.6603762041966925, -0.16644739064327485, 0.8093351774867339, -0.19034956537818792, -0.33765099381775454, 0.14427754054549724, 0.6908872981882266, 0.7220286235061439, 0.19137623413666893, -0.8306767779591795, 0.19453321463834983, -0.5090925828337958, 0.46518689717993555, 0.7893025846334776, 0.0294679418262902, 0.20712702072041278, -0.8698643752343853, 0.08014945928561268, -0.7416264326591246, 0.22912569270066396, -0.2726993059103242, 0.5355160686614915, -0.902931727160895, -0.7803637637643119, 0.36804643024725525, 0.029307394167312983, 0.1432827432294983, 0.6874139879813108, -0.024524721700651453, 0.6202888442522898, 0.020487258589880097, 0.8534413864805024, 0.333855543079252, -0.7025463211318861, -0.27089364934848836, 0.7315498318881986, -0.29942957828896866, -0.6219484810876903, -0.0547573816684539, -0.21443765035574014, 0.23785985328818726, -0.12646741612097356, -0.47815568541100895, -0.17505557667448635, -0.16193193089539926, 0.8048437117522818, 0.9592325240809707, 0.24713767881382775, -0.8336317548582777, 0.46599743519199, 0.357370804957968, 0.6520457340504391, -0.3050973265778887, -0.8822398116837538, 0.2236436329105842, -0.751970763373456, 0.5190590583266628, 0.5888466351532844, -0.18274642650020412, 0.8875950117660911, -0.6524404124894483, 0.8851716994539605]",rhc,relu,False,False,100,[10],0.1,100,12
1263,63,0.1759350000647828,1.7444408996535699,1875.0,100,15,"[0.9340596780273533, 0.09446449835144466, 0.9453687199297687, 0.4296319873487293, 0.3954576491945416, -0.5678210088392472, 0.9525489095524835, -0.9875394895908203, -0.4940352752331121, -0.13041693519110842, 0.5587658435875049, -0.6046298507994938, 0.7259864711984445, 0.9668013543506255, -0.6723155171906026, 0.19466788786571843, -0.98202780466489, -0.22685743471274122, -0.9116798841370009, 0.9133059354284718, -0.1277067062404047, 0.8979546135631256, 0.5726119718701219, 0.7325785971633969, -0.6536691570081037, -0.850102825973786, 0.2014854427555386, -0.6640556325631923, 0.4667603350211398, -0.18311227969597055, 0.05581764683584067, 0.875143167901884, 0.043392244889916, -0.7836132342255386, -0.6835531856304011, 0.09040530340642561, 0.04880816013694678, 0.2752204882519873, -0.1970091128194542, 0.2996102180386846, -0.20619999419653467, 0.24783222709644614, 0.5348099341802477, -0.6420521799177383, -0.24884846282491524, 0.005066118653868745, 0.3733341598326916, -0.4926407026772337, 0.10948172588511706, 0.24986168812819542, 0.7910023321122921, -0.27429282313374714, 0.2751141460374733, -0.6171071957620733, -0.004411770765388567, -0.6351091908575863, 0.8367660782795254, -0.13635585731754474, 0.6603762041966925, -0.16644739064327485, 0.8093351774867339, -0.19034956537818792, -0.33765099381775454, 0.14427754054549724, 0.6908872981882266, 0.7220286235061439, 0.19137623413666893, -0.8306767779591795, 0.19453321463834983, -0.5090925828337958, 0.46518689717993555, 0.7893025846334776, 0.0294679418262902, 0.20712702072041278, -0.8698643752343853, 0.08014945928561268, -0.7416264326591246, 0.22912569270066396, -0.2726993059103242, 0.5355160686614915, -0.902931727160895, -0.7803637637643119, 0.36804643024725525, 0.029307394167312983, 0.1432827432294983, 0.6874139879813108, -0.024524721700651453, 0.6202888442522898, 0.020487258589880097, 0.8534413864805024, 0.333855543079252, -0.7025463211318861, -0.27089364934848836, 0.7315498318881986, -0.29942957828896866, -0.6219484810876903, -0.0547573816684539, -0.21443765035574014, 0.23785985328818726, -0.12646741612097356, -0.47815568541100895, -0.17505557667448635, -0.16193193089539926, 0.8048437117522818, 0.9592325240809707, 0.24713767881382775, -0.8336317548582777, 0.46599743519199, 0.357370804957968, 0.6520457340504391, -0.3050973265778887, -0.8822398116837538, 0.2236436329105842, -0.751970763373456, 0.5190590583266628, 0.5888466351532844, -0.18274642650020412, 0.8875950117660911, -0.6524404124894483, 0.8851716994539605]",rhc,relu,False,False,100,[10],0.1,100,12
1264,64,0.17886750004254282,1.7440214547896082,1877.0,100,15,"[0.9340596780273533, 0.09446449835144466, 0.9453687199297687, 0.4296319873487293, 0.3954576491945416, -0.5678210088392472, 0.9525489095524835, -0.9875394895908203, -0.4940352752331121, -0.13041693519110842, 0.5587658435875049, -0.6046298507994938, 0.7259864711984445, 0.9668013543506255, -0.6723155171906026, 0.19466788786571843, -0.98202780466489, -0.22685743471274122, -0.9116798841370009, 0.9133059354284718, -0.1277067062404047, 0.8979546135631256, 0.5726119718701219, 0.7325785971633969, -0.6536691570081037, -0.850102825973786, 0.2014854427555386, -0.6640556325631923, 0.4667603350211398, -0.18311227969597055, 0.05581764683584067, 0.875143167901884, 0.043392244889916, -0.7836132342255386, -0.6835531856304011, 0.09040530340642561, 0.04880816013694678, 0.2752204882519873, -0.1970091128194542, 0.2996102180386846, -0.20619999419653467, 0.24783222709644614, 0.5348099341802477, -0.6420521799177383, -0.24884846282491524, 0.005066118653868745, 0.3733341598326916, -0.4926407026772337, 0.10948172588511706, 0.24986168812819542, 0.7910023321122921, -0.27429282313374714, 0.2751141460374733, -0.6171071957620733, -0.004411770765388567, -0.6351091908575863, 0.8367660782795254, -0.13635585731754474, 0.6603762041966925, -0.16644739064327485, 0.8093351774867339, -0.19034956537818792, -0.33765099381775454, 0.14427754054549724, 0.6908872981882266, 0.7220286235061439, 0.19137623413666893, -0.8306767779591795, 0.19453321463834983, -0.5090925828337958, 0.46518689717993555, 0.7893025846334776, 0.0294679418262902, 0.20712702072041278, -0.8698643752343853, 0.08014945928561268, -0.7416264326591246, 0.22912569270066396, -0.2726993059103242, 0.5355160686614915, -0.902931727160895, -0.7803637637643119, 0.36804643024725525, 0.029307394167312983, 0.1432827432294983, 0.6874139879813108, -0.024524721700651453, 0.6202888442522898, 0.020487258589880097, 0.8534413864805024, 0.333855543079252, -0.7025463211318861, -0.27089364934848836, 0.7315498318881986, -0.29942957828896866, -0.6219484810876903, -0.0547573816684539, -0.21443765035574014, 0.23785985328818726, -0.12646741612097356, -0.47815568541100895, -0.17505557667448635, -0.16193193089539926, 0.8048437117522818, 0.9592325240809707, 0.24713767881382775, -0.8336317548582777, 0.46599743519199, 0.357370804957968, 0.6520457340504391, -0.3050973265778887, -0.8822398116837538, 0.2236436329105842, -0.751970763373456, 0.5190590583266628, 0.5888466351532844, -0.18274642650020412, 0.8875950117660911, -0.6524404124894483, 0.8851716994539605]",rhc,relu,False,False,100,[10],0.1,100,12
1265,65,0.1803774000145495,1.7440214547896082,1878.0,100,15,"[0.9340596780273533, 0.09446449835144466, 0.9453687199297687, 0.4296319873487293, 0.3954576491945416, -0.5678210088392472, 0.9525489095524835, -0.9875394895908203, -0.4940352752331121, -0.13041693519110842, 0.5587658435875049, -0.6046298507994938, 0.7259864711984445, 0.9668013543506255, -0.6723155171906026, 0.19466788786571843, -0.98202780466489, -0.22685743471274122, -0.9116798841370009, 0.9133059354284718, -0.1277067062404047, 0.8979546135631256, 0.5726119718701219, 0.7325785971633969, -0.6536691570081037, -0.850102825973786, 0.2014854427555386, -0.6640556325631923, 0.4667603350211398, -0.18311227969597055, 0.05581764683584067, 0.875143167901884, 0.043392244889916, -0.7836132342255386, -0.6835531856304011, 0.09040530340642561, 0.04880816013694678, 0.2752204882519873, -0.1970091128194542, 0.2996102180386846, -0.20619999419653467, 0.24783222709644614, 0.5348099341802477, -0.6420521799177383, -0.24884846282491524, 0.005066118653868745, 0.3733341598326916, -0.4926407026772337, 0.10948172588511706, 0.24986168812819542, 0.7910023321122921, -0.27429282313374714, 0.2751141460374733, -0.6171071957620733, -0.004411770765388567, -0.6351091908575863, 0.8367660782795254, -0.13635585731754474, 0.6603762041966925, -0.16644739064327485, 0.8093351774867339, -0.19034956537818792, -0.33765099381775454, 0.14427754054549724, 0.6908872981882266, 0.7220286235061439, 0.19137623413666893, -0.8306767779591795, 0.19453321463834983, -0.5090925828337958, 0.46518689717993555, 0.7893025846334776, 0.0294679418262902, 0.20712702072041278, -0.8698643752343853, 0.08014945928561268, -0.7416264326591246, 0.22912569270066396, -0.2726993059103242, 0.5355160686614915, -0.902931727160895, -0.7803637637643119, 0.36804643024725525, 0.029307394167312983, 0.1432827432294983, 0.6874139879813108, -0.024524721700651453, 0.6202888442522898, 0.020487258589880097, 0.8534413864805024, 0.333855543079252, -0.7025463211318861, -0.27089364934848836, 0.7315498318881986, -0.29942957828896866, -0.6219484810876903, -0.0547573816684539, -0.21443765035574014, 0.23785985328818726, -0.12646741612097356, -0.47815568541100895, -0.17505557667448635, -0.16193193089539926, 0.8048437117522818, 0.9592325240809707, 0.24713767881382775, -0.8336317548582777, 0.46599743519199, 0.357370804957968, 0.6520457340504391, -0.3050973265778887, -0.8822398116837538, 0.2236436329105842, -0.751970763373456, 0.5190590583266628, 0.5888466351532844, -0.18274642650020412, 0.8875950117660911, -0.6524404124894483, 0.8851716994539605]",rhc,relu,False,False,100,[10],0.1,100,12
1266,66,0.18194050004240125,1.7440214547896082,1879.0,100,15,"[0.9340596780273533, 0.09446449835144466, 0.9453687199297687, 0.4296319873487293, 0.3954576491945416, -0.5678210088392472, 0.9525489095524835, -0.9875394895908203, -0.4940352752331121, -0.13041693519110842, 0.5587658435875049, -0.6046298507994938, 0.7259864711984445, 0.9668013543506255, -0.6723155171906026, 0.19466788786571843, -0.98202780466489, -0.22685743471274122, -0.9116798841370009, 0.9133059354284718, -0.1277067062404047, 0.8979546135631256, 0.5726119718701219, 0.7325785971633969, -0.6536691570081037, -0.850102825973786, 0.2014854427555386, -0.6640556325631923, 0.4667603350211398, -0.18311227969597055, 0.05581764683584067, 0.875143167901884, 0.043392244889916, -0.7836132342255386, -0.6835531856304011, 0.09040530340642561, 0.04880816013694678, 0.2752204882519873, -0.1970091128194542, 0.2996102180386846, -0.20619999419653467, 0.24783222709644614, 0.5348099341802477, -0.6420521799177383, -0.24884846282491524, 0.005066118653868745, 0.3733341598326916, -0.4926407026772337, 0.10948172588511706, 0.24986168812819542, 0.7910023321122921, -0.27429282313374714, 0.2751141460374733, -0.6171071957620733, -0.004411770765388567, -0.6351091908575863, 0.8367660782795254, -0.13635585731754474, 0.6603762041966925, -0.16644739064327485, 0.8093351774867339, -0.19034956537818792, -0.33765099381775454, 0.14427754054549724, 0.6908872981882266, 0.7220286235061439, 0.19137623413666893, -0.8306767779591795, 0.19453321463834983, -0.5090925828337958, 0.46518689717993555, 0.7893025846334776, 0.0294679418262902, 0.20712702072041278, -0.8698643752343853, 0.08014945928561268, -0.7416264326591246, 0.22912569270066396, -0.2726993059103242, 0.5355160686614915, -0.902931727160895, -0.7803637637643119, 0.36804643024725525, 0.029307394167312983, 0.1432827432294983, 0.6874139879813108, -0.024524721700651453, 0.6202888442522898, 0.020487258589880097, 0.8534413864805024, 0.333855543079252, -0.7025463211318861, -0.27089364934848836, 0.7315498318881986, -0.29942957828896866, -0.6219484810876903, -0.0547573816684539, -0.21443765035574014, 0.23785985328818726, -0.12646741612097356, -0.47815568541100895, -0.17505557667448635, -0.16193193089539926, 0.8048437117522818, 0.9592325240809707, 0.24713767881382775, -0.8336317548582777, 0.46599743519199, 0.357370804957968, 0.6520457340504391, -0.3050973265778887, -0.8822398116837538, 0.2236436329105842, -0.751970763373456, 0.5190590583266628, 0.5888466351532844, -0.18274642650020412, 0.8875950117660911, -0.6524404124894483, 0.8851716994539605]",rhc,relu,False,False,100,[10],0.1,100,12
1267,67,0.1847929999930784,1.7440214547896082,1880.0,100,15,"[0.9340596780273533, 0.09446449835144466, 0.9453687199297687, 0.4296319873487293, 0.3954576491945416, -0.5678210088392472, 0.9525489095524835, -0.9875394895908203, -0.4940352752331121, -0.13041693519110842, 0.5587658435875049, -0.6046298507994938, 0.7259864711984445, 0.9668013543506255, -0.6723155171906026, 0.19466788786571843, -0.98202780466489, -0.22685743471274122, -0.9116798841370009, 0.9133059354284718, -0.1277067062404047, 0.8979546135631256, 0.5726119718701219, 0.7325785971633969, -0.6536691570081037, -0.850102825973786, 0.2014854427555386, -0.6640556325631923, 0.4667603350211398, -0.18311227969597055, 0.05581764683584067, 0.875143167901884, 0.043392244889916, -0.7836132342255386, -0.6835531856304011, 0.09040530340642561, 0.04880816013694678, 0.2752204882519873, -0.1970091128194542, 0.2996102180386846, -0.20619999419653467, 0.24783222709644614, 0.5348099341802477, -0.6420521799177383, -0.24884846282491524, 0.005066118653868745, 0.3733341598326916, -0.4926407026772337, 0.10948172588511706, 0.24986168812819542, 0.7910023321122921, -0.27429282313374714, 0.2751141460374733, -0.6171071957620733, -0.004411770765388567, -0.6351091908575863, 0.8367660782795254, -0.13635585731754474, 0.6603762041966925, -0.16644739064327485, 0.8093351774867339, -0.19034956537818792, -0.33765099381775454, 0.14427754054549724, 0.6908872981882266, 0.7220286235061439, 0.19137623413666893, -0.8306767779591795, 0.19453321463834983, -0.5090925828337958, 0.46518689717993555, 0.7893025846334776, 0.0294679418262902, 0.20712702072041278, -0.8698643752343853, 0.08014945928561268, -0.7416264326591246, 0.22912569270066396, -0.2726993059103242, 0.5355160686614915, -0.902931727160895, -0.7803637637643119, 0.36804643024725525, 0.029307394167312983, 0.1432827432294983, 0.6874139879813108, -0.024524721700651453, 0.6202888442522898, 0.020487258589880097, 0.8534413864805024, 0.333855543079252, -0.7025463211318861, -0.27089364934848836, 0.7315498318881986, -0.29942957828896866, -0.6219484810876903, -0.0547573816684539, -0.21443765035574014, 0.23785985328818726, -0.12646741612097356, -0.47815568541100895, -0.17505557667448635, -0.16193193089539926, 0.8048437117522818, 0.9592325240809707, 0.24713767881382775, -0.8336317548582777, 0.46599743519199, 0.357370804957968, 0.6520457340504391, -0.3050973265778887, -0.8822398116837538, 0.2236436329105842, -0.751970763373456, 0.5190590583266628, 0.5888466351532844, -0.18274642650020412, 0.8875950117660911, -0.6524404124894483, 0.8851716994539605]",rhc,relu,False,False,100,[10],0.1,100,12
1268,68,0.18640930007677525,1.742467973597637,1882.0,100,15,"[0.9340596780273533, 0.09446449835144466, 0.9453687199297687, 0.4296319873487293, 0.3954576491945416, -0.5678210088392472, 0.9525489095524835, -0.9875394895908203, -0.4940352752331121, -0.13041693519110842, 0.5587658435875049, -0.6046298507994938, 0.7259864711984445, 0.9668013543506255, -0.6723155171906026, 0.19466788786571843, -0.98202780466489, -0.22685743471274122, -0.9116798841370009, 0.9133059354284718, -0.1277067062404047, 0.8979546135631256, 0.5726119718701219, 0.7325785971633969, -0.6536691570081037, -0.850102825973786, 0.2014854427555386, -0.6640556325631923, 0.4667603350211398, -0.18311227969597055, 0.05581764683584067, 0.875143167901884, 0.043392244889916, -0.7836132342255386, -0.6835531856304011, 0.09040530340642561, 0.04880816013694678, 0.2752204882519873, -0.1970091128194542, 0.2996102180386846, -0.20619999419653467, 0.24783222709644614, 0.5348099341802477, -0.6420521799177383, -0.24884846282491524, 0.005066118653868745, 0.3733341598326916, -0.4926407026772337, 0.10948172588511706, 0.24986168812819542, 0.7910023321122921, -0.27429282313374714, 0.2751141460374733, -0.6171071957620733, -0.004411770765388567, -0.6351091908575863, 0.8367660782795254, -0.13635585731754474, 0.6603762041966925, -0.16644739064327485, 0.8093351774867339, -0.19034956537818792, -0.33765099381775454, 0.14427754054549724, 0.6908872981882266, 0.7220286235061439, 0.19137623413666893, -0.8306767779591795, 0.19453321463834983, -0.5090925828337958, 0.46518689717993555, 0.7893025846334776, 0.0294679418262902, 0.20712702072041278, -0.8698643752343853, 0.08014945928561268, -0.7416264326591246, 0.22912569270066396, -0.2726993059103242, 0.5355160686614915, -0.902931727160895, -0.7803637637643119, 0.36804643024725525, 0.029307394167312983, 0.1432827432294983, 0.6874139879813108, -0.024524721700651453, 0.6202888442522898, 0.020487258589880097, 0.8534413864805024, 0.333855543079252, -0.7025463211318861, -0.27089364934848836, 0.7315498318881986, -0.29942957828896866, -0.6219484810876903, -0.0547573816684539, -0.21443765035574014, 0.23785985328818726, -0.12646741612097356, -0.47815568541100895, -0.17505557667448635, -0.16193193089539926, 0.8048437117522818, 0.9592325240809707, 0.24713767881382775, -0.8336317548582777, 0.46599743519199, 0.357370804957968, 0.6520457340504391, -0.3050973265778887, -0.8822398116837538, 0.2236436329105842, -0.751970763373456, 0.5190590583266628, 0.5888466351532844, -0.18274642650020412, 0.8875950117660911, -0.6524404124894483, 0.8851716994539605]",rhc,relu,False,False,100,[10],0.1,100,12
1269,69,0.18797269999049604,1.742467973597637,1883.0,100,15,"[0.9340596780273533, 0.09446449835144466, 0.9453687199297687, 0.4296319873487293, 0.3954576491945416, -0.5678210088392472, 0.9525489095524835, -0.9875394895908203, -0.4940352752331121, -0.13041693519110842, 0.5587658435875049, -0.6046298507994938, 0.7259864711984445, 0.9668013543506255, -0.6723155171906026, 0.19466788786571843, -0.98202780466489, -0.22685743471274122, -0.9116798841370009, 0.9133059354284718, -0.1277067062404047, 0.8979546135631256, 0.5726119718701219, 0.7325785971633969, -0.6536691570081037, -0.850102825973786, 0.2014854427555386, -0.6640556325631923, 0.4667603350211398, -0.18311227969597055, 0.05581764683584067, 0.875143167901884, 0.043392244889916, -0.7836132342255386, -0.6835531856304011, 0.09040530340642561, 0.04880816013694678, 0.2752204882519873, -0.1970091128194542, 0.2996102180386846, -0.20619999419653467, 0.24783222709644614, 0.5348099341802477, -0.6420521799177383, -0.24884846282491524, 0.005066118653868745, 0.3733341598326916, -0.4926407026772337, 0.10948172588511706, 0.24986168812819542, 0.7910023321122921, -0.27429282313374714, 0.2751141460374733, -0.6171071957620733, -0.004411770765388567, -0.6351091908575863, 0.8367660782795254, -0.13635585731754474, 0.6603762041966925, -0.16644739064327485, 0.8093351774867339, -0.19034956537818792, -0.33765099381775454, 0.14427754054549724, 0.6908872981882266, 0.7220286235061439, 0.19137623413666893, -0.8306767779591795, 0.19453321463834983, -0.5090925828337958, 0.46518689717993555, 0.7893025846334776, 0.0294679418262902, 0.20712702072041278, -0.8698643752343853, 0.08014945928561268, -0.7416264326591246, 0.22912569270066396, -0.2726993059103242, 0.5355160686614915, -0.902931727160895, -0.7803637637643119, 0.36804643024725525, 0.029307394167312983, 0.1432827432294983, 0.6874139879813108, -0.024524721700651453, 0.6202888442522898, 0.020487258589880097, 0.8534413864805024, 0.333855543079252, -0.7025463211318861, -0.27089364934848836, 0.7315498318881986, -0.29942957828896866, -0.6219484810876903, -0.0547573816684539, -0.21443765035574014, 0.23785985328818726, -0.12646741612097356, -0.47815568541100895, -0.17505557667448635, -0.16193193089539926, 0.8048437117522818, 0.9592325240809707, 0.24713767881382775, -0.8336317548582777, 0.46599743519199, 0.357370804957968, 0.6520457340504391, -0.3050973265778887, -0.8822398116837538, 0.2236436329105842, -0.751970763373456, 0.5190590583266628, 0.5888466351532844, -0.18274642650020412, 0.8875950117660911, -0.6524404124894483, 0.8851716994539605]",rhc,relu,False,False,100,[10],0.1,100,12
1270,70,0.1908457000972703,1.7364329420560436,1885.0,100,15,"[0.9340596780273533, 0.09446449835144466, 0.9453687199297687, 0.4296319873487293, 0.3954576491945416, -0.5678210088392472, 0.9525489095524835, -0.9875394895908203, -0.4940352752331121, -0.13041693519110842, 0.5587658435875049, -0.6046298507994938, 0.7259864711984445, 0.9668013543506255, -0.6723155171906026, 0.19466788786571843, -0.98202780466489, -0.22685743471274122, -0.9116798841370009, 0.9133059354284718, -0.1277067062404047, 0.8979546135631256, 0.5726119718701219, 0.7325785971633969, -0.6536691570081037, -0.850102825973786, 0.2014854427555386, -0.6640556325631923, 0.4667603350211398, -0.18311227969597055, 0.05581764683584067, 0.875143167901884, 0.043392244889916, -0.7836132342255386, -0.6835531856304011, 0.09040530340642561, 0.04880816013694678, 0.2752204882519873, -0.1970091128194542, 0.2996102180386846, -0.20619999419653467, 0.24783222709644614, 0.5348099341802477, -0.6420521799177383, -0.24884846282491524, 0.005066118653868745, 0.3733341598326916, -0.4926407026772337, 0.10948172588511706, 0.24986168812819542, 0.7910023321122921, -0.27429282313374714, 0.2751141460374733, -0.6171071957620733, -0.004411770765388567, -0.6351091908575863, 0.8367660782795254, -0.13635585731754474, 0.6603762041966925, -0.16644739064327485, 0.8093351774867339, -0.19034956537818792, -0.33765099381775454, 0.14427754054549724, 0.6908872981882266, 0.7220286235061439, 0.19137623413666893, -0.8306767779591795, 0.19453321463834983, -0.5090925828337958, 0.46518689717993555, 0.7893025846334776, 0.0294679418262902, 0.20712702072041278, -0.8698643752343853, 0.08014945928561268, -0.7416264326591246, 0.22912569270066396, -0.2726993059103242, 0.5355160686614915, -0.902931727160895, -0.7803637637643119, 0.36804643024725525, 0.029307394167312983, 0.1432827432294983, 0.6874139879813108, -0.024524721700651453, 0.6202888442522898, 0.020487258589880097, 0.8534413864805024, 0.333855543079252, -0.7025463211318861, -0.27089364934848836, 0.7315498318881986, -0.29942957828896866, -0.6219484810876903, -0.0547573816684539, -0.21443765035574014, 0.23785985328818726, -0.12646741612097356, -0.47815568541100895, -0.17505557667448635, -0.16193193089539926, 0.8048437117522818, 0.9592325240809707, 0.24713767881382775, -0.8336317548582777, 0.46599743519199, 0.357370804957968, 0.6520457340504391, -0.3050973265778887, -0.8822398116837538, 0.2236436329105842, -0.751970763373456, 0.5190590583266628, 0.5888466351532844, -0.18274642650020412, 0.8875950117660911, -0.6524404124894483, 0.8851716994539605]",rhc,relu,False,False,100,[10],0.1,100,12
1271,71,0.1941902000689879,1.710630872805565,1887.0,100,15,"[0.9340596780273533, 0.09446449835144466, 0.9453687199297687, 0.4296319873487293, 0.3954576491945416, -0.5678210088392472, 0.9525489095524835, -0.9875394895908203, -0.4940352752331121, -0.13041693519110842, 0.5587658435875049, -0.6046298507994938, 0.7259864711984445, 0.9668013543506255, -0.6723155171906026, 0.19466788786571843, -0.98202780466489, -0.22685743471274122, -0.9116798841370009, 0.9133059354284718, -0.1277067062404047, 0.8979546135631256, 0.5726119718701219, 0.7325785971633969, -0.6536691570081037, -0.850102825973786, 0.2014854427555386, -0.6640556325631923, 0.4667603350211398, -0.18311227969597055, 0.05581764683584067, 0.875143167901884, 0.043392244889916, -0.7836132342255386, -0.6835531856304011, 0.09040530340642561, 0.04880816013694678, 0.2752204882519873, -0.1970091128194542, 0.2996102180386846, -0.20619999419653467, 0.24783222709644614, 0.5348099341802477, -0.6420521799177383, -0.24884846282491524, 0.005066118653868745, 0.3733341598326916, -0.4926407026772337, 0.10948172588511706, 0.24986168812819542, 0.7910023321122921, -0.27429282313374714, 0.2751141460374733, -0.6171071957620733, -0.004411770765388567, -0.6351091908575863, 0.8367660782795254, -0.13635585731754474, 0.6603762041966925, -0.16644739064327485, 0.8093351774867339, -0.19034956537818792, -0.33765099381775454, 0.14427754054549724, 0.6908872981882266, 0.7220286235061439, 0.19137623413666893, -0.8306767779591795, 0.19453321463834983, -0.5090925828337958, 0.46518689717993555, 0.7893025846334776, 0.0294679418262902, 0.20712702072041278, -0.8698643752343853, 0.08014945928561268, -0.7416264326591246, 0.22912569270066396, -0.2726993059103242, 0.5355160686614915, -0.902931727160895, -0.7803637637643119, 0.36804643024725525, 0.029307394167312983, 0.1432827432294983, 0.6874139879813108, -0.024524721700651453, 0.6202888442522898, 0.020487258589880097, 0.8534413864805024, 0.333855543079252, -0.7025463211318861, -0.27089364934848836, 0.7315498318881986, -0.29942957828896866, -0.6219484810876903, -0.0547573816684539, -0.21443765035574014, 0.23785985328818726, -0.12646741612097356, -0.47815568541100895, -0.17505557667448635, -0.16193193089539926, 0.8048437117522818, 0.9592325240809707, 0.24713767881382775, -0.8336317548582777, 0.46599743519199, 0.357370804957968, 0.6520457340504391, -0.3050973265778887, -0.8822398116837538, 0.2236436329105842, -0.751970763373456, 0.5190590583266628, 0.5888466351532844, -0.18274642650020412, 0.8875950117660911, -0.6524404124894483, 0.8851716994539605]",rhc,relu,False,False,100,[10],0.1,100,12
1272,72,0.19706690008752048,1.7086247402349413,1889.0,100,15,"[0.9340596780273533, 0.09446449835144466, 0.9453687199297687, 0.4296319873487293, 0.3954576491945416, -0.5678210088392472, 0.9525489095524835, -0.9875394895908203, -0.4940352752331121, -0.13041693519110842, 0.5587658435875049, -0.6046298507994938, 0.7259864711984445, 0.9668013543506255, -0.6723155171906026, 0.19466788786571843, -0.98202780466489, -0.22685743471274122, -0.9116798841370009, 0.9133059354284718, -0.1277067062404047, 0.8979546135631256, 0.5726119718701219, 0.7325785971633969, -0.6536691570081037, -0.850102825973786, 0.2014854427555386, -0.6640556325631923, 0.4667603350211398, -0.18311227969597055, 0.05581764683584067, 0.875143167901884, 0.043392244889916, -0.7836132342255386, -0.6835531856304011, 0.09040530340642561, 0.04880816013694678, 0.2752204882519873, -0.1970091128194542, 0.2996102180386846, -0.20619999419653467, 0.24783222709644614, 0.5348099341802477, -0.6420521799177383, -0.24884846282491524, 0.005066118653868745, 0.3733341598326916, -0.4926407026772337, 0.10948172588511706, 0.24986168812819542, 0.7910023321122921, -0.27429282313374714, 0.2751141460374733, -0.6171071957620733, -0.004411770765388567, -0.6351091908575863, 0.8367660782795254, -0.13635585731754474, 0.6603762041966925, -0.16644739064327485, 0.8093351774867339, -0.19034956537818792, -0.33765099381775454, 0.14427754054549724, 0.6908872981882266, 0.7220286235061439, 0.19137623413666893, -0.8306767779591795, 0.19453321463834983, -0.5090925828337958, 0.46518689717993555, 0.7893025846334776, 0.0294679418262902, 0.20712702072041278, -0.8698643752343853, 0.08014945928561268, -0.7416264326591246, 0.22912569270066396, -0.2726993059103242, 0.5355160686614915, -0.902931727160895, -0.7803637637643119, 0.36804643024725525, 0.029307394167312983, 0.1432827432294983, 0.6874139879813108, -0.024524721700651453, 0.6202888442522898, 0.020487258589880097, 0.8534413864805024, 0.333855543079252, -0.7025463211318861, -0.27089364934848836, 0.7315498318881986, -0.29942957828896866, -0.6219484810876903, -0.0547573816684539, -0.21443765035574014, 0.23785985328818726, -0.12646741612097356, -0.47815568541100895, -0.17505557667448635, -0.16193193089539926, 0.8048437117522818, 0.9592325240809707, 0.24713767881382775, -0.8336317548582777, 0.46599743519199, 0.357370804957968, 0.6520457340504391, -0.3050973265778887, -0.8822398116837538, 0.2236436329105842, -0.751970763373456, 0.5190590583266628, 0.5888466351532844, -0.18274642650020412, 0.8875950117660911, -0.6524404124894483, 0.8851716994539605]",rhc,relu,False,False,100,[10],0.1,100,12
1273,73,0.19875830004457384,1.706118847322006,1891.0,100,15,"[0.9340596780273533, 0.09446449835144466, 0.9453687199297687, 0.4296319873487293, 0.3954576491945416, -0.5678210088392472, 0.9525489095524835, -0.9875394895908203, -0.4940352752331121, -0.13041693519110842, 0.5587658435875049, -0.6046298507994938, 0.7259864711984445, 0.9668013543506255, -0.6723155171906026, 0.19466788786571843, -0.98202780466489, -0.22685743471274122, -0.9116798841370009, 0.9133059354284718, -0.1277067062404047, 0.8979546135631256, 0.5726119718701219, 0.7325785971633969, -0.6536691570081037, -0.850102825973786, 0.2014854427555386, -0.6640556325631923, 0.4667603350211398, -0.18311227969597055, 0.05581764683584067, 0.875143167901884, 0.043392244889916, -0.7836132342255386, -0.6835531856304011, 0.09040530340642561, 0.04880816013694678, 0.2752204882519873, -0.1970091128194542, 0.2996102180386846, -0.20619999419653467, 0.24783222709644614, 0.5348099341802477, -0.6420521799177383, -0.24884846282491524, 0.005066118653868745, 0.3733341598326916, -0.4926407026772337, 0.10948172588511706, 0.24986168812819542, 0.7910023321122921, -0.27429282313374714, 0.2751141460374733, -0.6171071957620733, -0.004411770765388567, -0.6351091908575863, 0.8367660782795254, -0.13635585731754474, 0.6603762041966925, -0.16644739064327485, 0.8093351774867339, -0.19034956537818792, -0.33765099381775454, 0.14427754054549724, 0.6908872981882266, 0.7220286235061439, 0.19137623413666893, -0.8306767779591795, 0.19453321463834983, -0.5090925828337958, 0.46518689717993555, 0.7893025846334776, 0.0294679418262902, 0.20712702072041278, -0.8698643752343853, 0.08014945928561268, -0.7416264326591246, 0.22912569270066396, -0.2726993059103242, 0.5355160686614915, -0.902931727160895, -0.7803637637643119, 0.36804643024725525, 0.029307394167312983, 0.1432827432294983, 0.6874139879813108, -0.024524721700651453, 0.6202888442522898, 0.020487258589880097, 0.8534413864805024, 0.333855543079252, -0.7025463211318861, -0.27089364934848836, 0.7315498318881986, -0.29942957828896866, -0.6219484810876903, -0.0547573816684539, -0.21443765035574014, 0.23785985328818726, -0.12646741612097356, -0.47815568541100895, -0.17505557667448635, -0.16193193089539926, 0.8048437117522818, 0.9592325240809707, 0.24713767881382775, -0.8336317548582777, 0.46599743519199, 0.357370804957968, 0.6520457340504391, -0.3050973265778887, -0.8822398116837538, 0.2236436329105842, -0.751970763373456, 0.5190590583266628, 0.5888466351532844, -0.18274642650020412, 0.8875950117660911, -0.6524404124894483, 0.8851716994539605]",rhc,relu,False,False,100,[10],0.1,100,12
1274,74,0.20192090002819896,1.704954753919736,1893.0,100,15,"[0.9340596780273533, 0.09446449835144466, 0.9453687199297687, 0.4296319873487293, 0.3954576491945416, -0.5678210088392472, 0.9525489095524835, -0.9875394895908203, -0.4940352752331121, -0.13041693519110842, 0.5587658435875049, -0.6046298507994938, 0.7259864711984445, 0.9668013543506255, -0.6723155171906026, 0.19466788786571843, -0.98202780466489, -0.22685743471274122, -0.9116798841370009, 0.9133059354284718, -0.1277067062404047, 0.8979546135631256, 0.5726119718701219, 0.7325785971633969, -0.6536691570081037, -0.850102825973786, 0.2014854427555386, -0.6640556325631923, 0.4667603350211398, -0.18311227969597055, 0.05581764683584067, 0.875143167901884, 0.043392244889916, -0.7836132342255386, -0.6835531856304011, 0.09040530340642561, 0.04880816013694678, 0.2752204882519873, -0.1970091128194542, 0.2996102180386846, -0.20619999419653467, 0.24783222709644614, 0.5348099341802477, -0.6420521799177383, -0.24884846282491524, 0.005066118653868745, 0.3733341598326916, -0.4926407026772337, 0.10948172588511706, 0.24986168812819542, 0.7910023321122921, -0.27429282313374714, 0.2751141460374733, -0.6171071957620733, -0.004411770765388567, -0.6351091908575863, 0.8367660782795254, -0.13635585731754474, 0.6603762041966925, -0.16644739064327485, 0.8093351774867339, -0.19034956537818792, -0.33765099381775454, 0.14427754054549724, 0.6908872981882266, 0.7220286235061439, 0.19137623413666893, -0.8306767779591795, 0.19453321463834983, -0.5090925828337958, 0.46518689717993555, 0.7893025846334776, 0.0294679418262902, 0.20712702072041278, -0.8698643752343853, 0.08014945928561268, -0.7416264326591246, 0.22912569270066396, -0.2726993059103242, 0.5355160686614915, -0.902931727160895, -0.7803637637643119, 0.36804643024725525, 0.029307394167312983, 0.1432827432294983, 0.6874139879813108, -0.024524721700651453, 0.6202888442522898, 0.020487258589880097, 0.8534413864805024, 0.333855543079252, -0.7025463211318861, -0.27089364934848836, 0.7315498318881986, -0.29942957828896866, -0.6219484810876903, -0.0547573816684539, -0.21443765035574014, 0.23785985328818726, -0.12646741612097356, -0.47815568541100895, -0.17505557667448635, -0.16193193089539926, 0.8048437117522818, 0.9592325240809707, 0.24713767881382775, -0.8336317548582777, 0.46599743519199, 0.357370804957968, 0.6520457340504391, -0.3050973265778887, -0.8822398116837538, 0.2236436329105842, -0.751970763373456, 0.5190590583266628, 0.5888466351532844, -0.18274642650020412, 0.8875950117660911, -0.6524404124894483, 0.8851716994539605]",rhc,relu,False,False,100,[10],0.1,100,12
1275,75,0.2034730000887066,1.704954753919736,1894.0,100,15,"[0.9340596780273533, 0.09446449835144466, 0.9453687199297687, 0.4296319873487293, 0.3954576491945416, -0.5678210088392472, 0.9525489095524835, -0.9875394895908203, -0.4940352752331121, -0.13041693519110842, 0.5587658435875049, -0.6046298507994938, 0.7259864711984445, 0.9668013543506255, -0.6723155171906026, 0.19466788786571843, -0.98202780466489, -0.22685743471274122, -0.9116798841370009, 0.9133059354284718, -0.1277067062404047, 0.8979546135631256, 0.5726119718701219, 0.7325785971633969, -0.6536691570081037, -0.850102825973786, 0.2014854427555386, -0.6640556325631923, 0.4667603350211398, -0.18311227969597055, 0.05581764683584067, 0.875143167901884, 0.043392244889916, -0.7836132342255386, -0.6835531856304011, 0.09040530340642561, 0.04880816013694678, 0.2752204882519873, -0.1970091128194542, 0.2996102180386846, -0.20619999419653467, 0.24783222709644614, 0.5348099341802477, -0.6420521799177383, -0.24884846282491524, 0.005066118653868745, 0.3733341598326916, -0.4926407026772337, 0.10948172588511706, 0.24986168812819542, 0.7910023321122921, -0.27429282313374714, 0.2751141460374733, -0.6171071957620733, -0.004411770765388567, -0.6351091908575863, 0.8367660782795254, -0.13635585731754474, 0.6603762041966925, -0.16644739064327485, 0.8093351774867339, -0.19034956537818792, -0.33765099381775454, 0.14427754054549724, 0.6908872981882266, 0.7220286235061439, 0.19137623413666893, -0.8306767779591795, 0.19453321463834983, -0.5090925828337958, 0.46518689717993555, 0.7893025846334776, 0.0294679418262902, 0.20712702072041278, -0.8698643752343853, 0.08014945928561268, -0.7416264326591246, 0.22912569270066396, -0.2726993059103242, 0.5355160686614915, -0.902931727160895, -0.7803637637643119, 0.36804643024725525, 0.029307394167312983, 0.1432827432294983, 0.6874139879813108, -0.024524721700651453, 0.6202888442522898, 0.020487258589880097, 0.8534413864805024, 0.333855543079252, -0.7025463211318861, -0.27089364934848836, 0.7315498318881986, -0.29942957828896866, -0.6219484810876903, -0.0547573816684539, -0.21443765035574014, 0.23785985328818726, -0.12646741612097356, -0.47815568541100895, -0.17505557667448635, -0.16193193089539926, 0.8048437117522818, 0.9592325240809707, 0.24713767881382775, -0.8336317548582777, 0.46599743519199, 0.357370804957968, 0.6520457340504391, -0.3050973265778887, -0.8822398116837538, 0.2236436329105842, -0.751970763373456, 0.5190590583266628, 0.5888466351532844, -0.18274642650020412, 0.8875950117660911, -0.6524404124894483, 0.8851716994539605]",rhc,relu,False,False,100,[10],0.1,100,12
1276,76,0.2065150000853464,1.6870459038165297,1896.0,100,15,"[0.9340596780273533, 0.09446449835144466, 0.9453687199297687, 0.4296319873487293, 0.3954576491945416, -0.5678210088392472, 0.9525489095524835, -0.9875394895908203, -0.4940352752331121, -0.13041693519110842, 0.5587658435875049, -0.6046298507994938, 0.7259864711984445, 0.9668013543506255, -0.6723155171906026, 0.19466788786571843, -0.98202780466489, -0.22685743471274122, -0.9116798841370009, 0.9133059354284718, -0.1277067062404047, 0.8979546135631256, 0.5726119718701219, 0.7325785971633969, -0.6536691570081037, -0.850102825973786, 0.2014854427555386, -0.6640556325631923, 0.4667603350211398, -0.18311227969597055, 0.05581764683584067, 0.875143167901884, 0.043392244889916, -0.7836132342255386, -0.6835531856304011, 0.09040530340642561, 0.04880816013694678, 0.2752204882519873, -0.1970091128194542, 0.2996102180386846, -0.20619999419653467, 0.24783222709644614, 0.5348099341802477, -0.6420521799177383, -0.24884846282491524, 0.005066118653868745, 0.3733341598326916, -0.4926407026772337, 0.10948172588511706, 0.24986168812819542, 0.7910023321122921, -0.27429282313374714, 0.2751141460374733, -0.6171071957620733, -0.004411770765388567, -0.6351091908575863, 0.8367660782795254, -0.13635585731754474, 0.6603762041966925, -0.16644739064327485, 0.8093351774867339, -0.19034956537818792, -0.33765099381775454, 0.14427754054549724, 0.6908872981882266, 0.7220286235061439, 0.19137623413666893, -0.8306767779591795, 0.19453321463834983, -0.5090925828337958, 0.46518689717993555, 0.7893025846334776, 0.0294679418262902, 0.20712702072041278, -0.8698643752343853, 0.08014945928561268, -0.7416264326591246, 0.22912569270066396, -0.2726993059103242, 0.5355160686614915, -0.902931727160895, -0.7803637637643119, 0.36804643024725525, 0.029307394167312983, 0.1432827432294983, 0.6874139879813108, -0.024524721700651453, 0.6202888442522898, 0.020487258589880097, 0.8534413864805024, 0.333855543079252, -0.7025463211318861, -0.27089364934848836, 0.7315498318881986, -0.29942957828896866, -0.6219484810876903, -0.0547573816684539, -0.21443765035574014, 0.23785985328818726, -0.12646741612097356, -0.47815568541100895, -0.17505557667448635, -0.16193193089539926, 0.8048437117522818, 0.9592325240809707, 0.24713767881382775, -0.8336317548582777, 0.46599743519199, 0.357370804957968, 0.6520457340504391, -0.3050973265778887, -0.8822398116837538, 0.2236436329105842, -0.751970763373456, 0.5190590583266628, 0.5888466351532844, -0.18274642650020412, 0.8875950117660911, -0.6524404124894483, 0.8851716994539605]",rhc,relu,False,False,100,[10],0.1,100,12
1277,77,0.20961990009527653,1.6870459038165297,1897.0,100,15,"[0.9340596780273533, 0.09446449835144466, 0.9453687199297687, 0.4296319873487293, 0.3954576491945416, -0.5678210088392472, 0.9525489095524835, -0.9875394895908203, -0.4940352752331121, -0.13041693519110842, 0.5587658435875049, -0.6046298507994938, 0.7259864711984445, 0.9668013543506255, -0.6723155171906026, 0.19466788786571843, -0.98202780466489, -0.22685743471274122, -0.9116798841370009, 0.9133059354284718, -0.1277067062404047, 0.8979546135631256, 0.5726119718701219, 0.7325785971633969, -0.6536691570081037, -0.850102825973786, 0.2014854427555386, -0.6640556325631923, 0.4667603350211398, -0.18311227969597055, 0.05581764683584067, 0.875143167901884, 0.043392244889916, -0.7836132342255386, -0.6835531856304011, 0.09040530340642561, 0.04880816013694678, 0.2752204882519873, -0.1970091128194542, 0.2996102180386846, -0.20619999419653467, 0.24783222709644614, 0.5348099341802477, -0.6420521799177383, -0.24884846282491524, 0.005066118653868745, 0.3733341598326916, -0.4926407026772337, 0.10948172588511706, 0.24986168812819542, 0.7910023321122921, -0.27429282313374714, 0.2751141460374733, -0.6171071957620733, -0.004411770765388567, -0.6351091908575863, 0.8367660782795254, -0.13635585731754474, 0.6603762041966925, -0.16644739064327485, 0.8093351774867339, -0.19034956537818792, -0.33765099381775454, 0.14427754054549724, 0.6908872981882266, 0.7220286235061439, 0.19137623413666893, -0.8306767779591795, 0.19453321463834983, -0.5090925828337958, 0.46518689717993555, 0.7893025846334776, 0.0294679418262902, 0.20712702072041278, -0.8698643752343853, 0.08014945928561268, -0.7416264326591246, 0.22912569270066396, -0.2726993059103242, 0.5355160686614915, -0.902931727160895, -0.7803637637643119, 0.36804643024725525, 0.029307394167312983, 0.1432827432294983, 0.6874139879813108, -0.024524721700651453, 0.6202888442522898, 0.020487258589880097, 0.8534413864805024, 0.333855543079252, -0.7025463211318861, -0.27089364934848836, 0.7315498318881986, -0.29942957828896866, -0.6219484810876903, -0.0547573816684539, -0.21443765035574014, 0.23785985328818726, -0.12646741612097356, -0.47815568541100895, -0.17505557667448635, -0.16193193089539926, 0.8048437117522818, 0.9592325240809707, 0.24713767881382775, -0.8336317548582777, 0.46599743519199, 0.357370804957968, 0.6520457340504391, -0.3050973265778887, -0.8822398116837538, 0.2236436329105842, -0.751970763373456, 0.5190590583266628, 0.5888466351532844, -0.18274642650020412, 0.8875950117660911, -0.6524404124894483, 0.8851716994539605]",rhc,relu,False,False,100,[10],0.1,100,12
1278,78,0.2124417000450194,1.6870459038165297,1898.0,100,15,"[0.9340596780273533, 0.09446449835144466, 0.9453687199297687, 0.4296319873487293, 0.3954576491945416, -0.5678210088392472, 0.9525489095524835, -0.9875394895908203, -0.4940352752331121, -0.13041693519110842, 0.5587658435875049, -0.6046298507994938, 0.7259864711984445, 0.9668013543506255, -0.6723155171906026, 0.19466788786571843, -0.98202780466489, -0.22685743471274122, -0.9116798841370009, 0.9133059354284718, -0.1277067062404047, 0.8979546135631256, 0.5726119718701219, 0.7325785971633969, -0.6536691570081037, -0.850102825973786, 0.2014854427555386, -0.6640556325631923, 0.4667603350211398, -0.18311227969597055, 0.05581764683584067, 0.875143167901884, 0.043392244889916, -0.7836132342255386, -0.6835531856304011, 0.09040530340642561, 0.04880816013694678, 0.2752204882519873, -0.1970091128194542, 0.2996102180386846, -0.20619999419653467, 0.24783222709644614, 0.5348099341802477, -0.6420521799177383, -0.24884846282491524, 0.005066118653868745, 0.3733341598326916, -0.4926407026772337, 0.10948172588511706, 0.24986168812819542, 0.7910023321122921, -0.27429282313374714, 0.2751141460374733, -0.6171071957620733, -0.004411770765388567, -0.6351091908575863, 0.8367660782795254, -0.13635585731754474, 0.6603762041966925, -0.16644739064327485, 0.8093351774867339, -0.19034956537818792, -0.33765099381775454, 0.14427754054549724, 0.6908872981882266, 0.7220286235061439, 0.19137623413666893, -0.8306767779591795, 0.19453321463834983, -0.5090925828337958, 0.46518689717993555, 0.7893025846334776, 0.0294679418262902, 0.20712702072041278, -0.8698643752343853, 0.08014945928561268, -0.7416264326591246, 0.22912569270066396, -0.2726993059103242, 0.5355160686614915, -0.902931727160895, -0.7803637637643119, 0.36804643024725525, 0.029307394167312983, 0.1432827432294983, 0.6874139879813108, -0.024524721700651453, 0.6202888442522898, 0.020487258589880097, 0.8534413864805024, 0.333855543079252, -0.7025463211318861, -0.27089364934848836, 0.7315498318881986, -0.29942957828896866, -0.6219484810876903, -0.0547573816684539, -0.21443765035574014, 0.23785985328818726, -0.12646741612097356, -0.47815568541100895, -0.17505557667448635, -0.16193193089539926, 0.8048437117522818, 0.9592325240809707, 0.24713767881382775, -0.8336317548582777, 0.46599743519199, 0.357370804957968, 0.6520457340504391, -0.3050973265778887, -0.8822398116837538, 0.2236436329105842, -0.751970763373456, 0.5190590583266628, 0.5888466351532844, -0.18274642650020412, 0.8875950117660911, -0.6524404124894483, 0.8851716994539605]",rhc,relu,False,False,100,[10],0.1,100,12
1279,79,0.21469990001060069,1.6853955607351239,1900.0,100,15,"[0.9340596780273533, 0.09446449835144466, 0.9453687199297687, 0.4296319873487293, 0.3954576491945416, -0.5678210088392472, 0.9525489095524835, -0.9875394895908203, -0.4940352752331121, -0.13041693519110842, 0.5587658435875049, -0.6046298507994938, 0.7259864711984445, 0.9668013543506255, -0.6723155171906026, 0.19466788786571843, -0.98202780466489, -0.22685743471274122, -0.9116798841370009, 0.9133059354284718, -0.1277067062404047, 0.8979546135631256, 0.5726119718701219, 0.7325785971633969, -0.6536691570081037, -0.850102825973786, 0.2014854427555386, -0.6640556325631923, 0.4667603350211398, -0.18311227969597055, 0.05581764683584067, 0.875143167901884, 0.043392244889916, -0.7836132342255386, -0.6835531856304011, 0.09040530340642561, 0.04880816013694678, 0.2752204882519873, -0.1970091128194542, 0.2996102180386846, -0.20619999419653467, 0.24783222709644614, 0.5348099341802477, -0.6420521799177383, -0.24884846282491524, 0.005066118653868745, 0.3733341598326916, -0.4926407026772337, 0.10948172588511706, 0.24986168812819542, 0.7910023321122921, -0.27429282313374714, 0.2751141460374733, -0.6171071957620733, -0.004411770765388567, -0.6351091908575863, 0.8367660782795254, -0.13635585731754474, 0.6603762041966925, -0.16644739064327485, 0.8093351774867339, -0.19034956537818792, -0.33765099381775454, 0.14427754054549724, 0.6908872981882266, 0.7220286235061439, 0.19137623413666893, -0.8306767779591795, 0.19453321463834983, -0.5090925828337958, 0.46518689717993555, 0.7893025846334776, 0.0294679418262902, 0.20712702072041278, -0.8698643752343853, 0.08014945928561268, -0.7416264326591246, 0.22912569270066396, -0.2726993059103242, 0.5355160686614915, -0.902931727160895, -0.7803637637643119, 0.36804643024725525, 0.029307394167312983, 0.1432827432294983, 0.6874139879813108, -0.024524721700651453, 0.6202888442522898, 0.020487258589880097, 0.8534413864805024, 0.333855543079252, -0.7025463211318861, -0.27089364934848836, 0.7315498318881986, -0.29942957828896866, -0.6219484810876903, -0.0547573816684539, -0.21443765035574014, 0.23785985328818726, -0.12646741612097356, -0.47815568541100895, -0.17505557667448635, -0.16193193089539926, 0.8048437117522818, 0.9592325240809707, 0.24713767881382775, -0.8336317548582777, 0.46599743519199, 0.357370804957968, 0.6520457340504391, -0.3050973265778887, -0.8822398116837538, 0.2236436329105842, -0.751970763373456, 0.5190590583266628, 0.5888466351532844, -0.18274642650020412, 0.8875950117660911, -0.6524404124894483, 0.8851716994539605]",rhc,relu,False,False,100,[10],0.1,100,12
1280,80,0.21622890001162887,1.6853955607351239,1901.0,100,15,"[0.9340596780273533, 0.09446449835144466, 0.9453687199297687, 0.4296319873487293, 0.3954576491945416, -0.5678210088392472, 0.9525489095524835, -0.9875394895908203, -0.4940352752331121, -0.13041693519110842, 0.5587658435875049, -0.6046298507994938, 0.7259864711984445, 0.9668013543506255, -0.6723155171906026, 0.19466788786571843, -0.98202780466489, -0.22685743471274122, -0.9116798841370009, 0.9133059354284718, -0.1277067062404047, 0.8979546135631256, 0.5726119718701219, 0.7325785971633969, -0.6536691570081037, -0.850102825973786, 0.2014854427555386, -0.6640556325631923, 0.4667603350211398, -0.18311227969597055, 0.05581764683584067, 0.875143167901884, 0.043392244889916, -0.7836132342255386, -0.6835531856304011, 0.09040530340642561, 0.04880816013694678, 0.2752204882519873, -0.1970091128194542, 0.2996102180386846, -0.20619999419653467, 0.24783222709644614, 0.5348099341802477, -0.6420521799177383, -0.24884846282491524, 0.005066118653868745, 0.3733341598326916, -0.4926407026772337, 0.10948172588511706, 0.24986168812819542, 0.7910023321122921, -0.27429282313374714, 0.2751141460374733, -0.6171071957620733, -0.004411770765388567, -0.6351091908575863, 0.8367660782795254, -0.13635585731754474, 0.6603762041966925, -0.16644739064327485, 0.8093351774867339, -0.19034956537818792, -0.33765099381775454, 0.14427754054549724, 0.6908872981882266, 0.7220286235061439, 0.19137623413666893, -0.8306767779591795, 0.19453321463834983, -0.5090925828337958, 0.46518689717993555, 0.7893025846334776, 0.0294679418262902, 0.20712702072041278, -0.8698643752343853, 0.08014945928561268, -0.7416264326591246, 0.22912569270066396, -0.2726993059103242, 0.5355160686614915, -0.902931727160895, -0.7803637637643119, 0.36804643024725525, 0.029307394167312983, 0.1432827432294983, 0.6874139879813108, -0.024524721700651453, 0.6202888442522898, 0.020487258589880097, 0.8534413864805024, 0.333855543079252, -0.7025463211318861, -0.27089364934848836, 0.7315498318881986, -0.29942957828896866, -0.6219484810876903, -0.0547573816684539, -0.21443765035574014, 0.23785985328818726, -0.12646741612097356, -0.47815568541100895, -0.17505557667448635, -0.16193193089539926, 0.8048437117522818, 0.9592325240809707, 0.24713767881382775, -0.8336317548582777, 0.46599743519199, 0.357370804957968, 0.6520457340504391, -0.3050973265778887, -0.8822398116837538, 0.2236436329105842, -0.751970763373456, 0.5190590583266628, 0.5888466351532844, -0.18274642650020412, 0.8875950117660911, -0.6524404124894483, 0.8851716994539605]",rhc,relu,False,False,100,[10],0.1,100,12
1281,81,0.21764280006755143,1.6853955607351239,1902.0,100,15,"[0.9340596780273533, 0.09446449835144466, 0.9453687199297687, 0.4296319873487293, 0.3954576491945416, -0.5678210088392472, 0.9525489095524835, -0.9875394895908203, -0.4940352752331121, -0.13041693519110842, 0.5587658435875049, -0.6046298507994938, 0.7259864711984445, 0.9668013543506255, -0.6723155171906026, 0.19466788786571843, -0.98202780466489, -0.22685743471274122, -0.9116798841370009, 0.9133059354284718, -0.1277067062404047, 0.8979546135631256, 0.5726119718701219, 0.7325785971633969, -0.6536691570081037, -0.850102825973786, 0.2014854427555386, -0.6640556325631923, 0.4667603350211398, -0.18311227969597055, 0.05581764683584067, 0.875143167901884, 0.043392244889916, -0.7836132342255386, -0.6835531856304011, 0.09040530340642561, 0.04880816013694678, 0.2752204882519873, -0.1970091128194542, 0.2996102180386846, -0.20619999419653467, 0.24783222709644614, 0.5348099341802477, -0.6420521799177383, -0.24884846282491524, 0.005066118653868745, 0.3733341598326916, -0.4926407026772337, 0.10948172588511706, 0.24986168812819542, 0.7910023321122921, -0.27429282313374714, 0.2751141460374733, -0.6171071957620733, -0.004411770765388567, -0.6351091908575863, 0.8367660782795254, -0.13635585731754474, 0.6603762041966925, -0.16644739064327485, 0.8093351774867339, -0.19034956537818792, -0.33765099381775454, 0.14427754054549724, 0.6908872981882266, 0.7220286235061439, 0.19137623413666893, -0.8306767779591795, 0.19453321463834983, -0.5090925828337958, 0.46518689717993555, 0.7893025846334776, 0.0294679418262902, 0.20712702072041278, -0.8698643752343853, 0.08014945928561268, -0.7416264326591246, 0.22912569270066396, -0.2726993059103242, 0.5355160686614915, -0.902931727160895, -0.7803637637643119, 0.36804643024725525, 0.029307394167312983, 0.1432827432294983, 0.6874139879813108, -0.024524721700651453, 0.6202888442522898, 0.020487258589880097, 0.8534413864805024, 0.333855543079252, -0.7025463211318861, -0.27089364934848836, 0.7315498318881986, -0.29942957828896866, -0.6219484810876903, -0.0547573816684539, -0.21443765035574014, 0.23785985328818726, -0.12646741612097356, -0.47815568541100895, -0.17505557667448635, -0.16193193089539926, 0.8048437117522818, 0.9592325240809707, 0.24713767881382775, -0.8336317548582777, 0.46599743519199, 0.357370804957968, 0.6520457340504391, -0.3050973265778887, -0.8822398116837538, 0.2236436329105842, -0.751970763373456, 0.5190590583266628, 0.5888466351532844, -0.18274642650020412, 0.8875950117660911, -0.6524404124894483, 0.8851716994539605]",rhc,relu,False,False,100,[10],0.1,100,12
1282,82,0.2193455999949947,1.6853955607351239,1903.0,100,15,"[0.9340596780273533, 0.09446449835144466, 0.9453687199297687, 0.4296319873487293, 0.3954576491945416, -0.5678210088392472, 0.9525489095524835, -0.9875394895908203, -0.4940352752331121, -0.13041693519110842, 0.5587658435875049, -0.6046298507994938, 0.7259864711984445, 0.9668013543506255, -0.6723155171906026, 0.19466788786571843, -0.98202780466489, -0.22685743471274122, -0.9116798841370009, 0.9133059354284718, -0.1277067062404047, 0.8979546135631256, 0.5726119718701219, 0.7325785971633969, -0.6536691570081037, -0.850102825973786, 0.2014854427555386, -0.6640556325631923, 0.4667603350211398, -0.18311227969597055, 0.05581764683584067, 0.875143167901884, 0.043392244889916, -0.7836132342255386, -0.6835531856304011, 0.09040530340642561, 0.04880816013694678, 0.2752204882519873, -0.1970091128194542, 0.2996102180386846, -0.20619999419653467, 0.24783222709644614, 0.5348099341802477, -0.6420521799177383, -0.24884846282491524, 0.005066118653868745, 0.3733341598326916, -0.4926407026772337, 0.10948172588511706, 0.24986168812819542, 0.7910023321122921, -0.27429282313374714, 0.2751141460374733, -0.6171071957620733, -0.004411770765388567, -0.6351091908575863, 0.8367660782795254, -0.13635585731754474, 0.6603762041966925, -0.16644739064327485, 0.8093351774867339, -0.19034956537818792, -0.33765099381775454, 0.14427754054549724, 0.6908872981882266, 0.7220286235061439, 0.19137623413666893, -0.8306767779591795, 0.19453321463834983, -0.5090925828337958, 0.46518689717993555, 0.7893025846334776, 0.0294679418262902, 0.20712702072041278, -0.8698643752343853, 0.08014945928561268, -0.7416264326591246, 0.22912569270066396, -0.2726993059103242, 0.5355160686614915, -0.902931727160895, -0.7803637637643119, 0.36804643024725525, 0.029307394167312983, 0.1432827432294983, 0.6874139879813108, -0.024524721700651453, 0.6202888442522898, 0.020487258589880097, 0.8534413864805024, 0.333855543079252, -0.7025463211318861, -0.27089364934848836, 0.7315498318881986, -0.29942957828896866, -0.6219484810876903, -0.0547573816684539, -0.21443765035574014, 0.23785985328818726, -0.12646741612097356, -0.47815568541100895, -0.17505557667448635, -0.16193193089539926, 0.8048437117522818, 0.9592325240809707, 0.24713767881382775, -0.8336317548582777, 0.46599743519199, 0.357370804957968, 0.6520457340504391, -0.3050973265778887, -0.8822398116837538, 0.2236436329105842, -0.751970763373456, 0.5190590583266628, 0.5888466351532844, -0.18274642650020412, 0.8875950117660911, -0.6524404124894483, 0.8851716994539605]",rhc,relu,False,False,100,[10],0.1,100,12
1283,83,0.22115360002499074,1.6853955607351239,1904.0,100,15,"[0.9340596780273533, 0.09446449835144466, 0.9453687199297687, 0.4296319873487293, 0.3954576491945416, -0.5678210088392472, 0.9525489095524835, -0.9875394895908203, -0.4940352752331121, -0.13041693519110842, 0.5587658435875049, -0.6046298507994938, 0.7259864711984445, 0.9668013543506255, -0.6723155171906026, 0.19466788786571843, -0.98202780466489, -0.22685743471274122, -0.9116798841370009, 0.9133059354284718, -0.1277067062404047, 0.8979546135631256, 0.5726119718701219, 0.7325785971633969, -0.6536691570081037, -0.850102825973786, 0.2014854427555386, -0.6640556325631923, 0.4667603350211398, -0.18311227969597055, 0.05581764683584067, 0.875143167901884, 0.043392244889916, -0.7836132342255386, -0.6835531856304011, 0.09040530340642561, 0.04880816013694678, 0.2752204882519873, -0.1970091128194542, 0.2996102180386846, -0.20619999419653467, 0.24783222709644614, 0.5348099341802477, -0.6420521799177383, -0.24884846282491524, 0.005066118653868745, 0.3733341598326916, -0.4926407026772337, 0.10948172588511706, 0.24986168812819542, 0.7910023321122921, -0.27429282313374714, 0.2751141460374733, -0.6171071957620733, -0.004411770765388567, -0.6351091908575863, 0.8367660782795254, -0.13635585731754474, 0.6603762041966925, -0.16644739064327485, 0.8093351774867339, -0.19034956537818792, -0.33765099381775454, 0.14427754054549724, 0.6908872981882266, 0.7220286235061439, 0.19137623413666893, -0.8306767779591795, 0.19453321463834983, -0.5090925828337958, 0.46518689717993555, 0.7893025846334776, 0.0294679418262902, 0.20712702072041278, -0.8698643752343853, 0.08014945928561268, -0.7416264326591246, 0.22912569270066396, -0.2726993059103242, 0.5355160686614915, -0.902931727160895, -0.7803637637643119, 0.36804643024725525, 0.029307394167312983, 0.1432827432294983, 0.6874139879813108, -0.024524721700651453, 0.6202888442522898, 0.020487258589880097, 0.8534413864805024, 0.333855543079252, -0.7025463211318861, -0.27089364934848836, 0.7315498318881986, -0.29942957828896866, -0.6219484810876903, -0.0547573816684539, -0.21443765035574014, 0.23785985328818726, -0.12646741612097356, -0.47815568541100895, -0.17505557667448635, -0.16193193089539926, 0.8048437117522818, 0.9592325240809707, 0.24713767881382775, -0.8336317548582777, 0.46599743519199, 0.357370804957968, 0.6520457340504391, -0.3050973265778887, -0.8822398116837538, 0.2236436329105842, -0.751970763373456, 0.5190590583266628, 0.5888466351532844, -0.18274642650020412, 0.8875950117660911, -0.6524404124894483, 0.8851716994539605]",rhc,relu,False,False,100,[10],0.1,100,12
1284,84,0.22437200008425862,1.6710593246897272,1906.0,100,15,"[0.9340596780273533, 0.09446449835144466, 0.9453687199297687, 0.4296319873487293, 0.3954576491945416, -0.5678210088392472, 0.9525489095524835, -0.9875394895908203, -0.4940352752331121, -0.13041693519110842, 0.5587658435875049, -0.6046298507994938, 0.7259864711984445, 0.9668013543506255, -0.6723155171906026, 0.19466788786571843, -0.98202780466489, -0.22685743471274122, -0.9116798841370009, 0.9133059354284718, -0.1277067062404047, 0.8979546135631256, 0.5726119718701219, 0.7325785971633969, -0.6536691570081037, -0.850102825973786, 0.2014854427555386, -0.6640556325631923, 0.4667603350211398, -0.18311227969597055, 0.05581764683584067, 0.875143167901884, 0.043392244889916, -0.7836132342255386, -0.6835531856304011, 0.09040530340642561, 0.04880816013694678, 0.2752204882519873, -0.1970091128194542, 0.2996102180386846, -0.20619999419653467, 0.24783222709644614, 0.5348099341802477, -0.6420521799177383, -0.24884846282491524, 0.005066118653868745, 0.3733341598326916, -0.4926407026772337, 0.10948172588511706, 0.24986168812819542, 0.7910023321122921, -0.27429282313374714, 0.2751141460374733, -0.6171071957620733, -0.004411770765388567, -0.6351091908575863, 0.8367660782795254, -0.13635585731754474, 0.6603762041966925, -0.16644739064327485, 0.8093351774867339, -0.19034956537818792, -0.33765099381775454, 0.14427754054549724, 0.6908872981882266, 0.7220286235061439, 0.19137623413666893, -0.8306767779591795, 0.19453321463834983, -0.5090925828337958, 0.46518689717993555, 0.7893025846334776, 0.0294679418262902, 0.20712702072041278, -0.8698643752343853, 0.08014945928561268, -0.7416264326591246, 0.22912569270066396, -0.2726993059103242, 0.5355160686614915, -0.902931727160895, -0.7803637637643119, 0.36804643024725525, 0.029307394167312983, 0.1432827432294983, 0.6874139879813108, -0.024524721700651453, 0.6202888442522898, 0.020487258589880097, 0.8534413864805024, 0.333855543079252, -0.7025463211318861, -0.27089364934848836, 0.7315498318881986, -0.29942957828896866, -0.6219484810876903, -0.0547573816684539, -0.21443765035574014, 0.23785985328818726, -0.12646741612097356, -0.47815568541100895, -0.17505557667448635, -0.16193193089539926, 0.8048437117522818, 0.9592325240809707, 0.24713767881382775, -0.8336317548582777, 0.46599743519199, 0.357370804957968, 0.6520457340504391, -0.3050973265778887, -0.8822398116837538, 0.2236436329105842, -0.751970763373456, 0.5190590583266628, 0.5888466351532844, -0.18274642650020412, 0.8875950117660911, -0.6524404124894483, 0.8851716994539605]",rhc,relu,False,False,100,[10],0.1,100,12
1285,85,0.2259537000209093,1.6710593246897272,1907.0,100,15,"[0.9340596780273533, 0.09446449835144466, 0.9453687199297687, 0.4296319873487293, 0.3954576491945416, -0.5678210088392472, 0.9525489095524835, -0.9875394895908203, -0.4940352752331121, -0.13041693519110842, 0.5587658435875049, -0.6046298507994938, 0.7259864711984445, 0.9668013543506255, -0.6723155171906026, 0.19466788786571843, -0.98202780466489, -0.22685743471274122, -0.9116798841370009, 0.9133059354284718, -0.1277067062404047, 0.8979546135631256, 0.5726119718701219, 0.7325785971633969, -0.6536691570081037, -0.850102825973786, 0.2014854427555386, -0.6640556325631923, 0.4667603350211398, -0.18311227969597055, 0.05581764683584067, 0.875143167901884, 0.043392244889916, -0.7836132342255386, -0.6835531856304011, 0.09040530340642561, 0.04880816013694678, 0.2752204882519873, -0.1970091128194542, 0.2996102180386846, -0.20619999419653467, 0.24783222709644614, 0.5348099341802477, -0.6420521799177383, -0.24884846282491524, 0.005066118653868745, 0.3733341598326916, -0.4926407026772337, 0.10948172588511706, 0.24986168812819542, 0.7910023321122921, -0.27429282313374714, 0.2751141460374733, -0.6171071957620733, -0.004411770765388567, -0.6351091908575863, 0.8367660782795254, -0.13635585731754474, 0.6603762041966925, -0.16644739064327485, 0.8093351774867339, -0.19034956537818792, -0.33765099381775454, 0.14427754054549724, 0.6908872981882266, 0.7220286235061439, 0.19137623413666893, -0.8306767779591795, 0.19453321463834983, -0.5090925828337958, 0.46518689717993555, 0.7893025846334776, 0.0294679418262902, 0.20712702072041278, -0.8698643752343853, 0.08014945928561268, -0.7416264326591246, 0.22912569270066396, -0.2726993059103242, 0.5355160686614915, -0.902931727160895, -0.7803637637643119, 0.36804643024725525, 0.029307394167312983, 0.1432827432294983, 0.6874139879813108, -0.024524721700651453, 0.6202888442522898, 0.020487258589880097, 0.8534413864805024, 0.333855543079252, -0.7025463211318861, -0.27089364934848836, 0.7315498318881986, -0.29942957828896866, -0.6219484810876903, -0.0547573816684539, -0.21443765035574014, 0.23785985328818726, -0.12646741612097356, -0.47815568541100895, -0.17505557667448635, -0.16193193089539926, 0.8048437117522818, 0.9592325240809707, 0.24713767881382775, -0.8336317548582777, 0.46599743519199, 0.357370804957968, 0.6520457340504391, -0.3050973265778887, -0.8822398116837538, 0.2236436329105842, -0.751970763373456, 0.5190590583266628, 0.5888466351532844, -0.18274642650020412, 0.8875950117660911, -0.6524404124894483, 0.8851716994539605]",rhc,relu,False,False,100,[10],0.1,100,12
1286,86,0.22897670010570437,1.6700297820144356,1909.0,100,15,"[0.9340596780273533, 0.09446449835144466, 0.9453687199297687, 0.4296319873487293, 0.3954576491945416, -0.5678210088392472, 0.9525489095524835, -0.9875394895908203, -0.4940352752331121, -0.13041693519110842, 0.5587658435875049, -0.6046298507994938, 0.7259864711984445, 0.9668013543506255, -0.6723155171906026, 0.19466788786571843, -0.98202780466489, -0.22685743471274122, -0.9116798841370009, 0.9133059354284718, -0.1277067062404047, 0.8979546135631256, 0.5726119718701219, 0.7325785971633969, -0.6536691570081037, -0.850102825973786, 0.2014854427555386, -0.6640556325631923, 0.4667603350211398, -0.18311227969597055, 0.05581764683584067, 0.875143167901884, 0.043392244889916, -0.7836132342255386, -0.6835531856304011, 0.09040530340642561, 0.04880816013694678, 0.2752204882519873, -0.1970091128194542, 0.2996102180386846, -0.20619999419653467, 0.24783222709644614, 0.5348099341802477, -0.6420521799177383, -0.24884846282491524, 0.005066118653868745, 0.3733341598326916, -0.4926407026772337, 0.10948172588511706, 0.24986168812819542, 0.7910023321122921, -0.27429282313374714, 0.2751141460374733, -0.6171071957620733, -0.004411770765388567, -0.6351091908575863, 0.8367660782795254, -0.13635585731754474, 0.6603762041966925, -0.16644739064327485, 0.8093351774867339, -0.19034956537818792, -0.33765099381775454, 0.14427754054549724, 0.6908872981882266, 0.7220286235061439, 0.19137623413666893, -0.8306767779591795, 0.19453321463834983, -0.5090925828337958, 0.46518689717993555, 0.7893025846334776, 0.0294679418262902, 0.20712702072041278, -0.8698643752343853, 0.08014945928561268, -0.7416264326591246, 0.22912569270066396, -0.2726993059103242, 0.5355160686614915, -0.902931727160895, -0.7803637637643119, 0.36804643024725525, 0.029307394167312983, 0.1432827432294983, 0.6874139879813108, -0.024524721700651453, 0.6202888442522898, 0.020487258589880097, 0.8534413864805024, 0.333855543079252, -0.7025463211318861, -0.27089364934848836, 0.7315498318881986, -0.29942957828896866, -0.6219484810876903, -0.0547573816684539, -0.21443765035574014, 0.23785985328818726, -0.12646741612097356, -0.47815568541100895, -0.17505557667448635, -0.16193193089539926, 0.8048437117522818, 0.9592325240809707, 0.24713767881382775, -0.8336317548582777, 0.46599743519199, 0.357370804957968, 0.6520457340504391, -0.3050973265778887, -0.8822398116837538, 0.2236436329105842, -0.751970763373456, 0.5190590583266628, 0.5888466351532844, -0.18274642650020412, 0.8875950117660911, -0.6524404124894483, 0.8851716994539605]",rhc,relu,False,False,100,[10],0.1,100,12
1287,87,0.23168840003199875,1.6678051939467562,1911.0,100,15,"[0.9340596780273533, 0.09446449835144466, 0.9453687199297687, 0.4296319873487293, 0.3954576491945416, -0.5678210088392472, 0.9525489095524835, -0.9875394895908203, -0.4940352752331121, -0.13041693519110842, 0.5587658435875049, -0.6046298507994938, 0.7259864711984445, 0.9668013543506255, -0.6723155171906026, 0.19466788786571843, -0.98202780466489, -0.22685743471274122, -0.9116798841370009, 0.9133059354284718, -0.1277067062404047, 0.8979546135631256, 0.5726119718701219, 0.7325785971633969, -0.6536691570081037, -0.850102825973786, 0.2014854427555386, -0.6640556325631923, 0.4667603350211398, -0.18311227969597055, 0.05581764683584067, 0.875143167901884, 0.043392244889916, -0.7836132342255386, -0.6835531856304011, 0.09040530340642561, 0.04880816013694678, 0.2752204882519873, -0.1970091128194542, 0.2996102180386846, -0.20619999419653467, 0.24783222709644614, 0.5348099341802477, -0.6420521799177383, -0.24884846282491524, 0.005066118653868745, 0.3733341598326916, -0.4926407026772337, 0.10948172588511706, 0.24986168812819542, 0.7910023321122921, -0.27429282313374714, 0.2751141460374733, -0.6171071957620733, -0.004411770765388567, -0.6351091908575863, 0.8367660782795254, -0.13635585731754474, 0.6603762041966925, -0.16644739064327485, 0.8093351774867339, -0.19034956537818792, -0.33765099381775454, 0.14427754054549724, 0.6908872981882266, 0.7220286235061439, 0.19137623413666893, -0.8306767779591795, 0.19453321463834983, -0.5090925828337958, 0.46518689717993555, 0.7893025846334776, 0.0294679418262902, 0.20712702072041278, -0.8698643752343853, 0.08014945928561268, -0.7416264326591246, 0.22912569270066396, -0.2726993059103242, 0.5355160686614915, -0.902931727160895, -0.7803637637643119, 0.36804643024725525, 0.029307394167312983, 0.1432827432294983, 0.6874139879813108, -0.024524721700651453, 0.6202888442522898, 0.020487258589880097, 0.8534413864805024, 0.333855543079252, -0.7025463211318861, -0.27089364934848836, 0.7315498318881986, -0.29942957828896866, -0.6219484810876903, -0.0547573816684539, -0.21443765035574014, 0.23785985328818726, -0.12646741612097356, -0.47815568541100895, -0.17505557667448635, -0.16193193089539926, 0.8048437117522818, 0.9592325240809707, 0.24713767881382775, -0.8336317548582777, 0.46599743519199, 0.357370804957968, 0.6520457340504391, -0.3050973265778887, -0.8822398116837538, 0.2236436329105842, -0.751970763373456, 0.5190590583266628, 0.5888466351532844, -0.18274642650020412, 0.8875950117660911, -0.6524404124894483, 0.8851716994539605]",rhc,relu,False,False,100,[10],0.1,100,12
1288,88,0.23309100000187755,1.6617252809159502,1913.0,100,15,"[0.9340596780273533, 0.09446449835144466, 0.9453687199297687, 0.4296319873487293, 0.3954576491945416, -0.5678210088392472, 0.9525489095524835, -0.9875394895908203, -0.4940352752331121, -0.13041693519110842, 0.5587658435875049, -0.6046298507994938, 0.7259864711984445, 0.9668013543506255, -0.6723155171906026, 0.19466788786571843, -0.98202780466489, -0.22685743471274122, -0.9116798841370009, 0.9133059354284718, -0.1277067062404047, 0.8979546135631256, 0.5726119718701219, 0.7325785971633969, -0.6536691570081037, -0.850102825973786, 0.2014854427555386, -0.6640556325631923, 0.4667603350211398, -0.18311227969597055, 0.05581764683584067, 0.875143167901884, 0.043392244889916, -0.7836132342255386, -0.6835531856304011, 0.09040530340642561, 0.04880816013694678, 0.2752204882519873, -0.1970091128194542, 0.2996102180386846, -0.20619999419653467, 0.24783222709644614, 0.5348099341802477, -0.6420521799177383, -0.24884846282491524, 0.005066118653868745, 0.3733341598326916, -0.4926407026772337, 0.10948172588511706, 0.24986168812819542, 0.7910023321122921, -0.27429282313374714, 0.2751141460374733, -0.6171071957620733, -0.004411770765388567, -0.6351091908575863, 0.8367660782795254, -0.13635585731754474, 0.6603762041966925, -0.16644739064327485, 0.8093351774867339, -0.19034956537818792, -0.33765099381775454, 0.14427754054549724, 0.6908872981882266, 0.7220286235061439, 0.19137623413666893, -0.8306767779591795, 0.19453321463834983, -0.5090925828337958, 0.46518689717993555, 0.7893025846334776, 0.0294679418262902, 0.20712702072041278, -0.8698643752343853, 0.08014945928561268, -0.7416264326591246, 0.22912569270066396, -0.2726993059103242, 0.5355160686614915, -0.902931727160895, -0.7803637637643119, 0.36804643024725525, 0.029307394167312983, 0.1432827432294983, 0.6874139879813108, -0.024524721700651453, 0.6202888442522898, 0.020487258589880097, 0.8534413864805024, 0.333855543079252, -0.7025463211318861, -0.27089364934848836, 0.7315498318881986, -0.29942957828896866, -0.6219484810876903, -0.0547573816684539, -0.21443765035574014, 0.23785985328818726, -0.12646741612097356, -0.47815568541100895, -0.17505557667448635, -0.16193193089539926, 0.8048437117522818, 0.9592325240809707, 0.24713767881382775, -0.8336317548582777, 0.46599743519199, 0.357370804957968, 0.6520457340504391, -0.3050973265778887, -0.8822398116837538, 0.2236436329105842, -0.751970763373456, 0.5190590583266628, 0.5888466351532844, -0.18274642650020412, 0.8875950117660911, -0.6524404124894483, 0.8851716994539605]",rhc,relu,False,False,100,[10],0.1,100,12
1289,89,0.23613770003430545,1.6617252809159502,1914.0,100,15,"[0.9340596780273533, 0.09446449835144466, 0.9453687199297687, 0.4296319873487293, 0.3954576491945416, -0.5678210088392472, 0.9525489095524835, -0.9875394895908203, -0.4940352752331121, -0.13041693519110842, 0.5587658435875049, -0.6046298507994938, 0.7259864711984445, 0.9668013543506255, -0.6723155171906026, 0.19466788786571843, -0.98202780466489, -0.22685743471274122, -0.9116798841370009, 0.9133059354284718, -0.1277067062404047, 0.8979546135631256, 0.5726119718701219, 0.7325785971633969, -0.6536691570081037, -0.850102825973786, 0.2014854427555386, -0.6640556325631923, 0.4667603350211398, -0.18311227969597055, 0.05581764683584067, 0.875143167901884, 0.043392244889916, -0.7836132342255386, -0.6835531856304011, 0.09040530340642561, 0.04880816013694678, 0.2752204882519873, -0.1970091128194542, 0.2996102180386846, -0.20619999419653467, 0.24783222709644614, 0.5348099341802477, -0.6420521799177383, -0.24884846282491524, 0.005066118653868745, 0.3733341598326916, -0.4926407026772337, 0.10948172588511706, 0.24986168812819542, 0.7910023321122921, -0.27429282313374714, 0.2751141460374733, -0.6171071957620733, -0.004411770765388567, -0.6351091908575863, 0.8367660782795254, -0.13635585731754474, 0.6603762041966925, -0.16644739064327485, 0.8093351774867339, -0.19034956537818792, -0.33765099381775454, 0.14427754054549724, 0.6908872981882266, 0.7220286235061439, 0.19137623413666893, -0.8306767779591795, 0.19453321463834983, -0.5090925828337958, 0.46518689717993555, 0.7893025846334776, 0.0294679418262902, 0.20712702072041278, -0.8698643752343853, 0.08014945928561268, -0.7416264326591246, 0.22912569270066396, -0.2726993059103242, 0.5355160686614915, -0.902931727160895, -0.7803637637643119, 0.36804643024725525, 0.029307394167312983, 0.1432827432294983, 0.6874139879813108, -0.024524721700651453, 0.6202888442522898, 0.020487258589880097, 0.8534413864805024, 0.333855543079252, -0.7025463211318861, -0.27089364934848836, 0.7315498318881986, -0.29942957828896866, -0.6219484810876903, -0.0547573816684539, -0.21443765035574014, 0.23785985328818726, -0.12646741612097356, -0.47815568541100895, -0.17505557667448635, -0.16193193089539926, 0.8048437117522818, 0.9592325240809707, 0.24713767881382775, -0.8336317548582777, 0.46599743519199, 0.357370804957968, 0.6520457340504391, -0.3050973265778887, -0.8822398116837538, 0.2236436329105842, -0.751970763373456, 0.5190590583266628, 0.5888466351532844, -0.18274642650020412, 0.8875950117660911, -0.6524404124894483, 0.8851716994539605]",rhc,relu,False,False,100,[10],0.1,100,12
1290,90,0.23915060004219413,1.660614107863205,1916.0,100,15,"[0.9340596780273533, 0.09446449835144466, 0.9453687199297687, 0.4296319873487293, 0.3954576491945416, -0.5678210088392472, 0.9525489095524835, -0.9875394895908203, -0.4940352752331121, -0.13041693519110842, 0.5587658435875049, -0.6046298507994938, 0.7259864711984445, 0.9668013543506255, -0.6723155171906026, 0.19466788786571843, -0.98202780466489, -0.22685743471274122, -0.9116798841370009, 0.9133059354284718, -0.1277067062404047, 0.8979546135631256, 0.5726119718701219, 0.7325785971633969, -0.6536691570081037, -0.850102825973786, 0.2014854427555386, -0.6640556325631923, 0.4667603350211398, -0.18311227969597055, 0.05581764683584067, 0.875143167901884, 0.043392244889916, -0.7836132342255386, -0.6835531856304011, 0.09040530340642561, 0.04880816013694678, 0.2752204882519873, -0.1970091128194542, 0.2996102180386846, -0.20619999419653467, 0.24783222709644614, 0.5348099341802477, -0.6420521799177383, -0.24884846282491524, 0.005066118653868745, 0.3733341598326916, -0.4926407026772337, 0.10948172588511706, 0.24986168812819542, 0.7910023321122921, -0.27429282313374714, 0.2751141460374733, -0.6171071957620733, -0.004411770765388567, -0.6351091908575863, 0.8367660782795254, -0.13635585731754474, 0.6603762041966925, -0.16644739064327485, 0.8093351774867339, -0.19034956537818792, -0.33765099381775454, 0.14427754054549724, 0.6908872981882266, 0.7220286235061439, 0.19137623413666893, -0.8306767779591795, 0.19453321463834983, -0.5090925828337958, 0.46518689717993555, 0.7893025846334776, 0.0294679418262902, 0.20712702072041278, -0.8698643752343853, 0.08014945928561268, -0.7416264326591246, 0.22912569270066396, -0.2726993059103242, 0.5355160686614915, -0.902931727160895, -0.7803637637643119, 0.36804643024725525, 0.029307394167312983, 0.1432827432294983, 0.6874139879813108, -0.024524721700651453, 0.6202888442522898, 0.020487258589880097, 0.8534413864805024, 0.333855543079252, -0.7025463211318861, -0.27089364934848836, 0.7315498318881986, -0.29942957828896866, -0.6219484810876903, -0.0547573816684539, -0.21443765035574014, 0.23785985328818726, -0.12646741612097356, -0.47815568541100895, -0.17505557667448635, -0.16193193089539926, 0.8048437117522818, 0.9592325240809707, 0.24713767881382775, -0.8336317548582777, 0.46599743519199, 0.357370804957968, 0.6520457340504391, -0.3050973265778887, -0.8822398116837538, 0.2236436329105842, -0.751970763373456, 0.5190590583266628, 0.5888466351532844, -0.18274642650020412, 0.8875950117660911, -0.6524404124894483, 0.8851716994539605]",rhc,relu,False,False,100,[10],0.1,100,12
1291,91,0.24208670004736632,1.601783132966951,1918.0,100,15,"[0.9340596780273533, 0.09446449835144466, 0.9453687199297687, 0.4296319873487293, 0.3954576491945416, -0.5678210088392472, 0.9525489095524835, -0.9875394895908203, -0.4940352752331121, -0.13041693519110842, 0.5587658435875049, -0.6046298507994938, 0.7259864711984445, 0.9668013543506255, -0.6723155171906026, 0.19466788786571843, -0.98202780466489, -0.22685743471274122, -0.9116798841370009, 0.9133059354284718, -0.1277067062404047, 0.8979546135631256, 0.5726119718701219, 0.7325785971633969, -0.6536691570081037, -0.850102825973786, 0.2014854427555386, -0.6640556325631923, 0.4667603350211398, -0.18311227969597055, 0.05581764683584067, 0.875143167901884, 0.043392244889916, -0.7836132342255386, -0.6835531856304011, 0.09040530340642561, 0.04880816013694678, 0.2752204882519873, -0.1970091128194542, 0.2996102180386846, -0.20619999419653467, 0.24783222709644614, 0.5348099341802477, -0.6420521799177383, -0.24884846282491524, 0.005066118653868745, 0.3733341598326916, -0.4926407026772337, 0.10948172588511706, 0.24986168812819542, 0.7910023321122921, -0.27429282313374714, 0.2751141460374733, -0.6171071957620733, -0.004411770765388567, -0.6351091908575863, 0.8367660782795254, -0.13635585731754474, 0.6603762041966925, -0.16644739064327485, 0.8093351774867339, -0.19034956537818792, -0.33765099381775454, 0.14427754054549724, 0.6908872981882266, 0.7220286235061439, 0.19137623413666893, -0.8306767779591795, 0.19453321463834983, -0.5090925828337958, 0.46518689717993555, 0.7893025846334776, 0.0294679418262902, 0.20712702072041278, -0.8698643752343853, 0.08014945928561268, -0.7416264326591246, 0.22912569270066396, -0.2726993059103242, 0.5355160686614915, -0.902931727160895, -0.7803637637643119, 0.36804643024725525, 0.029307394167312983, 0.1432827432294983, 0.6874139879813108, -0.024524721700651453, 0.6202888442522898, 0.020487258589880097, 0.8534413864805024, 0.333855543079252, -0.7025463211318861, -0.27089364934848836, 0.7315498318881986, -0.29942957828896866, -0.6219484810876903, -0.0547573816684539, -0.21443765035574014, 0.23785985328818726, -0.12646741612097356, -0.47815568541100895, -0.17505557667448635, -0.16193193089539926, 0.8048437117522818, 0.9592325240809707, 0.24713767881382775, -0.8336317548582777, 0.46599743519199, 0.357370804957968, 0.6520457340504391, -0.3050973265778887, -0.8822398116837538, 0.2236436329105842, -0.751970763373456, 0.5190590583266628, 0.5888466351532844, -0.18274642650020412, 0.8875950117660911, -0.6524404124894483, 0.8851716994539605]",rhc,relu,False,False,100,[10],0.1,100,12
1292,92,0.24406210007146,1.601783132966951,1919.0,100,15,"[0.9340596780273533, 0.09446449835144466, 0.9453687199297687, 0.4296319873487293, 0.3954576491945416, -0.5678210088392472, 0.9525489095524835, -0.9875394895908203, -0.4940352752331121, -0.13041693519110842, 0.5587658435875049, -0.6046298507994938, 0.7259864711984445, 0.9668013543506255, -0.6723155171906026, 0.19466788786571843, -0.98202780466489, -0.22685743471274122, -0.9116798841370009, 0.9133059354284718, -0.1277067062404047, 0.8979546135631256, 0.5726119718701219, 0.7325785971633969, -0.6536691570081037, -0.850102825973786, 0.2014854427555386, -0.6640556325631923, 0.4667603350211398, -0.18311227969597055, 0.05581764683584067, 0.875143167901884, 0.043392244889916, -0.7836132342255386, -0.6835531856304011, 0.09040530340642561, 0.04880816013694678, 0.2752204882519873, -0.1970091128194542, 0.2996102180386846, -0.20619999419653467, 0.24783222709644614, 0.5348099341802477, -0.6420521799177383, -0.24884846282491524, 0.005066118653868745, 0.3733341598326916, -0.4926407026772337, 0.10948172588511706, 0.24986168812819542, 0.7910023321122921, -0.27429282313374714, 0.2751141460374733, -0.6171071957620733, -0.004411770765388567, -0.6351091908575863, 0.8367660782795254, -0.13635585731754474, 0.6603762041966925, -0.16644739064327485, 0.8093351774867339, -0.19034956537818792, -0.33765099381775454, 0.14427754054549724, 0.6908872981882266, 0.7220286235061439, 0.19137623413666893, -0.8306767779591795, 0.19453321463834983, -0.5090925828337958, 0.46518689717993555, 0.7893025846334776, 0.0294679418262902, 0.20712702072041278, -0.8698643752343853, 0.08014945928561268, -0.7416264326591246, 0.22912569270066396, -0.2726993059103242, 0.5355160686614915, -0.902931727160895, -0.7803637637643119, 0.36804643024725525, 0.029307394167312983, 0.1432827432294983, 0.6874139879813108, -0.024524721700651453, 0.6202888442522898, 0.020487258589880097, 0.8534413864805024, 0.333855543079252, -0.7025463211318861, -0.27089364934848836, 0.7315498318881986, -0.29942957828896866, -0.6219484810876903, -0.0547573816684539, -0.21443765035574014, 0.23785985328818726, -0.12646741612097356, -0.47815568541100895, -0.17505557667448635, -0.16193193089539926, 0.8048437117522818, 0.9592325240809707, 0.24713767881382775, -0.8336317548582777, 0.46599743519199, 0.357370804957968, 0.6520457340504391, -0.3050973265778887, -0.8822398116837538, 0.2236436329105842, -0.751970763373456, 0.5190590583266628, 0.5888466351532844, -0.18274642650020412, 0.8875950117660911, -0.6524404124894483, 0.8851716994539605]",rhc,relu,False,False,100,[10],0.1,100,12
1293,93,0.2456533000804484,1.600132938237464,1921.0,100,15,"[0.9340596780273533, 0.09446449835144466, 0.9453687199297687, 0.4296319873487293, 0.3954576491945416, -0.5678210088392472, 0.9525489095524835, -0.9875394895908203, -0.4940352752331121, -0.13041693519110842, 0.5587658435875049, -0.6046298507994938, 0.7259864711984445, 0.9668013543506255, -0.6723155171906026, 0.19466788786571843, -0.98202780466489, -0.22685743471274122, -0.9116798841370009, 0.9133059354284718, -0.1277067062404047, 0.8979546135631256, 0.5726119718701219, 0.7325785971633969, -0.6536691570081037, -0.850102825973786, 0.2014854427555386, -0.6640556325631923, 0.4667603350211398, -0.18311227969597055, 0.05581764683584067, 0.875143167901884, 0.043392244889916, -0.7836132342255386, -0.6835531856304011, 0.09040530340642561, 0.04880816013694678, 0.2752204882519873, -0.1970091128194542, 0.2996102180386846, -0.20619999419653467, 0.24783222709644614, 0.5348099341802477, -0.6420521799177383, -0.24884846282491524, 0.005066118653868745, 0.3733341598326916, -0.4926407026772337, 0.10948172588511706, 0.24986168812819542, 0.7910023321122921, -0.27429282313374714, 0.2751141460374733, -0.6171071957620733, -0.004411770765388567, -0.6351091908575863, 0.8367660782795254, -0.13635585731754474, 0.6603762041966925, -0.16644739064327485, 0.8093351774867339, -0.19034956537818792, -0.33765099381775454, 0.14427754054549724, 0.6908872981882266, 0.7220286235061439, 0.19137623413666893, -0.8306767779591795, 0.19453321463834983, -0.5090925828337958, 0.46518689717993555, 0.7893025846334776, 0.0294679418262902, 0.20712702072041278, -0.8698643752343853, 0.08014945928561268, -0.7416264326591246, 0.22912569270066396, -0.2726993059103242, 0.5355160686614915, -0.902931727160895, -0.7803637637643119, 0.36804643024725525, 0.029307394167312983, 0.1432827432294983, 0.6874139879813108, -0.024524721700651453, 0.6202888442522898, 0.020487258589880097, 0.8534413864805024, 0.333855543079252, -0.7025463211318861, -0.27089364934848836, 0.7315498318881986, -0.29942957828896866, -0.6219484810876903, -0.0547573816684539, -0.21443765035574014, 0.23785985328818726, -0.12646741612097356, -0.47815568541100895, -0.17505557667448635, -0.16193193089539926, 0.8048437117522818, 0.9592325240809707, 0.24713767881382775, -0.8336317548582777, 0.46599743519199, 0.357370804957968, 0.6520457340504391, -0.3050973265778887, -0.8822398116837538, 0.2236436329105842, -0.751970763373456, 0.5190590583266628, 0.5888466351532844, -0.18274642650020412, 0.8875950117660911, -0.6524404124894483, 0.8851716994539605]",rhc,relu,False,False,100,[10],0.1,100,12
1294,94,0.24860799999441952,1.600132938237464,1922.0,100,15,"[0.9340596780273533, 0.09446449835144466, 0.9453687199297687, 0.4296319873487293, 0.3954576491945416, -0.5678210088392472, 0.9525489095524835, -0.9875394895908203, -0.4940352752331121, -0.13041693519110842, 0.5587658435875049, -0.6046298507994938, 0.7259864711984445, 0.9668013543506255, -0.6723155171906026, 0.19466788786571843, -0.98202780466489, -0.22685743471274122, -0.9116798841370009, 0.9133059354284718, -0.1277067062404047, 0.8979546135631256, 0.5726119718701219, 0.7325785971633969, -0.6536691570081037, -0.850102825973786, 0.2014854427555386, -0.6640556325631923, 0.4667603350211398, -0.18311227969597055, 0.05581764683584067, 0.875143167901884, 0.043392244889916, -0.7836132342255386, -0.6835531856304011, 0.09040530340642561, 0.04880816013694678, 0.2752204882519873, -0.1970091128194542, 0.2996102180386846, -0.20619999419653467, 0.24783222709644614, 0.5348099341802477, -0.6420521799177383, -0.24884846282491524, 0.005066118653868745, 0.3733341598326916, -0.4926407026772337, 0.10948172588511706, 0.24986168812819542, 0.7910023321122921, -0.27429282313374714, 0.2751141460374733, -0.6171071957620733, -0.004411770765388567, -0.6351091908575863, 0.8367660782795254, -0.13635585731754474, 0.6603762041966925, -0.16644739064327485, 0.8093351774867339, -0.19034956537818792, -0.33765099381775454, 0.14427754054549724, 0.6908872981882266, 0.7220286235061439, 0.19137623413666893, -0.8306767779591795, 0.19453321463834983, -0.5090925828337958, 0.46518689717993555, 0.7893025846334776, 0.0294679418262902, 0.20712702072041278, -0.8698643752343853, 0.08014945928561268, -0.7416264326591246, 0.22912569270066396, -0.2726993059103242, 0.5355160686614915, -0.902931727160895, -0.7803637637643119, 0.36804643024725525, 0.029307394167312983, 0.1432827432294983, 0.6874139879813108, -0.024524721700651453, 0.6202888442522898, 0.020487258589880097, 0.8534413864805024, 0.333855543079252, -0.7025463211318861, -0.27089364934848836, 0.7315498318881986, -0.29942957828896866, -0.6219484810876903, -0.0547573816684539, -0.21443765035574014, 0.23785985328818726, -0.12646741612097356, -0.47815568541100895, -0.17505557667448635, -0.16193193089539926, 0.8048437117522818, 0.9592325240809707, 0.24713767881382775, -0.8336317548582777, 0.46599743519199, 0.357370804957968, 0.6520457340504391, -0.3050973265778887, -0.8822398116837538, 0.2236436329105842, -0.751970763373456, 0.5190590583266628, 0.5888466351532844, -0.18274642650020412, 0.8875950117660911, -0.6524404124894483, 0.8851716994539605]",rhc,relu,False,False,100,[10],0.1,100,12
1295,95,0.25007430010009557,1.600132938237464,1923.0,100,15,"[0.9340596780273533, 0.09446449835144466, 0.9453687199297687, 0.4296319873487293, 0.3954576491945416, -0.5678210088392472, 0.9525489095524835, -0.9875394895908203, -0.4940352752331121, -0.13041693519110842, 0.5587658435875049, -0.6046298507994938, 0.7259864711984445, 0.9668013543506255, -0.6723155171906026, 0.19466788786571843, -0.98202780466489, -0.22685743471274122, -0.9116798841370009, 0.9133059354284718, -0.1277067062404047, 0.8979546135631256, 0.5726119718701219, 0.7325785971633969, -0.6536691570081037, -0.850102825973786, 0.2014854427555386, -0.6640556325631923, 0.4667603350211398, -0.18311227969597055, 0.05581764683584067, 0.875143167901884, 0.043392244889916, -0.7836132342255386, -0.6835531856304011, 0.09040530340642561, 0.04880816013694678, 0.2752204882519873, -0.1970091128194542, 0.2996102180386846, -0.20619999419653467, 0.24783222709644614, 0.5348099341802477, -0.6420521799177383, -0.24884846282491524, 0.005066118653868745, 0.3733341598326916, -0.4926407026772337, 0.10948172588511706, 0.24986168812819542, 0.7910023321122921, -0.27429282313374714, 0.2751141460374733, -0.6171071957620733, -0.004411770765388567, -0.6351091908575863, 0.8367660782795254, -0.13635585731754474, 0.6603762041966925, -0.16644739064327485, 0.8093351774867339, -0.19034956537818792, -0.33765099381775454, 0.14427754054549724, 0.6908872981882266, 0.7220286235061439, 0.19137623413666893, -0.8306767779591795, 0.19453321463834983, -0.5090925828337958, 0.46518689717993555, 0.7893025846334776, 0.0294679418262902, 0.20712702072041278, -0.8698643752343853, 0.08014945928561268, -0.7416264326591246, 0.22912569270066396, -0.2726993059103242, 0.5355160686614915, -0.902931727160895, -0.7803637637643119, 0.36804643024725525, 0.029307394167312983, 0.1432827432294983, 0.6874139879813108, -0.024524721700651453, 0.6202888442522898, 0.020487258589880097, 0.8534413864805024, 0.333855543079252, -0.7025463211318861, -0.27089364934848836, 0.7315498318881986, -0.29942957828896866, -0.6219484810876903, -0.0547573816684539, -0.21443765035574014, 0.23785985328818726, -0.12646741612097356, -0.47815568541100895, -0.17505557667448635, -0.16193193089539926, 0.8048437117522818, 0.9592325240809707, 0.24713767881382775, -0.8336317548582777, 0.46599743519199, 0.357370804957968, 0.6520457340504391, -0.3050973265778887, -0.8822398116837538, 0.2236436329105842, -0.751970763373456, 0.5190590583266628, 0.5888466351532844, -0.18274642650020412, 0.8875950117660911, -0.6524404124894483, 0.8851716994539605]",rhc,relu,False,False,100,[10],0.1,100,12
1296,96,0.253057699999772,1.5937350837993416,1925.0,100,15,"[0.9340596780273533, 0.09446449835144466, 0.9453687199297687, 0.4296319873487293, 0.3954576491945416, -0.5678210088392472, 0.9525489095524835, -0.9875394895908203, -0.4940352752331121, -0.13041693519110842, 0.5587658435875049, -0.6046298507994938, 0.7259864711984445, 0.9668013543506255, -0.6723155171906026, 0.19466788786571843, -0.98202780466489, -0.22685743471274122, -0.9116798841370009, 0.9133059354284718, -0.1277067062404047, 0.8979546135631256, 0.5726119718701219, 0.7325785971633969, -0.6536691570081037, -0.850102825973786, 0.2014854427555386, -0.6640556325631923, 0.4667603350211398, -0.18311227969597055, 0.05581764683584067, 0.875143167901884, 0.043392244889916, -0.7836132342255386, -0.6835531856304011, 0.09040530340642561, 0.04880816013694678, 0.2752204882519873, -0.1970091128194542, 0.2996102180386846, -0.20619999419653467, 0.24783222709644614, 0.5348099341802477, -0.6420521799177383, -0.24884846282491524, 0.005066118653868745, 0.3733341598326916, -0.4926407026772337, 0.10948172588511706, 0.24986168812819542, 0.7910023321122921, -0.27429282313374714, 0.2751141460374733, -0.6171071957620733, -0.004411770765388567, -0.6351091908575863, 0.8367660782795254, -0.13635585731754474, 0.6603762041966925, -0.16644739064327485, 0.8093351774867339, -0.19034956537818792, -0.33765099381775454, 0.14427754054549724, 0.6908872981882266, 0.7220286235061439, 0.19137623413666893, -0.8306767779591795, 0.19453321463834983, -0.5090925828337958, 0.46518689717993555, 0.7893025846334776, 0.0294679418262902, 0.20712702072041278, -0.8698643752343853, 0.08014945928561268, -0.7416264326591246, 0.22912569270066396, -0.2726993059103242, 0.5355160686614915, -0.902931727160895, -0.7803637637643119, 0.36804643024725525, 0.029307394167312983, 0.1432827432294983, 0.6874139879813108, -0.024524721700651453, 0.6202888442522898, 0.020487258589880097, 0.8534413864805024, 0.333855543079252, -0.7025463211318861, -0.27089364934848836, 0.7315498318881986, -0.29942957828896866, -0.6219484810876903, -0.0547573816684539, -0.21443765035574014, 0.23785985328818726, -0.12646741612097356, -0.47815568541100895, -0.17505557667448635, -0.16193193089539926, 0.8048437117522818, 0.9592325240809707, 0.24713767881382775, -0.8336317548582777, 0.46599743519199, 0.357370804957968, 0.6520457340504391, -0.3050973265778887, -0.8822398116837538, 0.2236436329105842, -0.751970763373456, 0.5190590583266628, 0.5888466351532844, -0.18274642650020412, 0.8875950117660911, -0.6524404124894483, 0.8851716994539605]",rhc,relu,False,False,100,[10],0.1,100,12
1297,97,0.2544917000923306,1.5937350837993416,1926.0,100,15,"[0.9340596780273533, 0.09446449835144466, 0.9453687199297687, 0.4296319873487293, 0.3954576491945416, -0.5678210088392472, 0.9525489095524835, -0.9875394895908203, -0.4940352752331121, -0.13041693519110842, 0.5587658435875049, -0.6046298507994938, 0.7259864711984445, 0.9668013543506255, -0.6723155171906026, 0.19466788786571843, -0.98202780466489, -0.22685743471274122, -0.9116798841370009, 0.9133059354284718, -0.1277067062404047, 0.8979546135631256, 0.5726119718701219, 0.7325785971633969, -0.6536691570081037, -0.850102825973786, 0.2014854427555386, -0.6640556325631923, 0.4667603350211398, -0.18311227969597055, 0.05581764683584067, 0.875143167901884, 0.043392244889916, -0.7836132342255386, -0.6835531856304011, 0.09040530340642561, 0.04880816013694678, 0.2752204882519873, -0.1970091128194542, 0.2996102180386846, -0.20619999419653467, 0.24783222709644614, 0.5348099341802477, -0.6420521799177383, -0.24884846282491524, 0.005066118653868745, 0.3733341598326916, -0.4926407026772337, 0.10948172588511706, 0.24986168812819542, 0.7910023321122921, -0.27429282313374714, 0.2751141460374733, -0.6171071957620733, -0.004411770765388567, -0.6351091908575863, 0.8367660782795254, -0.13635585731754474, 0.6603762041966925, -0.16644739064327485, 0.8093351774867339, -0.19034956537818792, -0.33765099381775454, 0.14427754054549724, 0.6908872981882266, 0.7220286235061439, 0.19137623413666893, -0.8306767779591795, 0.19453321463834983, -0.5090925828337958, 0.46518689717993555, 0.7893025846334776, 0.0294679418262902, 0.20712702072041278, -0.8698643752343853, 0.08014945928561268, -0.7416264326591246, 0.22912569270066396, -0.2726993059103242, 0.5355160686614915, -0.902931727160895, -0.7803637637643119, 0.36804643024725525, 0.029307394167312983, 0.1432827432294983, 0.6874139879813108, -0.024524721700651453, 0.6202888442522898, 0.020487258589880097, 0.8534413864805024, 0.333855543079252, -0.7025463211318861, -0.27089364934848836, 0.7315498318881986, -0.29942957828896866, -0.6219484810876903, -0.0547573816684539, -0.21443765035574014, 0.23785985328818726, -0.12646741612097356, -0.47815568541100895, -0.17505557667448635, -0.16193193089539926, 0.8048437117522818, 0.9592325240809707, 0.24713767881382775, -0.8336317548582777, 0.46599743519199, 0.357370804957968, 0.6520457340504391, -0.3050973265778887, -0.8822398116837538, 0.2236436329105842, -0.751970763373456, 0.5190590583266628, 0.5888466351532844, -0.18274642650020412, 0.8875950117660911, -0.6524404124894483, 0.8851716994539605]",rhc,relu,False,False,100,[10],0.1,100,12
1298,98,0.25626020005438477,1.5861311343003386,1928.0,100,15,"[0.9340596780273533, 0.09446449835144466, 0.9453687199297687, 0.4296319873487293, 0.3954576491945416, -0.5678210088392472, 0.9525489095524835, -0.9875394895908203, -0.4940352752331121, -0.13041693519110842, 0.5587658435875049, -0.6046298507994938, 0.7259864711984445, 0.9668013543506255, -0.6723155171906026, 0.19466788786571843, -0.98202780466489, -0.22685743471274122, -0.9116798841370009, 0.9133059354284718, -0.1277067062404047, 0.8979546135631256, 0.5726119718701219, 0.7325785971633969, -0.6536691570081037, -0.850102825973786, 0.2014854427555386, -0.6640556325631923, 0.4667603350211398, -0.18311227969597055, 0.05581764683584067, 0.875143167901884, 0.043392244889916, -0.7836132342255386, -0.6835531856304011, 0.09040530340642561, 0.04880816013694678, 0.2752204882519873, -0.1970091128194542, 0.2996102180386846, -0.20619999419653467, 0.24783222709644614, 0.5348099341802477, -0.6420521799177383, -0.24884846282491524, 0.005066118653868745, 0.3733341598326916, -0.4926407026772337, 0.10948172588511706, 0.24986168812819542, 0.7910023321122921, -0.27429282313374714, 0.2751141460374733, -0.6171071957620733, -0.004411770765388567, -0.6351091908575863, 0.8367660782795254, -0.13635585731754474, 0.6603762041966925, -0.16644739064327485, 0.8093351774867339, -0.19034956537818792, -0.33765099381775454, 0.14427754054549724, 0.6908872981882266, 0.7220286235061439, 0.19137623413666893, -0.8306767779591795, 0.19453321463834983, -0.5090925828337958, 0.46518689717993555, 0.7893025846334776, 0.0294679418262902, 0.20712702072041278, -0.8698643752343853, 0.08014945928561268, -0.7416264326591246, 0.22912569270066396, -0.2726993059103242, 0.5355160686614915, -0.902931727160895, -0.7803637637643119, 0.36804643024725525, 0.029307394167312983, 0.1432827432294983, 0.6874139879813108, -0.024524721700651453, 0.6202888442522898, 0.020487258589880097, 0.8534413864805024, 0.333855543079252, -0.7025463211318861, -0.27089364934848836, 0.7315498318881986, -0.29942957828896866, -0.6219484810876903, -0.0547573816684539, -0.21443765035574014, 0.23785985328818726, -0.12646741612097356, -0.47815568541100895, -0.17505557667448635, -0.16193193089539926, 0.8048437117522818, 0.9592325240809707, 0.24713767881382775, -0.8336317548582777, 0.46599743519199, 0.357370804957968, 0.6520457340504391, -0.3050973265778887, -0.8822398116837538, 0.2236436329105842, -0.751970763373456, 0.5190590583266628, 0.5888466351532844, -0.18274642650020412, 0.8875950117660911, -0.6524404124894483, 0.8851716994539605]",rhc,relu,False,False,100,[10],0.1,100,12
1299,99,0.2595394999952987,1.5861311343003386,1929.0,100,15,"[0.9340596780273533, 0.09446449835144466, 0.9453687199297687, 0.4296319873487293, 0.3954576491945416, -0.5678210088392472, 0.9525489095524835, -0.9875394895908203, -0.4940352752331121, -0.13041693519110842, 0.5587658435875049, -0.6046298507994938, 0.7259864711984445, 0.9668013543506255, -0.6723155171906026, 0.19466788786571843, -0.98202780466489, -0.22685743471274122, -0.9116798841370009, 0.9133059354284718, -0.1277067062404047, 0.8979546135631256, 0.5726119718701219, 0.7325785971633969, -0.6536691570081037, -0.850102825973786, 0.2014854427555386, -0.6640556325631923, 0.4667603350211398, -0.18311227969597055, 0.05581764683584067, 0.875143167901884, 0.043392244889916, -0.7836132342255386, -0.6835531856304011, 0.09040530340642561, 0.04880816013694678, 0.2752204882519873, -0.1970091128194542, 0.2996102180386846, -0.20619999419653467, 0.24783222709644614, 0.5348099341802477, -0.6420521799177383, -0.24884846282491524, 0.005066118653868745, 0.3733341598326916, -0.4926407026772337, 0.10948172588511706, 0.24986168812819542, 0.7910023321122921, -0.27429282313374714, 0.2751141460374733, -0.6171071957620733, -0.004411770765388567, -0.6351091908575863, 0.8367660782795254, -0.13635585731754474, 0.6603762041966925, -0.16644739064327485, 0.8093351774867339, -0.19034956537818792, -0.33765099381775454, 0.14427754054549724, 0.6908872981882266, 0.7220286235061439, 0.19137623413666893, -0.8306767779591795, 0.19453321463834983, -0.5090925828337958, 0.46518689717993555, 0.7893025846334776, 0.0294679418262902, 0.20712702072041278, -0.8698643752343853, 0.08014945928561268, -0.7416264326591246, 0.22912569270066396, -0.2726993059103242, 0.5355160686614915, -0.902931727160895, -0.7803637637643119, 0.36804643024725525, 0.029307394167312983, 0.1432827432294983, 0.6874139879813108, -0.024524721700651453, 0.6202888442522898, 0.020487258589880097, 0.8534413864805024, 0.333855543079252, -0.7025463211318861, -0.27089364934848836, 0.7315498318881986, -0.29942957828896866, -0.6219484810876903, -0.0547573816684539, -0.21443765035574014, 0.23785985328818726, -0.12646741612097356, -0.47815568541100895, -0.17505557667448635, -0.16193193089539926, 0.8048437117522818, 0.9592325240809707, 0.24713767881382775, -0.8336317548582777, 0.46599743519199, 0.357370804957968, 0.6520457340504391, -0.3050973265778887, -0.8822398116837538, 0.2236436329105842, -0.751970763373456, 0.5190590583266628, 0.5888466351532844, -0.18274642650020412, 0.8875950117660911, -0.6524404124894483, 0.8851716994539605]",rhc,relu,False,False,100,[10],0.1,100,12
1300,100,0.26120120007544756,1.5861311343003386,1930.0,100,15,"[0.9340596780273533, 0.09446449835144466, 0.9453687199297687, 0.4296319873487293, 0.3954576491945416, -0.5678210088392472, 0.9525489095524835, -0.9875394895908203, -0.4940352752331121, -0.13041693519110842, 0.5587658435875049, -0.6046298507994938, 0.7259864711984445, 0.9668013543506255, -0.6723155171906026, 0.19466788786571843, -0.98202780466489, -0.22685743471274122, -0.9116798841370009, 0.9133059354284718, -0.1277067062404047, 0.8979546135631256, 0.5726119718701219, 0.7325785971633969, -0.6536691570081037, -0.850102825973786, 0.2014854427555386, -0.6640556325631923, 0.4667603350211398, -0.18311227969597055, 0.05581764683584067, 0.875143167901884, 0.043392244889916, -0.7836132342255386, -0.6835531856304011, 0.09040530340642561, 0.04880816013694678, 0.2752204882519873, -0.1970091128194542, 0.2996102180386846, -0.20619999419653467, 0.24783222709644614, 0.5348099341802477, -0.6420521799177383, -0.24884846282491524, 0.005066118653868745, 0.3733341598326916, -0.4926407026772337, 0.10948172588511706, 0.24986168812819542, 0.7910023321122921, -0.27429282313374714, 0.2751141460374733, -0.6171071957620733, -0.004411770765388567, -0.6351091908575863, 0.8367660782795254, -0.13635585731754474, 0.6603762041966925, -0.16644739064327485, 0.8093351774867339, -0.19034956537818792, -0.33765099381775454, 0.14427754054549724, 0.6908872981882266, 0.7220286235061439, 0.19137623413666893, -0.8306767779591795, 0.19453321463834983, -0.5090925828337958, 0.46518689717993555, 0.7893025846334776, 0.0294679418262902, 0.20712702072041278, -0.8698643752343853, 0.08014945928561268, -0.7416264326591246, 0.22912569270066396, -0.2726993059103242, 0.5355160686614915, -0.902931727160895, -0.7803637637643119, 0.36804643024725525, 0.029307394167312983, 0.1432827432294983, 0.6874139879813108, -0.024524721700651453, 0.6202888442522898, 0.020487258589880097, 0.8534413864805024, 0.333855543079252, -0.7025463211318861, -0.27089364934848836, 0.7315498318881986, -0.29942957828896866, -0.6219484810876903, -0.0547573816684539, -0.21443765035574014, 0.23785985328818726, -0.12646741612097356, -0.47815568541100895, -0.17505557667448635, -0.16193193089539926, 0.8048437117522818, 0.9592325240809707, 0.24713767881382775, -0.8336317548582777, 0.46599743519199, 0.357370804957968, 0.6520457340504391, -0.3050973265778887, -0.8822398116837538, 0.2236436329105842, -0.751970763373456, 0.5190590583266628, 0.5888466351532844, -0.18274642650020412, 0.8875950117660911, -0.6524404124894483, 0.8851716994539605]",rhc,relu,False,False,100,[10],0.1,100,12
1301,1,0.03315600007772446,1.9099841090186194,1931.0,100,15,"[0.9340596780273533, 0.09446449835144466, 0.9453687199297687, 0.4296319873487293, 0.3954576491945416, -0.5678210088392472, 0.9525489095524835, -0.9875394895908203, -0.4940352752331121, -0.13041693519110842, 0.5587658435875049, -0.6046298507994938, 0.7259864711984445, 0.9668013543506255, -0.6723155171906026, 0.19466788786571843, -0.98202780466489, -0.22685743471274122, -0.9116798841370009, 0.9133059354284718, -0.1277067062404047, 0.8979546135631256, 0.5726119718701219, 0.7325785971633969, -0.6536691570081037, -0.850102825973786, 0.2014854427555386, -0.6640556325631923, 0.4667603350211398, -0.18311227969597055, 0.05581764683584067, 0.875143167901884, 0.043392244889916, -0.7836132342255386, -0.6835531856304011, 0.09040530340642561, 0.04880816013694678, 0.2752204882519873, -0.1970091128194542, 0.2996102180386846, -0.20619999419653467, 0.24783222709644614, 0.5348099341802477, -0.6420521799177383, -0.24884846282491524, 0.005066118653868745, 0.3733341598326916, -0.4926407026772337, 0.10948172588511706, 0.24986168812819542, 0.7910023321122921, -0.27429282313374714, 0.2751141460374733, -0.6171071957620733, -0.004411770765388567, -0.6351091908575863, 0.8367660782795254, -0.13635585731754474, 0.6603762041966925, -0.16644739064327485, 0.8093351774867339, -0.19034956537818792, -0.33765099381775454, 0.14427754054549724, 0.6908872981882266, 0.7220286235061439, 0.19137623413666893, -0.8306767779591795, 0.19453321463834983, -0.5090925828337958, 0.46518689717993555, 0.7893025846334776, 0.0294679418262902, 0.20712702072041278, -0.8698643752343853, 0.08014945928561268, -0.7416264326591246, 0.22912569270066396, -0.2726993059103242, 0.5355160686614915, -0.902931727160895, -0.7803637637643119, 0.36804643024725525, 0.029307394167312983, 0.1432827432294983, 0.6874139879813108, -0.024524721700651453, 0.6202888442522898, 0.020487258589880097, 0.8534413864805024, 0.333855543079252, -0.7025463211318861, -0.27089364934848836, 0.7315498318881986, -0.29942957828896866, -0.6219484810876903, -0.0547573816684539, -0.21443765035574014, 0.23785985328818726, -0.12646741612097356, -0.47815568541100895, -0.17505557667448635, -0.16193193089539926, 0.8048437117522818, 0.9592325240809707, 0.24713767881382775, -0.8336317548582777, 0.46599743519199, 0.357370804957968, 0.6520457340504391, -0.3050973265778887, -0.8822398116837538, 0.2236436329105842, -0.751970763373456, 0.5190590583266628, 0.5888466351532844, -0.18274642650020412, 0.8875950117660911, -0.6524404124894483, 0.8851716994539605]",rhc,relu,False,False,100,[10],0.1,100,13
1302,2,0.03611099999397993,1.9099841090186194,1932.0,100,15,"[0.9340596780273533, 0.09446449835144466, 0.9453687199297687, 0.4296319873487293, 0.3954576491945416, -0.5678210088392472, 0.9525489095524835, -0.9875394895908203, -0.4940352752331121, -0.13041693519110842, 0.5587658435875049, -0.6046298507994938, 0.7259864711984445, 0.9668013543506255, -0.6723155171906026, 0.19466788786571843, -0.98202780466489, -0.22685743471274122, -0.9116798841370009, 0.9133059354284718, -0.1277067062404047, 0.8979546135631256, 0.5726119718701219, 0.7325785971633969, -0.6536691570081037, -0.850102825973786, 0.2014854427555386, -0.6640556325631923, 0.4667603350211398, -0.18311227969597055, 0.05581764683584067, 0.875143167901884, 0.043392244889916, -0.7836132342255386, -0.6835531856304011, 0.09040530340642561, 0.04880816013694678, 0.2752204882519873, -0.1970091128194542, 0.2996102180386846, -0.20619999419653467, 0.24783222709644614, 0.5348099341802477, -0.6420521799177383, -0.24884846282491524, 0.005066118653868745, 0.3733341598326916, -0.4926407026772337, 0.10948172588511706, 0.24986168812819542, 0.7910023321122921, -0.27429282313374714, 0.2751141460374733, -0.6171071957620733, -0.004411770765388567, -0.6351091908575863, 0.8367660782795254, -0.13635585731754474, 0.6603762041966925, -0.16644739064327485, 0.8093351774867339, -0.19034956537818792, -0.33765099381775454, 0.14427754054549724, 0.6908872981882266, 0.7220286235061439, 0.19137623413666893, -0.8306767779591795, 0.19453321463834983, -0.5090925828337958, 0.46518689717993555, 0.7893025846334776, 0.0294679418262902, 0.20712702072041278, -0.8698643752343853, 0.08014945928561268, -0.7416264326591246, 0.22912569270066396, -0.2726993059103242, 0.5355160686614915, -0.902931727160895, -0.7803637637643119, 0.36804643024725525, 0.029307394167312983, 0.1432827432294983, 0.6874139879813108, -0.024524721700651453, 0.6202888442522898, 0.020487258589880097, 0.8534413864805024, 0.333855543079252, -0.7025463211318861, -0.27089364934848836, 0.7315498318881986, -0.29942957828896866, -0.6219484810876903, -0.0547573816684539, -0.21443765035574014, 0.23785985328818726, -0.12646741612097356, -0.47815568541100895, -0.17505557667448635, -0.16193193089539926, 0.8048437117522818, 0.9592325240809707, 0.24713767881382775, -0.8336317548582777, 0.46599743519199, 0.357370804957968, 0.6520457340504391, -0.3050973265778887, -0.8822398116837538, 0.2236436329105842, -0.751970763373456, 0.5190590583266628, 0.5888466351532844, -0.18274642650020412, 0.8875950117660911, -0.6524404124894483, 0.8851716994539605]",rhc,relu,False,False,100,[10],0.1,100,13
1303,3,0.03751040005590767,1.9099841090186194,1933.0,100,15,"[0.9340596780273533, 0.09446449835144466, 0.9453687199297687, 0.4296319873487293, 0.3954576491945416, -0.5678210088392472, 0.9525489095524835, -0.9875394895908203, -0.4940352752331121, -0.13041693519110842, 0.5587658435875049, -0.6046298507994938, 0.7259864711984445, 0.9668013543506255, -0.6723155171906026, 0.19466788786571843, -0.98202780466489, -0.22685743471274122, -0.9116798841370009, 0.9133059354284718, -0.1277067062404047, 0.8979546135631256, 0.5726119718701219, 0.7325785971633969, -0.6536691570081037, -0.850102825973786, 0.2014854427555386, -0.6640556325631923, 0.4667603350211398, -0.18311227969597055, 0.05581764683584067, 0.875143167901884, 0.043392244889916, -0.7836132342255386, -0.6835531856304011, 0.09040530340642561, 0.04880816013694678, 0.2752204882519873, -0.1970091128194542, 0.2996102180386846, -0.20619999419653467, 0.24783222709644614, 0.5348099341802477, -0.6420521799177383, -0.24884846282491524, 0.005066118653868745, 0.3733341598326916, -0.4926407026772337, 0.10948172588511706, 0.24986168812819542, 0.7910023321122921, -0.27429282313374714, 0.2751141460374733, -0.6171071957620733, -0.004411770765388567, -0.6351091908575863, 0.8367660782795254, -0.13635585731754474, 0.6603762041966925, -0.16644739064327485, 0.8093351774867339, -0.19034956537818792, -0.33765099381775454, 0.14427754054549724, 0.6908872981882266, 0.7220286235061439, 0.19137623413666893, -0.8306767779591795, 0.19453321463834983, -0.5090925828337958, 0.46518689717993555, 0.7893025846334776, 0.0294679418262902, 0.20712702072041278, -0.8698643752343853, 0.08014945928561268, -0.7416264326591246, 0.22912569270066396, -0.2726993059103242, 0.5355160686614915, -0.902931727160895, -0.7803637637643119, 0.36804643024725525, 0.029307394167312983, 0.1432827432294983, 0.6874139879813108, -0.024524721700651453, 0.6202888442522898, 0.020487258589880097, 0.8534413864805024, 0.333855543079252, -0.7025463211318861, -0.27089364934848836, 0.7315498318881986, -0.29942957828896866, -0.6219484810876903, -0.0547573816684539, -0.21443765035574014, 0.23785985328818726, -0.12646741612097356, -0.47815568541100895, -0.17505557667448635, -0.16193193089539926, 0.8048437117522818, 0.9592325240809707, 0.24713767881382775, -0.8336317548582777, 0.46599743519199, 0.357370804957968, 0.6520457340504391, -0.3050973265778887, -0.8822398116837538, 0.2236436329105842, -0.751970763373456, 0.5190590583266628, 0.5888466351532844, -0.18274642650020412, 0.8875950117660911, -0.6524404124894483, 0.8851716994539605]",rhc,relu,False,False,100,[10],0.1,100,13
1304,4,0.0403158999979496,1.9099841090186194,1934.0,100,15,"[0.9340596780273533, 0.09446449835144466, 0.9453687199297687, 0.4296319873487293, 0.3954576491945416, -0.5678210088392472, 0.9525489095524835, -0.9875394895908203, -0.4940352752331121, -0.13041693519110842, 0.5587658435875049, -0.6046298507994938, 0.7259864711984445, 0.9668013543506255, -0.6723155171906026, 0.19466788786571843, -0.98202780466489, -0.22685743471274122, -0.9116798841370009, 0.9133059354284718, -0.1277067062404047, 0.8979546135631256, 0.5726119718701219, 0.7325785971633969, -0.6536691570081037, -0.850102825973786, 0.2014854427555386, -0.6640556325631923, 0.4667603350211398, -0.18311227969597055, 0.05581764683584067, 0.875143167901884, 0.043392244889916, -0.7836132342255386, -0.6835531856304011, 0.09040530340642561, 0.04880816013694678, 0.2752204882519873, -0.1970091128194542, 0.2996102180386846, -0.20619999419653467, 0.24783222709644614, 0.5348099341802477, -0.6420521799177383, -0.24884846282491524, 0.005066118653868745, 0.3733341598326916, -0.4926407026772337, 0.10948172588511706, 0.24986168812819542, 0.7910023321122921, -0.27429282313374714, 0.2751141460374733, -0.6171071957620733, -0.004411770765388567, -0.6351091908575863, 0.8367660782795254, -0.13635585731754474, 0.6603762041966925, -0.16644739064327485, 0.8093351774867339, -0.19034956537818792, -0.33765099381775454, 0.14427754054549724, 0.6908872981882266, 0.7220286235061439, 0.19137623413666893, -0.8306767779591795, 0.19453321463834983, -0.5090925828337958, 0.46518689717993555, 0.7893025846334776, 0.0294679418262902, 0.20712702072041278, -0.8698643752343853, 0.08014945928561268, -0.7416264326591246, 0.22912569270066396, -0.2726993059103242, 0.5355160686614915, -0.902931727160895, -0.7803637637643119, 0.36804643024725525, 0.029307394167312983, 0.1432827432294983, 0.6874139879813108, -0.024524721700651453, 0.6202888442522898, 0.020487258589880097, 0.8534413864805024, 0.333855543079252, -0.7025463211318861, -0.27089364934848836, 0.7315498318881986, -0.29942957828896866, -0.6219484810876903, -0.0547573816684539, -0.21443765035574014, 0.23785985328818726, -0.12646741612097356, -0.47815568541100895, -0.17505557667448635, -0.16193193089539926, 0.8048437117522818, 0.9592325240809707, 0.24713767881382775, -0.8336317548582777, 0.46599743519199, 0.357370804957968, 0.6520457340504391, -0.3050973265778887, -0.8822398116837538, 0.2236436329105842, -0.751970763373456, 0.5190590583266628, 0.5888466351532844, -0.18274642650020412, 0.8875950117660911, -0.6524404124894483, 0.8851716994539605]",rhc,relu,False,False,100,[10],0.1,100,13
1305,5,0.041674000094644725,1.9094566445357088,1936.0,100,15,"[0.9340596780273533, 0.09446449835144466, 0.9453687199297687, 0.4296319873487293, 0.3954576491945416, -0.5678210088392472, 0.9525489095524835, -0.9875394895908203, -0.4940352752331121, -0.13041693519110842, 0.5587658435875049, -0.6046298507994938, 0.7259864711984445, 0.9668013543506255, -0.6723155171906026, 0.19466788786571843, -0.98202780466489, -0.22685743471274122, -0.9116798841370009, 0.9133059354284718, -0.1277067062404047, 0.8979546135631256, 0.5726119718701219, 0.7325785971633969, -0.6536691570081037, -0.850102825973786, 0.2014854427555386, -0.6640556325631923, 0.4667603350211398, -0.18311227969597055, 0.05581764683584067, 0.875143167901884, 0.043392244889916, -0.7836132342255386, -0.6835531856304011, 0.09040530340642561, 0.04880816013694678, 0.2752204882519873, -0.1970091128194542, 0.2996102180386846, -0.20619999419653467, 0.24783222709644614, 0.5348099341802477, -0.6420521799177383, -0.24884846282491524, 0.005066118653868745, 0.3733341598326916, -0.4926407026772337, 0.10948172588511706, 0.24986168812819542, 0.7910023321122921, -0.27429282313374714, 0.2751141460374733, -0.6171071957620733, -0.004411770765388567, -0.6351091908575863, 0.8367660782795254, -0.13635585731754474, 0.6603762041966925, -0.16644739064327485, 0.8093351774867339, -0.19034956537818792, -0.33765099381775454, 0.14427754054549724, 0.6908872981882266, 0.7220286235061439, 0.19137623413666893, -0.8306767779591795, 0.19453321463834983, -0.5090925828337958, 0.46518689717993555, 0.7893025846334776, 0.0294679418262902, 0.20712702072041278, -0.8698643752343853, 0.08014945928561268, -0.7416264326591246, 0.22912569270066396, -0.2726993059103242, 0.5355160686614915, -0.902931727160895, -0.7803637637643119, 0.36804643024725525, 0.029307394167312983, 0.1432827432294983, 0.6874139879813108, -0.024524721700651453, 0.6202888442522898, 0.020487258589880097, 0.8534413864805024, 0.333855543079252, -0.7025463211318861, -0.27089364934848836, 0.7315498318881986, -0.29942957828896866, -0.6219484810876903, -0.0547573816684539, -0.21443765035574014, 0.23785985328818726, -0.12646741612097356, -0.47815568541100895, -0.17505557667448635, -0.16193193089539926, 0.8048437117522818, 0.9592325240809707, 0.24713767881382775, -0.8336317548582777, 0.46599743519199, 0.357370804957968, 0.6520457340504391, -0.3050973265778887, -0.8822398116837538, 0.2236436329105842, -0.751970763373456, 0.5190590583266628, 0.5888466351532844, -0.18274642650020412, 0.8875950117660911, -0.6524404124894483, 0.8851716994539605]",rhc,relu,False,False,100,[10],0.1,100,13
1306,6,0.04435340000782162,1.887534101470811,1938.0,100,15,"[0.9340596780273533, 0.09446449835144466, 0.9453687199297687, 0.4296319873487293, 0.3954576491945416, -0.5678210088392472, 0.9525489095524835, -0.9875394895908203, -0.4940352752331121, -0.13041693519110842, 0.5587658435875049, -0.6046298507994938, 0.7259864711984445, 0.9668013543506255, -0.6723155171906026, 0.19466788786571843, -0.98202780466489, -0.22685743471274122, -0.9116798841370009, 0.9133059354284718, -0.1277067062404047, 0.8979546135631256, 0.5726119718701219, 0.7325785971633969, -0.6536691570081037, -0.850102825973786, 0.2014854427555386, -0.6640556325631923, 0.4667603350211398, -0.18311227969597055, 0.05581764683584067, 0.875143167901884, 0.043392244889916, -0.7836132342255386, -0.6835531856304011, 0.09040530340642561, 0.04880816013694678, 0.2752204882519873, -0.1970091128194542, 0.2996102180386846, -0.20619999419653467, 0.24783222709644614, 0.5348099341802477, -0.6420521799177383, -0.24884846282491524, 0.005066118653868745, 0.3733341598326916, -0.4926407026772337, 0.10948172588511706, 0.24986168812819542, 0.7910023321122921, -0.27429282313374714, 0.2751141460374733, -0.6171071957620733, -0.004411770765388567, -0.6351091908575863, 0.8367660782795254, -0.13635585731754474, 0.6603762041966925, -0.16644739064327485, 0.8093351774867339, -0.19034956537818792, -0.33765099381775454, 0.14427754054549724, 0.6908872981882266, 0.7220286235061439, 0.19137623413666893, -0.8306767779591795, 0.19453321463834983, -0.5090925828337958, 0.46518689717993555, 0.7893025846334776, 0.0294679418262902, 0.20712702072041278, -0.8698643752343853, 0.08014945928561268, -0.7416264326591246, 0.22912569270066396, -0.2726993059103242, 0.5355160686614915, -0.902931727160895, -0.7803637637643119, 0.36804643024725525, 0.029307394167312983, 0.1432827432294983, 0.6874139879813108, -0.024524721700651453, 0.6202888442522898, 0.020487258589880097, 0.8534413864805024, 0.333855543079252, -0.7025463211318861, -0.27089364934848836, 0.7315498318881986, -0.29942957828896866, -0.6219484810876903, -0.0547573816684539, -0.21443765035574014, 0.23785985328818726, -0.12646741612097356, -0.47815568541100895, -0.17505557667448635, -0.16193193089539926, 0.8048437117522818, 0.9592325240809707, 0.24713767881382775, -0.8336317548582777, 0.46599743519199, 0.357370804957968, 0.6520457340504391, -0.3050973265778887, -0.8822398116837538, 0.2236436329105842, -0.751970763373456, 0.5190590583266628, 0.5888466351532844, -0.18274642650020412, 0.8875950117660911, -0.6524404124894483, 0.8851716994539605]",rhc,relu,False,False,100,[10],0.1,100,13
1307,7,0.04734460008330643,1.887534101470811,1939.0,100,15,"[0.9340596780273533, 0.09446449835144466, 0.9453687199297687, 0.4296319873487293, 0.3954576491945416, -0.5678210088392472, 0.9525489095524835, -0.9875394895908203, -0.4940352752331121, -0.13041693519110842, 0.5587658435875049, -0.6046298507994938, 0.7259864711984445, 0.9668013543506255, -0.6723155171906026, 0.19466788786571843, -0.98202780466489, -0.22685743471274122, -0.9116798841370009, 0.9133059354284718, -0.1277067062404047, 0.8979546135631256, 0.5726119718701219, 0.7325785971633969, -0.6536691570081037, -0.850102825973786, 0.2014854427555386, -0.6640556325631923, 0.4667603350211398, -0.18311227969597055, 0.05581764683584067, 0.875143167901884, 0.043392244889916, -0.7836132342255386, -0.6835531856304011, 0.09040530340642561, 0.04880816013694678, 0.2752204882519873, -0.1970091128194542, 0.2996102180386846, -0.20619999419653467, 0.24783222709644614, 0.5348099341802477, -0.6420521799177383, -0.24884846282491524, 0.005066118653868745, 0.3733341598326916, -0.4926407026772337, 0.10948172588511706, 0.24986168812819542, 0.7910023321122921, -0.27429282313374714, 0.2751141460374733, -0.6171071957620733, -0.004411770765388567, -0.6351091908575863, 0.8367660782795254, -0.13635585731754474, 0.6603762041966925, -0.16644739064327485, 0.8093351774867339, -0.19034956537818792, -0.33765099381775454, 0.14427754054549724, 0.6908872981882266, 0.7220286235061439, 0.19137623413666893, -0.8306767779591795, 0.19453321463834983, -0.5090925828337958, 0.46518689717993555, 0.7893025846334776, 0.0294679418262902, 0.20712702072041278, -0.8698643752343853, 0.08014945928561268, -0.7416264326591246, 0.22912569270066396, -0.2726993059103242, 0.5355160686614915, -0.902931727160895, -0.7803637637643119, 0.36804643024725525, 0.029307394167312983, 0.1432827432294983, 0.6874139879813108, -0.024524721700651453, 0.6202888442522898, 0.020487258589880097, 0.8534413864805024, 0.333855543079252, -0.7025463211318861, -0.27089364934848836, 0.7315498318881986, -0.29942957828896866, -0.6219484810876903, -0.0547573816684539, -0.21443765035574014, 0.23785985328818726, -0.12646741612097356, -0.47815568541100895, -0.17505557667448635, -0.16193193089539926, 0.8048437117522818, 0.9592325240809707, 0.24713767881382775, -0.8336317548582777, 0.46599743519199, 0.357370804957968, 0.6520457340504391, -0.3050973265778887, -0.8822398116837538, 0.2236436329105842, -0.751970763373456, 0.5190590583266628, 0.5888466351532844, -0.18274642650020412, 0.8875950117660911, -0.6524404124894483, 0.8851716994539605]",rhc,relu,False,False,100,[10],0.1,100,13
1308,8,0.049982900032773614,1.8695653221492918,1941.0,100,15,"[0.9340596780273533, 0.09446449835144466, 0.9453687199297687, 0.4296319873487293, 0.3954576491945416, -0.5678210088392472, 0.9525489095524835, -0.9875394895908203, -0.4940352752331121, -0.13041693519110842, 0.5587658435875049, -0.6046298507994938, 0.7259864711984445, 0.9668013543506255, -0.6723155171906026, 0.19466788786571843, -0.98202780466489, -0.22685743471274122, -0.9116798841370009, 0.9133059354284718, -0.1277067062404047, 0.8979546135631256, 0.5726119718701219, 0.7325785971633969, -0.6536691570081037, -0.850102825973786, 0.2014854427555386, -0.6640556325631923, 0.4667603350211398, -0.18311227969597055, 0.05581764683584067, 0.875143167901884, 0.043392244889916, -0.7836132342255386, -0.6835531856304011, 0.09040530340642561, 0.04880816013694678, 0.2752204882519873, -0.1970091128194542, 0.2996102180386846, -0.20619999419653467, 0.24783222709644614, 0.5348099341802477, -0.6420521799177383, -0.24884846282491524, 0.005066118653868745, 0.3733341598326916, -0.4926407026772337, 0.10948172588511706, 0.24986168812819542, 0.7910023321122921, -0.27429282313374714, 0.2751141460374733, -0.6171071957620733, -0.004411770765388567, -0.6351091908575863, 0.8367660782795254, -0.13635585731754474, 0.6603762041966925, -0.16644739064327485, 0.8093351774867339, -0.19034956537818792, -0.33765099381775454, 0.14427754054549724, 0.6908872981882266, 0.7220286235061439, 0.19137623413666893, -0.8306767779591795, 0.19453321463834983, -0.5090925828337958, 0.46518689717993555, 0.7893025846334776, 0.0294679418262902, 0.20712702072041278, -0.8698643752343853, 0.08014945928561268, -0.7416264326591246, 0.22912569270066396, -0.2726993059103242, 0.5355160686614915, -0.902931727160895, -0.7803637637643119, 0.36804643024725525, 0.029307394167312983, 0.1432827432294983, 0.6874139879813108, -0.024524721700651453, 0.6202888442522898, 0.020487258589880097, 0.8534413864805024, 0.333855543079252, -0.7025463211318861, -0.27089364934848836, 0.7315498318881986, -0.29942957828896866, -0.6219484810876903, -0.0547573816684539, -0.21443765035574014, 0.23785985328818726, -0.12646741612097356, -0.47815568541100895, -0.17505557667448635, -0.16193193089539926, 0.8048437117522818, 0.9592325240809707, 0.24713767881382775, -0.8336317548582777, 0.46599743519199, 0.357370804957968, 0.6520457340504391, -0.3050973265778887, -0.8822398116837538, 0.2236436329105842, -0.751970763373456, 0.5190590583266628, 0.5888466351532844, -0.18274642650020412, 0.8875950117660911, -0.6524404124894483, 0.8851716994539605]",rhc,relu,False,False,100,[10],0.1,100,13
1309,9,0.05281060002744198,1.8674606459315128,1943.0,100,15,"[0.9340596780273533, 0.09446449835144466, 0.9453687199297687, 0.4296319873487293, 0.3954576491945416, -0.5678210088392472, 0.9525489095524835, -0.9875394895908203, -0.4940352752331121, -0.13041693519110842, 0.5587658435875049, -0.6046298507994938, 0.7259864711984445, 0.9668013543506255, -0.6723155171906026, 0.19466788786571843, -0.98202780466489, -0.22685743471274122, -0.9116798841370009, 0.9133059354284718, -0.1277067062404047, 0.8979546135631256, 0.5726119718701219, 0.7325785971633969, -0.6536691570081037, -0.850102825973786, 0.2014854427555386, -0.6640556325631923, 0.4667603350211398, -0.18311227969597055, 0.05581764683584067, 0.875143167901884, 0.043392244889916, -0.7836132342255386, -0.6835531856304011, 0.09040530340642561, 0.04880816013694678, 0.2752204882519873, -0.1970091128194542, 0.2996102180386846, -0.20619999419653467, 0.24783222709644614, 0.5348099341802477, -0.6420521799177383, -0.24884846282491524, 0.005066118653868745, 0.3733341598326916, -0.4926407026772337, 0.10948172588511706, 0.24986168812819542, 0.7910023321122921, -0.27429282313374714, 0.2751141460374733, -0.6171071957620733, -0.004411770765388567, -0.6351091908575863, 0.8367660782795254, -0.13635585731754474, 0.6603762041966925, -0.16644739064327485, 0.8093351774867339, -0.19034956537818792, -0.33765099381775454, 0.14427754054549724, 0.6908872981882266, 0.7220286235061439, 0.19137623413666893, -0.8306767779591795, 0.19453321463834983, -0.5090925828337958, 0.46518689717993555, 0.7893025846334776, 0.0294679418262902, 0.20712702072041278, -0.8698643752343853, 0.08014945928561268, -0.7416264326591246, 0.22912569270066396, -0.2726993059103242, 0.5355160686614915, -0.902931727160895, -0.7803637637643119, 0.36804643024725525, 0.029307394167312983, 0.1432827432294983, 0.6874139879813108, -0.024524721700651453, 0.6202888442522898, 0.020487258589880097, 0.8534413864805024, 0.333855543079252, -0.7025463211318861, -0.27089364934848836, 0.7315498318881986, -0.29942957828896866, -0.6219484810876903, -0.0547573816684539, -0.21443765035574014, 0.23785985328818726, -0.12646741612097356, -0.47815568541100895, -0.17505557667448635, -0.16193193089539926, 0.8048437117522818, 0.9592325240809707, 0.24713767881382775, -0.8336317548582777, 0.46599743519199, 0.357370804957968, 0.6520457340504391, -0.3050973265778887, -0.8822398116837538, 0.2236436329105842, -0.751970763373456, 0.5190590583266628, 0.5888466351532844, -0.18274642650020412, 0.8875950117660911, -0.6524404124894483, 0.8851716994539605]",rhc,relu,False,False,100,[10],0.1,100,13
1310,10,0.054268900072202086,1.8674606459315128,1944.0,100,15,"[0.9340596780273533, 0.09446449835144466, 0.9453687199297687, 0.4296319873487293, 0.3954576491945416, -0.5678210088392472, 0.9525489095524835, -0.9875394895908203, -0.4940352752331121, -0.13041693519110842, 0.5587658435875049, -0.6046298507994938, 0.7259864711984445, 0.9668013543506255, -0.6723155171906026, 0.19466788786571843, -0.98202780466489, -0.22685743471274122, -0.9116798841370009, 0.9133059354284718, -0.1277067062404047, 0.8979546135631256, 0.5726119718701219, 0.7325785971633969, -0.6536691570081037, -0.850102825973786, 0.2014854427555386, -0.6640556325631923, 0.4667603350211398, -0.18311227969597055, 0.05581764683584067, 0.875143167901884, 0.043392244889916, -0.7836132342255386, -0.6835531856304011, 0.09040530340642561, 0.04880816013694678, 0.2752204882519873, -0.1970091128194542, 0.2996102180386846, -0.20619999419653467, 0.24783222709644614, 0.5348099341802477, -0.6420521799177383, -0.24884846282491524, 0.005066118653868745, 0.3733341598326916, -0.4926407026772337, 0.10948172588511706, 0.24986168812819542, 0.7910023321122921, -0.27429282313374714, 0.2751141460374733, -0.6171071957620733, -0.004411770765388567, -0.6351091908575863, 0.8367660782795254, -0.13635585731754474, 0.6603762041966925, -0.16644739064327485, 0.8093351774867339, -0.19034956537818792, -0.33765099381775454, 0.14427754054549724, 0.6908872981882266, 0.7220286235061439, 0.19137623413666893, -0.8306767779591795, 0.19453321463834983, -0.5090925828337958, 0.46518689717993555, 0.7893025846334776, 0.0294679418262902, 0.20712702072041278, -0.8698643752343853, 0.08014945928561268, -0.7416264326591246, 0.22912569270066396, -0.2726993059103242, 0.5355160686614915, -0.902931727160895, -0.7803637637643119, 0.36804643024725525, 0.029307394167312983, 0.1432827432294983, 0.6874139879813108, -0.024524721700651453, 0.6202888442522898, 0.020487258589880097, 0.8534413864805024, 0.333855543079252, -0.7025463211318861, -0.27089364934848836, 0.7315498318881986, -0.29942957828896866, -0.6219484810876903, -0.0547573816684539, -0.21443765035574014, 0.23785985328818726, -0.12646741612097356, -0.47815568541100895, -0.17505557667448635, -0.16193193089539926, 0.8048437117522818, 0.9592325240809707, 0.24713767881382775, -0.8336317548582777, 0.46599743519199, 0.357370804957968, 0.6520457340504391, -0.3050973265778887, -0.8822398116837538, 0.2236436329105842, -0.751970763373456, 0.5190590583266628, 0.5888466351532844, -0.18274642650020412, 0.8875950117660911, -0.6524404124894483, 0.8851716994539605]",rhc,relu,False,False,100,[10],0.1,100,13
1311,11,0.05699730000924319,1.8638839153472369,1946.0,100,15,"[0.9340596780273533, 0.09446449835144466, 0.9453687199297687, 0.4296319873487293, 0.3954576491945416, -0.5678210088392472, 0.9525489095524835, -0.9875394895908203, -0.4940352752331121, -0.13041693519110842, 0.5587658435875049, -0.6046298507994938, 0.7259864711984445, 0.9668013543506255, -0.6723155171906026, 0.19466788786571843, -0.98202780466489, -0.22685743471274122, -0.9116798841370009, 0.9133059354284718, -0.1277067062404047, 0.8979546135631256, 0.5726119718701219, 0.7325785971633969, -0.6536691570081037, -0.850102825973786, 0.2014854427555386, -0.6640556325631923, 0.4667603350211398, -0.18311227969597055, 0.05581764683584067, 0.875143167901884, 0.043392244889916, -0.7836132342255386, -0.6835531856304011, 0.09040530340642561, 0.04880816013694678, 0.2752204882519873, -0.1970091128194542, 0.2996102180386846, -0.20619999419653467, 0.24783222709644614, 0.5348099341802477, -0.6420521799177383, -0.24884846282491524, 0.005066118653868745, 0.3733341598326916, -0.4926407026772337, 0.10948172588511706, 0.24986168812819542, 0.7910023321122921, -0.27429282313374714, 0.2751141460374733, -0.6171071957620733, -0.004411770765388567, -0.6351091908575863, 0.8367660782795254, -0.13635585731754474, 0.6603762041966925, -0.16644739064327485, 0.8093351774867339, -0.19034956537818792, -0.33765099381775454, 0.14427754054549724, 0.6908872981882266, 0.7220286235061439, 0.19137623413666893, -0.8306767779591795, 0.19453321463834983, -0.5090925828337958, 0.46518689717993555, 0.7893025846334776, 0.0294679418262902, 0.20712702072041278, -0.8698643752343853, 0.08014945928561268, -0.7416264326591246, 0.22912569270066396, -0.2726993059103242, 0.5355160686614915, -0.902931727160895, -0.7803637637643119, 0.36804643024725525, 0.029307394167312983, 0.1432827432294983, 0.6874139879813108, -0.024524721700651453, 0.6202888442522898, 0.020487258589880097, 0.8534413864805024, 0.333855543079252, -0.7025463211318861, -0.27089364934848836, 0.7315498318881986, -0.29942957828896866, -0.6219484810876903, -0.0547573816684539, -0.21443765035574014, 0.23785985328818726, -0.12646741612097356, -0.47815568541100895, -0.17505557667448635, -0.16193193089539926, 0.8048437117522818, 0.9592325240809707, 0.24713767881382775, -0.8336317548582777, 0.46599743519199, 0.357370804957968, 0.6520457340504391, -0.3050973265778887, -0.8822398116837538, 0.2236436329105842, -0.751970763373456, 0.5190590583266628, 0.5888466351532844, -0.18274642650020412, 0.8875950117660911, -0.6524404124894483, 0.8851716994539605]",rhc,relu,False,False,100,[10],0.1,100,13
1312,12,0.05975670006591827,1.863682838963618,1948.0,100,15,"[0.9340596780273533, 0.09446449835144466, 0.9453687199297687, 0.4296319873487293, 0.3954576491945416, -0.5678210088392472, 0.9525489095524835, -0.9875394895908203, -0.4940352752331121, -0.13041693519110842, 0.5587658435875049, -0.6046298507994938, 0.7259864711984445, 0.9668013543506255, -0.6723155171906026, 0.19466788786571843, -0.98202780466489, -0.22685743471274122, -0.9116798841370009, 0.9133059354284718, -0.1277067062404047, 0.8979546135631256, 0.5726119718701219, 0.7325785971633969, -0.6536691570081037, -0.850102825973786, 0.2014854427555386, -0.6640556325631923, 0.4667603350211398, -0.18311227969597055, 0.05581764683584067, 0.875143167901884, 0.043392244889916, -0.7836132342255386, -0.6835531856304011, 0.09040530340642561, 0.04880816013694678, 0.2752204882519873, -0.1970091128194542, 0.2996102180386846, -0.20619999419653467, 0.24783222709644614, 0.5348099341802477, -0.6420521799177383, -0.24884846282491524, 0.005066118653868745, 0.3733341598326916, -0.4926407026772337, 0.10948172588511706, 0.24986168812819542, 0.7910023321122921, -0.27429282313374714, 0.2751141460374733, -0.6171071957620733, -0.004411770765388567, -0.6351091908575863, 0.8367660782795254, -0.13635585731754474, 0.6603762041966925, -0.16644739064327485, 0.8093351774867339, -0.19034956537818792, -0.33765099381775454, 0.14427754054549724, 0.6908872981882266, 0.7220286235061439, 0.19137623413666893, -0.8306767779591795, 0.19453321463834983, -0.5090925828337958, 0.46518689717993555, 0.7893025846334776, 0.0294679418262902, 0.20712702072041278, -0.8698643752343853, 0.08014945928561268, -0.7416264326591246, 0.22912569270066396, -0.2726993059103242, 0.5355160686614915, -0.902931727160895, -0.7803637637643119, 0.36804643024725525, 0.029307394167312983, 0.1432827432294983, 0.6874139879813108, -0.024524721700651453, 0.6202888442522898, 0.020487258589880097, 0.8534413864805024, 0.333855543079252, -0.7025463211318861, -0.27089364934848836, 0.7315498318881986, -0.29942957828896866, -0.6219484810876903, -0.0547573816684539, -0.21443765035574014, 0.23785985328818726, -0.12646741612097356, -0.47815568541100895, -0.17505557667448635, -0.16193193089539926, 0.8048437117522818, 0.9592325240809707, 0.24713767881382775, -0.8336317548582777, 0.46599743519199, 0.357370804957968, 0.6520457340504391, -0.3050973265778887, -0.8822398116837538, 0.2236436329105842, -0.751970763373456, 0.5190590583266628, 0.5888466351532844, -0.18274642650020412, 0.8875950117660911, -0.6524404124894483, 0.8851716994539605]",rhc,relu,False,False,100,[10],0.1,100,13
1313,13,0.06276760005857795,1.863682838963618,1949.0,100,15,"[0.9340596780273533, 0.09446449835144466, 0.9453687199297687, 0.4296319873487293, 0.3954576491945416, -0.5678210088392472, 0.9525489095524835, -0.9875394895908203, -0.4940352752331121, -0.13041693519110842, 0.5587658435875049, -0.6046298507994938, 0.7259864711984445, 0.9668013543506255, -0.6723155171906026, 0.19466788786571843, -0.98202780466489, -0.22685743471274122, -0.9116798841370009, 0.9133059354284718, -0.1277067062404047, 0.8979546135631256, 0.5726119718701219, 0.7325785971633969, -0.6536691570081037, -0.850102825973786, 0.2014854427555386, -0.6640556325631923, 0.4667603350211398, -0.18311227969597055, 0.05581764683584067, 0.875143167901884, 0.043392244889916, -0.7836132342255386, -0.6835531856304011, 0.09040530340642561, 0.04880816013694678, 0.2752204882519873, -0.1970091128194542, 0.2996102180386846, -0.20619999419653467, 0.24783222709644614, 0.5348099341802477, -0.6420521799177383, -0.24884846282491524, 0.005066118653868745, 0.3733341598326916, -0.4926407026772337, 0.10948172588511706, 0.24986168812819542, 0.7910023321122921, -0.27429282313374714, 0.2751141460374733, -0.6171071957620733, -0.004411770765388567, -0.6351091908575863, 0.8367660782795254, -0.13635585731754474, 0.6603762041966925, -0.16644739064327485, 0.8093351774867339, -0.19034956537818792, -0.33765099381775454, 0.14427754054549724, 0.6908872981882266, 0.7220286235061439, 0.19137623413666893, -0.8306767779591795, 0.19453321463834983, -0.5090925828337958, 0.46518689717993555, 0.7893025846334776, 0.0294679418262902, 0.20712702072041278, -0.8698643752343853, 0.08014945928561268, -0.7416264326591246, 0.22912569270066396, -0.2726993059103242, 0.5355160686614915, -0.902931727160895, -0.7803637637643119, 0.36804643024725525, 0.029307394167312983, 0.1432827432294983, 0.6874139879813108, -0.024524721700651453, 0.6202888442522898, 0.020487258589880097, 0.8534413864805024, 0.333855543079252, -0.7025463211318861, -0.27089364934848836, 0.7315498318881986, -0.29942957828896866, -0.6219484810876903, -0.0547573816684539, -0.21443765035574014, 0.23785985328818726, -0.12646741612097356, -0.47815568541100895, -0.17505557667448635, -0.16193193089539926, 0.8048437117522818, 0.9592325240809707, 0.24713767881382775, -0.8336317548582777, 0.46599743519199, 0.357370804957968, 0.6520457340504391, -0.3050973265778887, -0.8822398116837538, 0.2236436329105842, -0.751970763373456, 0.5190590583266628, 0.5888466351532844, -0.18274642650020412, 0.8875950117660911, -0.6524404124894483, 0.8851716994539605]",rhc,relu,False,False,100,[10],0.1,100,13
1314,14,0.06632550002541393,1.863682838963618,1950.0,100,15,"[0.9340596780273533, 0.09446449835144466, 0.9453687199297687, 0.4296319873487293, 0.3954576491945416, -0.5678210088392472, 0.9525489095524835, -0.9875394895908203, -0.4940352752331121, -0.13041693519110842, 0.5587658435875049, -0.6046298507994938, 0.7259864711984445, 0.9668013543506255, -0.6723155171906026, 0.19466788786571843, -0.98202780466489, -0.22685743471274122, -0.9116798841370009, 0.9133059354284718, -0.1277067062404047, 0.8979546135631256, 0.5726119718701219, 0.7325785971633969, -0.6536691570081037, -0.850102825973786, 0.2014854427555386, -0.6640556325631923, 0.4667603350211398, -0.18311227969597055, 0.05581764683584067, 0.875143167901884, 0.043392244889916, -0.7836132342255386, -0.6835531856304011, 0.09040530340642561, 0.04880816013694678, 0.2752204882519873, -0.1970091128194542, 0.2996102180386846, -0.20619999419653467, 0.24783222709644614, 0.5348099341802477, -0.6420521799177383, -0.24884846282491524, 0.005066118653868745, 0.3733341598326916, -0.4926407026772337, 0.10948172588511706, 0.24986168812819542, 0.7910023321122921, -0.27429282313374714, 0.2751141460374733, -0.6171071957620733, -0.004411770765388567, -0.6351091908575863, 0.8367660782795254, -0.13635585731754474, 0.6603762041966925, -0.16644739064327485, 0.8093351774867339, -0.19034956537818792, -0.33765099381775454, 0.14427754054549724, 0.6908872981882266, 0.7220286235061439, 0.19137623413666893, -0.8306767779591795, 0.19453321463834983, -0.5090925828337958, 0.46518689717993555, 0.7893025846334776, 0.0294679418262902, 0.20712702072041278, -0.8698643752343853, 0.08014945928561268, -0.7416264326591246, 0.22912569270066396, -0.2726993059103242, 0.5355160686614915, -0.902931727160895, -0.7803637637643119, 0.36804643024725525, 0.029307394167312983, 0.1432827432294983, 0.6874139879813108, -0.024524721700651453, 0.6202888442522898, 0.020487258589880097, 0.8534413864805024, 0.333855543079252, -0.7025463211318861, -0.27089364934848836, 0.7315498318881986, -0.29942957828896866, -0.6219484810876903, -0.0547573816684539, -0.21443765035574014, 0.23785985328818726, -0.12646741612097356, -0.47815568541100895, -0.17505557667448635, -0.16193193089539926, 0.8048437117522818, 0.9592325240809707, 0.24713767881382775, -0.8336317548582777, 0.46599743519199, 0.357370804957968, 0.6520457340504391, -0.3050973265778887, -0.8822398116837538, 0.2236436329105842, -0.751970763373456, 0.5190590583266628, 0.5888466351532844, -0.18274642650020412, 0.8875950117660911, -0.6524404124894483, 0.8851716994539605]",rhc,relu,False,False,100,[10],0.1,100,13
1315,15,0.06922320008743554,1.8606923021157034,1952.0,100,15,"[0.9340596780273533, 0.09446449835144466, 0.9453687199297687, 0.4296319873487293, 0.3954576491945416, -0.5678210088392472, 0.9525489095524835, -0.9875394895908203, -0.4940352752331121, -0.13041693519110842, 0.5587658435875049, -0.6046298507994938, 0.7259864711984445, 0.9668013543506255, -0.6723155171906026, 0.19466788786571843, -0.98202780466489, -0.22685743471274122, -0.9116798841370009, 0.9133059354284718, -0.1277067062404047, 0.8979546135631256, 0.5726119718701219, 0.7325785971633969, -0.6536691570081037, -0.850102825973786, 0.2014854427555386, -0.6640556325631923, 0.4667603350211398, -0.18311227969597055, 0.05581764683584067, 0.875143167901884, 0.043392244889916, -0.7836132342255386, -0.6835531856304011, 0.09040530340642561, 0.04880816013694678, 0.2752204882519873, -0.1970091128194542, 0.2996102180386846, -0.20619999419653467, 0.24783222709644614, 0.5348099341802477, -0.6420521799177383, -0.24884846282491524, 0.005066118653868745, 0.3733341598326916, -0.4926407026772337, 0.10948172588511706, 0.24986168812819542, 0.7910023321122921, -0.27429282313374714, 0.2751141460374733, -0.6171071957620733, -0.004411770765388567, -0.6351091908575863, 0.8367660782795254, -0.13635585731754474, 0.6603762041966925, -0.16644739064327485, 0.8093351774867339, -0.19034956537818792, -0.33765099381775454, 0.14427754054549724, 0.6908872981882266, 0.7220286235061439, 0.19137623413666893, -0.8306767779591795, 0.19453321463834983, -0.5090925828337958, 0.46518689717993555, 0.7893025846334776, 0.0294679418262902, 0.20712702072041278, -0.8698643752343853, 0.08014945928561268, -0.7416264326591246, 0.22912569270066396, -0.2726993059103242, 0.5355160686614915, -0.902931727160895, -0.7803637637643119, 0.36804643024725525, 0.029307394167312983, 0.1432827432294983, 0.6874139879813108, -0.024524721700651453, 0.6202888442522898, 0.020487258589880097, 0.8534413864805024, 0.333855543079252, -0.7025463211318861, -0.27089364934848836, 0.7315498318881986, -0.29942957828896866, -0.6219484810876903, -0.0547573816684539, -0.21443765035574014, 0.23785985328818726, -0.12646741612097356, -0.47815568541100895, -0.17505557667448635, -0.16193193089539926, 0.8048437117522818, 0.9592325240809707, 0.24713767881382775, -0.8336317548582777, 0.46599743519199, 0.357370804957968, 0.6520457340504391, -0.3050973265778887, -0.8822398116837538, 0.2236436329105842, -0.751970763373456, 0.5190590583266628, 0.5888466351532844, -0.18274642650020412, 0.8875950117660911, -0.6524404124894483, 0.8851716994539605]",rhc,relu,False,False,100,[10],0.1,100,13
1316,16,0.07063110009767115,1.8599046038184348,1954.0,100,15,"[0.9340596780273533, 0.09446449835144466, 0.9453687199297687, 0.4296319873487293, 0.3954576491945416, -0.5678210088392472, 0.9525489095524835, -0.9875394895908203, -0.4940352752331121, -0.13041693519110842, 0.5587658435875049, -0.6046298507994938, 0.7259864711984445, 0.9668013543506255, -0.6723155171906026, 0.19466788786571843, -0.98202780466489, -0.22685743471274122, -0.9116798841370009, 0.9133059354284718, -0.1277067062404047, 0.8979546135631256, 0.5726119718701219, 0.7325785971633969, -0.6536691570081037, -0.850102825973786, 0.2014854427555386, -0.6640556325631923, 0.4667603350211398, -0.18311227969597055, 0.05581764683584067, 0.875143167901884, 0.043392244889916, -0.7836132342255386, -0.6835531856304011, 0.09040530340642561, 0.04880816013694678, 0.2752204882519873, -0.1970091128194542, 0.2996102180386846, -0.20619999419653467, 0.24783222709644614, 0.5348099341802477, -0.6420521799177383, -0.24884846282491524, 0.005066118653868745, 0.3733341598326916, -0.4926407026772337, 0.10948172588511706, 0.24986168812819542, 0.7910023321122921, -0.27429282313374714, 0.2751141460374733, -0.6171071957620733, -0.004411770765388567, -0.6351091908575863, 0.8367660782795254, -0.13635585731754474, 0.6603762041966925, -0.16644739064327485, 0.8093351774867339, -0.19034956537818792, -0.33765099381775454, 0.14427754054549724, 0.6908872981882266, 0.7220286235061439, 0.19137623413666893, -0.8306767779591795, 0.19453321463834983, -0.5090925828337958, 0.46518689717993555, 0.7893025846334776, 0.0294679418262902, 0.20712702072041278, -0.8698643752343853, 0.08014945928561268, -0.7416264326591246, 0.22912569270066396, -0.2726993059103242, 0.5355160686614915, -0.902931727160895, -0.7803637637643119, 0.36804643024725525, 0.029307394167312983, 0.1432827432294983, 0.6874139879813108, -0.024524721700651453, 0.6202888442522898, 0.020487258589880097, 0.8534413864805024, 0.333855543079252, -0.7025463211318861, -0.27089364934848836, 0.7315498318881986, -0.29942957828896866, -0.6219484810876903, -0.0547573816684539, -0.21443765035574014, 0.23785985328818726, -0.12646741612097356, -0.47815568541100895, -0.17505557667448635, -0.16193193089539926, 0.8048437117522818, 0.9592325240809707, 0.24713767881382775, -0.8336317548582777, 0.46599743519199, 0.357370804957968, 0.6520457340504391, -0.3050973265778887, -0.8822398116837538, 0.2236436329105842, -0.751970763373456, 0.5190590583266628, 0.5888466351532844, -0.18274642650020412, 0.8875950117660911, -0.6524404124894483, 0.8851716994539605]",rhc,relu,False,False,100,[10],0.1,100,13
1317,17,0.07200020004529506,1.8495689871222367,1956.0,100,15,"[0.9340596780273533, 0.09446449835144466, 0.9453687199297687, 0.4296319873487293, 0.3954576491945416, -0.5678210088392472, 0.9525489095524835, -0.9875394895908203, -0.4940352752331121, -0.13041693519110842, 0.5587658435875049, -0.6046298507994938, 0.7259864711984445, 0.9668013543506255, -0.6723155171906026, 0.19466788786571843, -0.98202780466489, -0.22685743471274122, -0.9116798841370009, 0.9133059354284718, -0.1277067062404047, 0.8979546135631256, 0.5726119718701219, 0.7325785971633969, -0.6536691570081037, -0.850102825973786, 0.2014854427555386, -0.6640556325631923, 0.4667603350211398, -0.18311227969597055, 0.05581764683584067, 0.875143167901884, 0.043392244889916, -0.7836132342255386, -0.6835531856304011, 0.09040530340642561, 0.04880816013694678, 0.2752204882519873, -0.1970091128194542, 0.2996102180386846, -0.20619999419653467, 0.24783222709644614, 0.5348099341802477, -0.6420521799177383, -0.24884846282491524, 0.005066118653868745, 0.3733341598326916, -0.4926407026772337, 0.10948172588511706, 0.24986168812819542, 0.7910023321122921, -0.27429282313374714, 0.2751141460374733, -0.6171071957620733, -0.004411770765388567, -0.6351091908575863, 0.8367660782795254, -0.13635585731754474, 0.6603762041966925, -0.16644739064327485, 0.8093351774867339, -0.19034956537818792, -0.33765099381775454, 0.14427754054549724, 0.6908872981882266, 0.7220286235061439, 0.19137623413666893, -0.8306767779591795, 0.19453321463834983, -0.5090925828337958, 0.46518689717993555, 0.7893025846334776, 0.0294679418262902, 0.20712702072041278, -0.8698643752343853, 0.08014945928561268, -0.7416264326591246, 0.22912569270066396, -0.2726993059103242, 0.5355160686614915, -0.902931727160895, -0.7803637637643119, 0.36804643024725525, 0.029307394167312983, 0.1432827432294983, 0.6874139879813108, -0.024524721700651453, 0.6202888442522898, 0.020487258589880097, 0.8534413864805024, 0.333855543079252, -0.7025463211318861, -0.27089364934848836, 0.7315498318881986, -0.29942957828896866, -0.6219484810876903, -0.0547573816684539, -0.21443765035574014, 0.23785985328818726, -0.12646741612097356, -0.47815568541100895, -0.17505557667448635, -0.16193193089539926, 0.8048437117522818, 0.9592325240809707, 0.24713767881382775, -0.8336317548582777, 0.46599743519199, 0.357370804957968, 0.6520457340504391, -0.3050973265778887, -0.8822398116837538, 0.2236436329105842, -0.751970763373456, 0.5190590583266628, 0.5888466351532844, -0.18274642650020412, 0.8875950117660911, -0.6524404124894483, 0.8851716994539605]",rhc,relu,False,False,100,[10],0.1,100,13
1318,18,0.07342060003429651,1.8495689871222367,1957.0,100,15,"[0.9340596780273533, 0.09446449835144466, 0.9453687199297687, 0.4296319873487293, 0.3954576491945416, -0.5678210088392472, 0.9525489095524835, -0.9875394895908203, -0.4940352752331121, -0.13041693519110842, 0.5587658435875049, -0.6046298507994938, 0.7259864711984445, 0.9668013543506255, -0.6723155171906026, 0.19466788786571843, -0.98202780466489, -0.22685743471274122, -0.9116798841370009, 0.9133059354284718, -0.1277067062404047, 0.8979546135631256, 0.5726119718701219, 0.7325785971633969, -0.6536691570081037, -0.850102825973786, 0.2014854427555386, -0.6640556325631923, 0.4667603350211398, -0.18311227969597055, 0.05581764683584067, 0.875143167901884, 0.043392244889916, -0.7836132342255386, -0.6835531856304011, 0.09040530340642561, 0.04880816013694678, 0.2752204882519873, -0.1970091128194542, 0.2996102180386846, -0.20619999419653467, 0.24783222709644614, 0.5348099341802477, -0.6420521799177383, -0.24884846282491524, 0.005066118653868745, 0.3733341598326916, -0.4926407026772337, 0.10948172588511706, 0.24986168812819542, 0.7910023321122921, -0.27429282313374714, 0.2751141460374733, -0.6171071957620733, -0.004411770765388567, -0.6351091908575863, 0.8367660782795254, -0.13635585731754474, 0.6603762041966925, -0.16644739064327485, 0.8093351774867339, -0.19034956537818792, -0.33765099381775454, 0.14427754054549724, 0.6908872981882266, 0.7220286235061439, 0.19137623413666893, -0.8306767779591795, 0.19453321463834983, -0.5090925828337958, 0.46518689717993555, 0.7893025846334776, 0.0294679418262902, 0.20712702072041278, -0.8698643752343853, 0.08014945928561268, -0.7416264326591246, 0.22912569270066396, -0.2726993059103242, 0.5355160686614915, -0.902931727160895, -0.7803637637643119, 0.36804643024725525, 0.029307394167312983, 0.1432827432294983, 0.6874139879813108, -0.024524721700651453, 0.6202888442522898, 0.020487258589880097, 0.8534413864805024, 0.333855543079252, -0.7025463211318861, -0.27089364934848836, 0.7315498318881986, -0.29942957828896866, -0.6219484810876903, -0.0547573816684539, -0.21443765035574014, 0.23785985328818726, -0.12646741612097356, -0.47815568541100895, -0.17505557667448635, -0.16193193089539926, 0.8048437117522818, 0.9592325240809707, 0.24713767881382775, -0.8336317548582777, 0.46599743519199, 0.357370804957968, 0.6520457340504391, -0.3050973265778887, -0.8822398116837538, 0.2236436329105842, -0.751970763373456, 0.5190590583266628, 0.5888466351532844, -0.18274642650020412, 0.8875950117660911, -0.6524404124894483, 0.8851716994539605]",rhc,relu,False,False,100,[10],0.1,100,13
1319,19,0.07618380000349134,1.827844116580152,1959.0,100,15,"[0.9340596780273533, 0.09446449835144466, 0.9453687199297687, 0.4296319873487293, 0.3954576491945416, -0.5678210088392472, 0.9525489095524835, -0.9875394895908203, -0.4940352752331121, -0.13041693519110842, 0.5587658435875049, -0.6046298507994938, 0.7259864711984445, 0.9668013543506255, -0.6723155171906026, 0.19466788786571843, -0.98202780466489, -0.22685743471274122, -0.9116798841370009, 0.9133059354284718, -0.1277067062404047, 0.8979546135631256, 0.5726119718701219, 0.7325785971633969, -0.6536691570081037, -0.850102825973786, 0.2014854427555386, -0.6640556325631923, 0.4667603350211398, -0.18311227969597055, 0.05581764683584067, 0.875143167901884, 0.043392244889916, -0.7836132342255386, -0.6835531856304011, 0.09040530340642561, 0.04880816013694678, 0.2752204882519873, -0.1970091128194542, 0.2996102180386846, -0.20619999419653467, 0.24783222709644614, 0.5348099341802477, -0.6420521799177383, -0.24884846282491524, 0.005066118653868745, 0.3733341598326916, -0.4926407026772337, 0.10948172588511706, 0.24986168812819542, 0.7910023321122921, -0.27429282313374714, 0.2751141460374733, -0.6171071957620733, -0.004411770765388567, -0.6351091908575863, 0.8367660782795254, -0.13635585731754474, 0.6603762041966925, -0.16644739064327485, 0.8093351774867339, -0.19034956537818792, -0.33765099381775454, 0.14427754054549724, 0.6908872981882266, 0.7220286235061439, 0.19137623413666893, -0.8306767779591795, 0.19453321463834983, -0.5090925828337958, 0.46518689717993555, 0.7893025846334776, 0.0294679418262902, 0.20712702072041278, -0.8698643752343853, 0.08014945928561268, -0.7416264326591246, 0.22912569270066396, -0.2726993059103242, 0.5355160686614915, -0.902931727160895, -0.7803637637643119, 0.36804643024725525, 0.029307394167312983, 0.1432827432294983, 0.6874139879813108, -0.024524721700651453, 0.6202888442522898, 0.020487258589880097, 0.8534413864805024, 0.333855543079252, -0.7025463211318861, -0.27089364934848836, 0.7315498318881986, -0.29942957828896866, -0.6219484810876903, -0.0547573816684539, -0.21443765035574014, 0.23785985328818726, -0.12646741612097356, -0.47815568541100895, -0.17505557667448635, -0.16193193089539926, 0.8048437117522818, 0.9592325240809707, 0.24713767881382775, -0.8336317548582777, 0.46599743519199, 0.357370804957968, 0.6520457340504391, -0.3050973265778887, -0.8822398116837538, 0.2236436329105842, -0.751970763373456, 0.5190590583266628, 0.5888466351532844, -0.18274642650020412, 0.8875950117660911, -0.6524404124894483, 0.8851716994539605]",rhc,relu,False,False,100,[10],0.1,100,13
1320,20,0.07762070000171661,1.8147013861423174,1961.0,100,15,"[0.9340596780273533, 0.09446449835144466, 0.9453687199297687, 0.4296319873487293, 0.3954576491945416, -0.5678210088392472, 0.9525489095524835, -0.9875394895908203, -0.4940352752331121, -0.13041693519110842, 0.5587658435875049, -0.6046298507994938, 0.7259864711984445, 0.9668013543506255, -0.6723155171906026, 0.19466788786571843, -0.98202780466489, -0.22685743471274122, -0.9116798841370009, 0.9133059354284718, -0.1277067062404047, 0.8979546135631256, 0.5726119718701219, 0.7325785971633969, -0.6536691570081037, -0.850102825973786, 0.2014854427555386, -0.6640556325631923, 0.4667603350211398, -0.18311227969597055, 0.05581764683584067, 0.875143167901884, 0.043392244889916, -0.7836132342255386, -0.6835531856304011, 0.09040530340642561, 0.04880816013694678, 0.2752204882519873, -0.1970091128194542, 0.2996102180386846, -0.20619999419653467, 0.24783222709644614, 0.5348099341802477, -0.6420521799177383, -0.24884846282491524, 0.005066118653868745, 0.3733341598326916, -0.4926407026772337, 0.10948172588511706, 0.24986168812819542, 0.7910023321122921, -0.27429282313374714, 0.2751141460374733, -0.6171071957620733, -0.004411770765388567, -0.6351091908575863, 0.8367660782795254, -0.13635585731754474, 0.6603762041966925, -0.16644739064327485, 0.8093351774867339, -0.19034956537818792, -0.33765099381775454, 0.14427754054549724, 0.6908872981882266, 0.7220286235061439, 0.19137623413666893, -0.8306767779591795, 0.19453321463834983, -0.5090925828337958, 0.46518689717993555, 0.7893025846334776, 0.0294679418262902, 0.20712702072041278, -0.8698643752343853, 0.08014945928561268, -0.7416264326591246, 0.22912569270066396, -0.2726993059103242, 0.5355160686614915, -0.902931727160895, -0.7803637637643119, 0.36804643024725525, 0.029307394167312983, 0.1432827432294983, 0.6874139879813108, -0.024524721700651453, 0.6202888442522898, 0.020487258589880097, 0.8534413864805024, 0.333855543079252, -0.7025463211318861, -0.27089364934848836, 0.7315498318881986, -0.29942957828896866, -0.6219484810876903, -0.0547573816684539, -0.21443765035574014, 0.23785985328818726, -0.12646741612097356, -0.47815568541100895, -0.17505557667448635, -0.16193193089539926, 0.8048437117522818, 0.9592325240809707, 0.24713767881382775, -0.8336317548582777, 0.46599743519199, 0.357370804957968, 0.6520457340504391, -0.3050973265778887, -0.8822398116837538, 0.2236436329105842, -0.751970763373456, 0.5190590583266628, 0.5888466351532844, -0.18274642650020412, 0.8875950117660911, -0.6524404124894483, 0.8851716994539605]",rhc,relu,False,False,100,[10],0.1,100,13
1321,21,0.07905250007752329,1.8147013861423174,1962.0,100,15,"[0.9340596780273533, 0.09446449835144466, 0.9453687199297687, 0.4296319873487293, 0.3954576491945416, -0.5678210088392472, 0.9525489095524835, -0.9875394895908203, -0.4940352752331121, -0.13041693519110842, 0.5587658435875049, -0.6046298507994938, 0.7259864711984445, 0.9668013543506255, -0.6723155171906026, 0.19466788786571843, -0.98202780466489, -0.22685743471274122, -0.9116798841370009, 0.9133059354284718, -0.1277067062404047, 0.8979546135631256, 0.5726119718701219, 0.7325785971633969, -0.6536691570081037, -0.850102825973786, 0.2014854427555386, -0.6640556325631923, 0.4667603350211398, -0.18311227969597055, 0.05581764683584067, 0.875143167901884, 0.043392244889916, -0.7836132342255386, -0.6835531856304011, 0.09040530340642561, 0.04880816013694678, 0.2752204882519873, -0.1970091128194542, 0.2996102180386846, -0.20619999419653467, 0.24783222709644614, 0.5348099341802477, -0.6420521799177383, -0.24884846282491524, 0.005066118653868745, 0.3733341598326916, -0.4926407026772337, 0.10948172588511706, 0.24986168812819542, 0.7910023321122921, -0.27429282313374714, 0.2751141460374733, -0.6171071957620733, -0.004411770765388567, -0.6351091908575863, 0.8367660782795254, -0.13635585731754474, 0.6603762041966925, -0.16644739064327485, 0.8093351774867339, -0.19034956537818792, -0.33765099381775454, 0.14427754054549724, 0.6908872981882266, 0.7220286235061439, 0.19137623413666893, -0.8306767779591795, 0.19453321463834983, -0.5090925828337958, 0.46518689717993555, 0.7893025846334776, 0.0294679418262902, 0.20712702072041278, -0.8698643752343853, 0.08014945928561268, -0.7416264326591246, 0.22912569270066396, -0.2726993059103242, 0.5355160686614915, -0.902931727160895, -0.7803637637643119, 0.36804643024725525, 0.029307394167312983, 0.1432827432294983, 0.6874139879813108, -0.024524721700651453, 0.6202888442522898, 0.020487258589880097, 0.8534413864805024, 0.333855543079252, -0.7025463211318861, -0.27089364934848836, 0.7315498318881986, -0.29942957828896866, -0.6219484810876903, -0.0547573816684539, -0.21443765035574014, 0.23785985328818726, -0.12646741612097356, -0.47815568541100895, -0.17505557667448635, -0.16193193089539926, 0.8048437117522818, 0.9592325240809707, 0.24713767881382775, -0.8336317548582777, 0.46599743519199, 0.357370804957968, 0.6520457340504391, -0.3050973265778887, -0.8822398116837538, 0.2236436329105842, -0.751970763373456, 0.5190590583266628, 0.5888466351532844, -0.18274642650020412, 0.8875950117660911, -0.6524404124894483, 0.8851716994539605]",rhc,relu,False,False,100,[10],0.1,100,13
1322,22,0.08195150003302842,1.8147013861423174,1963.0,100,15,"[0.9340596780273533, 0.09446449835144466, 0.9453687199297687, 0.4296319873487293, 0.3954576491945416, -0.5678210088392472, 0.9525489095524835, -0.9875394895908203, -0.4940352752331121, -0.13041693519110842, 0.5587658435875049, -0.6046298507994938, 0.7259864711984445, 0.9668013543506255, -0.6723155171906026, 0.19466788786571843, -0.98202780466489, -0.22685743471274122, -0.9116798841370009, 0.9133059354284718, -0.1277067062404047, 0.8979546135631256, 0.5726119718701219, 0.7325785971633969, -0.6536691570081037, -0.850102825973786, 0.2014854427555386, -0.6640556325631923, 0.4667603350211398, -0.18311227969597055, 0.05581764683584067, 0.875143167901884, 0.043392244889916, -0.7836132342255386, -0.6835531856304011, 0.09040530340642561, 0.04880816013694678, 0.2752204882519873, -0.1970091128194542, 0.2996102180386846, -0.20619999419653467, 0.24783222709644614, 0.5348099341802477, -0.6420521799177383, -0.24884846282491524, 0.005066118653868745, 0.3733341598326916, -0.4926407026772337, 0.10948172588511706, 0.24986168812819542, 0.7910023321122921, -0.27429282313374714, 0.2751141460374733, -0.6171071957620733, -0.004411770765388567, -0.6351091908575863, 0.8367660782795254, -0.13635585731754474, 0.6603762041966925, -0.16644739064327485, 0.8093351774867339, -0.19034956537818792, -0.33765099381775454, 0.14427754054549724, 0.6908872981882266, 0.7220286235061439, 0.19137623413666893, -0.8306767779591795, 0.19453321463834983, -0.5090925828337958, 0.46518689717993555, 0.7893025846334776, 0.0294679418262902, 0.20712702072041278, -0.8698643752343853, 0.08014945928561268, -0.7416264326591246, 0.22912569270066396, -0.2726993059103242, 0.5355160686614915, -0.902931727160895, -0.7803637637643119, 0.36804643024725525, 0.029307394167312983, 0.1432827432294983, 0.6874139879813108, -0.024524721700651453, 0.6202888442522898, 0.020487258589880097, 0.8534413864805024, 0.333855543079252, -0.7025463211318861, -0.27089364934848836, 0.7315498318881986, -0.29942957828896866, -0.6219484810876903, -0.0547573816684539, -0.21443765035574014, 0.23785985328818726, -0.12646741612097356, -0.47815568541100895, -0.17505557667448635, -0.16193193089539926, 0.8048437117522818, 0.9592325240809707, 0.24713767881382775, -0.8336317548582777, 0.46599743519199, 0.357370804957968, 0.6520457340504391, -0.3050973265778887, -0.8822398116837538, 0.2236436329105842, -0.751970763373456, 0.5190590583266628, 0.5888466351532844, -0.18274642650020412, 0.8875950117660911, -0.6524404124894483, 0.8851716994539605]",rhc,relu,False,False,100,[10],0.1,100,13
1323,23,0.08453910006210208,1.8147013861423174,1964.0,100,15,"[0.9340596780273533, 0.09446449835144466, 0.9453687199297687, 0.4296319873487293, 0.3954576491945416, -0.5678210088392472, 0.9525489095524835, -0.9875394895908203, -0.4940352752331121, -0.13041693519110842, 0.5587658435875049, -0.6046298507994938, 0.7259864711984445, 0.9668013543506255, -0.6723155171906026, 0.19466788786571843, -0.98202780466489, -0.22685743471274122, -0.9116798841370009, 0.9133059354284718, -0.1277067062404047, 0.8979546135631256, 0.5726119718701219, 0.7325785971633969, -0.6536691570081037, -0.850102825973786, 0.2014854427555386, -0.6640556325631923, 0.4667603350211398, -0.18311227969597055, 0.05581764683584067, 0.875143167901884, 0.043392244889916, -0.7836132342255386, -0.6835531856304011, 0.09040530340642561, 0.04880816013694678, 0.2752204882519873, -0.1970091128194542, 0.2996102180386846, -0.20619999419653467, 0.24783222709644614, 0.5348099341802477, -0.6420521799177383, -0.24884846282491524, 0.005066118653868745, 0.3733341598326916, -0.4926407026772337, 0.10948172588511706, 0.24986168812819542, 0.7910023321122921, -0.27429282313374714, 0.2751141460374733, -0.6171071957620733, -0.004411770765388567, -0.6351091908575863, 0.8367660782795254, -0.13635585731754474, 0.6603762041966925, -0.16644739064327485, 0.8093351774867339, -0.19034956537818792, -0.33765099381775454, 0.14427754054549724, 0.6908872981882266, 0.7220286235061439, 0.19137623413666893, -0.8306767779591795, 0.19453321463834983, -0.5090925828337958, 0.46518689717993555, 0.7893025846334776, 0.0294679418262902, 0.20712702072041278, -0.8698643752343853, 0.08014945928561268, -0.7416264326591246, 0.22912569270066396, -0.2726993059103242, 0.5355160686614915, -0.902931727160895, -0.7803637637643119, 0.36804643024725525, 0.029307394167312983, 0.1432827432294983, 0.6874139879813108, -0.024524721700651453, 0.6202888442522898, 0.020487258589880097, 0.8534413864805024, 0.333855543079252, -0.7025463211318861, -0.27089364934848836, 0.7315498318881986, -0.29942957828896866, -0.6219484810876903, -0.0547573816684539, -0.21443765035574014, 0.23785985328818726, -0.12646741612097356, -0.47815568541100895, -0.17505557667448635, -0.16193193089539926, 0.8048437117522818, 0.9592325240809707, 0.24713767881382775, -0.8336317548582777, 0.46599743519199, 0.357370804957968, 0.6520457340504391, -0.3050973265778887, -0.8822398116837538, 0.2236436329105842, -0.751970763373456, 0.5190590583266628, 0.5888466351532844, -0.18274642650020412, 0.8875950117660911, -0.6524404124894483, 0.8851716994539605]",rhc,relu,False,False,100,[10],0.1,100,13
1324,24,0.08600310003384948,1.8147013861423174,1965.0,100,15,"[0.9340596780273533, 0.09446449835144466, 0.9453687199297687, 0.4296319873487293, 0.3954576491945416, -0.5678210088392472, 0.9525489095524835, -0.9875394895908203, -0.4940352752331121, -0.13041693519110842, 0.5587658435875049, -0.6046298507994938, 0.7259864711984445, 0.9668013543506255, -0.6723155171906026, 0.19466788786571843, -0.98202780466489, -0.22685743471274122, -0.9116798841370009, 0.9133059354284718, -0.1277067062404047, 0.8979546135631256, 0.5726119718701219, 0.7325785971633969, -0.6536691570081037, -0.850102825973786, 0.2014854427555386, -0.6640556325631923, 0.4667603350211398, -0.18311227969597055, 0.05581764683584067, 0.875143167901884, 0.043392244889916, -0.7836132342255386, -0.6835531856304011, 0.09040530340642561, 0.04880816013694678, 0.2752204882519873, -0.1970091128194542, 0.2996102180386846, -0.20619999419653467, 0.24783222709644614, 0.5348099341802477, -0.6420521799177383, -0.24884846282491524, 0.005066118653868745, 0.3733341598326916, -0.4926407026772337, 0.10948172588511706, 0.24986168812819542, 0.7910023321122921, -0.27429282313374714, 0.2751141460374733, -0.6171071957620733, -0.004411770765388567, -0.6351091908575863, 0.8367660782795254, -0.13635585731754474, 0.6603762041966925, -0.16644739064327485, 0.8093351774867339, -0.19034956537818792, -0.33765099381775454, 0.14427754054549724, 0.6908872981882266, 0.7220286235061439, 0.19137623413666893, -0.8306767779591795, 0.19453321463834983, -0.5090925828337958, 0.46518689717993555, 0.7893025846334776, 0.0294679418262902, 0.20712702072041278, -0.8698643752343853, 0.08014945928561268, -0.7416264326591246, 0.22912569270066396, -0.2726993059103242, 0.5355160686614915, -0.902931727160895, -0.7803637637643119, 0.36804643024725525, 0.029307394167312983, 0.1432827432294983, 0.6874139879813108, -0.024524721700651453, 0.6202888442522898, 0.020487258589880097, 0.8534413864805024, 0.333855543079252, -0.7025463211318861, -0.27089364934848836, 0.7315498318881986, -0.29942957828896866, -0.6219484810876903, -0.0547573816684539, -0.21443765035574014, 0.23785985328818726, -0.12646741612097356, -0.47815568541100895, -0.17505557667448635, -0.16193193089539926, 0.8048437117522818, 0.9592325240809707, 0.24713767881382775, -0.8336317548582777, 0.46599743519199, 0.357370804957968, 0.6520457340504391, -0.3050973265778887, -0.8822398116837538, 0.2236436329105842, -0.751970763373456, 0.5190590583266628, 0.5888466351532844, -0.18274642650020412, 0.8875950117660911, -0.6524404124894483, 0.8851716994539605]",rhc,relu,False,False,100,[10],0.1,100,13
1325,25,0.08905609999783337,1.8078045089506722,1967.0,100,15,"[0.9340596780273533, 0.09446449835144466, 0.9453687199297687, 0.4296319873487293, 0.3954576491945416, -0.5678210088392472, 0.9525489095524835, -0.9875394895908203, -0.4940352752331121, -0.13041693519110842, 0.5587658435875049, -0.6046298507994938, 0.7259864711984445, 0.9668013543506255, -0.6723155171906026, 0.19466788786571843, -0.98202780466489, -0.22685743471274122, -0.9116798841370009, 0.9133059354284718, -0.1277067062404047, 0.8979546135631256, 0.5726119718701219, 0.7325785971633969, -0.6536691570081037, -0.850102825973786, 0.2014854427555386, -0.6640556325631923, 0.4667603350211398, -0.18311227969597055, 0.05581764683584067, 0.875143167901884, 0.043392244889916, -0.7836132342255386, -0.6835531856304011, 0.09040530340642561, 0.04880816013694678, 0.2752204882519873, -0.1970091128194542, 0.2996102180386846, -0.20619999419653467, 0.24783222709644614, 0.5348099341802477, -0.6420521799177383, -0.24884846282491524, 0.005066118653868745, 0.3733341598326916, -0.4926407026772337, 0.10948172588511706, 0.24986168812819542, 0.7910023321122921, -0.27429282313374714, 0.2751141460374733, -0.6171071957620733, -0.004411770765388567, -0.6351091908575863, 0.8367660782795254, -0.13635585731754474, 0.6603762041966925, -0.16644739064327485, 0.8093351774867339, -0.19034956537818792, -0.33765099381775454, 0.14427754054549724, 0.6908872981882266, 0.7220286235061439, 0.19137623413666893, -0.8306767779591795, 0.19453321463834983, -0.5090925828337958, 0.46518689717993555, 0.7893025846334776, 0.0294679418262902, 0.20712702072041278, -0.8698643752343853, 0.08014945928561268, -0.7416264326591246, 0.22912569270066396, -0.2726993059103242, 0.5355160686614915, -0.902931727160895, -0.7803637637643119, 0.36804643024725525, 0.029307394167312983, 0.1432827432294983, 0.6874139879813108, -0.024524721700651453, 0.6202888442522898, 0.020487258589880097, 0.8534413864805024, 0.333855543079252, -0.7025463211318861, -0.27089364934848836, 0.7315498318881986, -0.29942957828896866, -0.6219484810876903, -0.0547573816684539, -0.21443765035574014, 0.23785985328818726, -0.12646741612097356, -0.47815568541100895, -0.17505557667448635, -0.16193193089539926, 0.8048437117522818, 0.9592325240809707, 0.24713767881382775, -0.8336317548582777, 0.46599743519199, 0.357370804957968, 0.6520457340504391, -0.3050973265778887, -0.8822398116837538, 0.2236436329105842, -0.751970763373456, 0.5190590583266628, 0.5888466351532844, -0.18274642650020412, 0.8875950117660911, -0.6524404124894483, 0.8851716994539605]",rhc,relu,False,False,100,[10],0.1,100,13
1326,26,0.09043240000028163,1.7970654467671088,1969.0,100,15,"[0.9340596780273533, 0.09446449835144466, 0.9453687199297687, 0.4296319873487293, 0.3954576491945416, -0.5678210088392472, 0.9525489095524835, -0.9875394895908203, -0.4940352752331121, -0.13041693519110842, 0.5587658435875049, -0.6046298507994938, 0.7259864711984445, 0.9668013543506255, -0.6723155171906026, 0.19466788786571843, -0.98202780466489, -0.22685743471274122, -0.9116798841370009, 0.9133059354284718, -0.1277067062404047, 0.8979546135631256, 0.5726119718701219, 0.7325785971633969, -0.6536691570081037, -0.850102825973786, 0.2014854427555386, -0.6640556325631923, 0.4667603350211398, -0.18311227969597055, 0.05581764683584067, 0.875143167901884, 0.043392244889916, -0.7836132342255386, -0.6835531856304011, 0.09040530340642561, 0.04880816013694678, 0.2752204882519873, -0.1970091128194542, 0.2996102180386846, -0.20619999419653467, 0.24783222709644614, 0.5348099341802477, -0.6420521799177383, -0.24884846282491524, 0.005066118653868745, 0.3733341598326916, -0.4926407026772337, 0.10948172588511706, 0.24986168812819542, 0.7910023321122921, -0.27429282313374714, 0.2751141460374733, -0.6171071957620733, -0.004411770765388567, -0.6351091908575863, 0.8367660782795254, -0.13635585731754474, 0.6603762041966925, -0.16644739064327485, 0.8093351774867339, -0.19034956537818792, -0.33765099381775454, 0.14427754054549724, 0.6908872981882266, 0.7220286235061439, 0.19137623413666893, -0.8306767779591795, 0.19453321463834983, -0.5090925828337958, 0.46518689717993555, 0.7893025846334776, 0.0294679418262902, 0.20712702072041278, -0.8698643752343853, 0.08014945928561268, -0.7416264326591246, 0.22912569270066396, -0.2726993059103242, 0.5355160686614915, -0.902931727160895, -0.7803637637643119, 0.36804643024725525, 0.029307394167312983, 0.1432827432294983, 0.6874139879813108, -0.024524721700651453, 0.6202888442522898, 0.020487258589880097, 0.8534413864805024, 0.333855543079252, -0.7025463211318861, -0.27089364934848836, 0.7315498318881986, -0.29942957828896866, -0.6219484810876903, -0.0547573816684539, -0.21443765035574014, 0.23785985328818726, -0.12646741612097356, -0.47815568541100895, -0.17505557667448635, -0.16193193089539926, 0.8048437117522818, 0.9592325240809707, 0.24713767881382775, -0.8336317548582777, 0.46599743519199, 0.357370804957968, 0.6520457340504391, -0.3050973265778887, -0.8822398116837538, 0.2236436329105842, -0.751970763373456, 0.5190590583266628, 0.5888466351532844, -0.18274642650020412, 0.8875950117660911, -0.6524404124894483, 0.8851716994539605]",rhc,relu,False,False,100,[10],0.1,100,13
1327,27,0.09306690003722906,1.7970654467671088,1970.0,100,15,"[0.9340596780273533, 0.09446449835144466, 0.9453687199297687, 0.4296319873487293, 0.3954576491945416, -0.5678210088392472, 0.9525489095524835, -0.9875394895908203, -0.4940352752331121, -0.13041693519110842, 0.5587658435875049, -0.6046298507994938, 0.7259864711984445, 0.9668013543506255, -0.6723155171906026, 0.19466788786571843, -0.98202780466489, -0.22685743471274122, -0.9116798841370009, 0.9133059354284718, -0.1277067062404047, 0.8979546135631256, 0.5726119718701219, 0.7325785971633969, -0.6536691570081037, -0.850102825973786, 0.2014854427555386, -0.6640556325631923, 0.4667603350211398, -0.18311227969597055, 0.05581764683584067, 0.875143167901884, 0.043392244889916, -0.7836132342255386, -0.6835531856304011, 0.09040530340642561, 0.04880816013694678, 0.2752204882519873, -0.1970091128194542, 0.2996102180386846, -0.20619999419653467, 0.24783222709644614, 0.5348099341802477, -0.6420521799177383, -0.24884846282491524, 0.005066118653868745, 0.3733341598326916, -0.4926407026772337, 0.10948172588511706, 0.24986168812819542, 0.7910023321122921, -0.27429282313374714, 0.2751141460374733, -0.6171071957620733, -0.004411770765388567, -0.6351091908575863, 0.8367660782795254, -0.13635585731754474, 0.6603762041966925, -0.16644739064327485, 0.8093351774867339, -0.19034956537818792, -0.33765099381775454, 0.14427754054549724, 0.6908872981882266, 0.7220286235061439, 0.19137623413666893, -0.8306767779591795, 0.19453321463834983, -0.5090925828337958, 0.46518689717993555, 0.7893025846334776, 0.0294679418262902, 0.20712702072041278, -0.8698643752343853, 0.08014945928561268, -0.7416264326591246, 0.22912569270066396, -0.2726993059103242, 0.5355160686614915, -0.902931727160895, -0.7803637637643119, 0.36804643024725525, 0.029307394167312983, 0.1432827432294983, 0.6874139879813108, -0.024524721700651453, 0.6202888442522898, 0.020487258589880097, 0.8534413864805024, 0.333855543079252, -0.7025463211318861, -0.27089364934848836, 0.7315498318881986, -0.29942957828896866, -0.6219484810876903, -0.0547573816684539, -0.21443765035574014, 0.23785985328818726, -0.12646741612097356, -0.47815568541100895, -0.17505557667448635, -0.16193193089539926, 0.8048437117522818, 0.9592325240809707, 0.24713767881382775, -0.8336317548582777, 0.46599743519199, 0.357370804957968, 0.6520457340504391, -0.3050973265778887, -0.8822398116837538, 0.2236436329105842, -0.751970763373456, 0.5190590583266628, 0.5888466351532844, -0.18274642650020412, 0.8875950117660911, -0.6524404124894483, 0.8851716994539605]",rhc,relu,False,False,100,[10],0.1,100,13
1328,28,0.0945393000729382,1.729931766057872,1972.0,100,15,"[0.9340596780273533, 0.09446449835144466, 0.9453687199297687, 0.4296319873487293, 0.3954576491945416, -0.5678210088392472, 0.9525489095524835, -0.9875394895908203, -0.4940352752331121, -0.13041693519110842, 0.5587658435875049, -0.6046298507994938, 0.7259864711984445, 0.9668013543506255, -0.6723155171906026, 0.19466788786571843, -0.98202780466489, -0.22685743471274122, -0.9116798841370009, 0.9133059354284718, -0.1277067062404047, 0.8979546135631256, 0.5726119718701219, 0.7325785971633969, -0.6536691570081037, -0.850102825973786, 0.2014854427555386, -0.6640556325631923, 0.4667603350211398, -0.18311227969597055, 0.05581764683584067, 0.875143167901884, 0.043392244889916, -0.7836132342255386, -0.6835531856304011, 0.09040530340642561, 0.04880816013694678, 0.2752204882519873, -0.1970091128194542, 0.2996102180386846, -0.20619999419653467, 0.24783222709644614, 0.5348099341802477, -0.6420521799177383, -0.24884846282491524, 0.005066118653868745, 0.3733341598326916, -0.4926407026772337, 0.10948172588511706, 0.24986168812819542, 0.7910023321122921, -0.27429282313374714, 0.2751141460374733, -0.6171071957620733, -0.004411770765388567, -0.6351091908575863, 0.8367660782795254, -0.13635585731754474, 0.6603762041966925, -0.16644739064327485, 0.8093351774867339, -0.19034956537818792, -0.33765099381775454, 0.14427754054549724, 0.6908872981882266, 0.7220286235061439, 0.19137623413666893, -0.8306767779591795, 0.19453321463834983, -0.5090925828337958, 0.46518689717993555, 0.7893025846334776, 0.0294679418262902, 0.20712702072041278, -0.8698643752343853, 0.08014945928561268, -0.7416264326591246, 0.22912569270066396, -0.2726993059103242, 0.5355160686614915, -0.902931727160895, -0.7803637637643119, 0.36804643024725525, 0.029307394167312983, 0.1432827432294983, 0.6874139879813108, -0.024524721700651453, 0.6202888442522898, 0.020487258589880097, 0.8534413864805024, 0.333855543079252, -0.7025463211318861, -0.27089364934848836, 0.7315498318881986, -0.29942957828896866, -0.6219484810876903, -0.0547573816684539, -0.21443765035574014, 0.23785985328818726, -0.12646741612097356, -0.47815568541100895, -0.17505557667448635, -0.16193193089539926, 0.8048437117522818, 0.9592325240809707, 0.24713767881382775, -0.8336317548582777, 0.46599743519199, 0.357370804957968, 0.6520457340504391, -0.3050973265778887, -0.8822398116837538, 0.2236436329105842, -0.751970763373456, 0.5190590583266628, 0.5888466351532844, -0.18274642650020412, 0.8875950117660911, -0.6524404124894483, 0.8851716994539605]",rhc,relu,False,False,100,[10],0.1,100,13
1329,29,0.09622690000105649,1.729931766057872,1973.0,100,15,"[0.9340596780273533, 0.09446449835144466, 0.9453687199297687, 0.4296319873487293, 0.3954576491945416, -0.5678210088392472, 0.9525489095524835, -0.9875394895908203, -0.4940352752331121, -0.13041693519110842, 0.5587658435875049, -0.6046298507994938, 0.7259864711984445, 0.9668013543506255, -0.6723155171906026, 0.19466788786571843, -0.98202780466489, -0.22685743471274122, -0.9116798841370009, 0.9133059354284718, -0.1277067062404047, 0.8979546135631256, 0.5726119718701219, 0.7325785971633969, -0.6536691570081037, -0.850102825973786, 0.2014854427555386, -0.6640556325631923, 0.4667603350211398, -0.18311227969597055, 0.05581764683584067, 0.875143167901884, 0.043392244889916, -0.7836132342255386, -0.6835531856304011, 0.09040530340642561, 0.04880816013694678, 0.2752204882519873, -0.1970091128194542, 0.2996102180386846, -0.20619999419653467, 0.24783222709644614, 0.5348099341802477, -0.6420521799177383, -0.24884846282491524, 0.005066118653868745, 0.3733341598326916, -0.4926407026772337, 0.10948172588511706, 0.24986168812819542, 0.7910023321122921, -0.27429282313374714, 0.2751141460374733, -0.6171071957620733, -0.004411770765388567, -0.6351091908575863, 0.8367660782795254, -0.13635585731754474, 0.6603762041966925, -0.16644739064327485, 0.8093351774867339, -0.19034956537818792, -0.33765099381775454, 0.14427754054549724, 0.6908872981882266, 0.7220286235061439, 0.19137623413666893, -0.8306767779591795, 0.19453321463834983, -0.5090925828337958, 0.46518689717993555, 0.7893025846334776, 0.0294679418262902, 0.20712702072041278, -0.8698643752343853, 0.08014945928561268, -0.7416264326591246, 0.22912569270066396, -0.2726993059103242, 0.5355160686614915, -0.902931727160895, -0.7803637637643119, 0.36804643024725525, 0.029307394167312983, 0.1432827432294983, 0.6874139879813108, -0.024524721700651453, 0.6202888442522898, 0.020487258589880097, 0.8534413864805024, 0.333855543079252, -0.7025463211318861, -0.27089364934848836, 0.7315498318881986, -0.29942957828896866, -0.6219484810876903, -0.0547573816684539, -0.21443765035574014, 0.23785985328818726, -0.12646741612097356, -0.47815568541100895, -0.17505557667448635, -0.16193193089539926, 0.8048437117522818, 0.9592325240809707, 0.24713767881382775, -0.8336317548582777, 0.46599743519199, 0.357370804957968, 0.6520457340504391, -0.3050973265778887, -0.8822398116837538, 0.2236436329105842, -0.751970763373456, 0.5190590583266628, 0.5888466351532844, -0.18274642650020412, 0.8875950117660911, -0.6524404124894483, 0.8851716994539605]",rhc,relu,False,False,100,[10],0.1,100,13
1330,30,0.09977780003100634,1.729931766057872,1974.0,100,15,"[0.9340596780273533, 0.09446449835144466, 0.9453687199297687, 0.4296319873487293, 0.3954576491945416, -0.5678210088392472, 0.9525489095524835, -0.9875394895908203, -0.4940352752331121, -0.13041693519110842, 0.5587658435875049, -0.6046298507994938, 0.7259864711984445, 0.9668013543506255, -0.6723155171906026, 0.19466788786571843, -0.98202780466489, -0.22685743471274122, -0.9116798841370009, 0.9133059354284718, -0.1277067062404047, 0.8979546135631256, 0.5726119718701219, 0.7325785971633969, -0.6536691570081037, -0.850102825973786, 0.2014854427555386, -0.6640556325631923, 0.4667603350211398, -0.18311227969597055, 0.05581764683584067, 0.875143167901884, 0.043392244889916, -0.7836132342255386, -0.6835531856304011, 0.09040530340642561, 0.04880816013694678, 0.2752204882519873, -0.1970091128194542, 0.2996102180386846, -0.20619999419653467, 0.24783222709644614, 0.5348099341802477, -0.6420521799177383, -0.24884846282491524, 0.005066118653868745, 0.3733341598326916, -0.4926407026772337, 0.10948172588511706, 0.24986168812819542, 0.7910023321122921, -0.27429282313374714, 0.2751141460374733, -0.6171071957620733, -0.004411770765388567, -0.6351091908575863, 0.8367660782795254, -0.13635585731754474, 0.6603762041966925, -0.16644739064327485, 0.8093351774867339, -0.19034956537818792, -0.33765099381775454, 0.14427754054549724, 0.6908872981882266, 0.7220286235061439, 0.19137623413666893, -0.8306767779591795, 0.19453321463834983, -0.5090925828337958, 0.46518689717993555, 0.7893025846334776, 0.0294679418262902, 0.20712702072041278, -0.8698643752343853, 0.08014945928561268, -0.7416264326591246, 0.22912569270066396, -0.2726993059103242, 0.5355160686614915, -0.902931727160895, -0.7803637637643119, 0.36804643024725525, 0.029307394167312983, 0.1432827432294983, 0.6874139879813108, -0.024524721700651453, 0.6202888442522898, 0.020487258589880097, 0.8534413864805024, 0.333855543079252, -0.7025463211318861, -0.27089364934848836, 0.7315498318881986, -0.29942957828896866, -0.6219484810876903, -0.0547573816684539, -0.21443765035574014, 0.23785985328818726, -0.12646741612097356, -0.47815568541100895, -0.17505557667448635, -0.16193193089539926, 0.8048437117522818, 0.9592325240809707, 0.24713767881382775, -0.8336317548582777, 0.46599743519199, 0.357370804957968, 0.6520457340504391, -0.3050973265778887, -0.8822398116837538, 0.2236436329105842, -0.751970763373456, 0.5190590583266628, 0.5888466351532844, -0.18274642650020412, 0.8875950117660911, -0.6524404124894483, 0.8851716994539605]",rhc,relu,False,False,100,[10],0.1,100,13
1331,31,0.10406230005901307,1.729931766057872,1975.0,100,15,"[0.9340596780273533, 0.09446449835144466, 0.9453687199297687, 0.4296319873487293, 0.3954576491945416, -0.5678210088392472, 0.9525489095524835, -0.9875394895908203, -0.4940352752331121, -0.13041693519110842, 0.5587658435875049, -0.6046298507994938, 0.7259864711984445, 0.9668013543506255, -0.6723155171906026, 0.19466788786571843, -0.98202780466489, -0.22685743471274122, -0.9116798841370009, 0.9133059354284718, -0.1277067062404047, 0.8979546135631256, 0.5726119718701219, 0.7325785971633969, -0.6536691570081037, -0.850102825973786, 0.2014854427555386, -0.6640556325631923, 0.4667603350211398, -0.18311227969597055, 0.05581764683584067, 0.875143167901884, 0.043392244889916, -0.7836132342255386, -0.6835531856304011, 0.09040530340642561, 0.04880816013694678, 0.2752204882519873, -0.1970091128194542, 0.2996102180386846, -0.20619999419653467, 0.24783222709644614, 0.5348099341802477, -0.6420521799177383, -0.24884846282491524, 0.005066118653868745, 0.3733341598326916, -0.4926407026772337, 0.10948172588511706, 0.24986168812819542, 0.7910023321122921, -0.27429282313374714, 0.2751141460374733, -0.6171071957620733, -0.004411770765388567, -0.6351091908575863, 0.8367660782795254, -0.13635585731754474, 0.6603762041966925, -0.16644739064327485, 0.8093351774867339, -0.19034956537818792, -0.33765099381775454, 0.14427754054549724, 0.6908872981882266, 0.7220286235061439, 0.19137623413666893, -0.8306767779591795, 0.19453321463834983, -0.5090925828337958, 0.46518689717993555, 0.7893025846334776, 0.0294679418262902, 0.20712702072041278, -0.8698643752343853, 0.08014945928561268, -0.7416264326591246, 0.22912569270066396, -0.2726993059103242, 0.5355160686614915, -0.902931727160895, -0.7803637637643119, 0.36804643024725525, 0.029307394167312983, 0.1432827432294983, 0.6874139879813108, -0.024524721700651453, 0.6202888442522898, 0.020487258589880097, 0.8534413864805024, 0.333855543079252, -0.7025463211318861, -0.27089364934848836, 0.7315498318881986, -0.29942957828896866, -0.6219484810876903, -0.0547573816684539, -0.21443765035574014, 0.23785985328818726, -0.12646741612097356, -0.47815568541100895, -0.17505557667448635, -0.16193193089539926, 0.8048437117522818, 0.9592325240809707, 0.24713767881382775, -0.8336317548582777, 0.46599743519199, 0.357370804957968, 0.6520457340504391, -0.3050973265778887, -0.8822398116837538, 0.2236436329105842, -0.751970763373456, 0.5190590583266628, 0.5888466351532844, -0.18274642650020412, 0.8875950117660911, -0.6524404124894483, 0.8851716994539605]",rhc,relu,False,False,100,[10],0.1,100,13
1332,32,0.1062065000878647,1.729931766057872,1976.0,100,15,"[0.9340596780273533, 0.09446449835144466, 0.9453687199297687, 0.4296319873487293, 0.3954576491945416, -0.5678210088392472, 0.9525489095524835, -0.9875394895908203, -0.4940352752331121, -0.13041693519110842, 0.5587658435875049, -0.6046298507994938, 0.7259864711984445, 0.9668013543506255, -0.6723155171906026, 0.19466788786571843, -0.98202780466489, -0.22685743471274122, -0.9116798841370009, 0.9133059354284718, -0.1277067062404047, 0.8979546135631256, 0.5726119718701219, 0.7325785971633969, -0.6536691570081037, -0.850102825973786, 0.2014854427555386, -0.6640556325631923, 0.4667603350211398, -0.18311227969597055, 0.05581764683584067, 0.875143167901884, 0.043392244889916, -0.7836132342255386, -0.6835531856304011, 0.09040530340642561, 0.04880816013694678, 0.2752204882519873, -0.1970091128194542, 0.2996102180386846, -0.20619999419653467, 0.24783222709644614, 0.5348099341802477, -0.6420521799177383, -0.24884846282491524, 0.005066118653868745, 0.3733341598326916, -0.4926407026772337, 0.10948172588511706, 0.24986168812819542, 0.7910023321122921, -0.27429282313374714, 0.2751141460374733, -0.6171071957620733, -0.004411770765388567, -0.6351091908575863, 0.8367660782795254, -0.13635585731754474, 0.6603762041966925, -0.16644739064327485, 0.8093351774867339, -0.19034956537818792, -0.33765099381775454, 0.14427754054549724, 0.6908872981882266, 0.7220286235061439, 0.19137623413666893, -0.8306767779591795, 0.19453321463834983, -0.5090925828337958, 0.46518689717993555, 0.7893025846334776, 0.0294679418262902, 0.20712702072041278, -0.8698643752343853, 0.08014945928561268, -0.7416264326591246, 0.22912569270066396, -0.2726993059103242, 0.5355160686614915, -0.902931727160895, -0.7803637637643119, 0.36804643024725525, 0.029307394167312983, 0.1432827432294983, 0.6874139879813108, -0.024524721700651453, 0.6202888442522898, 0.020487258589880097, 0.8534413864805024, 0.333855543079252, -0.7025463211318861, -0.27089364934848836, 0.7315498318881986, -0.29942957828896866, -0.6219484810876903, -0.0547573816684539, -0.21443765035574014, 0.23785985328818726, -0.12646741612097356, -0.47815568541100895, -0.17505557667448635, -0.16193193089539926, 0.8048437117522818, 0.9592325240809707, 0.24713767881382775, -0.8336317548582777, 0.46599743519199, 0.357370804957968, 0.6520457340504391, -0.3050973265778887, -0.8822398116837538, 0.2236436329105842, -0.751970763373456, 0.5190590583266628, 0.5888466351532844, -0.18274642650020412, 0.8875950117660911, -0.6524404124894483, 0.8851716994539605]",rhc,relu,False,False,100,[10],0.1,100,13
1333,33,0.10762970009818673,1.729931766057872,1977.0,100,15,"[0.9340596780273533, 0.09446449835144466, 0.9453687199297687, 0.4296319873487293, 0.3954576491945416, -0.5678210088392472, 0.9525489095524835, -0.9875394895908203, -0.4940352752331121, -0.13041693519110842, 0.5587658435875049, -0.6046298507994938, 0.7259864711984445, 0.9668013543506255, -0.6723155171906026, 0.19466788786571843, -0.98202780466489, -0.22685743471274122, -0.9116798841370009, 0.9133059354284718, -0.1277067062404047, 0.8979546135631256, 0.5726119718701219, 0.7325785971633969, -0.6536691570081037, -0.850102825973786, 0.2014854427555386, -0.6640556325631923, 0.4667603350211398, -0.18311227969597055, 0.05581764683584067, 0.875143167901884, 0.043392244889916, -0.7836132342255386, -0.6835531856304011, 0.09040530340642561, 0.04880816013694678, 0.2752204882519873, -0.1970091128194542, 0.2996102180386846, -0.20619999419653467, 0.24783222709644614, 0.5348099341802477, -0.6420521799177383, -0.24884846282491524, 0.005066118653868745, 0.3733341598326916, -0.4926407026772337, 0.10948172588511706, 0.24986168812819542, 0.7910023321122921, -0.27429282313374714, 0.2751141460374733, -0.6171071957620733, -0.004411770765388567, -0.6351091908575863, 0.8367660782795254, -0.13635585731754474, 0.6603762041966925, -0.16644739064327485, 0.8093351774867339, -0.19034956537818792, -0.33765099381775454, 0.14427754054549724, 0.6908872981882266, 0.7220286235061439, 0.19137623413666893, -0.8306767779591795, 0.19453321463834983, -0.5090925828337958, 0.46518689717993555, 0.7893025846334776, 0.0294679418262902, 0.20712702072041278, -0.8698643752343853, 0.08014945928561268, -0.7416264326591246, 0.22912569270066396, -0.2726993059103242, 0.5355160686614915, -0.902931727160895, -0.7803637637643119, 0.36804643024725525, 0.029307394167312983, 0.1432827432294983, 0.6874139879813108, -0.024524721700651453, 0.6202888442522898, 0.020487258589880097, 0.8534413864805024, 0.333855543079252, -0.7025463211318861, -0.27089364934848836, 0.7315498318881986, -0.29942957828896866, -0.6219484810876903, -0.0547573816684539, -0.21443765035574014, 0.23785985328818726, -0.12646741612097356, -0.47815568541100895, -0.17505557667448635, -0.16193193089539926, 0.8048437117522818, 0.9592325240809707, 0.24713767881382775, -0.8336317548582777, 0.46599743519199, 0.357370804957968, 0.6520457340504391, -0.3050973265778887, -0.8822398116837538, 0.2236436329105842, -0.751970763373456, 0.5190590583266628, 0.5888466351532844, -0.18274642650020412, 0.8875950117660911, -0.6524404124894483, 0.8851716994539605]",rhc,relu,False,False,100,[10],0.1,100,13
1334,34,0.10928710002917796,1.7295750603139148,1979.0,100,15,"[0.9340596780273533, 0.09446449835144466, 0.9453687199297687, 0.4296319873487293, 0.3954576491945416, -0.5678210088392472, 0.9525489095524835, -0.9875394895908203, -0.4940352752331121, -0.13041693519110842, 0.5587658435875049, -0.6046298507994938, 0.7259864711984445, 0.9668013543506255, -0.6723155171906026, 0.19466788786571843, -0.98202780466489, -0.22685743471274122, -0.9116798841370009, 0.9133059354284718, -0.1277067062404047, 0.8979546135631256, 0.5726119718701219, 0.7325785971633969, -0.6536691570081037, -0.850102825973786, 0.2014854427555386, -0.6640556325631923, 0.4667603350211398, -0.18311227969597055, 0.05581764683584067, 0.875143167901884, 0.043392244889916, -0.7836132342255386, -0.6835531856304011, 0.09040530340642561, 0.04880816013694678, 0.2752204882519873, -0.1970091128194542, 0.2996102180386846, -0.20619999419653467, 0.24783222709644614, 0.5348099341802477, -0.6420521799177383, -0.24884846282491524, 0.005066118653868745, 0.3733341598326916, -0.4926407026772337, 0.10948172588511706, 0.24986168812819542, 0.7910023321122921, -0.27429282313374714, 0.2751141460374733, -0.6171071957620733, -0.004411770765388567, -0.6351091908575863, 0.8367660782795254, -0.13635585731754474, 0.6603762041966925, -0.16644739064327485, 0.8093351774867339, -0.19034956537818792, -0.33765099381775454, 0.14427754054549724, 0.6908872981882266, 0.7220286235061439, 0.19137623413666893, -0.8306767779591795, 0.19453321463834983, -0.5090925828337958, 0.46518689717993555, 0.7893025846334776, 0.0294679418262902, 0.20712702072041278, -0.8698643752343853, 0.08014945928561268, -0.7416264326591246, 0.22912569270066396, -0.2726993059103242, 0.5355160686614915, -0.902931727160895, -0.7803637637643119, 0.36804643024725525, 0.029307394167312983, 0.1432827432294983, 0.6874139879813108, -0.024524721700651453, 0.6202888442522898, 0.020487258589880097, 0.8534413864805024, 0.333855543079252, -0.7025463211318861, -0.27089364934848836, 0.7315498318881986, -0.29942957828896866, -0.6219484810876903, -0.0547573816684539, -0.21443765035574014, 0.23785985328818726, -0.12646741612097356, -0.47815568541100895, -0.17505557667448635, -0.16193193089539926, 0.8048437117522818, 0.9592325240809707, 0.24713767881382775, -0.8336317548582777, 0.46599743519199, 0.357370804957968, 0.6520457340504391, -0.3050973265778887, -0.8822398116837538, 0.2236436329105842, -0.751970763373456, 0.5190590583266628, 0.5888466351532844, -0.18274642650020412, 0.8875950117660911, -0.6524404124894483, 0.8851716994539605]",rhc,relu,False,False,100,[10],0.1,100,13
1335,35,0.11070370010565966,1.705540123958769,1981.0,100,15,"[0.9340596780273533, 0.09446449835144466, 0.9453687199297687, 0.4296319873487293, 0.3954576491945416, -0.5678210088392472, 0.9525489095524835, -0.9875394895908203, -0.4940352752331121, -0.13041693519110842, 0.5587658435875049, -0.6046298507994938, 0.7259864711984445, 0.9668013543506255, -0.6723155171906026, 0.19466788786571843, -0.98202780466489, -0.22685743471274122, -0.9116798841370009, 0.9133059354284718, -0.1277067062404047, 0.8979546135631256, 0.5726119718701219, 0.7325785971633969, -0.6536691570081037, -0.850102825973786, 0.2014854427555386, -0.6640556325631923, 0.4667603350211398, -0.18311227969597055, 0.05581764683584067, 0.875143167901884, 0.043392244889916, -0.7836132342255386, -0.6835531856304011, 0.09040530340642561, 0.04880816013694678, 0.2752204882519873, -0.1970091128194542, 0.2996102180386846, -0.20619999419653467, 0.24783222709644614, 0.5348099341802477, -0.6420521799177383, -0.24884846282491524, 0.005066118653868745, 0.3733341598326916, -0.4926407026772337, 0.10948172588511706, 0.24986168812819542, 0.7910023321122921, -0.27429282313374714, 0.2751141460374733, -0.6171071957620733, -0.004411770765388567, -0.6351091908575863, 0.8367660782795254, -0.13635585731754474, 0.6603762041966925, -0.16644739064327485, 0.8093351774867339, -0.19034956537818792, -0.33765099381775454, 0.14427754054549724, 0.6908872981882266, 0.7220286235061439, 0.19137623413666893, -0.8306767779591795, 0.19453321463834983, -0.5090925828337958, 0.46518689717993555, 0.7893025846334776, 0.0294679418262902, 0.20712702072041278, -0.8698643752343853, 0.08014945928561268, -0.7416264326591246, 0.22912569270066396, -0.2726993059103242, 0.5355160686614915, -0.902931727160895, -0.7803637637643119, 0.36804643024725525, 0.029307394167312983, 0.1432827432294983, 0.6874139879813108, -0.024524721700651453, 0.6202888442522898, 0.020487258589880097, 0.8534413864805024, 0.333855543079252, -0.7025463211318861, -0.27089364934848836, 0.7315498318881986, -0.29942957828896866, -0.6219484810876903, -0.0547573816684539, -0.21443765035574014, 0.23785985328818726, -0.12646741612097356, -0.47815568541100895, -0.17505557667448635, -0.16193193089539926, 0.8048437117522818, 0.9592325240809707, 0.24713767881382775, -0.8336317548582777, 0.46599743519199, 0.357370804957968, 0.6520457340504391, -0.3050973265778887, -0.8822398116837538, 0.2236436329105842, -0.751970763373456, 0.5190590583266628, 0.5888466351532844, -0.18274642650020412, 0.8875950117660911, -0.6524404124894483, 0.8851716994539605]",rhc,relu,False,False,100,[10],0.1,100,13
1336,36,0.1138131000334397,1.705540123958769,1982.0,100,15,"[0.9340596780273533, 0.09446449835144466, 0.9453687199297687, 0.4296319873487293, 0.3954576491945416, -0.5678210088392472, 0.9525489095524835, -0.9875394895908203, -0.4940352752331121, -0.13041693519110842, 0.5587658435875049, -0.6046298507994938, 0.7259864711984445, 0.9668013543506255, -0.6723155171906026, 0.19466788786571843, -0.98202780466489, -0.22685743471274122, -0.9116798841370009, 0.9133059354284718, -0.1277067062404047, 0.8979546135631256, 0.5726119718701219, 0.7325785971633969, -0.6536691570081037, -0.850102825973786, 0.2014854427555386, -0.6640556325631923, 0.4667603350211398, -0.18311227969597055, 0.05581764683584067, 0.875143167901884, 0.043392244889916, -0.7836132342255386, -0.6835531856304011, 0.09040530340642561, 0.04880816013694678, 0.2752204882519873, -0.1970091128194542, 0.2996102180386846, -0.20619999419653467, 0.24783222709644614, 0.5348099341802477, -0.6420521799177383, -0.24884846282491524, 0.005066118653868745, 0.3733341598326916, -0.4926407026772337, 0.10948172588511706, 0.24986168812819542, 0.7910023321122921, -0.27429282313374714, 0.2751141460374733, -0.6171071957620733, -0.004411770765388567, -0.6351091908575863, 0.8367660782795254, -0.13635585731754474, 0.6603762041966925, -0.16644739064327485, 0.8093351774867339, -0.19034956537818792, -0.33765099381775454, 0.14427754054549724, 0.6908872981882266, 0.7220286235061439, 0.19137623413666893, -0.8306767779591795, 0.19453321463834983, -0.5090925828337958, 0.46518689717993555, 0.7893025846334776, 0.0294679418262902, 0.20712702072041278, -0.8698643752343853, 0.08014945928561268, -0.7416264326591246, 0.22912569270066396, -0.2726993059103242, 0.5355160686614915, -0.902931727160895, -0.7803637637643119, 0.36804643024725525, 0.029307394167312983, 0.1432827432294983, 0.6874139879813108, -0.024524721700651453, 0.6202888442522898, 0.020487258589880097, 0.8534413864805024, 0.333855543079252, -0.7025463211318861, -0.27089364934848836, 0.7315498318881986, -0.29942957828896866, -0.6219484810876903, -0.0547573816684539, -0.21443765035574014, 0.23785985328818726, -0.12646741612097356, -0.47815568541100895, -0.17505557667448635, -0.16193193089539926, 0.8048437117522818, 0.9592325240809707, 0.24713767881382775, -0.8336317548582777, 0.46599743519199, 0.357370804957968, 0.6520457340504391, -0.3050973265778887, -0.8822398116837538, 0.2236436329105842, -0.751970763373456, 0.5190590583266628, 0.5888466351532844, -0.18274642650020412, 0.8875950117660911, -0.6524404124894483, 0.8851716994539605]",rhc,relu,False,False,100,[10],0.1,100,13
1337,37,0.1166854000184685,1.6849588446035066,1984.0,100,15,"[0.9340596780273533, 0.09446449835144466, 0.9453687199297687, 0.4296319873487293, 0.3954576491945416, -0.5678210088392472, 0.9525489095524835, -0.9875394895908203, -0.4940352752331121, -0.13041693519110842, 0.5587658435875049, -0.6046298507994938, 0.7259864711984445, 0.9668013543506255, -0.6723155171906026, 0.19466788786571843, -0.98202780466489, -0.22685743471274122, -0.9116798841370009, 0.9133059354284718, -0.1277067062404047, 0.8979546135631256, 0.5726119718701219, 0.7325785971633969, -0.6536691570081037, -0.850102825973786, 0.2014854427555386, -0.6640556325631923, 0.4667603350211398, -0.18311227969597055, 0.05581764683584067, 0.875143167901884, 0.043392244889916, -0.7836132342255386, -0.6835531856304011, 0.09040530340642561, 0.04880816013694678, 0.2752204882519873, -0.1970091128194542, 0.2996102180386846, -0.20619999419653467, 0.24783222709644614, 0.5348099341802477, -0.6420521799177383, -0.24884846282491524, 0.005066118653868745, 0.3733341598326916, -0.4926407026772337, 0.10948172588511706, 0.24986168812819542, 0.7910023321122921, -0.27429282313374714, 0.2751141460374733, -0.6171071957620733, -0.004411770765388567, -0.6351091908575863, 0.8367660782795254, -0.13635585731754474, 0.6603762041966925, -0.16644739064327485, 0.8093351774867339, -0.19034956537818792, -0.33765099381775454, 0.14427754054549724, 0.6908872981882266, 0.7220286235061439, 0.19137623413666893, -0.8306767779591795, 0.19453321463834983, -0.5090925828337958, 0.46518689717993555, 0.7893025846334776, 0.0294679418262902, 0.20712702072041278, -0.8698643752343853, 0.08014945928561268, -0.7416264326591246, 0.22912569270066396, -0.2726993059103242, 0.5355160686614915, -0.902931727160895, -0.7803637637643119, 0.36804643024725525, 0.029307394167312983, 0.1432827432294983, 0.6874139879813108, -0.024524721700651453, 0.6202888442522898, 0.020487258589880097, 0.8534413864805024, 0.333855543079252, -0.7025463211318861, -0.27089364934848836, 0.7315498318881986, -0.29942957828896866, -0.6219484810876903, -0.0547573816684539, -0.21443765035574014, 0.23785985328818726, -0.12646741612097356, -0.47815568541100895, -0.17505557667448635, -0.16193193089539926, 0.8048437117522818, 0.9592325240809707, 0.24713767881382775, -0.8336317548582777, 0.46599743519199, 0.357370804957968, 0.6520457340504391, -0.3050973265778887, -0.8822398116837538, 0.2236436329105842, -0.751970763373456, 0.5190590583266628, 0.5888466351532844, -0.18274642650020412, 0.8875950117660911, -0.6524404124894483, 0.8851716994539605]",rhc,relu,False,False,100,[10],0.1,100,13
1338,38,0.11806140001863241,1.6770988313258992,1986.0,100,15,"[0.9340596780273533, 0.09446449835144466, 0.9453687199297687, 0.4296319873487293, 0.3954576491945416, -0.5678210088392472, 0.9525489095524835, -0.9875394895908203, -0.4940352752331121, -0.13041693519110842, 0.5587658435875049, -0.6046298507994938, 0.7259864711984445, 0.9668013543506255, -0.6723155171906026, 0.19466788786571843, -0.98202780466489, -0.22685743471274122, -0.9116798841370009, 0.9133059354284718, -0.1277067062404047, 0.8979546135631256, 0.5726119718701219, 0.7325785971633969, -0.6536691570081037, -0.850102825973786, 0.2014854427555386, -0.6640556325631923, 0.4667603350211398, -0.18311227969597055, 0.05581764683584067, 0.875143167901884, 0.043392244889916, -0.7836132342255386, -0.6835531856304011, 0.09040530340642561, 0.04880816013694678, 0.2752204882519873, -0.1970091128194542, 0.2996102180386846, -0.20619999419653467, 0.24783222709644614, 0.5348099341802477, -0.6420521799177383, -0.24884846282491524, 0.005066118653868745, 0.3733341598326916, -0.4926407026772337, 0.10948172588511706, 0.24986168812819542, 0.7910023321122921, -0.27429282313374714, 0.2751141460374733, -0.6171071957620733, -0.004411770765388567, -0.6351091908575863, 0.8367660782795254, -0.13635585731754474, 0.6603762041966925, -0.16644739064327485, 0.8093351774867339, -0.19034956537818792, -0.33765099381775454, 0.14427754054549724, 0.6908872981882266, 0.7220286235061439, 0.19137623413666893, -0.8306767779591795, 0.19453321463834983, -0.5090925828337958, 0.46518689717993555, 0.7893025846334776, 0.0294679418262902, 0.20712702072041278, -0.8698643752343853, 0.08014945928561268, -0.7416264326591246, 0.22912569270066396, -0.2726993059103242, 0.5355160686614915, -0.902931727160895, -0.7803637637643119, 0.36804643024725525, 0.029307394167312983, 0.1432827432294983, 0.6874139879813108, -0.024524721700651453, 0.6202888442522898, 0.020487258589880097, 0.8534413864805024, 0.333855543079252, -0.7025463211318861, -0.27089364934848836, 0.7315498318881986, -0.29942957828896866, -0.6219484810876903, -0.0547573816684539, -0.21443765035574014, 0.23785985328818726, -0.12646741612097356, -0.47815568541100895, -0.17505557667448635, -0.16193193089539926, 0.8048437117522818, 0.9592325240809707, 0.24713767881382775, -0.8336317548582777, 0.46599743519199, 0.357370804957968, 0.6520457340504391, -0.3050973265778887, -0.8822398116837538, 0.2236436329105842, -0.751970763373456, 0.5190590583266628, 0.5888466351532844, -0.18274642650020412, 0.8875950117660911, -0.6524404124894483, 0.8851716994539605]",rhc,relu,False,False,100,[10],0.1,100,13
1339,39,0.12082070007454604,1.6770988313258992,1987.0,100,15,"[0.9340596780273533, 0.09446449835144466, 0.9453687199297687, 0.4296319873487293, 0.3954576491945416, -0.5678210088392472, 0.9525489095524835, -0.9875394895908203, -0.4940352752331121, -0.13041693519110842, 0.5587658435875049, -0.6046298507994938, 0.7259864711984445, 0.9668013543506255, -0.6723155171906026, 0.19466788786571843, -0.98202780466489, -0.22685743471274122, -0.9116798841370009, 0.9133059354284718, -0.1277067062404047, 0.8979546135631256, 0.5726119718701219, 0.7325785971633969, -0.6536691570081037, -0.850102825973786, 0.2014854427555386, -0.6640556325631923, 0.4667603350211398, -0.18311227969597055, 0.05581764683584067, 0.875143167901884, 0.043392244889916, -0.7836132342255386, -0.6835531856304011, 0.09040530340642561, 0.04880816013694678, 0.2752204882519873, -0.1970091128194542, 0.2996102180386846, -0.20619999419653467, 0.24783222709644614, 0.5348099341802477, -0.6420521799177383, -0.24884846282491524, 0.005066118653868745, 0.3733341598326916, -0.4926407026772337, 0.10948172588511706, 0.24986168812819542, 0.7910023321122921, -0.27429282313374714, 0.2751141460374733, -0.6171071957620733, -0.004411770765388567, -0.6351091908575863, 0.8367660782795254, -0.13635585731754474, 0.6603762041966925, -0.16644739064327485, 0.8093351774867339, -0.19034956537818792, -0.33765099381775454, 0.14427754054549724, 0.6908872981882266, 0.7220286235061439, 0.19137623413666893, -0.8306767779591795, 0.19453321463834983, -0.5090925828337958, 0.46518689717993555, 0.7893025846334776, 0.0294679418262902, 0.20712702072041278, -0.8698643752343853, 0.08014945928561268, -0.7416264326591246, 0.22912569270066396, -0.2726993059103242, 0.5355160686614915, -0.902931727160895, -0.7803637637643119, 0.36804643024725525, 0.029307394167312983, 0.1432827432294983, 0.6874139879813108, -0.024524721700651453, 0.6202888442522898, 0.020487258589880097, 0.8534413864805024, 0.333855543079252, -0.7025463211318861, -0.27089364934848836, 0.7315498318881986, -0.29942957828896866, -0.6219484810876903, -0.0547573816684539, -0.21443765035574014, 0.23785985328818726, -0.12646741612097356, -0.47815568541100895, -0.17505557667448635, -0.16193193089539926, 0.8048437117522818, 0.9592325240809707, 0.24713767881382775, -0.8336317548582777, 0.46599743519199, 0.357370804957968, 0.6520457340504391, -0.3050973265778887, -0.8822398116837538, 0.2236436329105842, -0.751970763373456, 0.5190590583266628, 0.5888466351532844, -0.18274642650020412, 0.8875950117660911, -0.6524404124894483, 0.8851716994539605]",rhc,relu,False,False,100,[10],0.1,100,13
1340,40,0.12267690000589937,1.6770988313258992,1988.0,100,15,"[0.9340596780273533, 0.09446449835144466, 0.9453687199297687, 0.4296319873487293, 0.3954576491945416, -0.5678210088392472, 0.9525489095524835, -0.9875394895908203, -0.4940352752331121, -0.13041693519110842, 0.5587658435875049, -0.6046298507994938, 0.7259864711984445, 0.9668013543506255, -0.6723155171906026, 0.19466788786571843, -0.98202780466489, -0.22685743471274122, -0.9116798841370009, 0.9133059354284718, -0.1277067062404047, 0.8979546135631256, 0.5726119718701219, 0.7325785971633969, -0.6536691570081037, -0.850102825973786, 0.2014854427555386, -0.6640556325631923, 0.4667603350211398, -0.18311227969597055, 0.05581764683584067, 0.875143167901884, 0.043392244889916, -0.7836132342255386, -0.6835531856304011, 0.09040530340642561, 0.04880816013694678, 0.2752204882519873, -0.1970091128194542, 0.2996102180386846, -0.20619999419653467, 0.24783222709644614, 0.5348099341802477, -0.6420521799177383, -0.24884846282491524, 0.005066118653868745, 0.3733341598326916, -0.4926407026772337, 0.10948172588511706, 0.24986168812819542, 0.7910023321122921, -0.27429282313374714, 0.2751141460374733, -0.6171071957620733, -0.004411770765388567, -0.6351091908575863, 0.8367660782795254, -0.13635585731754474, 0.6603762041966925, -0.16644739064327485, 0.8093351774867339, -0.19034956537818792, -0.33765099381775454, 0.14427754054549724, 0.6908872981882266, 0.7220286235061439, 0.19137623413666893, -0.8306767779591795, 0.19453321463834983, -0.5090925828337958, 0.46518689717993555, 0.7893025846334776, 0.0294679418262902, 0.20712702072041278, -0.8698643752343853, 0.08014945928561268, -0.7416264326591246, 0.22912569270066396, -0.2726993059103242, 0.5355160686614915, -0.902931727160895, -0.7803637637643119, 0.36804643024725525, 0.029307394167312983, 0.1432827432294983, 0.6874139879813108, -0.024524721700651453, 0.6202888442522898, 0.020487258589880097, 0.8534413864805024, 0.333855543079252, -0.7025463211318861, -0.27089364934848836, 0.7315498318881986, -0.29942957828896866, -0.6219484810876903, -0.0547573816684539, -0.21443765035574014, 0.23785985328818726, -0.12646741612097356, -0.47815568541100895, -0.17505557667448635, -0.16193193089539926, 0.8048437117522818, 0.9592325240809707, 0.24713767881382775, -0.8336317548582777, 0.46599743519199, 0.357370804957968, 0.6520457340504391, -0.3050973265778887, -0.8822398116837538, 0.2236436329105842, -0.751970763373456, 0.5190590583266628, 0.5888466351532844, -0.18274642650020412, 0.8875950117660911, -0.6524404124894483, 0.8851716994539605]",rhc,relu,False,False,100,[10],0.1,100,13
1341,41,0.1255848000291735,1.6703372873958653,1990.0,100,15,"[0.9340596780273533, 0.09446449835144466, 0.9453687199297687, 0.4296319873487293, 0.3954576491945416, -0.5678210088392472, 0.9525489095524835, -0.9875394895908203, -0.4940352752331121, -0.13041693519110842, 0.5587658435875049, -0.6046298507994938, 0.7259864711984445, 0.9668013543506255, -0.6723155171906026, 0.19466788786571843, -0.98202780466489, -0.22685743471274122, -0.9116798841370009, 0.9133059354284718, -0.1277067062404047, 0.8979546135631256, 0.5726119718701219, 0.7325785971633969, -0.6536691570081037, -0.850102825973786, 0.2014854427555386, -0.6640556325631923, 0.4667603350211398, -0.18311227969597055, 0.05581764683584067, 0.875143167901884, 0.043392244889916, -0.7836132342255386, -0.6835531856304011, 0.09040530340642561, 0.04880816013694678, 0.2752204882519873, -0.1970091128194542, 0.2996102180386846, -0.20619999419653467, 0.24783222709644614, 0.5348099341802477, -0.6420521799177383, -0.24884846282491524, 0.005066118653868745, 0.3733341598326916, -0.4926407026772337, 0.10948172588511706, 0.24986168812819542, 0.7910023321122921, -0.27429282313374714, 0.2751141460374733, -0.6171071957620733, -0.004411770765388567, -0.6351091908575863, 0.8367660782795254, -0.13635585731754474, 0.6603762041966925, -0.16644739064327485, 0.8093351774867339, -0.19034956537818792, -0.33765099381775454, 0.14427754054549724, 0.6908872981882266, 0.7220286235061439, 0.19137623413666893, -0.8306767779591795, 0.19453321463834983, -0.5090925828337958, 0.46518689717993555, 0.7893025846334776, 0.0294679418262902, 0.20712702072041278, -0.8698643752343853, 0.08014945928561268, -0.7416264326591246, 0.22912569270066396, -0.2726993059103242, 0.5355160686614915, -0.902931727160895, -0.7803637637643119, 0.36804643024725525, 0.029307394167312983, 0.1432827432294983, 0.6874139879813108, -0.024524721700651453, 0.6202888442522898, 0.020487258589880097, 0.8534413864805024, 0.333855543079252, -0.7025463211318861, -0.27089364934848836, 0.7315498318881986, -0.29942957828896866, -0.6219484810876903, -0.0547573816684539, -0.21443765035574014, 0.23785985328818726, -0.12646741612097356, -0.47815568541100895, -0.17505557667448635, -0.16193193089539926, 0.8048437117522818, 0.9592325240809707, 0.24713767881382775, -0.8336317548582777, 0.46599743519199, 0.357370804957968, 0.6520457340504391, -0.3050973265778887, -0.8822398116837538, 0.2236436329105842, -0.751970763373456, 0.5190590583266628, 0.5888466351532844, -0.18274642650020412, 0.8875950117660911, -0.6524404124894483, 0.8851716994539605]",rhc,relu,False,False,100,[10],0.1,100,13
1342,42,0.12696350004989654,1.6703372873958653,1991.0,100,15,"[0.9340596780273533, 0.09446449835144466, 0.9453687199297687, 0.4296319873487293, 0.3954576491945416, -0.5678210088392472, 0.9525489095524835, -0.9875394895908203, -0.4940352752331121, -0.13041693519110842, 0.5587658435875049, -0.6046298507994938, 0.7259864711984445, 0.9668013543506255, -0.6723155171906026, 0.19466788786571843, -0.98202780466489, -0.22685743471274122, -0.9116798841370009, 0.9133059354284718, -0.1277067062404047, 0.8979546135631256, 0.5726119718701219, 0.7325785971633969, -0.6536691570081037, -0.850102825973786, 0.2014854427555386, -0.6640556325631923, 0.4667603350211398, -0.18311227969597055, 0.05581764683584067, 0.875143167901884, 0.043392244889916, -0.7836132342255386, -0.6835531856304011, 0.09040530340642561, 0.04880816013694678, 0.2752204882519873, -0.1970091128194542, 0.2996102180386846, -0.20619999419653467, 0.24783222709644614, 0.5348099341802477, -0.6420521799177383, -0.24884846282491524, 0.005066118653868745, 0.3733341598326916, -0.4926407026772337, 0.10948172588511706, 0.24986168812819542, 0.7910023321122921, -0.27429282313374714, 0.2751141460374733, -0.6171071957620733, -0.004411770765388567, -0.6351091908575863, 0.8367660782795254, -0.13635585731754474, 0.6603762041966925, -0.16644739064327485, 0.8093351774867339, -0.19034956537818792, -0.33765099381775454, 0.14427754054549724, 0.6908872981882266, 0.7220286235061439, 0.19137623413666893, -0.8306767779591795, 0.19453321463834983, -0.5090925828337958, 0.46518689717993555, 0.7893025846334776, 0.0294679418262902, 0.20712702072041278, -0.8698643752343853, 0.08014945928561268, -0.7416264326591246, 0.22912569270066396, -0.2726993059103242, 0.5355160686614915, -0.902931727160895, -0.7803637637643119, 0.36804643024725525, 0.029307394167312983, 0.1432827432294983, 0.6874139879813108, -0.024524721700651453, 0.6202888442522898, 0.020487258589880097, 0.8534413864805024, 0.333855543079252, -0.7025463211318861, -0.27089364934848836, 0.7315498318881986, -0.29942957828896866, -0.6219484810876903, -0.0547573816684539, -0.21443765035574014, 0.23785985328818726, -0.12646741612097356, -0.47815568541100895, -0.17505557667448635, -0.16193193089539926, 0.8048437117522818, 0.9592325240809707, 0.24713767881382775, -0.8336317548582777, 0.46599743519199, 0.357370804957968, 0.6520457340504391, -0.3050973265778887, -0.8822398116837538, 0.2236436329105842, -0.751970763373456, 0.5190590583266628, 0.5888466351532844, -0.18274642650020412, 0.8875950117660911, -0.6524404124894483, 0.8851716994539605]",rhc,relu,False,False,100,[10],0.1,100,13
1343,43,0.13002750009763986,1.6611287744889438,1993.0,100,15,"[0.9340596780273533, 0.09446449835144466, 0.9453687199297687, 0.4296319873487293, 0.3954576491945416, -0.5678210088392472, 0.9525489095524835, -0.9875394895908203, -0.4940352752331121, -0.13041693519110842, 0.5587658435875049, -0.6046298507994938, 0.7259864711984445, 0.9668013543506255, -0.6723155171906026, 0.19466788786571843, -0.98202780466489, -0.22685743471274122, -0.9116798841370009, 0.9133059354284718, -0.1277067062404047, 0.8979546135631256, 0.5726119718701219, 0.7325785971633969, -0.6536691570081037, -0.850102825973786, 0.2014854427555386, -0.6640556325631923, 0.4667603350211398, -0.18311227969597055, 0.05581764683584067, 0.875143167901884, 0.043392244889916, -0.7836132342255386, -0.6835531856304011, 0.09040530340642561, 0.04880816013694678, 0.2752204882519873, -0.1970091128194542, 0.2996102180386846, -0.20619999419653467, 0.24783222709644614, 0.5348099341802477, -0.6420521799177383, -0.24884846282491524, 0.005066118653868745, 0.3733341598326916, -0.4926407026772337, 0.10948172588511706, 0.24986168812819542, 0.7910023321122921, -0.27429282313374714, 0.2751141460374733, -0.6171071957620733, -0.004411770765388567, -0.6351091908575863, 0.8367660782795254, -0.13635585731754474, 0.6603762041966925, -0.16644739064327485, 0.8093351774867339, -0.19034956537818792, -0.33765099381775454, 0.14427754054549724, 0.6908872981882266, 0.7220286235061439, 0.19137623413666893, -0.8306767779591795, 0.19453321463834983, -0.5090925828337958, 0.46518689717993555, 0.7893025846334776, 0.0294679418262902, 0.20712702072041278, -0.8698643752343853, 0.08014945928561268, -0.7416264326591246, 0.22912569270066396, -0.2726993059103242, 0.5355160686614915, -0.902931727160895, -0.7803637637643119, 0.36804643024725525, 0.029307394167312983, 0.1432827432294983, 0.6874139879813108, -0.024524721700651453, 0.6202888442522898, 0.020487258589880097, 0.8534413864805024, 0.333855543079252, -0.7025463211318861, -0.27089364934848836, 0.7315498318881986, -0.29942957828896866, -0.6219484810876903, -0.0547573816684539, -0.21443765035574014, 0.23785985328818726, -0.12646741612097356, -0.47815568541100895, -0.17505557667448635, -0.16193193089539926, 0.8048437117522818, 0.9592325240809707, 0.24713767881382775, -0.8336317548582777, 0.46599743519199, 0.357370804957968, 0.6520457340504391, -0.3050973265778887, -0.8822398116837538, 0.2236436329105842, -0.751970763373456, 0.5190590583266628, 0.5888466351532844, -0.18274642650020412, 0.8875950117660911, -0.6524404124894483, 0.8851716994539605]",rhc,relu,False,False,100,[10],0.1,100,13
1344,44,0.1314245000248775,1.6581068661758045,1995.0,100,15,"[0.9340596780273533, 0.09446449835144466, 0.9453687199297687, 0.4296319873487293, 0.3954576491945416, -0.5678210088392472, 0.9525489095524835, -0.9875394895908203, -0.4940352752331121, -0.13041693519110842, 0.5587658435875049, -0.6046298507994938, 0.7259864711984445, 0.9668013543506255, -0.6723155171906026, 0.19466788786571843, -0.98202780466489, -0.22685743471274122, -0.9116798841370009, 0.9133059354284718, -0.1277067062404047, 0.8979546135631256, 0.5726119718701219, 0.7325785971633969, -0.6536691570081037, -0.850102825973786, 0.2014854427555386, -0.6640556325631923, 0.4667603350211398, -0.18311227969597055, 0.05581764683584067, 0.875143167901884, 0.043392244889916, -0.7836132342255386, -0.6835531856304011, 0.09040530340642561, 0.04880816013694678, 0.2752204882519873, -0.1970091128194542, 0.2996102180386846, -0.20619999419653467, 0.24783222709644614, 0.5348099341802477, -0.6420521799177383, -0.24884846282491524, 0.005066118653868745, 0.3733341598326916, -0.4926407026772337, 0.10948172588511706, 0.24986168812819542, 0.7910023321122921, -0.27429282313374714, 0.2751141460374733, -0.6171071957620733, -0.004411770765388567, -0.6351091908575863, 0.8367660782795254, -0.13635585731754474, 0.6603762041966925, -0.16644739064327485, 0.8093351774867339, -0.19034956537818792, -0.33765099381775454, 0.14427754054549724, 0.6908872981882266, 0.7220286235061439, 0.19137623413666893, -0.8306767779591795, 0.19453321463834983, -0.5090925828337958, 0.46518689717993555, 0.7893025846334776, 0.0294679418262902, 0.20712702072041278, -0.8698643752343853, 0.08014945928561268, -0.7416264326591246, 0.22912569270066396, -0.2726993059103242, 0.5355160686614915, -0.902931727160895, -0.7803637637643119, 0.36804643024725525, 0.029307394167312983, 0.1432827432294983, 0.6874139879813108, -0.024524721700651453, 0.6202888442522898, 0.020487258589880097, 0.8534413864805024, 0.333855543079252, -0.7025463211318861, -0.27089364934848836, 0.7315498318881986, -0.29942957828896866, -0.6219484810876903, -0.0547573816684539, -0.21443765035574014, 0.23785985328818726, -0.12646741612097356, -0.47815568541100895, -0.17505557667448635, -0.16193193089539926, 0.8048437117522818, 0.9592325240809707, 0.24713767881382775, -0.8336317548582777, 0.46599743519199, 0.357370804957968, 0.6520457340504391, -0.3050973265778887, -0.8822398116837538, 0.2236436329105842, -0.751970763373456, 0.5190590583266628, 0.5888466351532844, -0.18274642650020412, 0.8875950117660911, -0.6524404124894483, 0.8851716994539605]",rhc,relu,False,False,100,[10],0.1,100,13
1345,45,0.13282990001607686,1.656437376934993,1997.0,100,15,"[0.9340596780273533, 0.09446449835144466, 0.9453687199297687, 0.4296319873487293, 0.3954576491945416, -0.5678210088392472, 0.9525489095524835, -0.9875394895908203, -0.4940352752331121, -0.13041693519110842, 0.5587658435875049, -0.6046298507994938, 0.7259864711984445, 0.9668013543506255, -0.6723155171906026, 0.19466788786571843, -0.98202780466489, -0.22685743471274122, -0.9116798841370009, 0.9133059354284718, -0.1277067062404047, 0.8979546135631256, 0.5726119718701219, 0.7325785971633969, -0.6536691570081037, -0.850102825973786, 0.2014854427555386, -0.6640556325631923, 0.4667603350211398, -0.18311227969597055, 0.05581764683584067, 0.875143167901884, 0.043392244889916, -0.7836132342255386, -0.6835531856304011, 0.09040530340642561, 0.04880816013694678, 0.2752204882519873, -0.1970091128194542, 0.2996102180386846, -0.20619999419653467, 0.24783222709644614, 0.5348099341802477, -0.6420521799177383, -0.24884846282491524, 0.005066118653868745, 0.3733341598326916, -0.4926407026772337, 0.10948172588511706, 0.24986168812819542, 0.7910023321122921, -0.27429282313374714, 0.2751141460374733, -0.6171071957620733, -0.004411770765388567, -0.6351091908575863, 0.8367660782795254, -0.13635585731754474, 0.6603762041966925, -0.16644739064327485, 0.8093351774867339, -0.19034956537818792, -0.33765099381775454, 0.14427754054549724, 0.6908872981882266, 0.7220286235061439, 0.19137623413666893, -0.8306767779591795, 0.19453321463834983, -0.5090925828337958, 0.46518689717993555, 0.7893025846334776, 0.0294679418262902, 0.20712702072041278, -0.8698643752343853, 0.08014945928561268, -0.7416264326591246, 0.22912569270066396, -0.2726993059103242, 0.5355160686614915, -0.902931727160895, -0.7803637637643119, 0.36804643024725525, 0.029307394167312983, 0.1432827432294983, 0.6874139879813108, -0.024524721700651453, 0.6202888442522898, 0.020487258589880097, 0.8534413864805024, 0.333855543079252, -0.7025463211318861, -0.27089364934848836, 0.7315498318881986, -0.29942957828896866, -0.6219484810876903, -0.0547573816684539, -0.21443765035574014, 0.23785985328818726, -0.12646741612097356, -0.47815568541100895, -0.17505557667448635, -0.16193193089539926, 0.8048437117522818, 0.9592325240809707, 0.24713767881382775, -0.8336317548582777, 0.46599743519199, 0.357370804957968, 0.6520457340504391, -0.3050973265778887, -0.8822398116837538, 0.2236436329105842, -0.751970763373456, 0.5190590583266628, 0.5888466351532844, -0.18274642650020412, 0.8875950117660911, -0.6524404124894483, 0.8851716994539605]",rhc,relu,False,False,100,[10],0.1,100,13
1346,46,0.13423810002859682,1.656437376934993,1998.0,100,15,"[0.9340596780273533, 0.09446449835144466, 0.9453687199297687, 0.4296319873487293, 0.3954576491945416, -0.5678210088392472, 0.9525489095524835, -0.9875394895908203, -0.4940352752331121, -0.13041693519110842, 0.5587658435875049, -0.6046298507994938, 0.7259864711984445, 0.9668013543506255, -0.6723155171906026, 0.19466788786571843, -0.98202780466489, -0.22685743471274122, -0.9116798841370009, 0.9133059354284718, -0.1277067062404047, 0.8979546135631256, 0.5726119718701219, 0.7325785971633969, -0.6536691570081037, -0.850102825973786, 0.2014854427555386, -0.6640556325631923, 0.4667603350211398, -0.18311227969597055, 0.05581764683584067, 0.875143167901884, 0.043392244889916, -0.7836132342255386, -0.6835531856304011, 0.09040530340642561, 0.04880816013694678, 0.2752204882519873, -0.1970091128194542, 0.2996102180386846, -0.20619999419653467, 0.24783222709644614, 0.5348099341802477, -0.6420521799177383, -0.24884846282491524, 0.005066118653868745, 0.3733341598326916, -0.4926407026772337, 0.10948172588511706, 0.24986168812819542, 0.7910023321122921, -0.27429282313374714, 0.2751141460374733, -0.6171071957620733, -0.004411770765388567, -0.6351091908575863, 0.8367660782795254, -0.13635585731754474, 0.6603762041966925, -0.16644739064327485, 0.8093351774867339, -0.19034956537818792, -0.33765099381775454, 0.14427754054549724, 0.6908872981882266, 0.7220286235061439, 0.19137623413666893, -0.8306767779591795, 0.19453321463834983, -0.5090925828337958, 0.46518689717993555, 0.7893025846334776, 0.0294679418262902, 0.20712702072041278, -0.8698643752343853, 0.08014945928561268, -0.7416264326591246, 0.22912569270066396, -0.2726993059103242, 0.5355160686614915, -0.902931727160895, -0.7803637637643119, 0.36804643024725525, 0.029307394167312983, 0.1432827432294983, 0.6874139879813108, -0.024524721700651453, 0.6202888442522898, 0.020487258589880097, 0.8534413864805024, 0.333855543079252, -0.7025463211318861, -0.27089364934848836, 0.7315498318881986, -0.29942957828896866, -0.6219484810876903, -0.0547573816684539, -0.21443765035574014, 0.23785985328818726, -0.12646741612097356, -0.47815568541100895, -0.17505557667448635, -0.16193193089539926, 0.8048437117522818, 0.9592325240809707, 0.24713767881382775, -0.8336317548582777, 0.46599743519199, 0.357370804957968, 0.6520457340504391, -0.3050973265778887, -0.8822398116837538, 0.2236436329105842, -0.751970763373456, 0.5190590583266628, 0.5888466351532844, -0.18274642650020412, 0.8875950117660911, -0.6524404124894483, 0.8851716994539605]",rhc,relu,False,False,100,[10],0.1,100,13
1347,47,0.13724380009807646,1.656437376934993,1999.0,100,15,"[0.9340596780273533, 0.09446449835144466, 0.9453687199297687, 0.4296319873487293, 0.3954576491945416, -0.5678210088392472, 0.9525489095524835, -0.9875394895908203, -0.4940352752331121, -0.13041693519110842, 0.5587658435875049, -0.6046298507994938, 0.7259864711984445, 0.9668013543506255, -0.6723155171906026, 0.19466788786571843, -0.98202780466489, -0.22685743471274122, -0.9116798841370009, 0.9133059354284718, -0.1277067062404047, 0.8979546135631256, 0.5726119718701219, 0.7325785971633969, -0.6536691570081037, -0.850102825973786, 0.2014854427555386, -0.6640556325631923, 0.4667603350211398, -0.18311227969597055, 0.05581764683584067, 0.875143167901884, 0.043392244889916, -0.7836132342255386, -0.6835531856304011, 0.09040530340642561, 0.04880816013694678, 0.2752204882519873, -0.1970091128194542, 0.2996102180386846, -0.20619999419653467, 0.24783222709644614, 0.5348099341802477, -0.6420521799177383, -0.24884846282491524, 0.005066118653868745, 0.3733341598326916, -0.4926407026772337, 0.10948172588511706, 0.24986168812819542, 0.7910023321122921, -0.27429282313374714, 0.2751141460374733, -0.6171071957620733, -0.004411770765388567, -0.6351091908575863, 0.8367660782795254, -0.13635585731754474, 0.6603762041966925, -0.16644739064327485, 0.8093351774867339, -0.19034956537818792, -0.33765099381775454, 0.14427754054549724, 0.6908872981882266, 0.7220286235061439, 0.19137623413666893, -0.8306767779591795, 0.19453321463834983, -0.5090925828337958, 0.46518689717993555, 0.7893025846334776, 0.0294679418262902, 0.20712702072041278, -0.8698643752343853, 0.08014945928561268, -0.7416264326591246, 0.22912569270066396, -0.2726993059103242, 0.5355160686614915, -0.902931727160895, -0.7803637637643119, 0.36804643024725525, 0.029307394167312983, 0.1432827432294983, 0.6874139879813108, -0.024524721700651453, 0.6202888442522898, 0.020487258589880097, 0.8534413864805024, 0.333855543079252, -0.7025463211318861, -0.27089364934848836, 0.7315498318881986, -0.29942957828896866, -0.6219484810876903, -0.0547573816684539, -0.21443765035574014, 0.23785985328818726, -0.12646741612097356, -0.47815568541100895, -0.17505557667448635, -0.16193193089539926, 0.8048437117522818, 0.9592325240809707, 0.24713767881382775, -0.8336317548582777, 0.46599743519199, 0.357370804957968, 0.6520457340504391, -0.3050973265778887, -0.8822398116837538, 0.2236436329105842, -0.751970763373456, 0.5190590583266628, 0.5888466351532844, -0.18274642650020412, 0.8875950117660911, -0.6524404124894483, 0.8851716994539605]",rhc,relu,False,False,100,[10],0.1,100,13
1348,48,0.13920730003155768,1.656437376934993,2000.0,100,15,"[0.9340596780273533, 0.09446449835144466, 0.9453687199297687, 0.4296319873487293, 0.3954576491945416, -0.5678210088392472, 0.9525489095524835, -0.9875394895908203, -0.4940352752331121, -0.13041693519110842, 0.5587658435875049, -0.6046298507994938, 0.7259864711984445, 0.9668013543506255, -0.6723155171906026, 0.19466788786571843, -0.98202780466489, -0.22685743471274122, -0.9116798841370009, 0.9133059354284718, -0.1277067062404047, 0.8979546135631256, 0.5726119718701219, 0.7325785971633969, -0.6536691570081037, -0.850102825973786, 0.2014854427555386, -0.6640556325631923, 0.4667603350211398, -0.18311227969597055, 0.05581764683584067, 0.875143167901884, 0.043392244889916, -0.7836132342255386, -0.6835531856304011, 0.09040530340642561, 0.04880816013694678, 0.2752204882519873, -0.1970091128194542, 0.2996102180386846, -0.20619999419653467, 0.24783222709644614, 0.5348099341802477, -0.6420521799177383, -0.24884846282491524, 0.005066118653868745, 0.3733341598326916, -0.4926407026772337, 0.10948172588511706, 0.24986168812819542, 0.7910023321122921, -0.27429282313374714, 0.2751141460374733, -0.6171071957620733, -0.004411770765388567, -0.6351091908575863, 0.8367660782795254, -0.13635585731754474, 0.6603762041966925, -0.16644739064327485, 0.8093351774867339, -0.19034956537818792, -0.33765099381775454, 0.14427754054549724, 0.6908872981882266, 0.7220286235061439, 0.19137623413666893, -0.8306767779591795, 0.19453321463834983, -0.5090925828337958, 0.46518689717993555, 0.7893025846334776, 0.0294679418262902, 0.20712702072041278, -0.8698643752343853, 0.08014945928561268, -0.7416264326591246, 0.22912569270066396, -0.2726993059103242, 0.5355160686614915, -0.902931727160895, -0.7803637637643119, 0.36804643024725525, 0.029307394167312983, 0.1432827432294983, 0.6874139879813108, -0.024524721700651453, 0.6202888442522898, 0.020487258589880097, 0.8534413864805024, 0.333855543079252, -0.7025463211318861, -0.27089364934848836, 0.7315498318881986, -0.29942957828896866, -0.6219484810876903, -0.0547573816684539, -0.21443765035574014, 0.23785985328818726, -0.12646741612097356, -0.47815568541100895, -0.17505557667448635, -0.16193193089539926, 0.8048437117522818, 0.9592325240809707, 0.24713767881382775, -0.8336317548582777, 0.46599743519199, 0.357370804957968, 0.6520457340504391, -0.3050973265778887, -0.8822398116837538, 0.2236436329105842, -0.751970763373456, 0.5190590583266628, 0.5888466351532844, -0.18274642650020412, 0.8875950117660911, -0.6524404124894483, 0.8851716994539605]",rhc,relu,False,False,100,[10],0.1,100,13
1349,49,0.14330590004101396,1.6550870565904667,2002.0,100,15,"[0.9340596780273533, 0.09446449835144466, 0.9453687199297687, 0.4296319873487293, 0.3954576491945416, -0.5678210088392472, 0.9525489095524835, -0.9875394895908203, -0.4940352752331121, -0.13041693519110842, 0.5587658435875049, -0.6046298507994938, 0.7259864711984445, 0.9668013543506255, -0.6723155171906026, 0.19466788786571843, -0.98202780466489, -0.22685743471274122, -0.9116798841370009, 0.9133059354284718, -0.1277067062404047, 0.8979546135631256, 0.5726119718701219, 0.7325785971633969, -0.6536691570081037, -0.850102825973786, 0.2014854427555386, -0.6640556325631923, 0.4667603350211398, -0.18311227969597055, 0.05581764683584067, 0.875143167901884, 0.043392244889916, -0.7836132342255386, -0.6835531856304011, 0.09040530340642561, 0.04880816013694678, 0.2752204882519873, -0.1970091128194542, 0.2996102180386846, -0.20619999419653467, 0.24783222709644614, 0.5348099341802477, -0.6420521799177383, -0.24884846282491524, 0.005066118653868745, 0.3733341598326916, -0.4926407026772337, 0.10948172588511706, 0.24986168812819542, 0.7910023321122921, -0.27429282313374714, 0.2751141460374733, -0.6171071957620733, -0.004411770765388567, -0.6351091908575863, 0.8367660782795254, -0.13635585731754474, 0.6603762041966925, -0.16644739064327485, 0.8093351774867339, -0.19034956537818792, -0.33765099381775454, 0.14427754054549724, 0.6908872981882266, 0.7220286235061439, 0.19137623413666893, -0.8306767779591795, 0.19453321463834983, -0.5090925828337958, 0.46518689717993555, 0.7893025846334776, 0.0294679418262902, 0.20712702072041278, -0.8698643752343853, 0.08014945928561268, -0.7416264326591246, 0.22912569270066396, -0.2726993059103242, 0.5355160686614915, -0.902931727160895, -0.7803637637643119, 0.36804643024725525, 0.029307394167312983, 0.1432827432294983, 0.6874139879813108, -0.024524721700651453, 0.6202888442522898, 0.020487258589880097, 0.8534413864805024, 0.333855543079252, -0.7025463211318861, -0.27089364934848836, 0.7315498318881986, -0.29942957828896866, -0.6219484810876903, -0.0547573816684539, -0.21443765035574014, 0.23785985328818726, -0.12646741612097356, -0.47815568541100895, -0.17505557667448635, -0.16193193089539926, 0.8048437117522818, 0.9592325240809707, 0.24713767881382775, -0.8336317548582777, 0.46599743519199, 0.357370804957968, 0.6520457340504391, -0.3050973265778887, -0.8822398116837538, 0.2236436329105842, -0.751970763373456, 0.5190590583266628, 0.5888466351532844, -0.18274642650020412, 0.8875950117660911, -0.6524404124894483, 0.8851716994539605]",rhc,relu,False,False,100,[10],0.1,100,13
1350,50,0.14690749999135733,1.6550870565904667,2003.0,100,15,"[0.9340596780273533, 0.09446449835144466, 0.9453687199297687, 0.4296319873487293, 0.3954576491945416, -0.5678210088392472, 0.9525489095524835, -0.9875394895908203, -0.4940352752331121, -0.13041693519110842, 0.5587658435875049, -0.6046298507994938, 0.7259864711984445, 0.9668013543506255, -0.6723155171906026, 0.19466788786571843, -0.98202780466489, -0.22685743471274122, -0.9116798841370009, 0.9133059354284718, -0.1277067062404047, 0.8979546135631256, 0.5726119718701219, 0.7325785971633969, -0.6536691570081037, -0.850102825973786, 0.2014854427555386, -0.6640556325631923, 0.4667603350211398, -0.18311227969597055, 0.05581764683584067, 0.875143167901884, 0.043392244889916, -0.7836132342255386, -0.6835531856304011, 0.09040530340642561, 0.04880816013694678, 0.2752204882519873, -0.1970091128194542, 0.2996102180386846, -0.20619999419653467, 0.24783222709644614, 0.5348099341802477, -0.6420521799177383, -0.24884846282491524, 0.005066118653868745, 0.3733341598326916, -0.4926407026772337, 0.10948172588511706, 0.24986168812819542, 0.7910023321122921, -0.27429282313374714, 0.2751141460374733, -0.6171071957620733, -0.004411770765388567, -0.6351091908575863, 0.8367660782795254, -0.13635585731754474, 0.6603762041966925, -0.16644739064327485, 0.8093351774867339, -0.19034956537818792, -0.33765099381775454, 0.14427754054549724, 0.6908872981882266, 0.7220286235061439, 0.19137623413666893, -0.8306767779591795, 0.19453321463834983, -0.5090925828337958, 0.46518689717993555, 0.7893025846334776, 0.0294679418262902, 0.20712702072041278, -0.8698643752343853, 0.08014945928561268, -0.7416264326591246, 0.22912569270066396, -0.2726993059103242, 0.5355160686614915, -0.902931727160895, -0.7803637637643119, 0.36804643024725525, 0.029307394167312983, 0.1432827432294983, 0.6874139879813108, -0.024524721700651453, 0.6202888442522898, 0.020487258589880097, 0.8534413864805024, 0.333855543079252, -0.7025463211318861, -0.27089364934848836, 0.7315498318881986, -0.29942957828896866, -0.6219484810876903, -0.0547573816684539, -0.21443765035574014, 0.23785985328818726, -0.12646741612097356, -0.47815568541100895, -0.17505557667448635, -0.16193193089539926, 0.8048437117522818, 0.9592325240809707, 0.24713767881382775, -0.8336317548582777, 0.46599743519199, 0.357370804957968, 0.6520457340504391, -0.3050973265778887, -0.8822398116837538, 0.2236436329105842, -0.751970763373456, 0.5190590583266628, 0.5888466351532844, -0.18274642650020412, 0.8875950117660911, -0.6524404124894483, 0.8851716994539605]",rhc,relu,False,False,100,[10],0.1,100,13
1351,51,0.14868640003260225,1.6550870565904667,2004.0,100,15,"[0.9340596780273533, 0.09446449835144466, 0.9453687199297687, 0.4296319873487293, 0.3954576491945416, -0.5678210088392472, 0.9525489095524835, -0.9875394895908203, -0.4940352752331121, -0.13041693519110842, 0.5587658435875049, -0.6046298507994938, 0.7259864711984445, 0.9668013543506255, -0.6723155171906026, 0.19466788786571843, -0.98202780466489, -0.22685743471274122, -0.9116798841370009, 0.9133059354284718, -0.1277067062404047, 0.8979546135631256, 0.5726119718701219, 0.7325785971633969, -0.6536691570081037, -0.850102825973786, 0.2014854427555386, -0.6640556325631923, 0.4667603350211398, -0.18311227969597055, 0.05581764683584067, 0.875143167901884, 0.043392244889916, -0.7836132342255386, -0.6835531856304011, 0.09040530340642561, 0.04880816013694678, 0.2752204882519873, -0.1970091128194542, 0.2996102180386846, -0.20619999419653467, 0.24783222709644614, 0.5348099341802477, -0.6420521799177383, -0.24884846282491524, 0.005066118653868745, 0.3733341598326916, -0.4926407026772337, 0.10948172588511706, 0.24986168812819542, 0.7910023321122921, -0.27429282313374714, 0.2751141460374733, -0.6171071957620733, -0.004411770765388567, -0.6351091908575863, 0.8367660782795254, -0.13635585731754474, 0.6603762041966925, -0.16644739064327485, 0.8093351774867339, -0.19034956537818792, -0.33765099381775454, 0.14427754054549724, 0.6908872981882266, 0.7220286235061439, 0.19137623413666893, -0.8306767779591795, 0.19453321463834983, -0.5090925828337958, 0.46518689717993555, 0.7893025846334776, 0.0294679418262902, 0.20712702072041278, -0.8698643752343853, 0.08014945928561268, -0.7416264326591246, 0.22912569270066396, -0.2726993059103242, 0.5355160686614915, -0.902931727160895, -0.7803637637643119, 0.36804643024725525, 0.029307394167312983, 0.1432827432294983, 0.6874139879813108, -0.024524721700651453, 0.6202888442522898, 0.020487258589880097, 0.8534413864805024, 0.333855543079252, -0.7025463211318861, -0.27089364934848836, 0.7315498318881986, -0.29942957828896866, -0.6219484810876903, -0.0547573816684539, -0.21443765035574014, 0.23785985328818726, -0.12646741612097356, -0.47815568541100895, -0.17505557667448635, -0.16193193089539926, 0.8048437117522818, 0.9592325240809707, 0.24713767881382775, -0.8336317548582777, 0.46599743519199, 0.357370804957968, 0.6520457340504391, -0.3050973265778887, -0.8822398116837538, 0.2236436329105842, -0.751970763373456, 0.5190590583266628, 0.5888466351532844, -0.18274642650020412, 0.8875950117660911, -0.6524404124894483, 0.8851716994539605]",rhc,relu,False,False,100,[10],0.1,100,13
1352,52,0.15030470001511276,1.6550870565904667,2005.0,100,15,"[0.9340596780273533, 0.09446449835144466, 0.9453687199297687, 0.4296319873487293, 0.3954576491945416, -0.5678210088392472, 0.9525489095524835, -0.9875394895908203, -0.4940352752331121, -0.13041693519110842, 0.5587658435875049, -0.6046298507994938, 0.7259864711984445, 0.9668013543506255, -0.6723155171906026, 0.19466788786571843, -0.98202780466489, -0.22685743471274122, -0.9116798841370009, 0.9133059354284718, -0.1277067062404047, 0.8979546135631256, 0.5726119718701219, 0.7325785971633969, -0.6536691570081037, -0.850102825973786, 0.2014854427555386, -0.6640556325631923, 0.4667603350211398, -0.18311227969597055, 0.05581764683584067, 0.875143167901884, 0.043392244889916, -0.7836132342255386, -0.6835531856304011, 0.09040530340642561, 0.04880816013694678, 0.2752204882519873, -0.1970091128194542, 0.2996102180386846, -0.20619999419653467, 0.24783222709644614, 0.5348099341802477, -0.6420521799177383, -0.24884846282491524, 0.005066118653868745, 0.3733341598326916, -0.4926407026772337, 0.10948172588511706, 0.24986168812819542, 0.7910023321122921, -0.27429282313374714, 0.2751141460374733, -0.6171071957620733, -0.004411770765388567, -0.6351091908575863, 0.8367660782795254, -0.13635585731754474, 0.6603762041966925, -0.16644739064327485, 0.8093351774867339, -0.19034956537818792, -0.33765099381775454, 0.14427754054549724, 0.6908872981882266, 0.7220286235061439, 0.19137623413666893, -0.8306767779591795, 0.19453321463834983, -0.5090925828337958, 0.46518689717993555, 0.7893025846334776, 0.0294679418262902, 0.20712702072041278, -0.8698643752343853, 0.08014945928561268, -0.7416264326591246, 0.22912569270066396, -0.2726993059103242, 0.5355160686614915, -0.902931727160895, -0.7803637637643119, 0.36804643024725525, 0.029307394167312983, 0.1432827432294983, 0.6874139879813108, -0.024524721700651453, 0.6202888442522898, 0.020487258589880097, 0.8534413864805024, 0.333855543079252, -0.7025463211318861, -0.27089364934848836, 0.7315498318881986, -0.29942957828896866, -0.6219484810876903, -0.0547573816684539, -0.21443765035574014, 0.23785985328818726, -0.12646741612097356, -0.47815568541100895, -0.17505557667448635, -0.16193193089539926, 0.8048437117522818, 0.9592325240809707, 0.24713767881382775, -0.8336317548582777, 0.46599743519199, 0.357370804957968, 0.6520457340504391, -0.3050973265778887, -0.8822398116837538, 0.2236436329105842, -0.751970763373456, 0.5190590583266628, 0.5888466351532844, -0.18274642650020412, 0.8875950117660911, -0.6524404124894483, 0.8851716994539605]",rhc,relu,False,False,100,[10],0.1,100,13
1353,53,0.15169550001155585,1.6550870565904667,2006.0,100,15,"[0.9340596780273533, 0.09446449835144466, 0.9453687199297687, 0.4296319873487293, 0.3954576491945416, -0.5678210088392472, 0.9525489095524835, -0.9875394895908203, -0.4940352752331121, -0.13041693519110842, 0.5587658435875049, -0.6046298507994938, 0.7259864711984445, 0.9668013543506255, -0.6723155171906026, 0.19466788786571843, -0.98202780466489, -0.22685743471274122, -0.9116798841370009, 0.9133059354284718, -0.1277067062404047, 0.8979546135631256, 0.5726119718701219, 0.7325785971633969, -0.6536691570081037, -0.850102825973786, 0.2014854427555386, -0.6640556325631923, 0.4667603350211398, -0.18311227969597055, 0.05581764683584067, 0.875143167901884, 0.043392244889916, -0.7836132342255386, -0.6835531856304011, 0.09040530340642561, 0.04880816013694678, 0.2752204882519873, -0.1970091128194542, 0.2996102180386846, -0.20619999419653467, 0.24783222709644614, 0.5348099341802477, -0.6420521799177383, -0.24884846282491524, 0.005066118653868745, 0.3733341598326916, -0.4926407026772337, 0.10948172588511706, 0.24986168812819542, 0.7910023321122921, -0.27429282313374714, 0.2751141460374733, -0.6171071957620733, -0.004411770765388567, -0.6351091908575863, 0.8367660782795254, -0.13635585731754474, 0.6603762041966925, -0.16644739064327485, 0.8093351774867339, -0.19034956537818792, -0.33765099381775454, 0.14427754054549724, 0.6908872981882266, 0.7220286235061439, 0.19137623413666893, -0.8306767779591795, 0.19453321463834983, -0.5090925828337958, 0.46518689717993555, 0.7893025846334776, 0.0294679418262902, 0.20712702072041278, -0.8698643752343853, 0.08014945928561268, -0.7416264326591246, 0.22912569270066396, -0.2726993059103242, 0.5355160686614915, -0.902931727160895, -0.7803637637643119, 0.36804643024725525, 0.029307394167312983, 0.1432827432294983, 0.6874139879813108, -0.024524721700651453, 0.6202888442522898, 0.020487258589880097, 0.8534413864805024, 0.333855543079252, -0.7025463211318861, -0.27089364934848836, 0.7315498318881986, -0.29942957828896866, -0.6219484810876903, -0.0547573816684539, -0.21443765035574014, 0.23785985328818726, -0.12646741612097356, -0.47815568541100895, -0.17505557667448635, -0.16193193089539926, 0.8048437117522818, 0.9592325240809707, 0.24713767881382775, -0.8336317548582777, 0.46599743519199, 0.357370804957968, 0.6520457340504391, -0.3050973265778887, -0.8822398116837538, 0.2236436329105842, -0.751970763373456, 0.5190590583266628, 0.5888466351532844, -0.18274642650020412, 0.8875950117660911, -0.6524404124894483, 0.8851716994539605]",rhc,relu,False,False,100,[10],0.1,100,13
1354,54,0.15469950006809086,1.6500675238274543,2008.0,100,15,"[0.9340596780273533, 0.09446449835144466, 0.9453687199297687, 0.4296319873487293, 0.3954576491945416, -0.5678210088392472, 0.9525489095524835, -0.9875394895908203, -0.4940352752331121, -0.13041693519110842, 0.5587658435875049, -0.6046298507994938, 0.7259864711984445, 0.9668013543506255, -0.6723155171906026, 0.19466788786571843, -0.98202780466489, -0.22685743471274122, -0.9116798841370009, 0.9133059354284718, -0.1277067062404047, 0.8979546135631256, 0.5726119718701219, 0.7325785971633969, -0.6536691570081037, -0.850102825973786, 0.2014854427555386, -0.6640556325631923, 0.4667603350211398, -0.18311227969597055, 0.05581764683584067, 0.875143167901884, 0.043392244889916, -0.7836132342255386, -0.6835531856304011, 0.09040530340642561, 0.04880816013694678, 0.2752204882519873, -0.1970091128194542, 0.2996102180386846, -0.20619999419653467, 0.24783222709644614, 0.5348099341802477, -0.6420521799177383, -0.24884846282491524, 0.005066118653868745, 0.3733341598326916, -0.4926407026772337, 0.10948172588511706, 0.24986168812819542, 0.7910023321122921, -0.27429282313374714, 0.2751141460374733, -0.6171071957620733, -0.004411770765388567, -0.6351091908575863, 0.8367660782795254, -0.13635585731754474, 0.6603762041966925, -0.16644739064327485, 0.8093351774867339, -0.19034956537818792, -0.33765099381775454, 0.14427754054549724, 0.6908872981882266, 0.7220286235061439, 0.19137623413666893, -0.8306767779591795, 0.19453321463834983, -0.5090925828337958, 0.46518689717993555, 0.7893025846334776, 0.0294679418262902, 0.20712702072041278, -0.8698643752343853, 0.08014945928561268, -0.7416264326591246, 0.22912569270066396, -0.2726993059103242, 0.5355160686614915, -0.902931727160895, -0.7803637637643119, 0.36804643024725525, 0.029307394167312983, 0.1432827432294983, 0.6874139879813108, -0.024524721700651453, 0.6202888442522898, 0.020487258589880097, 0.8534413864805024, 0.333855543079252, -0.7025463211318861, -0.27089364934848836, 0.7315498318881986, -0.29942957828896866, -0.6219484810876903, -0.0547573816684539, -0.21443765035574014, 0.23785985328818726, -0.12646741612097356, -0.47815568541100895, -0.17505557667448635, -0.16193193089539926, 0.8048437117522818, 0.9592325240809707, 0.24713767881382775, -0.8336317548582777, 0.46599743519199, 0.357370804957968, 0.6520457340504391, -0.3050973265778887, -0.8822398116837538, 0.2236436329105842, -0.751970763373456, 0.5190590583266628, 0.5888466351532844, -0.18274642650020412, 0.8875950117660911, -0.6524404124894483, 0.8851716994539605]",rhc,relu,False,False,100,[10],0.1,100,13
1355,55,0.15623610001057386,1.6500675238274543,2009.0,100,15,"[0.9340596780273533, 0.09446449835144466, 0.9453687199297687, 0.4296319873487293, 0.3954576491945416, -0.5678210088392472, 0.9525489095524835, -0.9875394895908203, -0.4940352752331121, -0.13041693519110842, 0.5587658435875049, -0.6046298507994938, 0.7259864711984445, 0.9668013543506255, -0.6723155171906026, 0.19466788786571843, -0.98202780466489, -0.22685743471274122, -0.9116798841370009, 0.9133059354284718, -0.1277067062404047, 0.8979546135631256, 0.5726119718701219, 0.7325785971633969, -0.6536691570081037, -0.850102825973786, 0.2014854427555386, -0.6640556325631923, 0.4667603350211398, -0.18311227969597055, 0.05581764683584067, 0.875143167901884, 0.043392244889916, -0.7836132342255386, -0.6835531856304011, 0.09040530340642561, 0.04880816013694678, 0.2752204882519873, -0.1970091128194542, 0.2996102180386846, -0.20619999419653467, 0.24783222709644614, 0.5348099341802477, -0.6420521799177383, -0.24884846282491524, 0.005066118653868745, 0.3733341598326916, -0.4926407026772337, 0.10948172588511706, 0.24986168812819542, 0.7910023321122921, -0.27429282313374714, 0.2751141460374733, -0.6171071957620733, -0.004411770765388567, -0.6351091908575863, 0.8367660782795254, -0.13635585731754474, 0.6603762041966925, -0.16644739064327485, 0.8093351774867339, -0.19034956537818792, -0.33765099381775454, 0.14427754054549724, 0.6908872981882266, 0.7220286235061439, 0.19137623413666893, -0.8306767779591795, 0.19453321463834983, -0.5090925828337958, 0.46518689717993555, 0.7893025846334776, 0.0294679418262902, 0.20712702072041278, -0.8698643752343853, 0.08014945928561268, -0.7416264326591246, 0.22912569270066396, -0.2726993059103242, 0.5355160686614915, -0.902931727160895, -0.7803637637643119, 0.36804643024725525, 0.029307394167312983, 0.1432827432294983, 0.6874139879813108, -0.024524721700651453, 0.6202888442522898, 0.020487258589880097, 0.8534413864805024, 0.333855543079252, -0.7025463211318861, -0.27089364934848836, 0.7315498318881986, -0.29942957828896866, -0.6219484810876903, -0.0547573816684539, -0.21443765035574014, 0.23785985328818726, -0.12646741612097356, -0.47815568541100895, -0.17505557667448635, -0.16193193089539926, 0.8048437117522818, 0.9592325240809707, 0.24713767881382775, -0.8336317548582777, 0.46599743519199, 0.357370804957968, 0.6520457340504391, -0.3050973265778887, -0.8822398116837538, 0.2236436329105842, -0.751970763373456, 0.5190590583266628, 0.5888466351532844, -0.18274642650020412, 0.8875950117660911, -0.6524404124894483, 0.8851716994539605]",rhc,relu,False,False,100,[10],0.1,100,13
1356,56,0.15794740000274032,1.6494130851746676,2011.0,100,15,"[0.9340596780273533, 0.09446449835144466, 0.9453687199297687, 0.4296319873487293, 0.3954576491945416, -0.5678210088392472, 0.9525489095524835, -0.9875394895908203, -0.4940352752331121, -0.13041693519110842, 0.5587658435875049, -0.6046298507994938, 0.7259864711984445, 0.9668013543506255, -0.6723155171906026, 0.19466788786571843, -0.98202780466489, -0.22685743471274122, -0.9116798841370009, 0.9133059354284718, -0.1277067062404047, 0.8979546135631256, 0.5726119718701219, 0.7325785971633969, -0.6536691570081037, -0.850102825973786, 0.2014854427555386, -0.6640556325631923, 0.4667603350211398, -0.18311227969597055, 0.05581764683584067, 0.875143167901884, 0.043392244889916, -0.7836132342255386, -0.6835531856304011, 0.09040530340642561, 0.04880816013694678, 0.2752204882519873, -0.1970091128194542, 0.2996102180386846, -0.20619999419653467, 0.24783222709644614, 0.5348099341802477, -0.6420521799177383, -0.24884846282491524, 0.005066118653868745, 0.3733341598326916, -0.4926407026772337, 0.10948172588511706, 0.24986168812819542, 0.7910023321122921, -0.27429282313374714, 0.2751141460374733, -0.6171071957620733, -0.004411770765388567, -0.6351091908575863, 0.8367660782795254, -0.13635585731754474, 0.6603762041966925, -0.16644739064327485, 0.8093351774867339, -0.19034956537818792, -0.33765099381775454, 0.14427754054549724, 0.6908872981882266, 0.7220286235061439, 0.19137623413666893, -0.8306767779591795, 0.19453321463834983, -0.5090925828337958, 0.46518689717993555, 0.7893025846334776, 0.0294679418262902, 0.20712702072041278, -0.8698643752343853, 0.08014945928561268, -0.7416264326591246, 0.22912569270066396, -0.2726993059103242, 0.5355160686614915, -0.902931727160895, -0.7803637637643119, 0.36804643024725525, 0.029307394167312983, 0.1432827432294983, 0.6874139879813108, -0.024524721700651453, 0.6202888442522898, 0.020487258589880097, 0.8534413864805024, 0.333855543079252, -0.7025463211318861, -0.27089364934848836, 0.7315498318881986, -0.29942957828896866, -0.6219484810876903, -0.0547573816684539, -0.21443765035574014, 0.23785985328818726, -0.12646741612097356, -0.47815568541100895, -0.17505557667448635, -0.16193193089539926, 0.8048437117522818, 0.9592325240809707, 0.24713767881382775, -0.8336317548582777, 0.46599743519199, 0.357370804957968, 0.6520457340504391, -0.3050973265778887, -0.8822398116837538, 0.2236436329105842, -0.751970763373456, 0.5190590583266628, 0.5888466351532844, -0.18274642650020412, 0.8875950117660911, -0.6524404124894483, 0.8851716994539605]",rhc,relu,False,False,100,[10],0.1,100,13
1357,57,0.15946009999606758,1.6494130851746676,2012.0,100,15,"[0.9340596780273533, 0.09446449835144466, 0.9453687199297687, 0.4296319873487293, 0.3954576491945416, -0.5678210088392472, 0.9525489095524835, -0.9875394895908203, -0.4940352752331121, -0.13041693519110842, 0.5587658435875049, -0.6046298507994938, 0.7259864711984445, 0.9668013543506255, -0.6723155171906026, 0.19466788786571843, -0.98202780466489, -0.22685743471274122, -0.9116798841370009, 0.9133059354284718, -0.1277067062404047, 0.8979546135631256, 0.5726119718701219, 0.7325785971633969, -0.6536691570081037, -0.850102825973786, 0.2014854427555386, -0.6640556325631923, 0.4667603350211398, -0.18311227969597055, 0.05581764683584067, 0.875143167901884, 0.043392244889916, -0.7836132342255386, -0.6835531856304011, 0.09040530340642561, 0.04880816013694678, 0.2752204882519873, -0.1970091128194542, 0.2996102180386846, -0.20619999419653467, 0.24783222709644614, 0.5348099341802477, -0.6420521799177383, -0.24884846282491524, 0.005066118653868745, 0.3733341598326916, -0.4926407026772337, 0.10948172588511706, 0.24986168812819542, 0.7910023321122921, -0.27429282313374714, 0.2751141460374733, -0.6171071957620733, -0.004411770765388567, -0.6351091908575863, 0.8367660782795254, -0.13635585731754474, 0.6603762041966925, -0.16644739064327485, 0.8093351774867339, -0.19034956537818792, -0.33765099381775454, 0.14427754054549724, 0.6908872981882266, 0.7220286235061439, 0.19137623413666893, -0.8306767779591795, 0.19453321463834983, -0.5090925828337958, 0.46518689717993555, 0.7893025846334776, 0.0294679418262902, 0.20712702072041278, -0.8698643752343853, 0.08014945928561268, -0.7416264326591246, 0.22912569270066396, -0.2726993059103242, 0.5355160686614915, -0.902931727160895, -0.7803637637643119, 0.36804643024725525, 0.029307394167312983, 0.1432827432294983, 0.6874139879813108, -0.024524721700651453, 0.6202888442522898, 0.020487258589880097, 0.8534413864805024, 0.333855543079252, -0.7025463211318861, -0.27089364934848836, 0.7315498318881986, -0.29942957828896866, -0.6219484810876903, -0.0547573816684539, -0.21443765035574014, 0.23785985328818726, -0.12646741612097356, -0.47815568541100895, -0.17505557667448635, -0.16193193089539926, 0.8048437117522818, 0.9592325240809707, 0.24713767881382775, -0.8336317548582777, 0.46599743519199, 0.357370804957968, 0.6520457340504391, -0.3050973265778887, -0.8822398116837538, 0.2236436329105842, -0.751970763373456, 0.5190590583266628, 0.5888466351532844, -0.18274642650020412, 0.8875950117660911, -0.6524404124894483, 0.8851716994539605]",rhc,relu,False,False,100,[10],0.1,100,13
1358,58,0.16259170009288937,1.6396748394665712,2014.0,100,15,"[0.9340596780273533, 0.09446449835144466, 0.9453687199297687, 0.4296319873487293, 0.3954576491945416, -0.5678210088392472, 0.9525489095524835, -0.9875394895908203, -0.4940352752331121, -0.13041693519110842, 0.5587658435875049, -0.6046298507994938, 0.7259864711984445, 0.9668013543506255, -0.6723155171906026, 0.19466788786571843, -0.98202780466489, -0.22685743471274122, -0.9116798841370009, 0.9133059354284718, -0.1277067062404047, 0.8979546135631256, 0.5726119718701219, 0.7325785971633969, -0.6536691570081037, -0.850102825973786, 0.2014854427555386, -0.6640556325631923, 0.4667603350211398, -0.18311227969597055, 0.05581764683584067, 0.875143167901884, 0.043392244889916, -0.7836132342255386, -0.6835531856304011, 0.09040530340642561, 0.04880816013694678, 0.2752204882519873, -0.1970091128194542, 0.2996102180386846, -0.20619999419653467, 0.24783222709644614, 0.5348099341802477, -0.6420521799177383, -0.24884846282491524, 0.005066118653868745, 0.3733341598326916, -0.4926407026772337, 0.10948172588511706, 0.24986168812819542, 0.7910023321122921, -0.27429282313374714, 0.2751141460374733, -0.6171071957620733, -0.004411770765388567, -0.6351091908575863, 0.8367660782795254, -0.13635585731754474, 0.6603762041966925, -0.16644739064327485, 0.8093351774867339, -0.19034956537818792, -0.33765099381775454, 0.14427754054549724, 0.6908872981882266, 0.7220286235061439, 0.19137623413666893, -0.8306767779591795, 0.19453321463834983, -0.5090925828337958, 0.46518689717993555, 0.7893025846334776, 0.0294679418262902, 0.20712702072041278, -0.8698643752343853, 0.08014945928561268, -0.7416264326591246, 0.22912569270066396, -0.2726993059103242, 0.5355160686614915, -0.902931727160895, -0.7803637637643119, 0.36804643024725525, 0.029307394167312983, 0.1432827432294983, 0.6874139879813108, -0.024524721700651453, 0.6202888442522898, 0.020487258589880097, 0.8534413864805024, 0.333855543079252, -0.7025463211318861, -0.27089364934848836, 0.7315498318881986, -0.29942957828896866, -0.6219484810876903, -0.0547573816684539, -0.21443765035574014, 0.23785985328818726, -0.12646741612097356, -0.47815568541100895, -0.17505557667448635, -0.16193193089539926, 0.8048437117522818, 0.9592325240809707, 0.24713767881382775, -0.8336317548582777, 0.46599743519199, 0.357370804957968, 0.6520457340504391, -0.3050973265778887, -0.8822398116837538, 0.2236436329105842, -0.751970763373456, 0.5190590583266628, 0.5888466351532844, -0.18274642650020412, 0.8875950117660911, -0.6524404124894483, 0.8851716994539605]",rhc,relu,False,False,100,[10],0.1,100,13
1359,59,0.16467890003696084,1.6396748394665712,2015.0,100,15,"[0.9340596780273533, 0.09446449835144466, 0.9453687199297687, 0.4296319873487293, 0.3954576491945416, -0.5678210088392472, 0.9525489095524835, -0.9875394895908203, -0.4940352752331121, -0.13041693519110842, 0.5587658435875049, -0.6046298507994938, 0.7259864711984445, 0.9668013543506255, -0.6723155171906026, 0.19466788786571843, -0.98202780466489, -0.22685743471274122, -0.9116798841370009, 0.9133059354284718, -0.1277067062404047, 0.8979546135631256, 0.5726119718701219, 0.7325785971633969, -0.6536691570081037, -0.850102825973786, 0.2014854427555386, -0.6640556325631923, 0.4667603350211398, -0.18311227969597055, 0.05581764683584067, 0.875143167901884, 0.043392244889916, -0.7836132342255386, -0.6835531856304011, 0.09040530340642561, 0.04880816013694678, 0.2752204882519873, -0.1970091128194542, 0.2996102180386846, -0.20619999419653467, 0.24783222709644614, 0.5348099341802477, -0.6420521799177383, -0.24884846282491524, 0.005066118653868745, 0.3733341598326916, -0.4926407026772337, 0.10948172588511706, 0.24986168812819542, 0.7910023321122921, -0.27429282313374714, 0.2751141460374733, -0.6171071957620733, -0.004411770765388567, -0.6351091908575863, 0.8367660782795254, -0.13635585731754474, 0.6603762041966925, -0.16644739064327485, 0.8093351774867339, -0.19034956537818792, -0.33765099381775454, 0.14427754054549724, 0.6908872981882266, 0.7220286235061439, 0.19137623413666893, -0.8306767779591795, 0.19453321463834983, -0.5090925828337958, 0.46518689717993555, 0.7893025846334776, 0.0294679418262902, 0.20712702072041278, -0.8698643752343853, 0.08014945928561268, -0.7416264326591246, 0.22912569270066396, -0.2726993059103242, 0.5355160686614915, -0.902931727160895, -0.7803637637643119, 0.36804643024725525, 0.029307394167312983, 0.1432827432294983, 0.6874139879813108, -0.024524721700651453, 0.6202888442522898, 0.020487258589880097, 0.8534413864805024, 0.333855543079252, -0.7025463211318861, -0.27089364934848836, 0.7315498318881986, -0.29942957828896866, -0.6219484810876903, -0.0547573816684539, -0.21443765035574014, 0.23785985328818726, -0.12646741612097356, -0.47815568541100895, -0.17505557667448635, -0.16193193089539926, 0.8048437117522818, 0.9592325240809707, 0.24713767881382775, -0.8336317548582777, 0.46599743519199, 0.357370804957968, 0.6520457340504391, -0.3050973265778887, -0.8822398116837538, 0.2236436329105842, -0.751970763373456, 0.5190590583266628, 0.5888466351532844, -0.18274642650020412, 0.8875950117660911, -0.6524404124894483, 0.8851716994539605]",rhc,relu,False,False,100,[10],0.1,100,13
1360,60,0.16787820006720722,1.6396748394665712,2016.0,100,15,"[0.9340596780273533, 0.09446449835144466, 0.9453687199297687, 0.4296319873487293, 0.3954576491945416, -0.5678210088392472, 0.9525489095524835, -0.9875394895908203, -0.4940352752331121, -0.13041693519110842, 0.5587658435875049, -0.6046298507994938, 0.7259864711984445, 0.9668013543506255, -0.6723155171906026, 0.19466788786571843, -0.98202780466489, -0.22685743471274122, -0.9116798841370009, 0.9133059354284718, -0.1277067062404047, 0.8979546135631256, 0.5726119718701219, 0.7325785971633969, -0.6536691570081037, -0.850102825973786, 0.2014854427555386, -0.6640556325631923, 0.4667603350211398, -0.18311227969597055, 0.05581764683584067, 0.875143167901884, 0.043392244889916, -0.7836132342255386, -0.6835531856304011, 0.09040530340642561, 0.04880816013694678, 0.2752204882519873, -0.1970091128194542, 0.2996102180386846, -0.20619999419653467, 0.24783222709644614, 0.5348099341802477, -0.6420521799177383, -0.24884846282491524, 0.005066118653868745, 0.3733341598326916, -0.4926407026772337, 0.10948172588511706, 0.24986168812819542, 0.7910023321122921, -0.27429282313374714, 0.2751141460374733, -0.6171071957620733, -0.004411770765388567, -0.6351091908575863, 0.8367660782795254, -0.13635585731754474, 0.6603762041966925, -0.16644739064327485, 0.8093351774867339, -0.19034956537818792, -0.33765099381775454, 0.14427754054549724, 0.6908872981882266, 0.7220286235061439, 0.19137623413666893, -0.8306767779591795, 0.19453321463834983, -0.5090925828337958, 0.46518689717993555, 0.7893025846334776, 0.0294679418262902, 0.20712702072041278, -0.8698643752343853, 0.08014945928561268, -0.7416264326591246, 0.22912569270066396, -0.2726993059103242, 0.5355160686614915, -0.902931727160895, -0.7803637637643119, 0.36804643024725525, 0.029307394167312983, 0.1432827432294983, 0.6874139879813108, -0.024524721700651453, 0.6202888442522898, 0.020487258589880097, 0.8534413864805024, 0.333855543079252, -0.7025463211318861, -0.27089364934848836, 0.7315498318881986, -0.29942957828896866, -0.6219484810876903, -0.0547573816684539, -0.21443765035574014, 0.23785985328818726, -0.12646741612097356, -0.47815568541100895, -0.17505557667448635, -0.16193193089539926, 0.8048437117522818, 0.9592325240809707, 0.24713767881382775, -0.8336317548582777, 0.46599743519199, 0.357370804957968, 0.6520457340504391, -0.3050973265778887, -0.8822398116837538, 0.2236436329105842, -0.751970763373456, 0.5190590583266628, 0.5888466351532844, -0.18274642650020412, 0.8875950117660911, -0.6524404124894483, 0.8851716994539605]",rhc,relu,False,False,100,[10],0.1,100,13
1361,61,0.16964800003916025,1.6272063329851654,2018.0,100,15,"[0.9340596780273533, 0.09446449835144466, 0.9453687199297687, 0.4296319873487293, 0.3954576491945416, -0.5678210088392472, 0.9525489095524835, -0.9875394895908203, -0.4940352752331121, -0.13041693519110842, 0.5587658435875049, -0.6046298507994938, 0.7259864711984445, 0.9668013543506255, -0.6723155171906026, 0.19466788786571843, -0.98202780466489, -0.22685743471274122, -0.9116798841370009, 0.9133059354284718, -0.1277067062404047, 0.8979546135631256, 0.5726119718701219, 0.7325785971633969, -0.6536691570081037, -0.850102825973786, 0.2014854427555386, -0.6640556325631923, 0.4667603350211398, -0.18311227969597055, 0.05581764683584067, 0.875143167901884, 0.043392244889916, -0.7836132342255386, -0.6835531856304011, 0.09040530340642561, 0.04880816013694678, 0.2752204882519873, -0.1970091128194542, 0.2996102180386846, -0.20619999419653467, 0.24783222709644614, 0.5348099341802477, -0.6420521799177383, -0.24884846282491524, 0.005066118653868745, 0.3733341598326916, -0.4926407026772337, 0.10948172588511706, 0.24986168812819542, 0.7910023321122921, -0.27429282313374714, 0.2751141460374733, -0.6171071957620733, -0.004411770765388567, -0.6351091908575863, 0.8367660782795254, -0.13635585731754474, 0.6603762041966925, -0.16644739064327485, 0.8093351774867339, -0.19034956537818792, -0.33765099381775454, 0.14427754054549724, 0.6908872981882266, 0.7220286235061439, 0.19137623413666893, -0.8306767779591795, 0.19453321463834983, -0.5090925828337958, 0.46518689717993555, 0.7893025846334776, 0.0294679418262902, 0.20712702072041278, -0.8698643752343853, 0.08014945928561268, -0.7416264326591246, 0.22912569270066396, -0.2726993059103242, 0.5355160686614915, -0.902931727160895, -0.7803637637643119, 0.36804643024725525, 0.029307394167312983, 0.1432827432294983, 0.6874139879813108, -0.024524721700651453, 0.6202888442522898, 0.020487258589880097, 0.8534413864805024, 0.333855543079252, -0.7025463211318861, -0.27089364934848836, 0.7315498318881986, -0.29942957828896866, -0.6219484810876903, -0.0547573816684539, -0.21443765035574014, 0.23785985328818726, -0.12646741612097356, -0.47815568541100895, -0.17505557667448635, -0.16193193089539926, 0.8048437117522818, 0.9592325240809707, 0.24713767881382775, -0.8336317548582777, 0.46599743519199, 0.357370804957968, 0.6520457340504391, -0.3050973265778887, -0.8822398116837538, 0.2236436329105842, -0.751970763373456, 0.5190590583266628, 0.5888466351532844, -0.18274642650020412, 0.8875950117660911, -0.6524404124894483, 0.8851716994539605]",rhc,relu,False,False,100,[10],0.1,100,13
1362,62,0.172666700091213,1.6272063329851654,2019.0,100,15,"[0.9340596780273533, 0.09446449835144466, 0.9453687199297687, 0.4296319873487293, 0.3954576491945416, -0.5678210088392472, 0.9525489095524835, -0.9875394895908203, -0.4940352752331121, -0.13041693519110842, 0.5587658435875049, -0.6046298507994938, 0.7259864711984445, 0.9668013543506255, -0.6723155171906026, 0.19466788786571843, -0.98202780466489, -0.22685743471274122, -0.9116798841370009, 0.9133059354284718, -0.1277067062404047, 0.8979546135631256, 0.5726119718701219, 0.7325785971633969, -0.6536691570081037, -0.850102825973786, 0.2014854427555386, -0.6640556325631923, 0.4667603350211398, -0.18311227969597055, 0.05581764683584067, 0.875143167901884, 0.043392244889916, -0.7836132342255386, -0.6835531856304011, 0.09040530340642561, 0.04880816013694678, 0.2752204882519873, -0.1970091128194542, 0.2996102180386846, -0.20619999419653467, 0.24783222709644614, 0.5348099341802477, -0.6420521799177383, -0.24884846282491524, 0.005066118653868745, 0.3733341598326916, -0.4926407026772337, 0.10948172588511706, 0.24986168812819542, 0.7910023321122921, -0.27429282313374714, 0.2751141460374733, -0.6171071957620733, -0.004411770765388567, -0.6351091908575863, 0.8367660782795254, -0.13635585731754474, 0.6603762041966925, -0.16644739064327485, 0.8093351774867339, -0.19034956537818792, -0.33765099381775454, 0.14427754054549724, 0.6908872981882266, 0.7220286235061439, 0.19137623413666893, -0.8306767779591795, 0.19453321463834983, -0.5090925828337958, 0.46518689717993555, 0.7893025846334776, 0.0294679418262902, 0.20712702072041278, -0.8698643752343853, 0.08014945928561268, -0.7416264326591246, 0.22912569270066396, -0.2726993059103242, 0.5355160686614915, -0.902931727160895, -0.7803637637643119, 0.36804643024725525, 0.029307394167312983, 0.1432827432294983, 0.6874139879813108, -0.024524721700651453, 0.6202888442522898, 0.020487258589880097, 0.8534413864805024, 0.333855543079252, -0.7025463211318861, -0.27089364934848836, 0.7315498318881986, -0.29942957828896866, -0.6219484810876903, -0.0547573816684539, -0.21443765035574014, 0.23785985328818726, -0.12646741612097356, -0.47815568541100895, -0.17505557667448635, -0.16193193089539926, 0.8048437117522818, 0.9592325240809707, 0.24713767881382775, -0.8336317548582777, 0.46599743519199, 0.357370804957968, 0.6520457340504391, -0.3050973265778887, -0.8822398116837538, 0.2236436329105842, -0.751970763373456, 0.5190590583266628, 0.5888466351532844, -0.18274642650020412, 0.8875950117660911, -0.6524404124894483, 0.8851716994539605]",rhc,relu,False,False,100,[10],0.1,100,13
1363,63,0.1759350000647828,1.5853810823169745,2021.0,100,15,"[0.9340596780273533, 0.09446449835144466, 0.9453687199297687, 0.4296319873487293, 0.3954576491945416, -0.5678210088392472, 0.9525489095524835, -0.9875394895908203, -0.4940352752331121, -0.13041693519110842, 0.5587658435875049, -0.6046298507994938, 0.7259864711984445, 0.9668013543506255, -0.6723155171906026, 0.19466788786571843, -0.98202780466489, -0.22685743471274122, -0.9116798841370009, 0.9133059354284718, -0.1277067062404047, 0.8979546135631256, 0.5726119718701219, 0.7325785971633969, -0.6536691570081037, -0.850102825973786, 0.2014854427555386, -0.6640556325631923, 0.4667603350211398, -0.18311227969597055, 0.05581764683584067, 0.875143167901884, 0.043392244889916, -0.7836132342255386, -0.6835531856304011, 0.09040530340642561, 0.04880816013694678, 0.2752204882519873, -0.1970091128194542, 0.2996102180386846, -0.20619999419653467, 0.24783222709644614, 0.5348099341802477, -0.6420521799177383, -0.24884846282491524, 0.005066118653868745, 0.3733341598326916, -0.4926407026772337, 0.10948172588511706, 0.24986168812819542, 0.7910023321122921, -0.27429282313374714, 0.2751141460374733, -0.6171071957620733, -0.004411770765388567, -0.6351091908575863, 0.8367660782795254, -0.13635585731754474, 0.6603762041966925, -0.16644739064327485, 0.8093351774867339, -0.19034956537818792, -0.33765099381775454, 0.14427754054549724, 0.6908872981882266, 0.7220286235061439, 0.19137623413666893, -0.8306767779591795, 0.19453321463834983, -0.5090925828337958, 0.46518689717993555, 0.7893025846334776, 0.0294679418262902, 0.20712702072041278, -0.8698643752343853, 0.08014945928561268, -0.7416264326591246, 0.22912569270066396, -0.2726993059103242, 0.5355160686614915, -0.902931727160895, -0.7803637637643119, 0.36804643024725525, 0.029307394167312983, 0.1432827432294983, 0.6874139879813108, -0.024524721700651453, 0.6202888442522898, 0.020487258589880097, 0.8534413864805024, 0.333855543079252, -0.7025463211318861, -0.27089364934848836, 0.7315498318881986, -0.29942957828896866, -0.6219484810876903, -0.0547573816684539, -0.21443765035574014, 0.23785985328818726, -0.12646741612097356, -0.47815568541100895, -0.17505557667448635, -0.16193193089539926, 0.8048437117522818, 0.9592325240809707, 0.24713767881382775, -0.8336317548582777, 0.46599743519199, 0.357370804957968, 0.6520457340504391, -0.3050973265778887, -0.8822398116837538, 0.2236436329105842, -0.751970763373456, 0.5190590583266628, 0.5888466351532844, -0.18274642650020412, 0.8875950117660911, -0.6524404124894483, 0.8851716994539605]",rhc,relu,False,False,100,[10],0.1,100,13
1364,64,0.17886750004254282,1.5853810823169745,2022.0,100,15,"[0.9340596780273533, 0.09446449835144466, 0.9453687199297687, 0.4296319873487293, 0.3954576491945416, -0.5678210088392472, 0.9525489095524835, -0.9875394895908203, -0.4940352752331121, -0.13041693519110842, 0.5587658435875049, -0.6046298507994938, 0.7259864711984445, 0.9668013543506255, -0.6723155171906026, 0.19466788786571843, -0.98202780466489, -0.22685743471274122, -0.9116798841370009, 0.9133059354284718, -0.1277067062404047, 0.8979546135631256, 0.5726119718701219, 0.7325785971633969, -0.6536691570081037, -0.850102825973786, 0.2014854427555386, -0.6640556325631923, 0.4667603350211398, -0.18311227969597055, 0.05581764683584067, 0.875143167901884, 0.043392244889916, -0.7836132342255386, -0.6835531856304011, 0.09040530340642561, 0.04880816013694678, 0.2752204882519873, -0.1970091128194542, 0.2996102180386846, -0.20619999419653467, 0.24783222709644614, 0.5348099341802477, -0.6420521799177383, -0.24884846282491524, 0.005066118653868745, 0.3733341598326916, -0.4926407026772337, 0.10948172588511706, 0.24986168812819542, 0.7910023321122921, -0.27429282313374714, 0.2751141460374733, -0.6171071957620733, -0.004411770765388567, -0.6351091908575863, 0.8367660782795254, -0.13635585731754474, 0.6603762041966925, -0.16644739064327485, 0.8093351774867339, -0.19034956537818792, -0.33765099381775454, 0.14427754054549724, 0.6908872981882266, 0.7220286235061439, 0.19137623413666893, -0.8306767779591795, 0.19453321463834983, -0.5090925828337958, 0.46518689717993555, 0.7893025846334776, 0.0294679418262902, 0.20712702072041278, -0.8698643752343853, 0.08014945928561268, -0.7416264326591246, 0.22912569270066396, -0.2726993059103242, 0.5355160686614915, -0.902931727160895, -0.7803637637643119, 0.36804643024725525, 0.029307394167312983, 0.1432827432294983, 0.6874139879813108, -0.024524721700651453, 0.6202888442522898, 0.020487258589880097, 0.8534413864805024, 0.333855543079252, -0.7025463211318861, -0.27089364934848836, 0.7315498318881986, -0.29942957828896866, -0.6219484810876903, -0.0547573816684539, -0.21443765035574014, 0.23785985328818726, -0.12646741612097356, -0.47815568541100895, -0.17505557667448635, -0.16193193089539926, 0.8048437117522818, 0.9592325240809707, 0.24713767881382775, -0.8336317548582777, 0.46599743519199, 0.357370804957968, 0.6520457340504391, -0.3050973265778887, -0.8822398116837538, 0.2236436329105842, -0.751970763373456, 0.5190590583266628, 0.5888466351532844, -0.18274642650020412, 0.8875950117660911, -0.6524404124894483, 0.8851716994539605]",rhc,relu,False,False,100,[10],0.1,100,13
1365,65,0.1803774000145495,1.5853810823169745,2023.0,100,15,"[0.9340596780273533, 0.09446449835144466, 0.9453687199297687, 0.4296319873487293, 0.3954576491945416, -0.5678210088392472, 0.9525489095524835, -0.9875394895908203, -0.4940352752331121, -0.13041693519110842, 0.5587658435875049, -0.6046298507994938, 0.7259864711984445, 0.9668013543506255, -0.6723155171906026, 0.19466788786571843, -0.98202780466489, -0.22685743471274122, -0.9116798841370009, 0.9133059354284718, -0.1277067062404047, 0.8979546135631256, 0.5726119718701219, 0.7325785971633969, -0.6536691570081037, -0.850102825973786, 0.2014854427555386, -0.6640556325631923, 0.4667603350211398, -0.18311227969597055, 0.05581764683584067, 0.875143167901884, 0.043392244889916, -0.7836132342255386, -0.6835531856304011, 0.09040530340642561, 0.04880816013694678, 0.2752204882519873, -0.1970091128194542, 0.2996102180386846, -0.20619999419653467, 0.24783222709644614, 0.5348099341802477, -0.6420521799177383, -0.24884846282491524, 0.005066118653868745, 0.3733341598326916, -0.4926407026772337, 0.10948172588511706, 0.24986168812819542, 0.7910023321122921, -0.27429282313374714, 0.2751141460374733, -0.6171071957620733, -0.004411770765388567, -0.6351091908575863, 0.8367660782795254, -0.13635585731754474, 0.6603762041966925, -0.16644739064327485, 0.8093351774867339, -0.19034956537818792, -0.33765099381775454, 0.14427754054549724, 0.6908872981882266, 0.7220286235061439, 0.19137623413666893, -0.8306767779591795, 0.19453321463834983, -0.5090925828337958, 0.46518689717993555, 0.7893025846334776, 0.0294679418262902, 0.20712702072041278, -0.8698643752343853, 0.08014945928561268, -0.7416264326591246, 0.22912569270066396, -0.2726993059103242, 0.5355160686614915, -0.902931727160895, -0.7803637637643119, 0.36804643024725525, 0.029307394167312983, 0.1432827432294983, 0.6874139879813108, -0.024524721700651453, 0.6202888442522898, 0.020487258589880097, 0.8534413864805024, 0.333855543079252, -0.7025463211318861, -0.27089364934848836, 0.7315498318881986, -0.29942957828896866, -0.6219484810876903, -0.0547573816684539, -0.21443765035574014, 0.23785985328818726, -0.12646741612097356, -0.47815568541100895, -0.17505557667448635, -0.16193193089539926, 0.8048437117522818, 0.9592325240809707, 0.24713767881382775, -0.8336317548582777, 0.46599743519199, 0.357370804957968, 0.6520457340504391, -0.3050973265778887, -0.8822398116837538, 0.2236436329105842, -0.751970763373456, 0.5190590583266628, 0.5888466351532844, -0.18274642650020412, 0.8875950117660911, -0.6524404124894483, 0.8851716994539605]",rhc,relu,False,False,100,[10],0.1,100,13
1366,66,0.18194050004240125,1.5853810823169745,2024.0,100,15,"[0.9340596780273533, 0.09446449835144466, 0.9453687199297687, 0.4296319873487293, 0.3954576491945416, -0.5678210088392472, 0.9525489095524835, -0.9875394895908203, -0.4940352752331121, -0.13041693519110842, 0.5587658435875049, -0.6046298507994938, 0.7259864711984445, 0.9668013543506255, -0.6723155171906026, 0.19466788786571843, -0.98202780466489, -0.22685743471274122, -0.9116798841370009, 0.9133059354284718, -0.1277067062404047, 0.8979546135631256, 0.5726119718701219, 0.7325785971633969, -0.6536691570081037, -0.850102825973786, 0.2014854427555386, -0.6640556325631923, 0.4667603350211398, -0.18311227969597055, 0.05581764683584067, 0.875143167901884, 0.043392244889916, -0.7836132342255386, -0.6835531856304011, 0.09040530340642561, 0.04880816013694678, 0.2752204882519873, -0.1970091128194542, 0.2996102180386846, -0.20619999419653467, 0.24783222709644614, 0.5348099341802477, -0.6420521799177383, -0.24884846282491524, 0.005066118653868745, 0.3733341598326916, -0.4926407026772337, 0.10948172588511706, 0.24986168812819542, 0.7910023321122921, -0.27429282313374714, 0.2751141460374733, -0.6171071957620733, -0.004411770765388567, -0.6351091908575863, 0.8367660782795254, -0.13635585731754474, 0.6603762041966925, -0.16644739064327485, 0.8093351774867339, -0.19034956537818792, -0.33765099381775454, 0.14427754054549724, 0.6908872981882266, 0.7220286235061439, 0.19137623413666893, -0.8306767779591795, 0.19453321463834983, -0.5090925828337958, 0.46518689717993555, 0.7893025846334776, 0.0294679418262902, 0.20712702072041278, -0.8698643752343853, 0.08014945928561268, -0.7416264326591246, 0.22912569270066396, -0.2726993059103242, 0.5355160686614915, -0.902931727160895, -0.7803637637643119, 0.36804643024725525, 0.029307394167312983, 0.1432827432294983, 0.6874139879813108, -0.024524721700651453, 0.6202888442522898, 0.020487258589880097, 0.8534413864805024, 0.333855543079252, -0.7025463211318861, -0.27089364934848836, 0.7315498318881986, -0.29942957828896866, -0.6219484810876903, -0.0547573816684539, -0.21443765035574014, 0.23785985328818726, -0.12646741612097356, -0.47815568541100895, -0.17505557667448635, -0.16193193089539926, 0.8048437117522818, 0.9592325240809707, 0.24713767881382775, -0.8336317548582777, 0.46599743519199, 0.357370804957968, 0.6520457340504391, -0.3050973265778887, -0.8822398116837538, 0.2236436329105842, -0.751970763373456, 0.5190590583266628, 0.5888466351532844, -0.18274642650020412, 0.8875950117660911, -0.6524404124894483, 0.8851716994539605]",rhc,relu,False,False,100,[10],0.1,100,13
1367,67,0.1847929999930784,1.5831190995303122,2026.0,100,15,"[0.9340596780273533, 0.09446449835144466, 0.9453687199297687, 0.4296319873487293, 0.3954576491945416, -0.5678210088392472, 0.9525489095524835, -0.9875394895908203, -0.4940352752331121, -0.13041693519110842, 0.5587658435875049, -0.6046298507994938, 0.7259864711984445, 0.9668013543506255, -0.6723155171906026, 0.19466788786571843, -0.98202780466489, -0.22685743471274122, -0.9116798841370009, 0.9133059354284718, -0.1277067062404047, 0.8979546135631256, 0.5726119718701219, 0.7325785971633969, -0.6536691570081037, -0.850102825973786, 0.2014854427555386, -0.6640556325631923, 0.4667603350211398, -0.18311227969597055, 0.05581764683584067, 0.875143167901884, 0.043392244889916, -0.7836132342255386, -0.6835531856304011, 0.09040530340642561, 0.04880816013694678, 0.2752204882519873, -0.1970091128194542, 0.2996102180386846, -0.20619999419653467, 0.24783222709644614, 0.5348099341802477, -0.6420521799177383, -0.24884846282491524, 0.005066118653868745, 0.3733341598326916, -0.4926407026772337, 0.10948172588511706, 0.24986168812819542, 0.7910023321122921, -0.27429282313374714, 0.2751141460374733, -0.6171071957620733, -0.004411770765388567, -0.6351091908575863, 0.8367660782795254, -0.13635585731754474, 0.6603762041966925, -0.16644739064327485, 0.8093351774867339, -0.19034956537818792, -0.33765099381775454, 0.14427754054549724, 0.6908872981882266, 0.7220286235061439, 0.19137623413666893, -0.8306767779591795, 0.19453321463834983, -0.5090925828337958, 0.46518689717993555, 0.7893025846334776, 0.0294679418262902, 0.20712702072041278, -0.8698643752343853, 0.08014945928561268, -0.7416264326591246, 0.22912569270066396, -0.2726993059103242, 0.5355160686614915, -0.902931727160895, -0.7803637637643119, 0.36804643024725525, 0.029307394167312983, 0.1432827432294983, 0.6874139879813108, -0.024524721700651453, 0.6202888442522898, 0.020487258589880097, 0.8534413864805024, 0.333855543079252, -0.7025463211318861, -0.27089364934848836, 0.7315498318881986, -0.29942957828896866, -0.6219484810876903, -0.0547573816684539, -0.21443765035574014, 0.23785985328818726, -0.12646741612097356, -0.47815568541100895, -0.17505557667448635, -0.16193193089539926, 0.8048437117522818, 0.9592325240809707, 0.24713767881382775, -0.8336317548582777, 0.46599743519199, 0.357370804957968, 0.6520457340504391, -0.3050973265778887, -0.8822398116837538, 0.2236436329105842, -0.751970763373456, 0.5190590583266628, 0.5888466351532844, -0.18274642650020412, 0.8875950117660911, -0.6524404124894483, 0.8851716994539605]",rhc,relu,False,False,100,[10],0.1,100,13
1368,68,0.18640930007677525,1.5831190995303122,2027.0,100,15,"[0.9340596780273533, 0.09446449835144466, 0.9453687199297687, 0.4296319873487293, 0.3954576491945416, -0.5678210088392472, 0.9525489095524835, -0.9875394895908203, -0.4940352752331121, -0.13041693519110842, 0.5587658435875049, -0.6046298507994938, 0.7259864711984445, 0.9668013543506255, -0.6723155171906026, 0.19466788786571843, -0.98202780466489, -0.22685743471274122, -0.9116798841370009, 0.9133059354284718, -0.1277067062404047, 0.8979546135631256, 0.5726119718701219, 0.7325785971633969, -0.6536691570081037, -0.850102825973786, 0.2014854427555386, -0.6640556325631923, 0.4667603350211398, -0.18311227969597055, 0.05581764683584067, 0.875143167901884, 0.043392244889916, -0.7836132342255386, -0.6835531856304011, 0.09040530340642561, 0.04880816013694678, 0.2752204882519873, -0.1970091128194542, 0.2996102180386846, -0.20619999419653467, 0.24783222709644614, 0.5348099341802477, -0.6420521799177383, -0.24884846282491524, 0.005066118653868745, 0.3733341598326916, -0.4926407026772337, 0.10948172588511706, 0.24986168812819542, 0.7910023321122921, -0.27429282313374714, 0.2751141460374733, -0.6171071957620733, -0.004411770765388567, -0.6351091908575863, 0.8367660782795254, -0.13635585731754474, 0.6603762041966925, -0.16644739064327485, 0.8093351774867339, -0.19034956537818792, -0.33765099381775454, 0.14427754054549724, 0.6908872981882266, 0.7220286235061439, 0.19137623413666893, -0.8306767779591795, 0.19453321463834983, -0.5090925828337958, 0.46518689717993555, 0.7893025846334776, 0.0294679418262902, 0.20712702072041278, -0.8698643752343853, 0.08014945928561268, -0.7416264326591246, 0.22912569270066396, -0.2726993059103242, 0.5355160686614915, -0.902931727160895, -0.7803637637643119, 0.36804643024725525, 0.029307394167312983, 0.1432827432294983, 0.6874139879813108, -0.024524721700651453, 0.6202888442522898, 0.020487258589880097, 0.8534413864805024, 0.333855543079252, -0.7025463211318861, -0.27089364934848836, 0.7315498318881986, -0.29942957828896866, -0.6219484810876903, -0.0547573816684539, -0.21443765035574014, 0.23785985328818726, -0.12646741612097356, -0.47815568541100895, -0.17505557667448635, -0.16193193089539926, 0.8048437117522818, 0.9592325240809707, 0.24713767881382775, -0.8336317548582777, 0.46599743519199, 0.357370804957968, 0.6520457340504391, -0.3050973265778887, -0.8822398116837538, 0.2236436329105842, -0.751970763373456, 0.5190590583266628, 0.5888466351532844, -0.18274642650020412, 0.8875950117660911, -0.6524404124894483, 0.8851716994539605]",rhc,relu,False,False,100,[10],0.1,100,13
1369,69,0.18797269999049604,1.5790679737880442,2029.0,100,15,"[0.9340596780273533, 0.09446449835144466, 0.9453687199297687, 0.4296319873487293, 0.3954576491945416, -0.5678210088392472, 0.9525489095524835, -0.9875394895908203, -0.4940352752331121, -0.13041693519110842, 0.5587658435875049, -0.6046298507994938, 0.7259864711984445, 0.9668013543506255, -0.6723155171906026, 0.19466788786571843, -0.98202780466489, -0.22685743471274122, -0.9116798841370009, 0.9133059354284718, -0.1277067062404047, 0.8979546135631256, 0.5726119718701219, 0.7325785971633969, -0.6536691570081037, -0.850102825973786, 0.2014854427555386, -0.6640556325631923, 0.4667603350211398, -0.18311227969597055, 0.05581764683584067, 0.875143167901884, 0.043392244889916, -0.7836132342255386, -0.6835531856304011, 0.09040530340642561, 0.04880816013694678, 0.2752204882519873, -0.1970091128194542, 0.2996102180386846, -0.20619999419653467, 0.24783222709644614, 0.5348099341802477, -0.6420521799177383, -0.24884846282491524, 0.005066118653868745, 0.3733341598326916, -0.4926407026772337, 0.10948172588511706, 0.24986168812819542, 0.7910023321122921, -0.27429282313374714, 0.2751141460374733, -0.6171071957620733, -0.004411770765388567, -0.6351091908575863, 0.8367660782795254, -0.13635585731754474, 0.6603762041966925, -0.16644739064327485, 0.8093351774867339, -0.19034956537818792, -0.33765099381775454, 0.14427754054549724, 0.6908872981882266, 0.7220286235061439, 0.19137623413666893, -0.8306767779591795, 0.19453321463834983, -0.5090925828337958, 0.46518689717993555, 0.7893025846334776, 0.0294679418262902, 0.20712702072041278, -0.8698643752343853, 0.08014945928561268, -0.7416264326591246, 0.22912569270066396, -0.2726993059103242, 0.5355160686614915, -0.902931727160895, -0.7803637637643119, 0.36804643024725525, 0.029307394167312983, 0.1432827432294983, 0.6874139879813108, -0.024524721700651453, 0.6202888442522898, 0.020487258589880097, 0.8534413864805024, 0.333855543079252, -0.7025463211318861, -0.27089364934848836, 0.7315498318881986, -0.29942957828896866, -0.6219484810876903, -0.0547573816684539, -0.21443765035574014, 0.23785985328818726, -0.12646741612097356, -0.47815568541100895, -0.17505557667448635, -0.16193193089539926, 0.8048437117522818, 0.9592325240809707, 0.24713767881382775, -0.8336317548582777, 0.46599743519199, 0.357370804957968, 0.6520457340504391, -0.3050973265778887, -0.8822398116837538, 0.2236436329105842, -0.751970763373456, 0.5190590583266628, 0.5888466351532844, -0.18274642650020412, 0.8875950117660911, -0.6524404124894483, 0.8851716994539605]",rhc,relu,False,False,100,[10],0.1,100,13
1370,70,0.1908457000972703,1.5790679737880442,2030.0,100,15,"[0.9340596780273533, 0.09446449835144466, 0.9453687199297687, 0.4296319873487293, 0.3954576491945416, -0.5678210088392472, 0.9525489095524835, -0.9875394895908203, -0.4940352752331121, -0.13041693519110842, 0.5587658435875049, -0.6046298507994938, 0.7259864711984445, 0.9668013543506255, -0.6723155171906026, 0.19466788786571843, -0.98202780466489, -0.22685743471274122, -0.9116798841370009, 0.9133059354284718, -0.1277067062404047, 0.8979546135631256, 0.5726119718701219, 0.7325785971633969, -0.6536691570081037, -0.850102825973786, 0.2014854427555386, -0.6640556325631923, 0.4667603350211398, -0.18311227969597055, 0.05581764683584067, 0.875143167901884, 0.043392244889916, -0.7836132342255386, -0.6835531856304011, 0.09040530340642561, 0.04880816013694678, 0.2752204882519873, -0.1970091128194542, 0.2996102180386846, -0.20619999419653467, 0.24783222709644614, 0.5348099341802477, -0.6420521799177383, -0.24884846282491524, 0.005066118653868745, 0.3733341598326916, -0.4926407026772337, 0.10948172588511706, 0.24986168812819542, 0.7910023321122921, -0.27429282313374714, 0.2751141460374733, -0.6171071957620733, -0.004411770765388567, -0.6351091908575863, 0.8367660782795254, -0.13635585731754474, 0.6603762041966925, -0.16644739064327485, 0.8093351774867339, -0.19034956537818792, -0.33765099381775454, 0.14427754054549724, 0.6908872981882266, 0.7220286235061439, 0.19137623413666893, -0.8306767779591795, 0.19453321463834983, -0.5090925828337958, 0.46518689717993555, 0.7893025846334776, 0.0294679418262902, 0.20712702072041278, -0.8698643752343853, 0.08014945928561268, -0.7416264326591246, 0.22912569270066396, -0.2726993059103242, 0.5355160686614915, -0.902931727160895, -0.7803637637643119, 0.36804643024725525, 0.029307394167312983, 0.1432827432294983, 0.6874139879813108, -0.024524721700651453, 0.6202888442522898, 0.020487258589880097, 0.8534413864805024, 0.333855543079252, -0.7025463211318861, -0.27089364934848836, 0.7315498318881986, -0.29942957828896866, -0.6219484810876903, -0.0547573816684539, -0.21443765035574014, 0.23785985328818726, -0.12646741612097356, -0.47815568541100895, -0.17505557667448635, -0.16193193089539926, 0.8048437117522818, 0.9592325240809707, 0.24713767881382775, -0.8336317548582777, 0.46599743519199, 0.357370804957968, 0.6520457340504391, -0.3050973265778887, -0.8822398116837538, 0.2236436329105842, -0.751970763373456, 0.5190590583266628, 0.5888466351532844, -0.18274642650020412, 0.8875950117660911, -0.6524404124894483, 0.8851716994539605]",rhc,relu,False,False,100,[10],0.1,100,13
1371,71,0.1941902000689879,1.5790679737880442,2031.0,100,15,"[0.9340596780273533, 0.09446449835144466, 0.9453687199297687, 0.4296319873487293, 0.3954576491945416, -0.5678210088392472, 0.9525489095524835, -0.9875394895908203, -0.4940352752331121, -0.13041693519110842, 0.5587658435875049, -0.6046298507994938, 0.7259864711984445, 0.9668013543506255, -0.6723155171906026, 0.19466788786571843, -0.98202780466489, -0.22685743471274122, -0.9116798841370009, 0.9133059354284718, -0.1277067062404047, 0.8979546135631256, 0.5726119718701219, 0.7325785971633969, -0.6536691570081037, -0.850102825973786, 0.2014854427555386, -0.6640556325631923, 0.4667603350211398, -0.18311227969597055, 0.05581764683584067, 0.875143167901884, 0.043392244889916, -0.7836132342255386, -0.6835531856304011, 0.09040530340642561, 0.04880816013694678, 0.2752204882519873, -0.1970091128194542, 0.2996102180386846, -0.20619999419653467, 0.24783222709644614, 0.5348099341802477, -0.6420521799177383, -0.24884846282491524, 0.005066118653868745, 0.3733341598326916, -0.4926407026772337, 0.10948172588511706, 0.24986168812819542, 0.7910023321122921, -0.27429282313374714, 0.2751141460374733, -0.6171071957620733, -0.004411770765388567, -0.6351091908575863, 0.8367660782795254, -0.13635585731754474, 0.6603762041966925, -0.16644739064327485, 0.8093351774867339, -0.19034956537818792, -0.33765099381775454, 0.14427754054549724, 0.6908872981882266, 0.7220286235061439, 0.19137623413666893, -0.8306767779591795, 0.19453321463834983, -0.5090925828337958, 0.46518689717993555, 0.7893025846334776, 0.0294679418262902, 0.20712702072041278, -0.8698643752343853, 0.08014945928561268, -0.7416264326591246, 0.22912569270066396, -0.2726993059103242, 0.5355160686614915, -0.902931727160895, -0.7803637637643119, 0.36804643024725525, 0.029307394167312983, 0.1432827432294983, 0.6874139879813108, -0.024524721700651453, 0.6202888442522898, 0.020487258589880097, 0.8534413864805024, 0.333855543079252, -0.7025463211318861, -0.27089364934848836, 0.7315498318881986, -0.29942957828896866, -0.6219484810876903, -0.0547573816684539, -0.21443765035574014, 0.23785985328818726, -0.12646741612097356, -0.47815568541100895, -0.17505557667448635, -0.16193193089539926, 0.8048437117522818, 0.9592325240809707, 0.24713767881382775, -0.8336317548582777, 0.46599743519199, 0.357370804957968, 0.6520457340504391, -0.3050973265778887, -0.8822398116837538, 0.2236436329105842, -0.751970763373456, 0.5190590583266628, 0.5888466351532844, -0.18274642650020412, 0.8875950117660911, -0.6524404124894483, 0.8851716994539605]",rhc,relu,False,False,100,[10],0.1,100,13
1372,72,0.19706690008752048,1.57813072195185,2033.0,100,15,"[0.9340596780273533, 0.09446449835144466, 0.9453687199297687, 0.4296319873487293, 0.3954576491945416, -0.5678210088392472, 0.9525489095524835, -0.9875394895908203, -0.4940352752331121, -0.13041693519110842, 0.5587658435875049, -0.6046298507994938, 0.7259864711984445, 0.9668013543506255, -0.6723155171906026, 0.19466788786571843, -0.98202780466489, -0.22685743471274122, -0.9116798841370009, 0.9133059354284718, -0.1277067062404047, 0.8979546135631256, 0.5726119718701219, 0.7325785971633969, -0.6536691570081037, -0.850102825973786, 0.2014854427555386, -0.6640556325631923, 0.4667603350211398, -0.18311227969597055, 0.05581764683584067, 0.875143167901884, 0.043392244889916, -0.7836132342255386, -0.6835531856304011, 0.09040530340642561, 0.04880816013694678, 0.2752204882519873, -0.1970091128194542, 0.2996102180386846, -0.20619999419653467, 0.24783222709644614, 0.5348099341802477, -0.6420521799177383, -0.24884846282491524, 0.005066118653868745, 0.3733341598326916, -0.4926407026772337, 0.10948172588511706, 0.24986168812819542, 0.7910023321122921, -0.27429282313374714, 0.2751141460374733, -0.6171071957620733, -0.004411770765388567, -0.6351091908575863, 0.8367660782795254, -0.13635585731754474, 0.6603762041966925, -0.16644739064327485, 0.8093351774867339, -0.19034956537818792, -0.33765099381775454, 0.14427754054549724, 0.6908872981882266, 0.7220286235061439, 0.19137623413666893, -0.8306767779591795, 0.19453321463834983, -0.5090925828337958, 0.46518689717993555, 0.7893025846334776, 0.0294679418262902, 0.20712702072041278, -0.8698643752343853, 0.08014945928561268, -0.7416264326591246, 0.22912569270066396, -0.2726993059103242, 0.5355160686614915, -0.902931727160895, -0.7803637637643119, 0.36804643024725525, 0.029307394167312983, 0.1432827432294983, 0.6874139879813108, -0.024524721700651453, 0.6202888442522898, 0.020487258589880097, 0.8534413864805024, 0.333855543079252, -0.7025463211318861, -0.27089364934848836, 0.7315498318881986, -0.29942957828896866, -0.6219484810876903, -0.0547573816684539, -0.21443765035574014, 0.23785985328818726, -0.12646741612097356, -0.47815568541100895, -0.17505557667448635, -0.16193193089539926, 0.8048437117522818, 0.9592325240809707, 0.24713767881382775, -0.8336317548582777, 0.46599743519199, 0.357370804957968, 0.6520457340504391, -0.3050973265778887, -0.8822398116837538, 0.2236436329105842, -0.751970763373456, 0.5190590583266628, 0.5888466351532844, -0.18274642650020412, 0.8875950117660911, -0.6524404124894483, 0.8851716994539605]",rhc,relu,False,False,100,[10],0.1,100,13
1373,73,0.19875830004457384,1.57813072195185,2034.0,100,15,"[0.9340596780273533, 0.09446449835144466, 0.9453687199297687, 0.4296319873487293, 0.3954576491945416, -0.5678210088392472, 0.9525489095524835, -0.9875394895908203, -0.4940352752331121, -0.13041693519110842, 0.5587658435875049, -0.6046298507994938, 0.7259864711984445, 0.9668013543506255, -0.6723155171906026, 0.19466788786571843, -0.98202780466489, -0.22685743471274122, -0.9116798841370009, 0.9133059354284718, -0.1277067062404047, 0.8979546135631256, 0.5726119718701219, 0.7325785971633969, -0.6536691570081037, -0.850102825973786, 0.2014854427555386, -0.6640556325631923, 0.4667603350211398, -0.18311227969597055, 0.05581764683584067, 0.875143167901884, 0.043392244889916, -0.7836132342255386, -0.6835531856304011, 0.09040530340642561, 0.04880816013694678, 0.2752204882519873, -0.1970091128194542, 0.2996102180386846, -0.20619999419653467, 0.24783222709644614, 0.5348099341802477, -0.6420521799177383, -0.24884846282491524, 0.005066118653868745, 0.3733341598326916, -0.4926407026772337, 0.10948172588511706, 0.24986168812819542, 0.7910023321122921, -0.27429282313374714, 0.2751141460374733, -0.6171071957620733, -0.004411770765388567, -0.6351091908575863, 0.8367660782795254, -0.13635585731754474, 0.6603762041966925, -0.16644739064327485, 0.8093351774867339, -0.19034956537818792, -0.33765099381775454, 0.14427754054549724, 0.6908872981882266, 0.7220286235061439, 0.19137623413666893, -0.8306767779591795, 0.19453321463834983, -0.5090925828337958, 0.46518689717993555, 0.7893025846334776, 0.0294679418262902, 0.20712702072041278, -0.8698643752343853, 0.08014945928561268, -0.7416264326591246, 0.22912569270066396, -0.2726993059103242, 0.5355160686614915, -0.902931727160895, -0.7803637637643119, 0.36804643024725525, 0.029307394167312983, 0.1432827432294983, 0.6874139879813108, -0.024524721700651453, 0.6202888442522898, 0.020487258589880097, 0.8534413864805024, 0.333855543079252, -0.7025463211318861, -0.27089364934848836, 0.7315498318881986, -0.29942957828896866, -0.6219484810876903, -0.0547573816684539, -0.21443765035574014, 0.23785985328818726, -0.12646741612097356, -0.47815568541100895, -0.17505557667448635, -0.16193193089539926, 0.8048437117522818, 0.9592325240809707, 0.24713767881382775, -0.8336317548582777, 0.46599743519199, 0.357370804957968, 0.6520457340504391, -0.3050973265778887, -0.8822398116837538, 0.2236436329105842, -0.751970763373456, 0.5190590583266628, 0.5888466351532844, -0.18274642650020412, 0.8875950117660911, -0.6524404124894483, 0.8851716994539605]",rhc,relu,False,False,100,[10],0.1,100,13
1374,74,0.20192090002819896,1.5369132568230919,2036.0,100,15,"[0.9340596780273533, 0.09446449835144466, 0.9453687199297687, 0.4296319873487293, 0.3954576491945416, -0.5678210088392472, 0.9525489095524835, -0.9875394895908203, -0.4940352752331121, -0.13041693519110842, 0.5587658435875049, -0.6046298507994938, 0.7259864711984445, 0.9668013543506255, -0.6723155171906026, 0.19466788786571843, -0.98202780466489, -0.22685743471274122, -0.9116798841370009, 0.9133059354284718, -0.1277067062404047, 0.8979546135631256, 0.5726119718701219, 0.7325785971633969, -0.6536691570081037, -0.850102825973786, 0.2014854427555386, -0.6640556325631923, 0.4667603350211398, -0.18311227969597055, 0.05581764683584067, 0.875143167901884, 0.043392244889916, -0.7836132342255386, -0.6835531856304011, 0.09040530340642561, 0.04880816013694678, 0.2752204882519873, -0.1970091128194542, 0.2996102180386846, -0.20619999419653467, 0.24783222709644614, 0.5348099341802477, -0.6420521799177383, -0.24884846282491524, 0.005066118653868745, 0.3733341598326916, -0.4926407026772337, 0.10948172588511706, 0.24986168812819542, 0.7910023321122921, -0.27429282313374714, 0.2751141460374733, -0.6171071957620733, -0.004411770765388567, -0.6351091908575863, 0.8367660782795254, -0.13635585731754474, 0.6603762041966925, -0.16644739064327485, 0.8093351774867339, -0.19034956537818792, -0.33765099381775454, 0.14427754054549724, 0.6908872981882266, 0.7220286235061439, 0.19137623413666893, -0.8306767779591795, 0.19453321463834983, -0.5090925828337958, 0.46518689717993555, 0.7893025846334776, 0.0294679418262902, 0.20712702072041278, -0.8698643752343853, 0.08014945928561268, -0.7416264326591246, 0.22912569270066396, -0.2726993059103242, 0.5355160686614915, -0.902931727160895, -0.7803637637643119, 0.36804643024725525, 0.029307394167312983, 0.1432827432294983, 0.6874139879813108, -0.024524721700651453, 0.6202888442522898, 0.020487258589880097, 0.8534413864805024, 0.333855543079252, -0.7025463211318861, -0.27089364934848836, 0.7315498318881986, -0.29942957828896866, -0.6219484810876903, -0.0547573816684539, -0.21443765035574014, 0.23785985328818726, -0.12646741612097356, -0.47815568541100895, -0.17505557667448635, -0.16193193089539926, 0.8048437117522818, 0.9592325240809707, 0.24713767881382775, -0.8336317548582777, 0.46599743519199, 0.357370804957968, 0.6520457340504391, -0.3050973265778887, -0.8822398116837538, 0.2236436329105842, -0.751970763373456, 0.5190590583266628, 0.5888466351532844, -0.18274642650020412, 0.8875950117660911, -0.6524404124894483, 0.8851716994539605]",rhc,relu,False,False,100,[10],0.1,100,13
1375,75,0.2034730000887066,1.5369132568230919,2037.0,100,15,"[0.9340596780273533, 0.09446449835144466, 0.9453687199297687, 0.4296319873487293, 0.3954576491945416, -0.5678210088392472, 0.9525489095524835, -0.9875394895908203, -0.4940352752331121, -0.13041693519110842, 0.5587658435875049, -0.6046298507994938, 0.7259864711984445, 0.9668013543506255, -0.6723155171906026, 0.19466788786571843, -0.98202780466489, -0.22685743471274122, -0.9116798841370009, 0.9133059354284718, -0.1277067062404047, 0.8979546135631256, 0.5726119718701219, 0.7325785971633969, -0.6536691570081037, -0.850102825973786, 0.2014854427555386, -0.6640556325631923, 0.4667603350211398, -0.18311227969597055, 0.05581764683584067, 0.875143167901884, 0.043392244889916, -0.7836132342255386, -0.6835531856304011, 0.09040530340642561, 0.04880816013694678, 0.2752204882519873, -0.1970091128194542, 0.2996102180386846, -0.20619999419653467, 0.24783222709644614, 0.5348099341802477, -0.6420521799177383, -0.24884846282491524, 0.005066118653868745, 0.3733341598326916, -0.4926407026772337, 0.10948172588511706, 0.24986168812819542, 0.7910023321122921, -0.27429282313374714, 0.2751141460374733, -0.6171071957620733, -0.004411770765388567, -0.6351091908575863, 0.8367660782795254, -0.13635585731754474, 0.6603762041966925, -0.16644739064327485, 0.8093351774867339, -0.19034956537818792, -0.33765099381775454, 0.14427754054549724, 0.6908872981882266, 0.7220286235061439, 0.19137623413666893, -0.8306767779591795, 0.19453321463834983, -0.5090925828337958, 0.46518689717993555, 0.7893025846334776, 0.0294679418262902, 0.20712702072041278, -0.8698643752343853, 0.08014945928561268, -0.7416264326591246, 0.22912569270066396, -0.2726993059103242, 0.5355160686614915, -0.902931727160895, -0.7803637637643119, 0.36804643024725525, 0.029307394167312983, 0.1432827432294983, 0.6874139879813108, -0.024524721700651453, 0.6202888442522898, 0.020487258589880097, 0.8534413864805024, 0.333855543079252, -0.7025463211318861, -0.27089364934848836, 0.7315498318881986, -0.29942957828896866, -0.6219484810876903, -0.0547573816684539, -0.21443765035574014, 0.23785985328818726, -0.12646741612097356, -0.47815568541100895, -0.17505557667448635, -0.16193193089539926, 0.8048437117522818, 0.9592325240809707, 0.24713767881382775, -0.8336317548582777, 0.46599743519199, 0.357370804957968, 0.6520457340504391, -0.3050973265778887, -0.8822398116837538, 0.2236436329105842, -0.751970763373456, 0.5190590583266628, 0.5888466351532844, -0.18274642650020412, 0.8875950117660911, -0.6524404124894483, 0.8851716994539605]",rhc,relu,False,False,100,[10],0.1,100,13
1376,76,0.2065150000853464,1.5369132568230919,2038.0,100,15,"[0.9340596780273533, 0.09446449835144466, 0.9453687199297687, 0.4296319873487293, 0.3954576491945416, -0.5678210088392472, 0.9525489095524835, -0.9875394895908203, -0.4940352752331121, -0.13041693519110842, 0.5587658435875049, -0.6046298507994938, 0.7259864711984445, 0.9668013543506255, -0.6723155171906026, 0.19466788786571843, -0.98202780466489, -0.22685743471274122, -0.9116798841370009, 0.9133059354284718, -0.1277067062404047, 0.8979546135631256, 0.5726119718701219, 0.7325785971633969, -0.6536691570081037, -0.850102825973786, 0.2014854427555386, -0.6640556325631923, 0.4667603350211398, -0.18311227969597055, 0.05581764683584067, 0.875143167901884, 0.043392244889916, -0.7836132342255386, -0.6835531856304011, 0.09040530340642561, 0.04880816013694678, 0.2752204882519873, -0.1970091128194542, 0.2996102180386846, -0.20619999419653467, 0.24783222709644614, 0.5348099341802477, -0.6420521799177383, -0.24884846282491524, 0.005066118653868745, 0.3733341598326916, -0.4926407026772337, 0.10948172588511706, 0.24986168812819542, 0.7910023321122921, -0.27429282313374714, 0.2751141460374733, -0.6171071957620733, -0.004411770765388567, -0.6351091908575863, 0.8367660782795254, -0.13635585731754474, 0.6603762041966925, -0.16644739064327485, 0.8093351774867339, -0.19034956537818792, -0.33765099381775454, 0.14427754054549724, 0.6908872981882266, 0.7220286235061439, 0.19137623413666893, -0.8306767779591795, 0.19453321463834983, -0.5090925828337958, 0.46518689717993555, 0.7893025846334776, 0.0294679418262902, 0.20712702072041278, -0.8698643752343853, 0.08014945928561268, -0.7416264326591246, 0.22912569270066396, -0.2726993059103242, 0.5355160686614915, -0.902931727160895, -0.7803637637643119, 0.36804643024725525, 0.029307394167312983, 0.1432827432294983, 0.6874139879813108, -0.024524721700651453, 0.6202888442522898, 0.020487258589880097, 0.8534413864805024, 0.333855543079252, -0.7025463211318861, -0.27089364934848836, 0.7315498318881986, -0.29942957828896866, -0.6219484810876903, -0.0547573816684539, -0.21443765035574014, 0.23785985328818726, -0.12646741612097356, -0.47815568541100895, -0.17505557667448635, -0.16193193089539926, 0.8048437117522818, 0.9592325240809707, 0.24713767881382775, -0.8336317548582777, 0.46599743519199, 0.357370804957968, 0.6520457340504391, -0.3050973265778887, -0.8822398116837538, 0.2236436329105842, -0.751970763373456, 0.5190590583266628, 0.5888466351532844, -0.18274642650020412, 0.8875950117660911, -0.6524404124894483, 0.8851716994539605]",rhc,relu,False,False,100,[10],0.1,100,13
1377,77,0.20961990009527653,1.4748108000095503,2040.0,100,15,"[0.9340596780273533, 0.09446449835144466, 0.9453687199297687, 0.4296319873487293, 0.3954576491945416, -0.5678210088392472, 0.9525489095524835, -0.9875394895908203, -0.4940352752331121, -0.13041693519110842, 0.5587658435875049, -0.6046298507994938, 0.7259864711984445, 0.9668013543506255, -0.6723155171906026, 0.19466788786571843, -0.98202780466489, -0.22685743471274122, -0.9116798841370009, 0.9133059354284718, -0.1277067062404047, 0.8979546135631256, 0.5726119718701219, 0.7325785971633969, -0.6536691570081037, -0.850102825973786, 0.2014854427555386, -0.6640556325631923, 0.4667603350211398, -0.18311227969597055, 0.05581764683584067, 0.875143167901884, 0.043392244889916, -0.7836132342255386, -0.6835531856304011, 0.09040530340642561, 0.04880816013694678, 0.2752204882519873, -0.1970091128194542, 0.2996102180386846, -0.20619999419653467, 0.24783222709644614, 0.5348099341802477, -0.6420521799177383, -0.24884846282491524, 0.005066118653868745, 0.3733341598326916, -0.4926407026772337, 0.10948172588511706, 0.24986168812819542, 0.7910023321122921, -0.27429282313374714, 0.2751141460374733, -0.6171071957620733, -0.004411770765388567, -0.6351091908575863, 0.8367660782795254, -0.13635585731754474, 0.6603762041966925, -0.16644739064327485, 0.8093351774867339, -0.19034956537818792, -0.33765099381775454, 0.14427754054549724, 0.6908872981882266, 0.7220286235061439, 0.19137623413666893, -0.8306767779591795, 0.19453321463834983, -0.5090925828337958, 0.46518689717993555, 0.7893025846334776, 0.0294679418262902, 0.20712702072041278, -0.8698643752343853, 0.08014945928561268, -0.7416264326591246, 0.22912569270066396, -0.2726993059103242, 0.5355160686614915, -0.902931727160895, -0.7803637637643119, 0.36804643024725525, 0.029307394167312983, 0.1432827432294983, 0.6874139879813108, -0.024524721700651453, 0.6202888442522898, 0.020487258589880097, 0.8534413864805024, 0.333855543079252, -0.7025463211318861, -0.27089364934848836, 0.7315498318881986, -0.29942957828896866, -0.6219484810876903, -0.0547573816684539, -0.21443765035574014, 0.23785985328818726, -0.12646741612097356, -0.47815568541100895, -0.17505557667448635, -0.16193193089539926, 0.8048437117522818, 0.9592325240809707, 0.24713767881382775, -0.8336317548582777, 0.46599743519199, 0.357370804957968, 0.6520457340504391, -0.3050973265778887, -0.8822398116837538, 0.2236436329105842, -0.751970763373456, 0.5190590583266628, 0.5888466351532844, -0.18274642650020412, 0.8875950117660911, -0.6524404124894483, 0.8851716994539605]",rhc,relu,False,False,100,[10],0.1,100,13
1378,78,0.2124417000450194,1.4748108000095503,2041.0,100,15,"[0.9340596780273533, 0.09446449835144466, 0.9453687199297687, 0.4296319873487293, 0.3954576491945416, -0.5678210088392472, 0.9525489095524835, -0.9875394895908203, -0.4940352752331121, -0.13041693519110842, 0.5587658435875049, -0.6046298507994938, 0.7259864711984445, 0.9668013543506255, -0.6723155171906026, 0.19466788786571843, -0.98202780466489, -0.22685743471274122, -0.9116798841370009, 0.9133059354284718, -0.1277067062404047, 0.8979546135631256, 0.5726119718701219, 0.7325785971633969, -0.6536691570081037, -0.850102825973786, 0.2014854427555386, -0.6640556325631923, 0.4667603350211398, -0.18311227969597055, 0.05581764683584067, 0.875143167901884, 0.043392244889916, -0.7836132342255386, -0.6835531856304011, 0.09040530340642561, 0.04880816013694678, 0.2752204882519873, -0.1970091128194542, 0.2996102180386846, -0.20619999419653467, 0.24783222709644614, 0.5348099341802477, -0.6420521799177383, -0.24884846282491524, 0.005066118653868745, 0.3733341598326916, -0.4926407026772337, 0.10948172588511706, 0.24986168812819542, 0.7910023321122921, -0.27429282313374714, 0.2751141460374733, -0.6171071957620733, -0.004411770765388567, -0.6351091908575863, 0.8367660782795254, -0.13635585731754474, 0.6603762041966925, -0.16644739064327485, 0.8093351774867339, -0.19034956537818792, -0.33765099381775454, 0.14427754054549724, 0.6908872981882266, 0.7220286235061439, 0.19137623413666893, -0.8306767779591795, 0.19453321463834983, -0.5090925828337958, 0.46518689717993555, 0.7893025846334776, 0.0294679418262902, 0.20712702072041278, -0.8698643752343853, 0.08014945928561268, -0.7416264326591246, 0.22912569270066396, -0.2726993059103242, 0.5355160686614915, -0.902931727160895, -0.7803637637643119, 0.36804643024725525, 0.029307394167312983, 0.1432827432294983, 0.6874139879813108, -0.024524721700651453, 0.6202888442522898, 0.020487258589880097, 0.8534413864805024, 0.333855543079252, -0.7025463211318861, -0.27089364934848836, 0.7315498318881986, -0.29942957828896866, -0.6219484810876903, -0.0547573816684539, -0.21443765035574014, 0.23785985328818726, -0.12646741612097356, -0.47815568541100895, -0.17505557667448635, -0.16193193089539926, 0.8048437117522818, 0.9592325240809707, 0.24713767881382775, -0.8336317548582777, 0.46599743519199, 0.357370804957968, 0.6520457340504391, -0.3050973265778887, -0.8822398116837538, 0.2236436329105842, -0.751970763373456, 0.5190590583266628, 0.5888466351532844, -0.18274642650020412, 0.8875950117660911, -0.6524404124894483, 0.8851716994539605]",rhc,relu,False,False,100,[10],0.1,100,13
1379,79,0.21469990001060069,1.4748108000095503,2042.0,100,15,"[0.9340596780273533, 0.09446449835144466, 0.9453687199297687, 0.4296319873487293, 0.3954576491945416, -0.5678210088392472, 0.9525489095524835, -0.9875394895908203, -0.4940352752331121, -0.13041693519110842, 0.5587658435875049, -0.6046298507994938, 0.7259864711984445, 0.9668013543506255, -0.6723155171906026, 0.19466788786571843, -0.98202780466489, -0.22685743471274122, -0.9116798841370009, 0.9133059354284718, -0.1277067062404047, 0.8979546135631256, 0.5726119718701219, 0.7325785971633969, -0.6536691570081037, -0.850102825973786, 0.2014854427555386, -0.6640556325631923, 0.4667603350211398, -0.18311227969597055, 0.05581764683584067, 0.875143167901884, 0.043392244889916, -0.7836132342255386, -0.6835531856304011, 0.09040530340642561, 0.04880816013694678, 0.2752204882519873, -0.1970091128194542, 0.2996102180386846, -0.20619999419653467, 0.24783222709644614, 0.5348099341802477, -0.6420521799177383, -0.24884846282491524, 0.005066118653868745, 0.3733341598326916, -0.4926407026772337, 0.10948172588511706, 0.24986168812819542, 0.7910023321122921, -0.27429282313374714, 0.2751141460374733, -0.6171071957620733, -0.004411770765388567, -0.6351091908575863, 0.8367660782795254, -0.13635585731754474, 0.6603762041966925, -0.16644739064327485, 0.8093351774867339, -0.19034956537818792, -0.33765099381775454, 0.14427754054549724, 0.6908872981882266, 0.7220286235061439, 0.19137623413666893, -0.8306767779591795, 0.19453321463834983, -0.5090925828337958, 0.46518689717993555, 0.7893025846334776, 0.0294679418262902, 0.20712702072041278, -0.8698643752343853, 0.08014945928561268, -0.7416264326591246, 0.22912569270066396, -0.2726993059103242, 0.5355160686614915, -0.902931727160895, -0.7803637637643119, 0.36804643024725525, 0.029307394167312983, 0.1432827432294983, 0.6874139879813108, -0.024524721700651453, 0.6202888442522898, 0.020487258589880097, 0.8534413864805024, 0.333855543079252, -0.7025463211318861, -0.27089364934848836, 0.7315498318881986, -0.29942957828896866, -0.6219484810876903, -0.0547573816684539, -0.21443765035574014, 0.23785985328818726, -0.12646741612097356, -0.47815568541100895, -0.17505557667448635, -0.16193193089539926, 0.8048437117522818, 0.9592325240809707, 0.24713767881382775, -0.8336317548582777, 0.46599743519199, 0.357370804957968, 0.6520457340504391, -0.3050973265778887, -0.8822398116837538, 0.2236436329105842, -0.751970763373456, 0.5190590583266628, 0.5888466351532844, -0.18274642650020412, 0.8875950117660911, -0.6524404124894483, 0.8851716994539605]",rhc,relu,False,False,100,[10],0.1,100,13
1380,80,0.21622890001162887,1.4748108000095503,2043.0,100,15,"[0.9340596780273533, 0.09446449835144466, 0.9453687199297687, 0.4296319873487293, 0.3954576491945416, -0.5678210088392472, 0.9525489095524835, -0.9875394895908203, -0.4940352752331121, -0.13041693519110842, 0.5587658435875049, -0.6046298507994938, 0.7259864711984445, 0.9668013543506255, -0.6723155171906026, 0.19466788786571843, -0.98202780466489, -0.22685743471274122, -0.9116798841370009, 0.9133059354284718, -0.1277067062404047, 0.8979546135631256, 0.5726119718701219, 0.7325785971633969, -0.6536691570081037, -0.850102825973786, 0.2014854427555386, -0.6640556325631923, 0.4667603350211398, -0.18311227969597055, 0.05581764683584067, 0.875143167901884, 0.043392244889916, -0.7836132342255386, -0.6835531856304011, 0.09040530340642561, 0.04880816013694678, 0.2752204882519873, -0.1970091128194542, 0.2996102180386846, -0.20619999419653467, 0.24783222709644614, 0.5348099341802477, -0.6420521799177383, -0.24884846282491524, 0.005066118653868745, 0.3733341598326916, -0.4926407026772337, 0.10948172588511706, 0.24986168812819542, 0.7910023321122921, -0.27429282313374714, 0.2751141460374733, -0.6171071957620733, -0.004411770765388567, -0.6351091908575863, 0.8367660782795254, -0.13635585731754474, 0.6603762041966925, -0.16644739064327485, 0.8093351774867339, -0.19034956537818792, -0.33765099381775454, 0.14427754054549724, 0.6908872981882266, 0.7220286235061439, 0.19137623413666893, -0.8306767779591795, 0.19453321463834983, -0.5090925828337958, 0.46518689717993555, 0.7893025846334776, 0.0294679418262902, 0.20712702072041278, -0.8698643752343853, 0.08014945928561268, -0.7416264326591246, 0.22912569270066396, -0.2726993059103242, 0.5355160686614915, -0.902931727160895, -0.7803637637643119, 0.36804643024725525, 0.029307394167312983, 0.1432827432294983, 0.6874139879813108, -0.024524721700651453, 0.6202888442522898, 0.020487258589880097, 0.8534413864805024, 0.333855543079252, -0.7025463211318861, -0.27089364934848836, 0.7315498318881986, -0.29942957828896866, -0.6219484810876903, -0.0547573816684539, -0.21443765035574014, 0.23785985328818726, -0.12646741612097356, -0.47815568541100895, -0.17505557667448635, -0.16193193089539926, 0.8048437117522818, 0.9592325240809707, 0.24713767881382775, -0.8336317548582777, 0.46599743519199, 0.357370804957968, 0.6520457340504391, -0.3050973265778887, -0.8822398116837538, 0.2236436329105842, -0.751970763373456, 0.5190590583266628, 0.5888466351532844, -0.18274642650020412, 0.8875950117660911, -0.6524404124894483, 0.8851716994539605]",rhc,relu,False,False,100,[10],0.1,100,13
1381,81,0.21764280006755143,1.4693396310296025,2045.0,100,15,"[0.9340596780273533, 0.09446449835144466, 0.9453687199297687, 0.4296319873487293, 0.3954576491945416, -0.5678210088392472, 0.9525489095524835, -0.9875394895908203, -0.4940352752331121, -0.13041693519110842, 0.5587658435875049, -0.6046298507994938, 0.7259864711984445, 0.9668013543506255, -0.6723155171906026, 0.19466788786571843, -0.98202780466489, -0.22685743471274122, -0.9116798841370009, 0.9133059354284718, -0.1277067062404047, 0.8979546135631256, 0.5726119718701219, 0.7325785971633969, -0.6536691570081037, -0.850102825973786, 0.2014854427555386, -0.6640556325631923, 0.4667603350211398, -0.18311227969597055, 0.05581764683584067, 0.875143167901884, 0.043392244889916, -0.7836132342255386, -0.6835531856304011, 0.09040530340642561, 0.04880816013694678, 0.2752204882519873, -0.1970091128194542, 0.2996102180386846, -0.20619999419653467, 0.24783222709644614, 0.5348099341802477, -0.6420521799177383, -0.24884846282491524, 0.005066118653868745, 0.3733341598326916, -0.4926407026772337, 0.10948172588511706, 0.24986168812819542, 0.7910023321122921, -0.27429282313374714, 0.2751141460374733, -0.6171071957620733, -0.004411770765388567, -0.6351091908575863, 0.8367660782795254, -0.13635585731754474, 0.6603762041966925, -0.16644739064327485, 0.8093351774867339, -0.19034956537818792, -0.33765099381775454, 0.14427754054549724, 0.6908872981882266, 0.7220286235061439, 0.19137623413666893, -0.8306767779591795, 0.19453321463834983, -0.5090925828337958, 0.46518689717993555, 0.7893025846334776, 0.0294679418262902, 0.20712702072041278, -0.8698643752343853, 0.08014945928561268, -0.7416264326591246, 0.22912569270066396, -0.2726993059103242, 0.5355160686614915, -0.902931727160895, -0.7803637637643119, 0.36804643024725525, 0.029307394167312983, 0.1432827432294983, 0.6874139879813108, -0.024524721700651453, 0.6202888442522898, 0.020487258589880097, 0.8534413864805024, 0.333855543079252, -0.7025463211318861, -0.27089364934848836, 0.7315498318881986, -0.29942957828896866, -0.6219484810876903, -0.0547573816684539, -0.21443765035574014, 0.23785985328818726, -0.12646741612097356, -0.47815568541100895, -0.17505557667448635, -0.16193193089539926, 0.8048437117522818, 0.9592325240809707, 0.24713767881382775, -0.8336317548582777, 0.46599743519199, 0.357370804957968, 0.6520457340504391, -0.3050973265778887, -0.8822398116837538, 0.2236436329105842, -0.751970763373456, 0.5190590583266628, 0.5888466351532844, -0.18274642650020412, 0.8875950117660911, -0.6524404124894483, 0.8851716994539605]",rhc,relu,False,False,100,[10],0.1,100,13
1382,82,0.2193455999949947,1.4689844350576138,2047.0,100,15,"[0.9340596780273533, 0.09446449835144466, 0.9453687199297687, 0.4296319873487293, 0.3954576491945416, -0.5678210088392472, 0.9525489095524835, -0.9875394895908203, -0.4940352752331121, -0.13041693519110842, 0.5587658435875049, -0.6046298507994938, 0.7259864711984445, 0.9668013543506255, -0.6723155171906026, 0.19466788786571843, -0.98202780466489, -0.22685743471274122, -0.9116798841370009, 0.9133059354284718, -0.1277067062404047, 0.8979546135631256, 0.5726119718701219, 0.7325785971633969, -0.6536691570081037, -0.850102825973786, 0.2014854427555386, -0.6640556325631923, 0.4667603350211398, -0.18311227969597055, 0.05581764683584067, 0.875143167901884, 0.043392244889916, -0.7836132342255386, -0.6835531856304011, 0.09040530340642561, 0.04880816013694678, 0.2752204882519873, -0.1970091128194542, 0.2996102180386846, -0.20619999419653467, 0.24783222709644614, 0.5348099341802477, -0.6420521799177383, -0.24884846282491524, 0.005066118653868745, 0.3733341598326916, -0.4926407026772337, 0.10948172588511706, 0.24986168812819542, 0.7910023321122921, -0.27429282313374714, 0.2751141460374733, -0.6171071957620733, -0.004411770765388567, -0.6351091908575863, 0.8367660782795254, -0.13635585731754474, 0.6603762041966925, -0.16644739064327485, 0.8093351774867339, -0.19034956537818792, -0.33765099381775454, 0.14427754054549724, 0.6908872981882266, 0.7220286235061439, 0.19137623413666893, -0.8306767779591795, 0.19453321463834983, -0.5090925828337958, 0.46518689717993555, 0.7893025846334776, 0.0294679418262902, 0.20712702072041278, -0.8698643752343853, 0.08014945928561268, -0.7416264326591246, 0.22912569270066396, -0.2726993059103242, 0.5355160686614915, -0.902931727160895, -0.7803637637643119, 0.36804643024725525, 0.029307394167312983, 0.1432827432294983, 0.6874139879813108, -0.024524721700651453, 0.6202888442522898, 0.020487258589880097, 0.8534413864805024, 0.333855543079252, -0.7025463211318861, -0.27089364934848836, 0.7315498318881986, -0.29942957828896866, -0.6219484810876903, -0.0547573816684539, -0.21443765035574014, 0.23785985328818726, -0.12646741612097356, -0.47815568541100895, -0.17505557667448635, -0.16193193089539926, 0.8048437117522818, 0.9592325240809707, 0.24713767881382775, -0.8336317548582777, 0.46599743519199, 0.357370804957968, 0.6520457340504391, -0.3050973265778887, -0.8822398116837538, 0.2236436329105842, -0.751970763373456, 0.5190590583266628, 0.5888466351532844, -0.18274642650020412, 0.8875950117660911, -0.6524404124894483, 0.8851716994539605]",rhc,relu,False,False,100,[10],0.1,100,13
1383,83,0.22115360002499074,1.4689844350576138,2048.0,100,15,"[0.9340596780273533, 0.09446449835144466, 0.9453687199297687, 0.4296319873487293, 0.3954576491945416, -0.5678210088392472, 0.9525489095524835, -0.9875394895908203, -0.4940352752331121, -0.13041693519110842, 0.5587658435875049, -0.6046298507994938, 0.7259864711984445, 0.9668013543506255, -0.6723155171906026, 0.19466788786571843, -0.98202780466489, -0.22685743471274122, -0.9116798841370009, 0.9133059354284718, -0.1277067062404047, 0.8979546135631256, 0.5726119718701219, 0.7325785971633969, -0.6536691570081037, -0.850102825973786, 0.2014854427555386, -0.6640556325631923, 0.4667603350211398, -0.18311227969597055, 0.05581764683584067, 0.875143167901884, 0.043392244889916, -0.7836132342255386, -0.6835531856304011, 0.09040530340642561, 0.04880816013694678, 0.2752204882519873, -0.1970091128194542, 0.2996102180386846, -0.20619999419653467, 0.24783222709644614, 0.5348099341802477, -0.6420521799177383, -0.24884846282491524, 0.005066118653868745, 0.3733341598326916, -0.4926407026772337, 0.10948172588511706, 0.24986168812819542, 0.7910023321122921, -0.27429282313374714, 0.2751141460374733, -0.6171071957620733, -0.004411770765388567, -0.6351091908575863, 0.8367660782795254, -0.13635585731754474, 0.6603762041966925, -0.16644739064327485, 0.8093351774867339, -0.19034956537818792, -0.33765099381775454, 0.14427754054549724, 0.6908872981882266, 0.7220286235061439, 0.19137623413666893, -0.8306767779591795, 0.19453321463834983, -0.5090925828337958, 0.46518689717993555, 0.7893025846334776, 0.0294679418262902, 0.20712702072041278, -0.8698643752343853, 0.08014945928561268, -0.7416264326591246, 0.22912569270066396, -0.2726993059103242, 0.5355160686614915, -0.902931727160895, -0.7803637637643119, 0.36804643024725525, 0.029307394167312983, 0.1432827432294983, 0.6874139879813108, -0.024524721700651453, 0.6202888442522898, 0.020487258589880097, 0.8534413864805024, 0.333855543079252, -0.7025463211318861, -0.27089364934848836, 0.7315498318881986, -0.29942957828896866, -0.6219484810876903, -0.0547573816684539, -0.21443765035574014, 0.23785985328818726, -0.12646741612097356, -0.47815568541100895, -0.17505557667448635, -0.16193193089539926, 0.8048437117522818, 0.9592325240809707, 0.24713767881382775, -0.8336317548582777, 0.46599743519199, 0.357370804957968, 0.6520457340504391, -0.3050973265778887, -0.8822398116837538, 0.2236436329105842, -0.751970763373456, 0.5190590583266628, 0.5888466351532844, -0.18274642650020412, 0.8875950117660911, -0.6524404124894483, 0.8851716994539605]",rhc,relu,False,False,100,[10],0.1,100,13
1384,84,0.22437200008425862,1.468655901783469,2050.0,100,15,"[0.9340596780273533, 0.09446449835144466, 0.9453687199297687, 0.4296319873487293, 0.3954576491945416, -0.5678210088392472, 0.9525489095524835, -0.9875394895908203, -0.4940352752331121, -0.13041693519110842, 0.5587658435875049, -0.6046298507994938, 0.7259864711984445, 0.9668013543506255, -0.6723155171906026, 0.19466788786571843, -0.98202780466489, -0.22685743471274122, -0.9116798841370009, 0.9133059354284718, -0.1277067062404047, 0.8979546135631256, 0.5726119718701219, 0.7325785971633969, -0.6536691570081037, -0.850102825973786, 0.2014854427555386, -0.6640556325631923, 0.4667603350211398, -0.18311227969597055, 0.05581764683584067, 0.875143167901884, 0.043392244889916, -0.7836132342255386, -0.6835531856304011, 0.09040530340642561, 0.04880816013694678, 0.2752204882519873, -0.1970091128194542, 0.2996102180386846, -0.20619999419653467, 0.24783222709644614, 0.5348099341802477, -0.6420521799177383, -0.24884846282491524, 0.005066118653868745, 0.3733341598326916, -0.4926407026772337, 0.10948172588511706, 0.24986168812819542, 0.7910023321122921, -0.27429282313374714, 0.2751141460374733, -0.6171071957620733, -0.004411770765388567, -0.6351091908575863, 0.8367660782795254, -0.13635585731754474, 0.6603762041966925, -0.16644739064327485, 0.8093351774867339, -0.19034956537818792, -0.33765099381775454, 0.14427754054549724, 0.6908872981882266, 0.7220286235061439, 0.19137623413666893, -0.8306767779591795, 0.19453321463834983, -0.5090925828337958, 0.46518689717993555, 0.7893025846334776, 0.0294679418262902, 0.20712702072041278, -0.8698643752343853, 0.08014945928561268, -0.7416264326591246, 0.22912569270066396, -0.2726993059103242, 0.5355160686614915, -0.902931727160895, -0.7803637637643119, 0.36804643024725525, 0.029307394167312983, 0.1432827432294983, 0.6874139879813108, -0.024524721700651453, 0.6202888442522898, 0.020487258589880097, 0.8534413864805024, 0.333855543079252, -0.7025463211318861, -0.27089364934848836, 0.7315498318881986, -0.29942957828896866, -0.6219484810876903, -0.0547573816684539, -0.21443765035574014, 0.23785985328818726, -0.12646741612097356, -0.47815568541100895, -0.17505557667448635, -0.16193193089539926, 0.8048437117522818, 0.9592325240809707, 0.24713767881382775, -0.8336317548582777, 0.46599743519199, 0.357370804957968, 0.6520457340504391, -0.3050973265778887, -0.8822398116837538, 0.2236436329105842, -0.751970763373456, 0.5190590583266628, 0.5888466351532844, -0.18274642650020412, 0.8875950117660911, -0.6524404124894483, 0.8851716994539605]",rhc,relu,False,False,100,[10],0.1,100,13
1385,85,0.2259537000209093,1.468655901783469,2051.0,100,15,"[0.9340596780273533, 0.09446449835144466, 0.9453687199297687, 0.4296319873487293, 0.3954576491945416, -0.5678210088392472, 0.9525489095524835, -0.9875394895908203, -0.4940352752331121, -0.13041693519110842, 0.5587658435875049, -0.6046298507994938, 0.7259864711984445, 0.9668013543506255, -0.6723155171906026, 0.19466788786571843, -0.98202780466489, -0.22685743471274122, -0.9116798841370009, 0.9133059354284718, -0.1277067062404047, 0.8979546135631256, 0.5726119718701219, 0.7325785971633969, -0.6536691570081037, -0.850102825973786, 0.2014854427555386, -0.6640556325631923, 0.4667603350211398, -0.18311227969597055, 0.05581764683584067, 0.875143167901884, 0.043392244889916, -0.7836132342255386, -0.6835531856304011, 0.09040530340642561, 0.04880816013694678, 0.2752204882519873, -0.1970091128194542, 0.2996102180386846, -0.20619999419653467, 0.24783222709644614, 0.5348099341802477, -0.6420521799177383, -0.24884846282491524, 0.005066118653868745, 0.3733341598326916, -0.4926407026772337, 0.10948172588511706, 0.24986168812819542, 0.7910023321122921, -0.27429282313374714, 0.2751141460374733, -0.6171071957620733, -0.004411770765388567, -0.6351091908575863, 0.8367660782795254, -0.13635585731754474, 0.6603762041966925, -0.16644739064327485, 0.8093351774867339, -0.19034956537818792, -0.33765099381775454, 0.14427754054549724, 0.6908872981882266, 0.7220286235061439, 0.19137623413666893, -0.8306767779591795, 0.19453321463834983, -0.5090925828337958, 0.46518689717993555, 0.7893025846334776, 0.0294679418262902, 0.20712702072041278, -0.8698643752343853, 0.08014945928561268, -0.7416264326591246, 0.22912569270066396, -0.2726993059103242, 0.5355160686614915, -0.902931727160895, -0.7803637637643119, 0.36804643024725525, 0.029307394167312983, 0.1432827432294983, 0.6874139879813108, -0.024524721700651453, 0.6202888442522898, 0.020487258589880097, 0.8534413864805024, 0.333855543079252, -0.7025463211318861, -0.27089364934848836, 0.7315498318881986, -0.29942957828896866, -0.6219484810876903, -0.0547573816684539, -0.21443765035574014, 0.23785985328818726, -0.12646741612097356, -0.47815568541100895, -0.17505557667448635, -0.16193193089539926, 0.8048437117522818, 0.9592325240809707, 0.24713767881382775, -0.8336317548582777, 0.46599743519199, 0.357370804957968, 0.6520457340504391, -0.3050973265778887, -0.8822398116837538, 0.2236436329105842, -0.751970763373456, 0.5190590583266628, 0.5888466351532844, -0.18274642650020412, 0.8875950117660911, -0.6524404124894483, 0.8851716994539605]",rhc,relu,False,False,100,[10],0.1,100,13
1386,86,0.22897670010570437,1.468655901783469,2052.0,100,15,"[0.9340596780273533, 0.09446449835144466, 0.9453687199297687, 0.4296319873487293, 0.3954576491945416, -0.5678210088392472, 0.9525489095524835, -0.9875394895908203, -0.4940352752331121, -0.13041693519110842, 0.5587658435875049, -0.6046298507994938, 0.7259864711984445, 0.9668013543506255, -0.6723155171906026, 0.19466788786571843, -0.98202780466489, -0.22685743471274122, -0.9116798841370009, 0.9133059354284718, -0.1277067062404047, 0.8979546135631256, 0.5726119718701219, 0.7325785971633969, -0.6536691570081037, -0.850102825973786, 0.2014854427555386, -0.6640556325631923, 0.4667603350211398, -0.18311227969597055, 0.05581764683584067, 0.875143167901884, 0.043392244889916, -0.7836132342255386, -0.6835531856304011, 0.09040530340642561, 0.04880816013694678, 0.2752204882519873, -0.1970091128194542, 0.2996102180386846, -0.20619999419653467, 0.24783222709644614, 0.5348099341802477, -0.6420521799177383, -0.24884846282491524, 0.005066118653868745, 0.3733341598326916, -0.4926407026772337, 0.10948172588511706, 0.24986168812819542, 0.7910023321122921, -0.27429282313374714, 0.2751141460374733, -0.6171071957620733, -0.004411770765388567, -0.6351091908575863, 0.8367660782795254, -0.13635585731754474, 0.6603762041966925, -0.16644739064327485, 0.8093351774867339, -0.19034956537818792, -0.33765099381775454, 0.14427754054549724, 0.6908872981882266, 0.7220286235061439, 0.19137623413666893, -0.8306767779591795, 0.19453321463834983, -0.5090925828337958, 0.46518689717993555, 0.7893025846334776, 0.0294679418262902, 0.20712702072041278, -0.8698643752343853, 0.08014945928561268, -0.7416264326591246, 0.22912569270066396, -0.2726993059103242, 0.5355160686614915, -0.902931727160895, -0.7803637637643119, 0.36804643024725525, 0.029307394167312983, 0.1432827432294983, 0.6874139879813108, -0.024524721700651453, 0.6202888442522898, 0.020487258589880097, 0.8534413864805024, 0.333855543079252, -0.7025463211318861, -0.27089364934848836, 0.7315498318881986, -0.29942957828896866, -0.6219484810876903, -0.0547573816684539, -0.21443765035574014, 0.23785985328818726, -0.12646741612097356, -0.47815568541100895, -0.17505557667448635, -0.16193193089539926, 0.8048437117522818, 0.9592325240809707, 0.24713767881382775, -0.8336317548582777, 0.46599743519199, 0.357370804957968, 0.6520457340504391, -0.3050973265778887, -0.8822398116837538, 0.2236436329105842, -0.751970763373456, 0.5190590583266628, 0.5888466351532844, -0.18274642650020412, 0.8875950117660911, -0.6524404124894483, 0.8851716994539605]",rhc,relu,False,False,100,[10],0.1,100,13
1387,87,0.23168840003199875,1.4570372998218841,2054.0,100,15,"[0.9340596780273533, 0.09446449835144466, 0.9453687199297687, 0.4296319873487293, 0.3954576491945416, -0.5678210088392472, 0.9525489095524835, -0.9875394895908203, -0.4940352752331121, -0.13041693519110842, 0.5587658435875049, -0.6046298507994938, 0.7259864711984445, 0.9668013543506255, -0.6723155171906026, 0.19466788786571843, -0.98202780466489, -0.22685743471274122, -0.9116798841370009, 0.9133059354284718, -0.1277067062404047, 0.8979546135631256, 0.5726119718701219, 0.7325785971633969, -0.6536691570081037, -0.850102825973786, 0.2014854427555386, -0.6640556325631923, 0.4667603350211398, -0.18311227969597055, 0.05581764683584067, 0.875143167901884, 0.043392244889916, -0.7836132342255386, -0.6835531856304011, 0.09040530340642561, 0.04880816013694678, 0.2752204882519873, -0.1970091128194542, 0.2996102180386846, -0.20619999419653467, 0.24783222709644614, 0.5348099341802477, -0.6420521799177383, -0.24884846282491524, 0.005066118653868745, 0.3733341598326916, -0.4926407026772337, 0.10948172588511706, 0.24986168812819542, 0.7910023321122921, -0.27429282313374714, 0.2751141460374733, -0.6171071957620733, -0.004411770765388567, -0.6351091908575863, 0.8367660782795254, -0.13635585731754474, 0.6603762041966925, -0.16644739064327485, 0.8093351774867339, -0.19034956537818792, -0.33765099381775454, 0.14427754054549724, 0.6908872981882266, 0.7220286235061439, 0.19137623413666893, -0.8306767779591795, 0.19453321463834983, -0.5090925828337958, 0.46518689717993555, 0.7893025846334776, 0.0294679418262902, 0.20712702072041278, -0.8698643752343853, 0.08014945928561268, -0.7416264326591246, 0.22912569270066396, -0.2726993059103242, 0.5355160686614915, -0.902931727160895, -0.7803637637643119, 0.36804643024725525, 0.029307394167312983, 0.1432827432294983, 0.6874139879813108, -0.024524721700651453, 0.6202888442522898, 0.020487258589880097, 0.8534413864805024, 0.333855543079252, -0.7025463211318861, -0.27089364934848836, 0.7315498318881986, -0.29942957828896866, -0.6219484810876903, -0.0547573816684539, -0.21443765035574014, 0.23785985328818726, -0.12646741612097356, -0.47815568541100895, -0.17505557667448635, -0.16193193089539926, 0.8048437117522818, 0.9592325240809707, 0.24713767881382775, -0.8336317548582777, 0.46599743519199, 0.357370804957968, 0.6520457340504391, -0.3050973265778887, -0.8822398116837538, 0.2236436329105842, -0.751970763373456, 0.5190590583266628, 0.5888466351532844, -0.18274642650020412, 0.8875950117660911, -0.6524404124894483, 0.8851716994539605]",rhc,relu,False,False,100,[10],0.1,100,13
1388,88,0.23309100000187755,1.4526338080997885,2056.0,100,15,"[0.9340596780273533, 0.09446449835144466, 0.9453687199297687, 0.4296319873487293, 0.3954576491945416, -0.5678210088392472, 0.9525489095524835, -0.9875394895908203, -0.4940352752331121, -0.13041693519110842, 0.5587658435875049, -0.6046298507994938, 0.7259864711984445, 0.9668013543506255, -0.6723155171906026, 0.19466788786571843, -0.98202780466489, -0.22685743471274122, -0.9116798841370009, 0.9133059354284718, -0.1277067062404047, 0.8979546135631256, 0.5726119718701219, 0.7325785971633969, -0.6536691570081037, -0.850102825973786, 0.2014854427555386, -0.6640556325631923, 0.4667603350211398, -0.18311227969597055, 0.05581764683584067, 0.875143167901884, 0.043392244889916, -0.7836132342255386, -0.6835531856304011, 0.09040530340642561, 0.04880816013694678, 0.2752204882519873, -0.1970091128194542, 0.2996102180386846, -0.20619999419653467, 0.24783222709644614, 0.5348099341802477, -0.6420521799177383, -0.24884846282491524, 0.005066118653868745, 0.3733341598326916, -0.4926407026772337, 0.10948172588511706, 0.24986168812819542, 0.7910023321122921, -0.27429282313374714, 0.2751141460374733, -0.6171071957620733, -0.004411770765388567, -0.6351091908575863, 0.8367660782795254, -0.13635585731754474, 0.6603762041966925, -0.16644739064327485, 0.8093351774867339, -0.19034956537818792, -0.33765099381775454, 0.14427754054549724, 0.6908872981882266, 0.7220286235061439, 0.19137623413666893, -0.8306767779591795, 0.19453321463834983, -0.5090925828337958, 0.46518689717993555, 0.7893025846334776, 0.0294679418262902, 0.20712702072041278, -0.8698643752343853, 0.08014945928561268, -0.7416264326591246, 0.22912569270066396, -0.2726993059103242, 0.5355160686614915, -0.902931727160895, -0.7803637637643119, 0.36804643024725525, 0.029307394167312983, 0.1432827432294983, 0.6874139879813108, -0.024524721700651453, 0.6202888442522898, 0.020487258589880097, 0.8534413864805024, 0.333855543079252, -0.7025463211318861, -0.27089364934848836, 0.7315498318881986, -0.29942957828896866, -0.6219484810876903, -0.0547573816684539, -0.21443765035574014, 0.23785985328818726, -0.12646741612097356, -0.47815568541100895, -0.17505557667448635, -0.16193193089539926, 0.8048437117522818, 0.9592325240809707, 0.24713767881382775, -0.8336317548582777, 0.46599743519199, 0.357370804957968, 0.6520457340504391, -0.3050973265778887, -0.8822398116837538, 0.2236436329105842, -0.751970763373456, 0.5190590583266628, 0.5888466351532844, -0.18274642650020412, 0.8875950117660911, -0.6524404124894483, 0.8851716994539605]",rhc,relu,False,False,100,[10],0.1,100,13
1389,89,0.23613770003430545,1.4516336237198253,2058.0,100,15,"[0.9340596780273533, 0.09446449835144466, 0.9453687199297687, 0.4296319873487293, 0.3954576491945416, -0.5678210088392472, 0.9525489095524835, -0.9875394895908203, -0.4940352752331121, -0.13041693519110842, 0.5587658435875049, -0.6046298507994938, 0.7259864711984445, 0.9668013543506255, -0.6723155171906026, 0.19466788786571843, -0.98202780466489, -0.22685743471274122, -0.9116798841370009, 0.9133059354284718, -0.1277067062404047, 0.8979546135631256, 0.5726119718701219, 0.7325785971633969, -0.6536691570081037, -0.850102825973786, 0.2014854427555386, -0.6640556325631923, 0.4667603350211398, -0.18311227969597055, 0.05581764683584067, 0.875143167901884, 0.043392244889916, -0.7836132342255386, -0.6835531856304011, 0.09040530340642561, 0.04880816013694678, 0.2752204882519873, -0.1970091128194542, 0.2996102180386846, -0.20619999419653467, 0.24783222709644614, 0.5348099341802477, -0.6420521799177383, -0.24884846282491524, 0.005066118653868745, 0.3733341598326916, -0.4926407026772337, 0.10948172588511706, 0.24986168812819542, 0.7910023321122921, -0.27429282313374714, 0.2751141460374733, -0.6171071957620733, -0.004411770765388567, -0.6351091908575863, 0.8367660782795254, -0.13635585731754474, 0.6603762041966925, -0.16644739064327485, 0.8093351774867339, -0.19034956537818792, -0.33765099381775454, 0.14427754054549724, 0.6908872981882266, 0.7220286235061439, 0.19137623413666893, -0.8306767779591795, 0.19453321463834983, -0.5090925828337958, 0.46518689717993555, 0.7893025846334776, 0.0294679418262902, 0.20712702072041278, -0.8698643752343853, 0.08014945928561268, -0.7416264326591246, 0.22912569270066396, -0.2726993059103242, 0.5355160686614915, -0.902931727160895, -0.7803637637643119, 0.36804643024725525, 0.029307394167312983, 0.1432827432294983, 0.6874139879813108, -0.024524721700651453, 0.6202888442522898, 0.020487258589880097, 0.8534413864805024, 0.333855543079252, -0.7025463211318861, -0.27089364934848836, 0.7315498318881986, -0.29942957828896866, -0.6219484810876903, -0.0547573816684539, -0.21443765035574014, 0.23785985328818726, -0.12646741612097356, -0.47815568541100895, -0.17505557667448635, -0.16193193089539926, 0.8048437117522818, 0.9592325240809707, 0.24713767881382775, -0.8336317548582777, 0.46599743519199, 0.357370804957968, 0.6520457340504391, -0.3050973265778887, -0.8822398116837538, 0.2236436329105842, -0.751970763373456, 0.5190590583266628, 0.5888466351532844, -0.18274642650020412, 0.8875950117660911, -0.6524404124894483, 0.8851716994539605]",rhc,relu,False,False,100,[10],0.1,100,13
1390,90,0.23915060004219413,1.4516336237198253,2059.0,100,15,"[0.9340596780273533, 0.09446449835144466, 0.9453687199297687, 0.4296319873487293, 0.3954576491945416, -0.5678210088392472, 0.9525489095524835, -0.9875394895908203, -0.4940352752331121, -0.13041693519110842, 0.5587658435875049, -0.6046298507994938, 0.7259864711984445, 0.9668013543506255, -0.6723155171906026, 0.19466788786571843, -0.98202780466489, -0.22685743471274122, -0.9116798841370009, 0.9133059354284718, -0.1277067062404047, 0.8979546135631256, 0.5726119718701219, 0.7325785971633969, -0.6536691570081037, -0.850102825973786, 0.2014854427555386, -0.6640556325631923, 0.4667603350211398, -0.18311227969597055, 0.05581764683584067, 0.875143167901884, 0.043392244889916, -0.7836132342255386, -0.6835531856304011, 0.09040530340642561, 0.04880816013694678, 0.2752204882519873, -0.1970091128194542, 0.2996102180386846, -0.20619999419653467, 0.24783222709644614, 0.5348099341802477, -0.6420521799177383, -0.24884846282491524, 0.005066118653868745, 0.3733341598326916, -0.4926407026772337, 0.10948172588511706, 0.24986168812819542, 0.7910023321122921, -0.27429282313374714, 0.2751141460374733, -0.6171071957620733, -0.004411770765388567, -0.6351091908575863, 0.8367660782795254, -0.13635585731754474, 0.6603762041966925, -0.16644739064327485, 0.8093351774867339, -0.19034956537818792, -0.33765099381775454, 0.14427754054549724, 0.6908872981882266, 0.7220286235061439, 0.19137623413666893, -0.8306767779591795, 0.19453321463834983, -0.5090925828337958, 0.46518689717993555, 0.7893025846334776, 0.0294679418262902, 0.20712702072041278, -0.8698643752343853, 0.08014945928561268, -0.7416264326591246, 0.22912569270066396, -0.2726993059103242, 0.5355160686614915, -0.902931727160895, -0.7803637637643119, 0.36804643024725525, 0.029307394167312983, 0.1432827432294983, 0.6874139879813108, -0.024524721700651453, 0.6202888442522898, 0.020487258589880097, 0.8534413864805024, 0.333855543079252, -0.7025463211318861, -0.27089364934848836, 0.7315498318881986, -0.29942957828896866, -0.6219484810876903, -0.0547573816684539, -0.21443765035574014, 0.23785985328818726, -0.12646741612097356, -0.47815568541100895, -0.17505557667448635, -0.16193193089539926, 0.8048437117522818, 0.9592325240809707, 0.24713767881382775, -0.8336317548582777, 0.46599743519199, 0.357370804957968, 0.6520457340504391, -0.3050973265778887, -0.8822398116837538, 0.2236436329105842, -0.751970763373456, 0.5190590583266628, 0.5888466351532844, -0.18274642650020412, 0.8875950117660911, -0.6524404124894483, 0.8851716994539605]",rhc,relu,False,False,100,[10],0.1,100,13
1391,91,0.24208670004736632,1.44934218976208,2061.0,100,15,"[0.9340596780273533, 0.09446449835144466, 0.9453687199297687, 0.4296319873487293, 0.3954576491945416, -0.5678210088392472, 0.9525489095524835, -0.9875394895908203, -0.4940352752331121, -0.13041693519110842, 0.5587658435875049, -0.6046298507994938, 0.7259864711984445, 0.9668013543506255, -0.6723155171906026, 0.19466788786571843, -0.98202780466489, -0.22685743471274122, -0.9116798841370009, 0.9133059354284718, -0.1277067062404047, 0.8979546135631256, 0.5726119718701219, 0.7325785971633969, -0.6536691570081037, -0.850102825973786, 0.2014854427555386, -0.6640556325631923, 0.4667603350211398, -0.18311227969597055, 0.05581764683584067, 0.875143167901884, 0.043392244889916, -0.7836132342255386, -0.6835531856304011, 0.09040530340642561, 0.04880816013694678, 0.2752204882519873, -0.1970091128194542, 0.2996102180386846, -0.20619999419653467, 0.24783222709644614, 0.5348099341802477, -0.6420521799177383, -0.24884846282491524, 0.005066118653868745, 0.3733341598326916, -0.4926407026772337, 0.10948172588511706, 0.24986168812819542, 0.7910023321122921, -0.27429282313374714, 0.2751141460374733, -0.6171071957620733, -0.004411770765388567, -0.6351091908575863, 0.8367660782795254, -0.13635585731754474, 0.6603762041966925, -0.16644739064327485, 0.8093351774867339, -0.19034956537818792, -0.33765099381775454, 0.14427754054549724, 0.6908872981882266, 0.7220286235061439, 0.19137623413666893, -0.8306767779591795, 0.19453321463834983, -0.5090925828337958, 0.46518689717993555, 0.7893025846334776, 0.0294679418262902, 0.20712702072041278, -0.8698643752343853, 0.08014945928561268, -0.7416264326591246, 0.22912569270066396, -0.2726993059103242, 0.5355160686614915, -0.902931727160895, -0.7803637637643119, 0.36804643024725525, 0.029307394167312983, 0.1432827432294983, 0.6874139879813108, -0.024524721700651453, 0.6202888442522898, 0.020487258589880097, 0.8534413864805024, 0.333855543079252, -0.7025463211318861, -0.27089364934848836, 0.7315498318881986, -0.29942957828896866, -0.6219484810876903, -0.0547573816684539, -0.21443765035574014, 0.23785985328818726, -0.12646741612097356, -0.47815568541100895, -0.17505557667448635, -0.16193193089539926, 0.8048437117522818, 0.9592325240809707, 0.24713767881382775, -0.8336317548582777, 0.46599743519199, 0.357370804957968, 0.6520457340504391, -0.3050973265778887, -0.8822398116837538, 0.2236436329105842, -0.751970763373456, 0.5190590583266628, 0.5888466351532844, -0.18274642650020412, 0.8875950117660911, -0.6524404124894483, 0.8851716994539605]",rhc,relu,False,False,100,[10],0.1,100,13
1392,92,0.24406210007146,1.44934218976208,2062.0,100,15,"[0.9340596780273533, 0.09446449835144466, 0.9453687199297687, 0.4296319873487293, 0.3954576491945416, -0.5678210088392472, 0.9525489095524835, -0.9875394895908203, -0.4940352752331121, -0.13041693519110842, 0.5587658435875049, -0.6046298507994938, 0.7259864711984445, 0.9668013543506255, -0.6723155171906026, 0.19466788786571843, -0.98202780466489, -0.22685743471274122, -0.9116798841370009, 0.9133059354284718, -0.1277067062404047, 0.8979546135631256, 0.5726119718701219, 0.7325785971633969, -0.6536691570081037, -0.850102825973786, 0.2014854427555386, -0.6640556325631923, 0.4667603350211398, -0.18311227969597055, 0.05581764683584067, 0.875143167901884, 0.043392244889916, -0.7836132342255386, -0.6835531856304011, 0.09040530340642561, 0.04880816013694678, 0.2752204882519873, -0.1970091128194542, 0.2996102180386846, -0.20619999419653467, 0.24783222709644614, 0.5348099341802477, -0.6420521799177383, -0.24884846282491524, 0.005066118653868745, 0.3733341598326916, -0.4926407026772337, 0.10948172588511706, 0.24986168812819542, 0.7910023321122921, -0.27429282313374714, 0.2751141460374733, -0.6171071957620733, -0.004411770765388567, -0.6351091908575863, 0.8367660782795254, -0.13635585731754474, 0.6603762041966925, -0.16644739064327485, 0.8093351774867339, -0.19034956537818792, -0.33765099381775454, 0.14427754054549724, 0.6908872981882266, 0.7220286235061439, 0.19137623413666893, -0.8306767779591795, 0.19453321463834983, -0.5090925828337958, 0.46518689717993555, 0.7893025846334776, 0.0294679418262902, 0.20712702072041278, -0.8698643752343853, 0.08014945928561268, -0.7416264326591246, 0.22912569270066396, -0.2726993059103242, 0.5355160686614915, -0.902931727160895, -0.7803637637643119, 0.36804643024725525, 0.029307394167312983, 0.1432827432294983, 0.6874139879813108, -0.024524721700651453, 0.6202888442522898, 0.020487258589880097, 0.8534413864805024, 0.333855543079252, -0.7025463211318861, -0.27089364934848836, 0.7315498318881986, -0.29942957828896866, -0.6219484810876903, -0.0547573816684539, -0.21443765035574014, 0.23785985328818726, -0.12646741612097356, -0.47815568541100895, -0.17505557667448635, -0.16193193089539926, 0.8048437117522818, 0.9592325240809707, 0.24713767881382775, -0.8336317548582777, 0.46599743519199, 0.357370804957968, 0.6520457340504391, -0.3050973265778887, -0.8822398116837538, 0.2236436329105842, -0.751970763373456, 0.5190590583266628, 0.5888466351532844, -0.18274642650020412, 0.8875950117660911, -0.6524404124894483, 0.8851716994539605]",rhc,relu,False,False,100,[10],0.1,100,13
1393,93,0.2456533000804484,1.4384885727748544,2064.0,100,15,"[0.9340596780273533, 0.09446449835144466, 0.9453687199297687, 0.4296319873487293, 0.3954576491945416, -0.5678210088392472, 0.9525489095524835, -0.9875394895908203, -0.4940352752331121, -0.13041693519110842, 0.5587658435875049, -0.6046298507994938, 0.7259864711984445, 0.9668013543506255, -0.6723155171906026, 0.19466788786571843, -0.98202780466489, -0.22685743471274122, -0.9116798841370009, 0.9133059354284718, -0.1277067062404047, 0.8979546135631256, 0.5726119718701219, 0.7325785971633969, -0.6536691570081037, -0.850102825973786, 0.2014854427555386, -0.6640556325631923, 0.4667603350211398, -0.18311227969597055, 0.05581764683584067, 0.875143167901884, 0.043392244889916, -0.7836132342255386, -0.6835531856304011, 0.09040530340642561, 0.04880816013694678, 0.2752204882519873, -0.1970091128194542, 0.2996102180386846, -0.20619999419653467, 0.24783222709644614, 0.5348099341802477, -0.6420521799177383, -0.24884846282491524, 0.005066118653868745, 0.3733341598326916, -0.4926407026772337, 0.10948172588511706, 0.24986168812819542, 0.7910023321122921, -0.27429282313374714, 0.2751141460374733, -0.6171071957620733, -0.004411770765388567, -0.6351091908575863, 0.8367660782795254, -0.13635585731754474, 0.6603762041966925, -0.16644739064327485, 0.8093351774867339, -0.19034956537818792, -0.33765099381775454, 0.14427754054549724, 0.6908872981882266, 0.7220286235061439, 0.19137623413666893, -0.8306767779591795, 0.19453321463834983, -0.5090925828337958, 0.46518689717993555, 0.7893025846334776, 0.0294679418262902, 0.20712702072041278, -0.8698643752343853, 0.08014945928561268, -0.7416264326591246, 0.22912569270066396, -0.2726993059103242, 0.5355160686614915, -0.902931727160895, -0.7803637637643119, 0.36804643024725525, 0.029307394167312983, 0.1432827432294983, 0.6874139879813108, -0.024524721700651453, 0.6202888442522898, 0.020487258589880097, 0.8534413864805024, 0.333855543079252, -0.7025463211318861, -0.27089364934848836, 0.7315498318881986, -0.29942957828896866, -0.6219484810876903, -0.0547573816684539, -0.21443765035574014, 0.23785985328818726, -0.12646741612097356, -0.47815568541100895, -0.17505557667448635, -0.16193193089539926, 0.8048437117522818, 0.9592325240809707, 0.24713767881382775, -0.8336317548582777, 0.46599743519199, 0.357370804957968, 0.6520457340504391, -0.3050973265778887, -0.8822398116837538, 0.2236436329105842, -0.751970763373456, 0.5190590583266628, 0.5888466351532844, -0.18274642650020412, 0.8875950117660911, -0.6524404124894483, 0.8851716994539605]",rhc,relu,False,False,100,[10],0.1,100,13
1394,94,0.24860799999441952,1.432423934703387,2066.0,100,15,"[0.9340596780273533, 0.09446449835144466, 0.9453687199297687, 0.4296319873487293, 0.3954576491945416, -0.5678210088392472, 0.9525489095524835, -0.9875394895908203, -0.4940352752331121, -0.13041693519110842, 0.5587658435875049, -0.6046298507994938, 0.7259864711984445, 0.9668013543506255, -0.6723155171906026, 0.19466788786571843, -0.98202780466489, -0.22685743471274122, -0.9116798841370009, 0.9133059354284718, -0.1277067062404047, 0.8979546135631256, 0.5726119718701219, 0.7325785971633969, -0.6536691570081037, -0.850102825973786, 0.2014854427555386, -0.6640556325631923, 0.4667603350211398, -0.18311227969597055, 0.05581764683584067, 0.875143167901884, 0.043392244889916, -0.7836132342255386, -0.6835531856304011, 0.09040530340642561, 0.04880816013694678, 0.2752204882519873, -0.1970091128194542, 0.2996102180386846, -0.20619999419653467, 0.24783222709644614, 0.5348099341802477, -0.6420521799177383, -0.24884846282491524, 0.005066118653868745, 0.3733341598326916, -0.4926407026772337, 0.10948172588511706, 0.24986168812819542, 0.7910023321122921, -0.27429282313374714, 0.2751141460374733, -0.6171071957620733, -0.004411770765388567, -0.6351091908575863, 0.8367660782795254, -0.13635585731754474, 0.6603762041966925, -0.16644739064327485, 0.8093351774867339, -0.19034956537818792, -0.33765099381775454, 0.14427754054549724, 0.6908872981882266, 0.7220286235061439, 0.19137623413666893, -0.8306767779591795, 0.19453321463834983, -0.5090925828337958, 0.46518689717993555, 0.7893025846334776, 0.0294679418262902, 0.20712702072041278, -0.8698643752343853, 0.08014945928561268, -0.7416264326591246, 0.22912569270066396, -0.2726993059103242, 0.5355160686614915, -0.902931727160895, -0.7803637637643119, 0.36804643024725525, 0.029307394167312983, 0.1432827432294983, 0.6874139879813108, -0.024524721700651453, 0.6202888442522898, 0.020487258589880097, 0.8534413864805024, 0.333855543079252, -0.7025463211318861, -0.27089364934848836, 0.7315498318881986, -0.29942957828896866, -0.6219484810876903, -0.0547573816684539, -0.21443765035574014, 0.23785985328818726, -0.12646741612097356, -0.47815568541100895, -0.17505557667448635, -0.16193193089539926, 0.8048437117522818, 0.9592325240809707, 0.24713767881382775, -0.8336317548582777, 0.46599743519199, 0.357370804957968, 0.6520457340504391, -0.3050973265778887, -0.8822398116837538, 0.2236436329105842, -0.751970763373456, 0.5190590583266628, 0.5888466351532844, -0.18274642650020412, 0.8875950117660911, -0.6524404124894483, 0.8851716994539605]",rhc,relu,False,False,100,[10],0.1,100,13
1395,95,0.25007430010009557,1.427250208288601,2068.0,100,15,"[0.9340596780273533, 0.09446449835144466, 0.9453687199297687, 0.4296319873487293, 0.3954576491945416, -0.5678210088392472, 0.9525489095524835, -0.9875394895908203, -0.4940352752331121, -0.13041693519110842, 0.5587658435875049, -0.6046298507994938, 0.7259864711984445, 0.9668013543506255, -0.6723155171906026, 0.19466788786571843, -0.98202780466489, -0.22685743471274122, -0.9116798841370009, 0.9133059354284718, -0.1277067062404047, 0.8979546135631256, 0.5726119718701219, 0.7325785971633969, -0.6536691570081037, -0.850102825973786, 0.2014854427555386, -0.6640556325631923, 0.4667603350211398, -0.18311227969597055, 0.05581764683584067, 0.875143167901884, 0.043392244889916, -0.7836132342255386, -0.6835531856304011, 0.09040530340642561, 0.04880816013694678, 0.2752204882519873, -0.1970091128194542, 0.2996102180386846, -0.20619999419653467, 0.24783222709644614, 0.5348099341802477, -0.6420521799177383, -0.24884846282491524, 0.005066118653868745, 0.3733341598326916, -0.4926407026772337, 0.10948172588511706, 0.24986168812819542, 0.7910023321122921, -0.27429282313374714, 0.2751141460374733, -0.6171071957620733, -0.004411770765388567, -0.6351091908575863, 0.8367660782795254, -0.13635585731754474, 0.6603762041966925, -0.16644739064327485, 0.8093351774867339, -0.19034956537818792, -0.33765099381775454, 0.14427754054549724, 0.6908872981882266, 0.7220286235061439, 0.19137623413666893, -0.8306767779591795, 0.19453321463834983, -0.5090925828337958, 0.46518689717993555, 0.7893025846334776, 0.0294679418262902, 0.20712702072041278, -0.8698643752343853, 0.08014945928561268, -0.7416264326591246, 0.22912569270066396, -0.2726993059103242, 0.5355160686614915, -0.902931727160895, -0.7803637637643119, 0.36804643024725525, 0.029307394167312983, 0.1432827432294983, 0.6874139879813108, -0.024524721700651453, 0.6202888442522898, 0.020487258589880097, 0.8534413864805024, 0.333855543079252, -0.7025463211318861, -0.27089364934848836, 0.7315498318881986, -0.29942957828896866, -0.6219484810876903, -0.0547573816684539, -0.21443765035574014, 0.23785985328818726, -0.12646741612097356, -0.47815568541100895, -0.17505557667448635, -0.16193193089539926, 0.8048437117522818, 0.9592325240809707, 0.24713767881382775, -0.8336317548582777, 0.46599743519199, 0.357370804957968, 0.6520457340504391, -0.3050973265778887, -0.8822398116837538, 0.2236436329105842, -0.751970763373456, 0.5190590583266628, 0.5888466351532844, -0.18274642650020412, 0.8875950117660911, -0.6524404124894483, 0.8851716994539605]",rhc,relu,False,False,100,[10],0.1,100,13
1396,96,0.253057699999772,1.3703028181280044,2070.0,100,15,"[0.9340596780273533, 0.09446449835144466, 0.9453687199297687, 0.4296319873487293, 0.3954576491945416, -0.5678210088392472, 0.9525489095524835, -0.9875394895908203, -0.4940352752331121, -0.13041693519110842, 0.5587658435875049, -0.6046298507994938, 0.7259864711984445, 0.9668013543506255, -0.6723155171906026, 0.19466788786571843, -0.98202780466489, -0.22685743471274122, -0.9116798841370009, 0.9133059354284718, -0.1277067062404047, 0.8979546135631256, 0.5726119718701219, 0.7325785971633969, -0.6536691570081037, -0.850102825973786, 0.2014854427555386, -0.6640556325631923, 0.4667603350211398, -0.18311227969597055, 0.05581764683584067, 0.875143167901884, 0.043392244889916, -0.7836132342255386, -0.6835531856304011, 0.09040530340642561, 0.04880816013694678, 0.2752204882519873, -0.1970091128194542, 0.2996102180386846, -0.20619999419653467, 0.24783222709644614, 0.5348099341802477, -0.6420521799177383, -0.24884846282491524, 0.005066118653868745, 0.3733341598326916, -0.4926407026772337, 0.10948172588511706, 0.24986168812819542, 0.7910023321122921, -0.27429282313374714, 0.2751141460374733, -0.6171071957620733, -0.004411770765388567, -0.6351091908575863, 0.8367660782795254, -0.13635585731754474, 0.6603762041966925, -0.16644739064327485, 0.8093351774867339, -0.19034956537818792, -0.33765099381775454, 0.14427754054549724, 0.6908872981882266, 0.7220286235061439, 0.19137623413666893, -0.8306767779591795, 0.19453321463834983, -0.5090925828337958, 0.46518689717993555, 0.7893025846334776, 0.0294679418262902, 0.20712702072041278, -0.8698643752343853, 0.08014945928561268, -0.7416264326591246, 0.22912569270066396, -0.2726993059103242, 0.5355160686614915, -0.902931727160895, -0.7803637637643119, 0.36804643024725525, 0.029307394167312983, 0.1432827432294983, 0.6874139879813108, -0.024524721700651453, 0.6202888442522898, 0.020487258589880097, 0.8534413864805024, 0.333855543079252, -0.7025463211318861, -0.27089364934848836, 0.7315498318881986, -0.29942957828896866, -0.6219484810876903, -0.0547573816684539, -0.21443765035574014, 0.23785985328818726, -0.12646741612097356, -0.47815568541100895, -0.17505557667448635, -0.16193193089539926, 0.8048437117522818, 0.9592325240809707, 0.24713767881382775, -0.8336317548582777, 0.46599743519199, 0.357370804957968, 0.6520457340504391, -0.3050973265778887, -0.8822398116837538, 0.2236436329105842, -0.751970763373456, 0.5190590583266628, 0.5888466351532844, -0.18274642650020412, 0.8875950117660911, -0.6524404124894483, 0.8851716994539605]",rhc,relu,False,False,100,[10],0.1,100,13
1397,97,0.2544917000923306,1.3703028181280044,2071.0,100,15,"[0.9340596780273533, 0.09446449835144466, 0.9453687199297687, 0.4296319873487293, 0.3954576491945416, -0.5678210088392472, 0.9525489095524835, -0.9875394895908203, -0.4940352752331121, -0.13041693519110842, 0.5587658435875049, -0.6046298507994938, 0.7259864711984445, 0.9668013543506255, -0.6723155171906026, 0.19466788786571843, -0.98202780466489, -0.22685743471274122, -0.9116798841370009, 0.9133059354284718, -0.1277067062404047, 0.8979546135631256, 0.5726119718701219, 0.7325785971633969, -0.6536691570081037, -0.850102825973786, 0.2014854427555386, -0.6640556325631923, 0.4667603350211398, -0.18311227969597055, 0.05581764683584067, 0.875143167901884, 0.043392244889916, -0.7836132342255386, -0.6835531856304011, 0.09040530340642561, 0.04880816013694678, 0.2752204882519873, -0.1970091128194542, 0.2996102180386846, -0.20619999419653467, 0.24783222709644614, 0.5348099341802477, -0.6420521799177383, -0.24884846282491524, 0.005066118653868745, 0.3733341598326916, -0.4926407026772337, 0.10948172588511706, 0.24986168812819542, 0.7910023321122921, -0.27429282313374714, 0.2751141460374733, -0.6171071957620733, -0.004411770765388567, -0.6351091908575863, 0.8367660782795254, -0.13635585731754474, 0.6603762041966925, -0.16644739064327485, 0.8093351774867339, -0.19034956537818792, -0.33765099381775454, 0.14427754054549724, 0.6908872981882266, 0.7220286235061439, 0.19137623413666893, -0.8306767779591795, 0.19453321463834983, -0.5090925828337958, 0.46518689717993555, 0.7893025846334776, 0.0294679418262902, 0.20712702072041278, -0.8698643752343853, 0.08014945928561268, -0.7416264326591246, 0.22912569270066396, -0.2726993059103242, 0.5355160686614915, -0.902931727160895, -0.7803637637643119, 0.36804643024725525, 0.029307394167312983, 0.1432827432294983, 0.6874139879813108, -0.024524721700651453, 0.6202888442522898, 0.020487258589880097, 0.8534413864805024, 0.333855543079252, -0.7025463211318861, -0.27089364934848836, 0.7315498318881986, -0.29942957828896866, -0.6219484810876903, -0.0547573816684539, -0.21443765035574014, 0.23785985328818726, -0.12646741612097356, -0.47815568541100895, -0.17505557667448635, -0.16193193089539926, 0.8048437117522818, 0.9592325240809707, 0.24713767881382775, -0.8336317548582777, 0.46599743519199, 0.357370804957968, 0.6520457340504391, -0.3050973265778887, -0.8822398116837538, 0.2236436329105842, -0.751970763373456, 0.5190590583266628, 0.5888466351532844, -0.18274642650020412, 0.8875950117660911, -0.6524404124894483, 0.8851716994539605]",rhc,relu,False,False,100,[10],0.1,100,13
1398,98,0.25626020005438477,1.3684412470422291,2073.0,100,15,"[0.9340596780273533, 0.09446449835144466, 0.9453687199297687, 0.4296319873487293, 0.3954576491945416, -0.5678210088392472, 0.9525489095524835, -0.9875394895908203, -0.4940352752331121, -0.13041693519110842, 0.5587658435875049, -0.6046298507994938, 0.7259864711984445, 0.9668013543506255, -0.6723155171906026, 0.19466788786571843, -0.98202780466489, -0.22685743471274122, -0.9116798841370009, 0.9133059354284718, -0.1277067062404047, 0.8979546135631256, 0.5726119718701219, 0.7325785971633969, -0.6536691570081037, -0.850102825973786, 0.2014854427555386, -0.6640556325631923, 0.4667603350211398, -0.18311227969597055, 0.05581764683584067, 0.875143167901884, 0.043392244889916, -0.7836132342255386, -0.6835531856304011, 0.09040530340642561, 0.04880816013694678, 0.2752204882519873, -0.1970091128194542, 0.2996102180386846, -0.20619999419653467, 0.24783222709644614, 0.5348099341802477, -0.6420521799177383, -0.24884846282491524, 0.005066118653868745, 0.3733341598326916, -0.4926407026772337, 0.10948172588511706, 0.24986168812819542, 0.7910023321122921, -0.27429282313374714, 0.2751141460374733, -0.6171071957620733, -0.004411770765388567, -0.6351091908575863, 0.8367660782795254, -0.13635585731754474, 0.6603762041966925, -0.16644739064327485, 0.8093351774867339, -0.19034956537818792, -0.33765099381775454, 0.14427754054549724, 0.6908872981882266, 0.7220286235061439, 0.19137623413666893, -0.8306767779591795, 0.19453321463834983, -0.5090925828337958, 0.46518689717993555, 0.7893025846334776, 0.0294679418262902, 0.20712702072041278, -0.8698643752343853, 0.08014945928561268, -0.7416264326591246, 0.22912569270066396, -0.2726993059103242, 0.5355160686614915, -0.902931727160895, -0.7803637637643119, 0.36804643024725525, 0.029307394167312983, 0.1432827432294983, 0.6874139879813108, -0.024524721700651453, 0.6202888442522898, 0.020487258589880097, 0.8534413864805024, 0.333855543079252, -0.7025463211318861, -0.27089364934848836, 0.7315498318881986, -0.29942957828896866, -0.6219484810876903, -0.0547573816684539, -0.21443765035574014, 0.23785985328818726, -0.12646741612097356, -0.47815568541100895, -0.17505557667448635, -0.16193193089539926, 0.8048437117522818, 0.9592325240809707, 0.24713767881382775, -0.8336317548582777, 0.46599743519199, 0.357370804957968, 0.6520457340504391, -0.3050973265778887, -0.8822398116837538, 0.2236436329105842, -0.751970763373456, 0.5190590583266628, 0.5888466351532844, -0.18274642650020412, 0.8875950117660911, -0.6524404124894483, 0.8851716994539605]",rhc,relu,False,False,100,[10],0.1,100,13
1399,99,0.2595394999952987,1.3684412470422291,2074.0,100,15,"[0.9340596780273533, 0.09446449835144466, 0.9453687199297687, 0.4296319873487293, 0.3954576491945416, -0.5678210088392472, 0.9525489095524835, -0.9875394895908203, -0.4940352752331121, -0.13041693519110842, 0.5587658435875049, -0.6046298507994938, 0.7259864711984445, 0.9668013543506255, -0.6723155171906026, 0.19466788786571843, -0.98202780466489, -0.22685743471274122, -0.9116798841370009, 0.9133059354284718, -0.1277067062404047, 0.8979546135631256, 0.5726119718701219, 0.7325785971633969, -0.6536691570081037, -0.850102825973786, 0.2014854427555386, -0.6640556325631923, 0.4667603350211398, -0.18311227969597055, 0.05581764683584067, 0.875143167901884, 0.043392244889916, -0.7836132342255386, -0.6835531856304011, 0.09040530340642561, 0.04880816013694678, 0.2752204882519873, -0.1970091128194542, 0.2996102180386846, -0.20619999419653467, 0.24783222709644614, 0.5348099341802477, -0.6420521799177383, -0.24884846282491524, 0.005066118653868745, 0.3733341598326916, -0.4926407026772337, 0.10948172588511706, 0.24986168812819542, 0.7910023321122921, -0.27429282313374714, 0.2751141460374733, -0.6171071957620733, -0.004411770765388567, -0.6351091908575863, 0.8367660782795254, -0.13635585731754474, 0.6603762041966925, -0.16644739064327485, 0.8093351774867339, -0.19034956537818792, -0.33765099381775454, 0.14427754054549724, 0.6908872981882266, 0.7220286235061439, 0.19137623413666893, -0.8306767779591795, 0.19453321463834983, -0.5090925828337958, 0.46518689717993555, 0.7893025846334776, 0.0294679418262902, 0.20712702072041278, -0.8698643752343853, 0.08014945928561268, -0.7416264326591246, 0.22912569270066396, -0.2726993059103242, 0.5355160686614915, -0.902931727160895, -0.7803637637643119, 0.36804643024725525, 0.029307394167312983, 0.1432827432294983, 0.6874139879813108, -0.024524721700651453, 0.6202888442522898, 0.020487258589880097, 0.8534413864805024, 0.333855543079252, -0.7025463211318861, -0.27089364934848836, 0.7315498318881986, -0.29942957828896866, -0.6219484810876903, -0.0547573816684539, -0.21443765035574014, 0.23785985328818726, -0.12646741612097356, -0.47815568541100895, -0.17505557667448635, -0.16193193089539926, 0.8048437117522818, 0.9592325240809707, 0.24713767881382775, -0.8336317548582777, 0.46599743519199, 0.357370804957968, 0.6520457340504391, -0.3050973265778887, -0.8822398116837538, 0.2236436329105842, -0.751970763373456, 0.5190590583266628, 0.5888466351532844, -0.18274642650020412, 0.8875950117660911, -0.6524404124894483, 0.8851716994539605]",rhc,relu,False,False,100,[10],0.1,100,13
1400,100,0.26120120007544756,1.3665867073383098,2076.0,100,15,"[0.9340596780273533, 0.09446449835144466, 0.9453687199297687, 0.4296319873487293, 0.3954576491945416, -0.5678210088392472, 0.9525489095524835, -0.9875394895908203, -0.4940352752331121, -0.13041693519110842, 0.5587658435875049, -0.6046298507994938, 0.7259864711984445, 0.9668013543506255, -0.6723155171906026, 0.19466788786571843, -0.98202780466489, -0.22685743471274122, -0.9116798841370009, 0.9133059354284718, -0.1277067062404047, 0.8979546135631256, 0.5726119718701219, 0.7325785971633969, -0.6536691570081037, -0.850102825973786, 0.2014854427555386, -0.6640556325631923, 0.4667603350211398, -0.18311227969597055, 0.05581764683584067, 0.875143167901884, 0.043392244889916, -0.7836132342255386, -0.6835531856304011, 0.09040530340642561, 0.04880816013694678, 0.2752204882519873, -0.1970091128194542, 0.2996102180386846, -0.20619999419653467, 0.24783222709644614, 0.5348099341802477, -0.6420521799177383, -0.24884846282491524, 0.005066118653868745, 0.3733341598326916, -0.4926407026772337, 0.10948172588511706, 0.24986168812819542, 0.7910023321122921, -0.27429282313374714, 0.2751141460374733, -0.6171071957620733, -0.004411770765388567, -0.6351091908575863, 0.8367660782795254, -0.13635585731754474, 0.6603762041966925, -0.16644739064327485, 0.8093351774867339, -0.19034956537818792, -0.33765099381775454, 0.14427754054549724, 0.6908872981882266, 0.7220286235061439, 0.19137623413666893, -0.8306767779591795, 0.19453321463834983, -0.5090925828337958, 0.46518689717993555, 0.7893025846334776, 0.0294679418262902, 0.20712702072041278, -0.8698643752343853, 0.08014945928561268, -0.7416264326591246, 0.22912569270066396, -0.2726993059103242, 0.5355160686614915, -0.902931727160895, -0.7803637637643119, 0.36804643024725525, 0.029307394167312983, 0.1432827432294983, 0.6874139879813108, -0.024524721700651453, 0.6202888442522898, 0.020487258589880097, 0.8534413864805024, 0.333855543079252, -0.7025463211318861, -0.27089364934848836, 0.7315498318881986, -0.29942957828896866, -0.6219484810876903, -0.0547573816684539, -0.21443765035574014, 0.23785985328818726, -0.12646741612097356, -0.47815568541100895, -0.17505557667448635, -0.16193193089539926, 0.8048437117522818, 0.9592325240809707, 0.24713767881382775, -0.8336317548582777, 0.46599743519199, 0.357370804957968, 0.6520457340504391, -0.3050973265778887, -0.8822398116837538, 0.2236436329105842, -0.751970763373456, 0.5190590583266628, 0.5888466351532844, -0.18274642650020412, 0.8875950117660911, -0.6524404124894483, 0.8851716994539605]",rhc,relu,False,False,100,[10],0.1,100,13
1401,1,0.03315600007772446,1.9099841090186194,2077.0,100,15,"[0.9340596780273533, 0.09446449835144466, 0.9453687199297687, 0.4296319873487293, 0.3954576491945416, -0.5678210088392472, 0.9525489095524835, -0.9875394895908203, -0.4940352752331121, -0.13041693519110842, 0.5587658435875049, -0.6046298507994938, 0.7259864711984445, 0.9668013543506255, -0.6723155171906026, 0.19466788786571843, -0.98202780466489, -0.22685743471274122, -0.9116798841370009, 0.9133059354284718, -0.1277067062404047, 0.8979546135631256, 0.5726119718701219, 0.7325785971633969, -0.6536691570081037, -0.850102825973786, 0.2014854427555386, -0.6640556325631923, 0.4667603350211398, -0.18311227969597055, 0.05581764683584067, 0.875143167901884, 0.043392244889916, -0.7836132342255386, -0.6835531856304011, 0.09040530340642561, 0.04880816013694678, 0.2752204882519873, -0.1970091128194542, 0.2996102180386846, -0.20619999419653467, 0.24783222709644614, 0.5348099341802477, -0.6420521799177383, -0.24884846282491524, 0.005066118653868745, 0.3733341598326916, -0.4926407026772337, 0.10948172588511706, 0.24986168812819542, 0.7910023321122921, -0.27429282313374714, 0.2751141460374733, -0.6171071957620733, -0.004411770765388567, -0.6351091908575863, 0.8367660782795254, -0.13635585731754474, 0.6603762041966925, -0.16644739064327485, 0.8093351774867339, -0.19034956537818792, -0.33765099381775454, 0.14427754054549724, 0.6908872981882266, 0.7220286235061439, 0.19137623413666893, -0.8306767779591795, 0.19453321463834983, -0.5090925828337958, 0.46518689717993555, 0.7893025846334776, 0.0294679418262902, 0.20712702072041278, -0.8698643752343853, 0.08014945928561268, -0.7416264326591246, 0.22912569270066396, -0.2726993059103242, 0.5355160686614915, -0.902931727160895, -0.7803637637643119, 0.36804643024725525, 0.029307394167312983, 0.1432827432294983, 0.6874139879813108, -0.024524721700651453, 0.6202888442522898, 0.020487258589880097, 0.8534413864805024, 0.333855543079252, -0.7025463211318861, -0.27089364934848836, 0.7315498318881986, -0.29942957828896866, -0.6219484810876903, -0.0547573816684539, -0.21443765035574014, 0.23785985328818726, -0.12646741612097356, -0.47815568541100895, -0.17505557667448635, -0.16193193089539926, 0.8048437117522818, 0.9592325240809707, 0.24713767881382775, -0.8336317548582777, 0.46599743519199, 0.357370804957968, 0.6520457340504391, -0.3050973265778887, -0.8822398116837538, 0.2236436329105842, -0.751970763373456, 0.5190590583266628, 0.5888466351532844, -0.18274642650020412, 0.8875950117660911, -0.6524404124894483, 0.8851716994539605]",rhc,relu,False,False,100,[10],0.1,100,14
1402,2,0.03611099999397993,1.9070075366034327,2079.0,100,15,"[0.9340596780273533, 0.09446449835144466, 0.9453687199297687, 0.4296319873487293, 0.3954576491945416, -0.5678210088392472, 0.9525489095524835, -0.9875394895908203, -0.4940352752331121, -0.13041693519110842, 0.5587658435875049, -0.6046298507994938, 0.7259864711984445, 0.9668013543506255, -0.6723155171906026, 0.19466788786571843, -0.98202780466489, -0.22685743471274122, -0.9116798841370009, 0.9133059354284718, -0.1277067062404047, 0.8979546135631256, 0.5726119718701219, 0.7325785971633969, -0.6536691570081037, -0.850102825973786, 0.2014854427555386, -0.6640556325631923, 0.4667603350211398, -0.18311227969597055, 0.05581764683584067, 0.875143167901884, 0.043392244889916, -0.7836132342255386, -0.6835531856304011, 0.09040530340642561, 0.04880816013694678, 0.2752204882519873, -0.1970091128194542, 0.2996102180386846, -0.20619999419653467, 0.24783222709644614, 0.5348099341802477, -0.6420521799177383, -0.24884846282491524, 0.005066118653868745, 0.3733341598326916, -0.4926407026772337, 0.10948172588511706, 0.24986168812819542, 0.7910023321122921, -0.27429282313374714, 0.2751141460374733, -0.6171071957620733, -0.004411770765388567, -0.6351091908575863, 0.8367660782795254, -0.13635585731754474, 0.6603762041966925, -0.16644739064327485, 0.8093351774867339, -0.19034956537818792, -0.33765099381775454, 0.14427754054549724, 0.6908872981882266, 0.7220286235061439, 0.19137623413666893, -0.8306767779591795, 0.19453321463834983, -0.5090925828337958, 0.46518689717993555, 0.7893025846334776, 0.0294679418262902, 0.20712702072041278, -0.8698643752343853, 0.08014945928561268, -0.7416264326591246, 0.22912569270066396, -0.2726993059103242, 0.5355160686614915, -0.902931727160895, -0.7803637637643119, 0.36804643024725525, 0.029307394167312983, 0.1432827432294983, 0.6874139879813108, -0.024524721700651453, 0.6202888442522898, 0.020487258589880097, 0.8534413864805024, 0.333855543079252, -0.7025463211318861, -0.27089364934848836, 0.7315498318881986, -0.29942957828896866, -0.6219484810876903, -0.0547573816684539, -0.21443765035574014, 0.23785985328818726, -0.12646741612097356, -0.47815568541100895, -0.17505557667448635, -0.16193193089539926, 0.8048437117522818, 0.9592325240809707, 0.24713767881382775, -0.8336317548582777, 0.46599743519199, 0.357370804957968, 0.6520457340504391, -0.3050973265778887, -0.8822398116837538, 0.2236436329105842, -0.751970763373456, 0.5190590583266628, 0.5888466351532844, -0.18274642650020412, 0.8875950117660911, -0.6524404124894483, 0.8851716994539605]",rhc,relu,False,False,100,[10],0.1,100,14
1403,3,0.03751040005590767,1.902531014775917,2081.0,100,15,"[0.9340596780273533, 0.09446449835144466, 0.9453687199297687, 0.4296319873487293, 0.3954576491945416, -0.5678210088392472, 0.9525489095524835, -0.9875394895908203, -0.4940352752331121, -0.13041693519110842, 0.5587658435875049, -0.6046298507994938, 0.7259864711984445, 0.9668013543506255, -0.6723155171906026, 0.19466788786571843, -0.98202780466489, -0.22685743471274122, -0.9116798841370009, 0.9133059354284718, -0.1277067062404047, 0.8979546135631256, 0.5726119718701219, 0.7325785971633969, -0.6536691570081037, -0.850102825973786, 0.2014854427555386, -0.6640556325631923, 0.4667603350211398, -0.18311227969597055, 0.05581764683584067, 0.875143167901884, 0.043392244889916, -0.7836132342255386, -0.6835531856304011, 0.09040530340642561, 0.04880816013694678, 0.2752204882519873, -0.1970091128194542, 0.2996102180386846, -0.20619999419653467, 0.24783222709644614, 0.5348099341802477, -0.6420521799177383, -0.24884846282491524, 0.005066118653868745, 0.3733341598326916, -0.4926407026772337, 0.10948172588511706, 0.24986168812819542, 0.7910023321122921, -0.27429282313374714, 0.2751141460374733, -0.6171071957620733, -0.004411770765388567, -0.6351091908575863, 0.8367660782795254, -0.13635585731754474, 0.6603762041966925, -0.16644739064327485, 0.8093351774867339, -0.19034956537818792, -0.33765099381775454, 0.14427754054549724, 0.6908872981882266, 0.7220286235061439, 0.19137623413666893, -0.8306767779591795, 0.19453321463834983, -0.5090925828337958, 0.46518689717993555, 0.7893025846334776, 0.0294679418262902, 0.20712702072041278, -0.8698643752343853, 0.08014945928561268, -0.7416264326591246, 0.22912569270066396, -0.2726993059103242, 0.5355160686614915, -0.902931727160895, -0.7803637637643119, 0.36804643024725525, 0.029307394167312983, 0.1432827432294983, 0.6874139879813108, -0.024524721700651453, 0.6202888442522898, 0.020487258589880097, 0.8534413864805024, 0.333855543079252, -0.7025463211318861, -0.27089364934848836, 0.7315498318881986, -0.29942957828896866, -0.6219484810876903, -0.0547573816684539, -0.21443765035574014, 0.23785985328818726, -0.12646741612097356, -0.47815568541100895, -0.17505557667448635, -0.16193193089539926, 0.8048437117522818, 0.9592325240809707, 0.24713767881382775, -0.8336317548582777, 0.46599743519199, 0.357370804957968, 0.6520457340504391, -0.3050973265778887, -0.8822398116837538, 0.2236436329105842, -0.751970763373456, 0.5190590583266628, 0.5888466351532844, -0.18274642650020412, 0.8875950117660911, -0.6524404124894483, 0.8851716994539605]",rhc,relu,False,False,100,[10],0.1,100,14
1404,4,0.0403158999979496,1.902531014775917,2082.0,100,15,"[0.9340596780273533, 0.09446449835144466, 0.9453687199297687, 0.4296319873487293, 0.3954576491945416, -0.5678210088392472, 0.9525489095524835, -0.9875394895908203, -0.4940352752331121, -0.13041693519110842, 0.5587658435875049, -0.6046298507994938, 0.7259864711984445, 0.9668013543506255, -0.6723155171906026, 0.19466788786571843, -0.98202780466489, -0.22685743471274122, -0.9116798841370009, 0.9133059354284718, -0.1277067062404047, 0.8979546135631256, 0.5726119718701219, 0.7325785971633969, -0.6536691570081037, -0.850102825973786, 0.2014854427555386, -0.6640556325631923, 0.4667603350211398, -0.18311227969597055, 0.05581764683584067, 0.875143167901884, 0.043392244889916, -0.7836132342255386, -0.6835531856304011, 0.09040530340642561, 0.04880816013694678, 0.2752204882519873, -0.1970091128194542, 0.2996102180386846, -0.20619999419653467, 0.24783222709644614, 0.5348099341802477, -0.6420521799177383, -0.24884846282491524, 0.005066118653868745, 0.3733341598326916, -0.4926407026772337, 0.10948172588511706, 0.24986168812819542, 0.7910023321122921, -0.27429282313374714, 0.2751141460374733, -0.6171071957620733, -0.004411770765388567, -0.6351091908575863, 0.8367660782795254, -0.13635585731754474, 0.6603762041966925, -0.16644739064327485, 0.8093351774867339, -0.19034956537818792, -0.33765099381775454, 0.14427754054549724, 0.6908872981882266, 0.7220286235061439, 0.19137623413666893, -0.8306767779591795, 0.19453321463834983, -0.5090925828337958, 0.46518689717993555, 0.7893025846334776, 0.0294679418262902, 0.20712702072041278, -0.8698643752343853, 0.08014945928561268, -0.7416264326591246, 0.22912569270066396, -0.2726993059103242, 0.5355160686614915, -0.902931727160895, -0.7803637637643119, 0.36804643024725525, 0.029307394167312983, 0.1432827432294983, 0.6874139879813108, -0.024524721700651453, 0.6202888442522898, 0.020487258589880097, 0.8534413864805024, 0.333855543079252, -0.7025463211318861, -0.27089364934848836, 0.7315498318881986, -0.29942957828896866, -0.6219484810876903, -0.0547573816684539, -0.21443765035574014, 0.23785985328818726, -0.12646741612097356, -0.47815568541100895, -0.17505557667448635, -0.16193193089539926, 0.8048437117522818, 0.9592325240809707, 0.24713767881382775, -0.8336317548582777, 0.46599743519199, 0.357370804957968, 0.6520457340504391, -0.3050973265778887, -0.8822398116837538, 0.2236436329105842, -0.751970763373456, 0.5190590583266628, 0.5888466351532844, -0.18274642650020412, 0.8875950117660911, -0.6524404124894483, 0.8851716994539605]",rhc,relu,False,False,100,[10],0.1,100,14
1405,5,0.041674000094644725,1.902531014775917,2083.0,100,15,"[0.9340596780273533, 0.09446449835144466, 0.9453687199297687, 0.4296319873487293, 0.3954576491945416, -0.5678210088392472, 0.9525489095524835, -0.9875394895908203, -0.4940352752331121, -0.13041693519110842, 0.5587658435875049, -0.6046298507994938, 0.7259864711984445, 0.9668013543506255, -0.6723155171906026, 0.19466788786571843, -0.98202780466489, -0.22685743471274122, -0.9116798841370009, 0.9133059354284718, -0.1277067062404047, 0.8979546135631256, 0.5726119718701219, 0.7325785971633969, -0.6536691570081037, -0.850102825973786, 0.2014854427555386, -0.6640556325631923, 0.4667603350211398, -0.18311227969597055, 0.05581764683584067, 0.875143167901884, 0.043392244889916, -0.7836132342255386, -0.6835531856304011, 0.09040530340642561, 0.04880816013694678, 0.2752204882519873, -0.1970091128194542, 0.2996102180386846, -0.20619999419653467, 0.24783222709644614, 0.5348099341802477, -0.6420521799177383, -0.24884846282491524, 0.005066118653868745, 0.3733341598326916, -0.4926407026772337, 0.10948172588511706, 0.24986168812819542, 0.7910023321122921, -0.27429282313374714, 0.2751141460374733, -0.6171071957620733, -0.004411770765388567, -0.6351091908575863, 0.8367660782795254, -0.13635585731754474, 0.6603762041966925, -0.16644739064327485, 0.8093351774867339, -0.19034956537818792, -0.33765099381775454, 0.14427754054549724, 0.6908872981882266, 0.7220286235061439, 0.19137623413666893, -0.8306767779591795, 0.19453321463834983, -0.5090925828337958, 0.46518689717993555, 0.7893025846334776, 0.0294679418262902, 0.20712702072041278, -0.8698643752343853, 0.08014945928561268, -0.7416264326591246, 0.22912569270066396, -0.2726993059103242, 0.5355160686614915, -0.902931727160895, -0.7803637637643119, 0.36804643024725525, 0.029307394167312983, 0.1432827432294983, 0.6874139879813108, -0.024524721700651453, 0.6202888442522898, 0.020487258589880097, 0.8534413864805024, 0.333855543079252, -0.7025463211318861, -0.27089364934848836, 0.7315498318881986, -0.29942957828896866, -0.6219484810876903, -0.0547573816684539, -0.21443765035574014, 0.23785985328818726, -0.12646741612097356, -0.47815568541100895, -0.17505557667448635, -0.16193193089539926, 0.8048437117522818, 0.9592325240809707, 0.24713767881382775, -0.8336317548582777, 0.46599743519199, 0.357370804957968, 0.6520457340504391, -0.3050973265778887, -0.8822398116837538, 0.2236436329105842, -0.751970763373456, 0.5190590583266628, 0.5888466351532844, -0.18274642650020412, 0.8875950117660911, -0.6524404124894483, 0.8851716994539605]",rhc,relu,False,False,100,[10],0.1,100,14
1406,6,0.04435340000782162,1.834399085621507,2085.0,100,15,"[0.9340596780273533, 0.09446449835144466, 0.9453687199297687, 0.4296319873487293, 0.3954576491945416, -0.5678210088392472, 0.9525489095524835, -0.9875394895908203, -0.4940352752331121, -0.13041693519110842, 0.5587658435875049, -0.6046298507994938, 0.7259864711984445, 0.9668013543506255, -0.6723155171906026, 0.19466788786571843, -0.98202780466489, -0.22685743471274122, -0.9116798841370009, 0.9133059354284718, -0.1277067062404047, 0.8979546135631256, 0.5726119718701219, 0.7325785971633969, -0.6536691570081037, -0.850102825973786, 0.2014854427555386, -0.6640556325631923, 0.4667603350211398, -0.18311227969597055, 0.05581764683584067, 0.875143167901884, 0.043392244889916, -0.7836132342255386, -0.6835531856304011, 0.09040530340642561, 0.04880816013694678, 0.2752204882519873, -0.1970091128194542, 0.2996102180386846, -0.20619999419653467, 0.24783222709644614, 0.5348099341802477, -0.6420521799177383, -0.24884846282491524, 0.005066118653868745, 0.3733341598326916, -0.4926407026772337, 0.10948172588511706, 0.24986168812819542, 0.7910023321122921, -0.27429282313374714, 0.2751141460374733, -0.6171071957620733, -0.004411770765388567, -0.6351091908575863, 0.8367660782795254, -0.13635585731754474, 0.6603762041966925, -0.16644739064327485, 0.8093351774867339, -0.19034956537818792, -0.33765099381775454, 0.14427754054549724, 0.6908872981882266, 0.7220286235061439, 0.19137623413666893, -0.8306767779591795, 0.19453321463834983, -0.5090925828337958, 0.46518689717993555, 0.7893025846334776, 0.0294679418262902, 0.20712702072041278, -0.8698643752343853, 0.08014945928561268, -0.7416264326591246, 0.22912569270066396, -0.2726993059103242, 0.5355160686614915, -0.902931727160895, -0.7803637637643119, 0.36804643024725525, 0.029307394167312983, 0.1432827432294983, 0.6874139879813108, -0.024524721700651453, 0.6202888442522898, 0.020487258589880097, 0.8534413864805024, 0.333855543079252, -0.7025463211318861, -0.27089364934848836, 0.7315498318881986, -0.29942957828896866, -0.6219484810876903, -0.0547573816684539, -0.21443765035574014, 0.23785985328818726, -0.12646741612097356, -0.47815568541100895, -0.17505557667448635, -0.16193193089539926, 0.8048437117522818, 0.9592325240809707, 0.24713767881382775, -0.8336317548582777, 0.46599743519199, 0.357370804957968, 0.6520457340504391, -0.3050973265778887, -0.8822398116837538, 0.2236436329105842, -0.751970763373456, 0.5190590583266628, 0.5888466351532844, -0.18274642650020412, 0.8875950117660911, -0.6524404124894483, 0.8851716994539605]",rhc,relu,False,False,100,[10],0.1,100,14
1407,7,0.04734460008330643,1.8272112647844334,2087.0,100,15,"[0.9340596780273533, 0.09446449835144466, 0.9453687199297687, 0.4296319873487293, 0.3954576491945416, -0.5678210088392472, 0.9525489095524835, -0.9875394895908203, -0.4940352752331121, -0.13041693519110842, 0.5587658435875049, -0.6046298507994938, 0.7259864711984445, 0.9668013543506255, -0.6723155171906026, 0.19466788786571843, -0.98202780466489, -0.22685743471274122, -0.9116798841370009, 0.9133059354284718, -0.1277067062404047, 0.8979546135631256, 0.5726119718701219, 0.7325785971633969, -0.6536691570081037, -0.850102825973786, 0.2014854427555386, -0.6640556325631923, 0.4667603350211398, -0.18311227969597055, 0.05581764683584067, 0.875143167901884, 0.043392244889916, -0.7836132342255386, -0.6835531856304011, 0.09040530340642561, 0.04880816013694678, 0.2752204882519873, -0.1970091128194542, 0.2996102180386846, -0.20619999419653467, 0.24783222709644614, 0.5348099341802477, -0.6420521799177383, -0.24884846282491524, 0.005066118653868745, 0.3733341598326916, -0.4926407026772337, 0.10948172588511706, 0.24986168812819542, 0.7910023321122921, -0.27429282313374714, 0.2751141460374733, -0.6171071957620733, -0.004411770765388567, -0.6351091908575863, 0.8367660782795254, -0.13635585731754474, 0.6603762041966925, -0.16644739064327485, 0.8093351774867339, -0.19034956537818792, -0.33765099381775454, 0.14427754054549724, 0.6908872981882266, 0.7220286235061439, 0.19137623413666893, -0.8306767779591795, 0.19453321463834983, -0.5090925828337958, 0.46518689717993555, 0.7893025846334776, 0.0294679418262902, 0.20712702072041278, -0.8698643752343853, 0.08014945928561268, -0.7416264326591246, 0.22912569270066396, -0.2726993059103242, 0.5355160686614915, -0.902931727160895, -0.7803637637643119, 0.36804643024725525, 0.029307394167312983, 0.1432827432294983, 0.6874139879813108, -0.024524721700651453, 0.6202888442522898, 0.020487258589880097, 0.8534413864805024, 0.333855543079252, -0.7025463211318861, -0.27089364934848836, 0.7315498318881986, -0.29942957828896866, -0.6219484810876903, -0.0547573816684539, -0.21443765035574014, 0.23785985328818726, -0.12646741612097356, -0.47815568541100895, -0.17505557667448635, -0.16193193089539926, 0.8048437117522818, 0.9592325240809707, 0.24713767881382775, -0.8336317548582777, 0.46599743519199, 0.357370804957968, 0.6520457340504391, -0.3050973265778887, -0.8822398116837538, 0.2236436329105842, -0.751970763373456, 0.5190590583266628, 0.5888466351532844, -0.18274642650020412, 0.8875950117660911, -0.6524404124894483, 0.8851716994539605]",rhc,relu,False,False,100,[10],0.1,100,14
1408,8,0.049982900032773614,1.7754361991326324,2089.0,100,15,"[0.9340596780273533, 0.09446449835144466, 0.9453687199297687, 0.4296319873487293, 0.3954576491945416, -0.5678210088392472, 0.9525489095524835, -0.9875394895908203, -0.4940352752331121, -0.13041693519110842, 0.5587658435875049, -0.6046298507994938, 0.7259864711984445, 0.9668013543506255, -0.6723155171906026, 0.19466788786571843, -0.98202780466489, -0.22685743471274122, -0.9116798841370009, 0.9133059354284718, -0.1277067062404047, 0.8979546135631256, 0.5726119718701219, 0.7325785971633969, -0.6536691570081037, -0.850102825973786, 0.2014854427555386, -0.6640556325631923, 0.4667603350211398, -0.18311227969597055, 0.05581764683584067, 0.875143167901884, 0.043392244889916, -0.7836132342255386, -0.6835531856304011, 0.09040530340642561, 0.04880816013694678, 0.2752204882519873, -0.1970091128194542, 0.2996102180386846, -0.20619999419653467, 0.24783222709644614, 0.5348099341802477, -0.6420521799177383, -0.24884846282491524, 0.005066118653868745, 0.3733341598326916, -0.4926407026772337, 0.10948172588511706, 0.24986168812819542, 0.7910023321122921, -0.27429282313374714, 0.2751141460374733, -0.6171071957620733, -0.004411770765388567, -0.6351091908575863, 0.8367660782795254, -0.13635585731754474, 0.6603762041966925, -0.16644739064327485, 0.8093351774867339, -0.19034956537818792, -0.33765099381775454, 0.14427754054549724, 0.6908872981882266, 0.7220286235061439, 0.19137623413666893, -0.8306767779591795, 0.19453321463834983, -0.5090925828337958, 0.46518689717993555, 0.7893025846334776, 0.0294679418262902, 0.20712702072041278, -0.8698643752343853, 0.08014945928561268, -0.7416264326591246, 0.22912569270066396, -0.2726993059103242, 0.5355160686614915, -0.902931727160895, -0.7803637637643119, 0.36804643024725525, 0.029307394167312983, 0.1432827432294983, 0.6874139879813108, -0.024524721700651453, 0.6202888442522898, 0.020487258589880097, 0.8534413864805024, 0.333855543079252, -0.7025463211318861, -0.27089364934848836, 0.7315498318881986, -0.29942957828896866, -0.6219484810876903, -0.0547573816684539, -0.21443765035574014, 0.23785985328818726, -0.12646741612097356, -0.47815568541100895, -0.17505557667448635, -0.16193193089539926, 0.8048437117522818, 0.9592325240809707, 0.24713767881382775, -0.8336317548582777, 0.46599743519199, 0.357370804957968, 0.6520457340504391, -0.3050973265778887, -0.8822398116837538, 0.2236436329105842, -0.751970763373456, 0.5190590583266628, 0.5888466351532844, -0.18274642650020412, 0.8875950117660911, -0.6524404124894483, 0.8851716994539605]",rhc,relu,False,False,100,[10],0.1,100,14
1409,9,0.05281060002744198,1.7526640187363898,2091.0,100,15,"[0.9340596780273533, 0.09446449835144466, 0.9453687199297687, 0.4296319873487293, 0.3954576491945416, -0.5678210088392472, 0.9525489095524835, -0.9875394895908203, -0.4940352752331121, -0.13041693519110842, 0.5587658435875049, -0.6046298507994938, 0.7259864711984445, 0.9668013543506255, -0.6723155171906026, 0.19466788786571843, -0.98202780466489, -0.22685743471274122, -0.9116798841370009, 0.9133059354284718, -0.1277067062404047, 0.8979546135631256, 0.5726119718701219, 0.7325785971633969, -0.6536691570081037, -0.850102825973786, 0.2014854427555386, -0.6640556325631923, 0.4667603350211398, -0.18311227969597055, 0.05581764683584067, 0.875143167901884, 0.043392244889916, -0.7836132342255386, -0.6835531856304011, 0.09040530340642561, 0.04880816013694678, 0.2752204882519873, -0.1970091128194542, 0.2996102180386846, -0.20619999419653467, 0.24783222709644614, 0.5348099341802477, -0.6420521799177383, -0.24884846282491524, 0.005066118653868745, 0.3733341598326916, -0.4926407026772337, 0.10948172588511706, 0.24986168812819542, 0.7910023321122921, -0.27429282313374714, 0.2751141460374733, -0.6171071957620733, -0.004411770765388567, -0.6351091908575863, 0.8367660782795254, -0.13635585731754474, 0.6603762041966925, -0.16644739064327485, 0.8093351774867339, -0.19034956537818792, -0.33765099381775454, 0.14427754054549724, 0.6908872981882266, 0.7220286235061439, 0.19137623413666893, -0.8306767779591795, 0.19453321463834983, -0.5090925828337958, 0.46518689717993555, 0.7893025846334776, 0.0294679418262902, 0.20712702072041278, -0.8698643752343853, 0.08014945928561268, -0.7416264326591246, 0.22912569270066396, -0.2726993059103242, 0.5355160686614915, -0.902931727160895, -0.7803637637643119, 0.36804643024725525, 0.029307394167312983, 0.1432827432294983, 0.6874139879813108, -0.024524721700651453, 0.6202888442522898, 0.020487258589880097, 0.8534413864805024, 0.333855543079252, -0.7025463211318861, -0.27089364934848836, 0.7315498318881986, -0.29942957828896866, -0.6219484810876903, -0.0547573816684539, -0.21443765035574014, 0.23785985328818726, -0.12646741612097356, -0.47815568541100895, -0.17505557667448635, -0.16193193089539926, 0.8048437117522818, 0.9592325240809707, 0.24713767881382775, -0.8336317548582777, 0.46599743519199, 0.357370804957968, 0.6520457340504391, -0.3050973265778887, -0.8822398116837538, 0.2236436329105842, -0.751970763373456, 0.5190590583266628, 0.5888466351532844, -0.18274642650020412, 0.8875950117660911, -0.6524404124894483, 0.8851716994539605]",rhc,relu,False,False,100,[10],0.1,100,14
1410,10,0.054268900072202086,1.742416454329762,2093.0,100,15,"[0.9340596780273533, 0.09446449835144466, 0.9453687199297687, 0.4296319873487293, 0.3954576491945416, -0.5678210088392472, 0.9525489095524835, -0.9875394895908203, -0.4940352752331121, -0.13041693519110842, 0.5587658435875049, -0.6046298507994938, 0.7259864711984445, 0.9668013543506255, -0.6723155171906026, 0.19466788786571843, -0.98202780466489, -0.22685743471274122, -0.9116798841370009, 0.9133059354284718, -0.1277067062404047, 0.8979546135631256, 0.5726119718701219, 0.7325785971633969, -0.6536691570081037, -0.850102825973786, 0.2014854427555386, -0.6640556325631923, 0.4667603350211398, -0.18311227969597055, 0.05581764683584067, 0.875143167901884, 0.043392244889916, -0.7836132342255386, -0.6835531856304011, 0.09040530340642561, 0.04880816013694678, 0.2752204882519873, -0.1970091128194542, 0.2996102180386846, -0.20619999419653467, 0.24783222709644614, 0.5348099341802477, -0.6420521799177383, -0.24884846282491524, 0.005066118653868745, 0.3733341598326916, -0.4926407026772337, 0.10948172588511706, 0.24986168812819542, 0.7910023321122921, -0.27429282313374714, 0.2751141460374733, -0.6171071957620733, -0.004411770765388567, -0.6351091908575863, 0.8367660782795254, -0.13635585731754474, 0.6603762041966925, -0.16644739064327485, 0.8093351774867339, -0.19034956537818792, -0.33765099381775454, 0.14427754054549724, 0.6908872981882266, 0.7220286235061439, 0.19137623413666893, -0.8306767779591795, 0.19453321463834983, -0.5090925828337958, 0.46518689717993555, 0.7893025846334776, 0.0294679418262902, 0.20712702072041278, -0.8698643752343853, 0.08014945928561268, -0.7416264326591246, 0.22912569270066396, -0.2726993059103242, 0.5355160686614915, -0.902931727160895, -0.7803637637643119, 0.36804643024725525, 0.029307394167312983, 0.1432827432294983, 0.6874139879813108, -0.024524721700651453, 0.6202888442522898, 0.020487258589880097, 0.8534413864805024, 0.333855543079252, -0.7025463211318861, -0.27089364934848836, 0.7315498318881986, -0.29942957828896866, -0.6219484810876903, -0.0547573816684539, -0.21443765035574014, 0.23785985328818726, -0.12646741612097356, -0.47815568541100895, -0.17505557667448635, -0.16193193089539926, 0.8048437117522818, 0.9592325240809707, 0.24713767881382775, -0.8336317548582777, 0.46599743519199, 0.357370804957968, 0.6520457340504391, -0.3050973265778887, -0.8822398116837538, 0.2236436329105842, -0.751970763373456, 0.5190590583266628, 0.5888466351532844, -0.18274642650020412, 0.8875950117660911, -0.6524404124894483, 0.8851716994539605]",rhc,relu,False,False,100,[10],0.1,100,14
1411,11,0.05699730000924319,1.7408081274693106,2095.0,100,15,"[0.9340596780273533, 0.09446449835144466, 0.9453687199297687, 0.4296319873487293, 0.3954576491945416, -0.5678210088392472, 0.9525489095524835, -0.9875394895908203, -0.4940352752331121, -0.13041693519110842, 0.5587658435875049, -0.6046298507994938, 0.7259864711984445, 0.9668013543506255, -0.6723155171906026, 0.19466788786571843, -0.98202780466489, -0.22685743471274122, -0.9116798841370009, 0.9133059354284718, -0.1277067062404047, 0.8979546135631256, 0.5726119718701219, 0.7325785971633969, -0.6536691570081037, -0.850102825973786, 0.2014854427555386, -0.6640556325631923, 0.4667603350211398, -0.18311227969597055, 0.05581764683584067, 0.875143167901884, 0.043392244889916, -0.7836132342255386, -0.6835531856304011, 0.09040530340642561, 0.04880816013694678, 0.2752204882519873, -0.1970091128194542, 0.2996102180386846, -0.20619999419653467, 0.24783222709644614, 0.5348099341802477, -0.6420521799177383, -0.24884846282491524, 0.005066118653868745, 0.3733341598326916, -0.4926407026772337, 0.10948172588511706, 0.24986168812819542, 0.7910023321122921, -0.27429282313374714, 0.2751141460374733, -0.6171071957620733, -0.004411770765388567, -0.6351091908575863, 0.8367660782795254, -0.13635585731754474, 0.6603762041966925, -0.16644739064327485, 0.8093351774867339, -0.19034956537818792, -0.33765099381775454, 0.14427754054549724, 0.6908872981882266, 0.7220286235061439, 0.19137623413666893, -0.8306767779591795, 0.19453321463834983, -0.5090925828337958, 0.46518689717993555, 0.7893025846334776, 0.0294679418262902, 0.20712702072041278, -0.8698643752343853, 0.08014945928561268, -0.7416264326591246, 0.22912569270066396, -0.2726993059103242, 0.5355160686614915, -0.902931727160895, -0.7803637637643119, 0.36804643024725525, 0.029307394167312983, 0.1432827432294983, 0.6874139879813108, -0.024524721700651453, 0.6202888442522898, 0.020487258589880097, 0.8534413864805024, 0.333855543079252, -0.7025463211318861, -0.27089364934848836, 0.7315498318881986, -0.29942957828896866, -0.6219484810876903, -0.0547573816684539, -0.21443765035574014, 0.23785985328818726, -0.12646741612097356, -0.47815568541100895, -0.17505557667448635, -0.16193193089539926, 0.8048437117522818, 0.9592325240809707, 0.24713767881382775, -0.8336317548582777, 0.46599743519199, 0.357370804957968, 0.6520457340504391, -0.3050973265778887, -0.8822398116837538, 0.2236436329105842, -0.751970763373456, 0.5190590583266628, 0.5888466351532844, -0.18274642650020412, 0.8875950117660911, -0.6524404124894483, 0.8851716994539605]",rhc,relu,False,False,100,[10],0.1,100,14
1412,12,0.05975670006591827,1.740558437129234,2097.0,100,15,"[0.9340596780273533, 0.09446449835144466, 0.9453687199297687, 0.4296319873487293, 0.3954576491945416, -0.5678210088392472, 0.9525489095524835, -0.9875394895908203, -0.4940352752331121, -0.13041693519110842, 0.5587658435875049, -0.6046298507994938, 0.7259864711984445, 0.9668013543506255, -0.6723155171906026, 0.19466788786571843, -0.98202780466489, -0.22685743471274122, -0.9116798841370009, 0.9133059354284718, -0.1277067062404047, 0.8979546135631256, 0.5726119718701219, 0.7325785971633969, -0.6536691570081037, -0.850102825973786, 0.2014854427555386, -0.6640556325631923, 0.4667603350211398, -0.18311227969597055, 0.05581764683584067, 0.875143167901884, 0.043392244889916, -0.7836132342255386, -0.6835531856304011, 0.09040530340642561, 0.04880816013694678, 0.2752204882519873, -0.1970091128194542, 0.2996102180386846, -0.20619999419653467, 0.24783222709644614, 0.5348099341802477, -0.6420521799177383, -0.24884846282491524, 0.005066118653868745, 0.3733341598326916, -0.4926407026772337, 0.10948172588511706, 0.24986168812819542, 0.7910023321122921, -0.27429282313374714, 0.2751141460374733, -0.6171071957620733, -0.004411770765388567, -0.6351091908575863, 0.8367660782795254, -0.13635585731754474, 0.6603762041966925, -0.16644739064327485, 0.8093351774867339, -0.19034956537818792, -0.33765099381775454, 0.14427754054549724, 0.6908872981882266, 0.7220286235061439, 0.19137623413666893, -0.8306767779591795, 0.19453321463834983, -0.5090925828337958, 0.46518689717993555, 0.7893025846334776, 0.0294679418262902, 0.20712702072041278, -0.8698643752343853, 0.08014945928561268, -0.7416264326591246, 0.22912569270066396, -0.2726993059103242, 0.5355160686614915, -0.902931727160895, -0.7803637637643119, 0.36804643024725525, 0.029307394167312983, 0.1432827432294983, 0.6874139879813108, -0.024524721700651453, 0.6202888442522898, 0.020487258589880097, 0.8534413864805024, 0.333855543079252, -0.7025463211318861, -0.27089364934848836, 0.7315498318881986, -0.29942957828896866, -0.6219484810876903, -0.0547573816684539, -0.21443765035574014, 0.23785985328818726, -0.12646741612097356, -0.47815568541100895, -0.17505557667448635, -0.16193193089539926, 0.8048437117522818, 0.9592325240809707, 0.24713767881382775, -0.8336317548582777, 0.46599743519199, 0.357370804957968, 0.6520457340504391, -0.3050973265778887, -0.8822398116837538, 0.2236436329105842, -0.751970763373456, 0.5190590583266628, 0.5888466351532844, -0.18274642650020412, 0.8875950117660911, -0.6524404124894483, 0.8851716994539605]",rhc,relu,False,False,100,[10],0.1,100,14
1413,13,0.06276760005857795,1.740558437129234,2098.0,100,15,"[0.9340596780273533, 0.09446449835144466, 0.9453687199297687, 0.4296319873487293, 0.3954576491945416, -0.5678210088392472, 0.9525489095524835, -0.9875394895908203, -0.4940352752331121, -0.13041693519110842, 0.5587658435875049, -0.6046298507994938, 0.7259864711984445, 0.9668013543506255, -0.6723155171906026, 0.19466788786571843, -0.98202780466489, -0.22685743471274122, -0.9116798841370009, 0.9133059354284718, -0.1277067062404047, 0.8979546135631256, 0.5726119718701219, 0.7325785971633969, -0.6536691570081037, -0.850102825973786, 0.2014854427555386, -0.6640556325631923, 0.4667603350211398, -0.18311227969597055, 0.05581764683584067, 0.875143167901884, 0.043392244889916, -0.7836132342255386, -0.6835531856304011, 0.09040530340642561, 0.04880816013694678, 0.2752204882519873, -0.1970091128194542, 0.2996102180386846, -0.20619999419653467, 0.24783222709644614, 0.5348099341802477, -0.6420521799177383, -0.24884846282491524, 0.005066118653868745, 0.3733341598326916, -0.4926407026772337, 0.10948172588511706, 0.24986168812819542, 0.7910023321122921, -0.27429282313374714, 0.2751141460374733, -0.6171071957620733, -0.004411770765388567, -0.6351091908575863, 0.8367660782795254, -0.13635585731754474, 0.6603762041966925, -0.16644739064327485, 0.8093351774867339, -0.19034956537818792, -0.33765099381775454, 0.14427754054549724, 0.6908872981882266, 0.7220286235061439, 0.19137623413666893, -0.8306767779591795, 0.19453321463834983, -0.5090925828337958, 0.46518689717993555, 0.7893025846334776, 0.0294679418262902, 0.20712702072041278, -0.8698643752343853, 0.08014945928561268, -0.7416264326591246, 0.22912569270066396, -0.2726993059103242, 0.5355160686614915, -0.902931727160895, -0.7803637637643119, 0.36804643024725525, 0.029307394167312983, 0.1432827432294983, 0.6874139879813108, -0.024524721700651453, 0.6202888442522898, 0.020487258589880097, 0.8534413864805024, 0.333855543079252, -0.7025463211318861, -0.27089364934848836, 0.7315498318881986, -0.29942957828896866, -0.6219484810876903, -0.0547573816684539, -0.21443765035574014, 0.23785985328818726, -0.12646741612097356, -0.47815568541100895, -0.17505557667448635, -0.16193193089539926, 0.8048437117522818, 0.9592325240809707, 0.24713767881382775, -0.8336317548582777, 0.46599743519199, 0.357370804957968, 0.6520457340504391, -0.3050973265778887, -0.8822398116837538, 0.2236436329105842, -0.751970763373456, 0.5190590583266628, 0.5888466351532844, -0.18274642650020412, 0.8875950117660911, -0.6524404124894483, 0.8851716994539605]",rhc,relu,False,False,100,[10],0.1,100,14
1414,14,0.06632550002541393,1.740558437129234,2099.0,100,15,"[0.9340596780273533, 0.09446449835144466, 0.9453687199297687, 0.4296319873487293, 0.3954576491945416, -0.5678210088392472, 0.9525489095524835, -0.9875394895908203, -0.4940352752331121, -0.13041693519110842, 0.5587658435875049, -0.6046298507994938, 0.7259864711984445, 0.9668013543506255, -0.6723155171906026, 0.19466788786571843, -0.98202780466489, -0.22685743471274122, -0.9116798841370009, 0.9133059354284718, -0.1277067062404047, 0.8979546135631256, 0.5726119718701219, 0.7325785971633969, -0.6536691570081037, -0.850102825973786, 0.2014854427555386, -0.6640556325631923, 0.4667603350211398, -0.18311227969597055, 0.05581764683584067, 0.875143167901884, 0.043392244889916, -0.7836132342255386, -0.6835531856304011, 0.09040530340642561, 0.04880816013694678, 0.2752204882519873, -0.1970091128194542, 0.2996102180386846, -0.20619999419653467, 0.24783222709644614, 0.5348099341802477, -0.6420521799177383, -0.24884846282491524, 0.005066118653868745, 0.3733341598326916, -0.4926407026772337, 0.10948172588511706, 0.24986168812819542, 0.7910023321122921, -0.27429282313374714, 0.2751141460374733, -0.6171071957620733, -0.004411770765388567, -0.6351091908575863, 0.8367660782795254, -0.13635585731754474, 0.6603762041966925, -0.16644739064327485, 0.8093351774867339, -0.19034956537818792, -0.33765099381775454, 0.14427754054549724, 0.6908872981882266, 0.7220286235061439, 0.19137623413666893, -0.8306767779591795, 0.19453321463834983, -0.5090925828337958, 0.46518689717993555, 0.7893025846334776, 0.0294679418262902, 0.20712702072041278, -0.8698643752343853, 0.08014945928561268, -0.7416264326591246, 0.22912569270066396, -0.2726993059103242, 0.5355160686614915, -0.902931727160895, -0.7803637637643119, 0.36804643024725525, 0.029307394167312983, 0.1432827432294983, 0.6874139879813108, -0.024524721700651453, 0.6202888442522898, 0.020487258589880097, 0.8534413864805024, 0.333855543079252, -0.7025463211318861, -0.27089364934848836, 0.7315498318881986, -0.29942957828896866, -0.6219484810876903, -0.0547573816684539, -0.21443765035574014, 0.23785985328818726, -0.12646741612097356, -0.47815568541100895, -0.17505557667448635, -0.16193193089539926, 0.8048437117522818, 0.9592325240809707, 0.24713767881382775, -0.8336317548582777, 0.46599743519199, 0.357370804957968, 0.6520457340504391, -0.3050973265778887, -0.8822398116837538, 0.2236436329105842, -0.751970763373456, 0.5190590583266628, 0.5888466351532844, -0.18274642650020412, 0.8875950117660911, -0.6524404124894483, 0.8851716994539605]",rhc,relu,False,False,100,[10],0.1,100,14
1415,15,0.06922320008743554,1.7393824865156626,2101.0,100,15,"[0.9340596780273533, 0.09446449835144466, 0.9453687199297687, 0.4296319873487293, 0.3954576491945416, -0.5678210088392472, 0.9525489095524835, -0.9875394895908203, -0.4940352752331121, -0.13041693519110842, 0.5587658435875049, -0.6046298507994938, 0.7259864711984445, 0.9668013543506255, -0.6723155171906026, 0.19466788786571843, -0.98202780466489, -0.22685743471274122, -0.9116798841370009, 0.9133059354284718, -0.1277067062404047, 0.8979546135631256, 0.5726119718701219, 0.7325785971633969, -0.6536691570081037, -0.850102825973786, 0.2014854427555386, -0.6640556325631923, 0.4667603350211398, -0.18311227969597055, 0.05581764683584067, 0.875143167901884, 0.043392244889916, -0.7836132342255386, -0.6835531856304011, 0.09040530340642561, 0.04880816013694678, 0.2752204882519873, -0.1970091128194542, 0.2996102180386846, -0.20619999419653467, 0.24783222709644614, 0.5348099341802477, -0.6420521799177383, -0.24884846282491524, 0.005066118653868745, 0.3733341598326916, -0.4926407026772337, 0.10948172588511706, 0.24986168812819542, 0.7910023321122921, -0.27429282313374714, 0.2751141460374733, -0.6171071957620733, -0.004411770765388567, -0.6351091908575863, 0.8367660782795254, -0.13635585731754474, 0.6603762041966925, -0.16644739064327485, 0.8093351774867339, -0.19034956537818792, -0.33765099381775454, 0.14427754054549724, 0.6908872981882266, 0.7220286235061439, 0.19137623413666893, -0.8306767779591795, 0.19453321463834983, -0.5090925828337958, 0.46518689717993555, 0.7893025846334776, 0.0294679418262902, 0.20712702072041278, -0.8698643752343853, 0.08014945928561268, -0.7416264326591246, 0.22912569270066396, -0.2726993059103242, 0.5355160686614915, -0.902931727160895, -0.7803637637643119, 0.36804643024725525, 0.029307394167312983, 0.1432827432294983, 0.6874139879813108, -0.024524721700651453, 0.6202888442522898, 0.020487258589880097, 0.8534413864805024, 0.333855543079252, -0.7025463211318861, -0.27089364934848836, 0.7315498318881986, -0.29942957828896866, -0.6219484810876903, -0.0547573816684539, -0.21443765035574014, 0.23785985328818726, -0.12646741612097356, -0.47815568541100895, -0.17505557667448635, -0.16193193089539926, 0.8048437117522818, 0.9592325240809707, 0.24713767881382775, -0.8336317548582777, 0.46599743519199, 0.357370804957968, 0.6520457340504391, -0.3050973265778887, -0.8822398116837538, 0.2236436329105842, -0.751970763373456, 0.5190590583266628, 0.5888466351532844, -0.18274642650020412, 0.8875950117660911, -0.6524404124894483, 0.8851716994539605]",rhc,relu,False,False,100,[10],0.1,100,14
1416,16,0.07063110009767115,1.73809191625803,2103.0,100,15,"[0.9340596780273533, 0.09446449835144466, 0.9453687199297687, 0.4296319873487293, 0.3954576491945416, -0.5678210088392472, 0.9525489095524835, -0.9875394895908203, -0.4940352752331121, -0.13041693519110842, 0.5587658435875049, -0.6046298507994938, 0.7259864711984445, 0.9668013543506255, -0.6723155171906026, 0.19466788786571843, -0.98202780466489, -0.22685743471274122, -0.9116798841370009, 0.9133059354284718, -0.1277067062404047, 0.8979546135631256, 0.5726119718701219, 0.7325785971633969, -0.6536691570081037, -0.850102825973786, 0.2014854427555386, -0.6640556325631923, 0.4667603350211398, -0.18311227969597055, 0.05581764683584067, 0.875143167901884, 0.043392244889916, -0.7836132342255386, -0.6835531856304011, 0.09040530340642561, 0.04880816013694678, 0.2752204882519873, -0.1970091128194542, 0.2996102180386846, -0.20619999419653467, 0.24783222709644614, 0.5348099341802477, -0.6420521799177383, -0.24884846282491524, 0.005066118653868745, 0.3733341598326916, -0.4926407026772337, 0.10948172588511706, 0.24986168812819542, 0.7910023321122921, -0.27429282313374714, 0.2751141460374733, -0.6171071957620733, -0.004411770765388567, -0.6351091908575863, 0.8367660782795254, -0.13635585731754474, 0.6603762041966925, -0.16644739064327485, 0.8093351774867339, -0.19034956537818792, -0.33765099381775454, 0.14427754054549724, 0.6908872981882266, 0.7220286235061439, 0.19137623413666893, -0.8306767779591795, 0.19453321463834983, -0.5090925828337958, 0.46518689717993555, 0.7893025846334776, 0.0294679418262902, 0.20712702072041278, -0.8698643752343853, 0.08014945928561268, -0.7416264326591246, 0.22912569270066396, -0.2726993059103242, 0.5355160686614915, -0.902931727160895, -0.7803637637643119, 0.36804643024725525, 0.029307394167312983, 0.1432827432294983, 0.6874139879813108, -0.024524721700651453, 0.6202888442522898, 0.020487258589880097, 0.8534413864805024, 0.333855543079252, -0.7025463211318861, -0.27089364934848836, 0.7315498318881986, -0.29942957828896866, -0.6219484810876903, -0.0547573816684539, -0.21443765035574014, 0.23785985328818726, -0.12646741612097356, -0.47815568541100895, -0.17505557667448635, -0.16193193089539926, 0.8048437117522818, 0.9592325240809707, 0.24713767881382775, -0.8336317548582777, 0.46599743519199, 0.357370804957968, 0.6520457340504391, -0.3050973265778887, -0.8822398116837538, 0.2236436329105842, -0.751970763373456, 0.5190590583266628, 0.5888466351532844, -0.18274642650020412, 0.8875950117660911, -0.6524404124894483, 0.8851716994539605]",rhc,relu,False,False,100,[10],0.1,100,14
1417,17,0.07200020004529506,1.735310928866185,2105.0,100,15,"[0.9340596780273533, 0.09446449835144466, 0.9453687199297687, 0.4296319873487293, 0.3954576491945416, -0.5678210088392472, 0.9525489095524835, -0.9875394895908203, -0.4940352752331121, -0.13041693519110842, 0.5587658435875049, -0.6046298507994938, 0.7259864711984445, 0.9668013543506255, -0.6723155171906026, 0.19466788786571843, -0.98202780466489, -0.22685743471274122, -0.9116798841370009, 0.9133059354284718, -0.1277067062404047, 0.8979546135631256, 0.5726119718701219, 0.7325785971633969, -0.6536691570081037, -0.850102825973786, 0.2014854427555386, -0.6640556325631923, 0.4667603350211398, -0.18311227969597055, 0.05581764683584067, 0.875143167901884, 0.043392244889916, -0.7836132342255386, -0.6835531856304011, 0.09040530340642561, 0.04880816013694678, 0.2752204882519873, -0.1970091128194542, 0.2996102180386846, -0.20619999419653467, 0.24783222709644614, 0.5348099341802477, -0.6420521799177383, -0.24884846282491524, 0.005066118653868745, 0.3733341598326916, -0.4926407026772337, 0.10948172588511706, 0.24986168812819542, 0.7910023321122921, -0.27429282313374714, 0.2751141460374733, -0.6171071957620733, -0.004411770765388567, -0.6351091908575863, 0.8367660782795254, -0.13635585731754474, 0.6603762041966925, -0.16644739064327485, 0.8093351774867339, -0.19034956537818792, -0.33765099381775454, 0.14427754054549724, 0.6908872981882266, 0.7220286235061439, 0.19137623413666893, -0.8306767779591795, 0.19453321463834983, -0.5090925828337958, 0.46518689717993555, 0.7893025846334776, 0.0294679418262902, 0.20712702072041278, -0.8698643752343853, 0.08014945928561268, -0.7416264326591246, 0.22912569270066396, -0.2726993059103242, 0.5355160686614915, -0.902931727160895, -0.7803637637643119, 0.36804643024725525, 0.029307394167312983, 0.1432827432294983, 0.6874139879813108, -0.024524721700651453, 0.6202888442522898, 0.020487258589880097, 0.8534413864805024, 0.333855543079252, -0.7025463211318861, -0.27089364934848836, 0.7315498318881986, -0.29942957828896866, -0.6219484810876903, -0.0547573816684539, -0.21443765035574014, 0.23785985328818726, -0.12646741612097356, -0.47815568541100895, -0.17505557667448635, -0.16193193089539926, 0.8048437117522818, 0.9592325240809707, 0.24713767881382775, -0.8336317548582777, 0.46599743519199, 0.357370804957968, 0.6520457340504391, -0.3050973265778887, -0.8822398116837538, 0.2236436329105842, -0.751970763373456, 0.5190590583266628, 0.5888466351532844, -0.18274642650020412, 0.8875950117660911, -0.6524404124894483, 0.8851716994539605]",rhc,relu,False,False,100,[10],0.1,100,14
1418,18,0.07342060003429651,1.735310928866185,2106.0,100,15,"[0.9340596780273533, 0.09446449835144466, 0.9453687199297687, 0.4296319873487293, 0.3954576491945416, -0.5678210088392472, 0.9525489095524835, -0.9875394895908203, -0.4940352752331121, -0.13041693519110842, 0.5587658435875049, -0.6046298507994938, 0.7259864711984445, 0.9668013543506255, -0.6723155171906026, 0.19466788786571843, -0.98202780466489, -0.22685743471274122, -0.9116798841370009, 0.9133059354284718, -0.1277067062404047, 0.8979546135631256, 0.5726119718701219, 0.7325785971633969, -0.6536691570081037, -0.850102825973786, 0.2014854427555386, -0.6640556325631923, 0.4667603350211398, -0.18311227969597055, 0.05581764683584067, 0.875143167901884, 0.043392244889916, -0.7836132342255386, -0.6835531856304011, 0.09040530340642561, 0.04880816013694678, 0.2752204882519873, -0.1970091128194542, 0.2996102180386846, -0.20619999419653467, 0.24783222709644614, 0.5348099341802477, -0.6420521799177383, -0.24884846282491524, 0.005066118653868745, 0.3733341598326916, -0.4926407026772337, 0.10948172588511706, 0.24986168812819542, 0.7910023321122921, -0.27429282313374714, 0.2751141460374733, -0.6171071957620733, -0.004411770765388567, -0.6351091908575863, 0.8367660782795254, -0.13635585731754474, 0.6603762041966925, -0.16644739064327485, 0.8093351774867339, -0.19034956537818792, -0.33765099381775454, 0.14427754054549724, 0.6908872981882266, 0.7220286235061439, 0.19137623413666893, -0.8306767779591795, 0.19453321463834983, -0.5090925828337958, 0.46518689717993555, 0.7893025846334776, 0.0294679418262902, 0.20712702072041278, -0.8698643752343853, 0.08014945928561268, -0.7416264326591246, 0.22912569270066396, -0.2726993059103242, 0.5355160686614915, -0.902931727160895, -0.7803637637643119, 0.36804643024725525, 0.029307394167312983, 0.1432827432294983, 0.6874139879813108, -0.024524721700651453, 0.6202888442522898, 0.020487258589880097, 0.8534413864805024, 0.333855543079252, -0.7025463211318861, -0.27089364934848836, 0.7315498318881986, -0.29942957828896866, -0.6219484810876903, -0.0547573816684539, -0.21443765035574014, 0.23785985328818726, -0.12646741612097356, -0.47815568541100895, -0.17505557667448635, -0.16193193089539926, 0.8048437117522818, 0.9592325240809707, 0.24713767881382775, -0.8336317548582777, 0.46599743519199, 0.357370804957968, 0.6520457340504391, -0.3050973265778887, -0.8822398116837538, 0.2236436329105842, -0.751970763373456, 0.5190590583266628, 0.5888466351532844, -0.18274642650020412, 0.8875950117660911, -0.6524404124894483, 0.8851716994539605]",rhc,relu,False,False,100,[10],0.1,100,14
1419,19,0.07618380000349134,1.7274275245707527,2108.0,100,15,"[0.9340596780273533, 0.09446449835144466, 0.9453687199297687, 0.4296319873487293, 0.3954576491945416, -0.5678210088392472, 0.9525489095524835, -0.9875394895908203, -0.4940352752331121, -0.13041693519110842, 0.5587658435875049, -0.6046298507994938, 0.7259864711984445, 0.9668013543506255, -0.6723155171906026, 0.19466788786571843, -0.98202780466489, -0.22685743471274122, -0.9116798841370009, 0.9133059354284718, -0.1277067062404047, 0.8979546135631256, 0.5726119718701219, 0.7325785971633969, -0.6536691570081037, -0.850102825973786, 0.2014854427555386, -0.6640556325631923, 0.4667603350211398, -0.18311227969597055, 0.05581764683584067, 0.875143167901884, 0.043392244889916, -0.7836132342255386, -0.6835531856304011, 0.09040530340642561, 0.04880816013694678, 0.2752204882519873, -0.1970091128194542, 0.2996102180386846, -0.20619999419653467, 0.24783222709644614, 0.5348099341802477, -0.6420521799177383, -0.24884846282491524, 0.005066118653868745, 0.3733341598326916, -0.4926407026772337, 0.10948172588511706, 0.24986168812819542, 0.7910023321122921, -0.27429282313374714, 0.2751141460374733, -0.6171071957620733, -0.004411770765388567, -0.6351091908575863, 0.8367660782795254, -0.13635585731754474, 0.6603762041966925, -0.16644739064327485, 0.8093351774867339, -0.19034956537818792, -0.33765099381775454, 0.14427754054549724, 0.6908872981882266, 0.7220286235061439, 0.19137623413666893, -0.8306767779591795, 0.19453321463834983, -0.5090925828337958, 0.46518689717993555, 0.7893025846334776, 0.0294679418262902, 0.20712702072041278, -0.8698643752343853, 0.08014945928561268, -0.7416264326591246, 0.22912569270066396, -0.2726993059103242, 0.5355160686614915, -0.902931727160895, -0.7803637637643119, 0.36804643024725525, 0.029307394167312983, 0.1432827432294983, 0.6874139879813108, -0.024524721700651453, 0.6202888442522898, 0.020487258589880097, 0.8534413864805024, 0.333855543079252, -0.7025463211318861, -0.27089364934848836, 0.7315498318881986, -0.29942957828896866, -0.6219484810876903, -0.0547573816684539, -0.21443765035574014, 0.23785985328818726, -0.12646741612097356, -0.47815568541100895, -0.17505557667448635, -0.16193193089539926, 0.8048437117522818, 0.9592325240809707, 0.24713767881382775, -0.8336317548582777, 0.46599743519199, 0.357370804957968, 0.6520457340504391, -0.3050973265778887, -0.8822398116837538, 0.2236436329105842, -0.751970763373456, 0.5190590583266628, 0.5888466351532844, -0.18274642650020412, 0.8875950117660911, -0.6524404124894483, 0.8851716994539605]",rhc,relu,False,False,100,[10],0.1,100,14
1420,20,0.07762070000171661,1.709133400221088,2110.0,100,15,"[0.9340596780273533, 0.09446449835144466, 0.9453687199297687, 0.4296319873487293, 0.3954576491945416, -0.5678210088392472, 0.9525489095524835, -0.9875394895908203, -0.4940352752331121, -0.13041693519110842, 0.5587658435875049, -0.6046298507994938, 0.7259864711984445, 0.9668013543506255, -0.6723155171906026, 0.19466788786571843, -0.98202780466489, -0.22685743471274122, -0.9116798841370009, 0.9133059354284718, -0.1277067062404047, 0.8979546135631256, 0.5726119718701219, 0.7325785971633969, -0.6536691570081037, -0.850102825973786, 0.2014854427555386, -0.6640556325631923, 0.4667603350211398, -0.18311227969597055, 0.05581764683584067, 0.875143167901884, 0.043392244889916, -0.7836132342255386, -0.6835531856304011, 0.09040530340642561, 0.04880816013694678, 0.2752204882519873, -0.1970091128194542, 0.2996102180386846, -0.20619999419653467, 0.24783222709644614, 0.5348099341802477, -0.6420521799177383, -0.24884846282491524, 0.005066118653868745, 0.3733341598326916, -0.4926407026772337, 0.10948172588511706, 0.24986168812819542, 0.7910023321122921, -0.27429282313374714, 0.2751141460374733, -0.6171071957620733, -0.004411770765388567, -0.6351091908575863, 0.8367660782795254, -0.13635585731754474, 0.6603762041966925, -0.16644739064327485, 0.8093351774867339, -0.19034956537818792, -0.33765099381775454, 0.14427754054549724, 0.6908872981882266, 0.7220286235061439, 0.19137623413666893, -0.8306767779591795, 0.19453321463834983, -0.5090925828337958, 0.46518689717993555, 0.7893025846334776, 0.0294679418262902, 0.20712702072041278, -0.8698643752343853, 0.08014945928561268, -0.7416264326591246, 0.22912569270066396, -0.2726993059103242, 0.5355160686614915, -0.902931727160895, -0.7803637637643119, 0.36804643024725525, 0.029307394167312983, 0.1432827432294983, 0.6874139879813108, -0.024524721700651453, 0.6202888442522898, 0.020487258589880097, 0.8534413864805024, 0.333855543079252, -0.7025463211318861, -0.27089364934848836, 0.7315498318881986, -0.29942957828896866, -0.6219484810876903, -0.0547573816684539, -0.21443765035574014, 0.23785985328818726, -0.12646741612097356, -0.47815568541100895, -0.17505557667448635, -0.16193193089539926, 0.8048437117522818, 0.9592325240809707, 0.24713767881382775, -0.8336317548582777, 0.46599743519199, 0.357370804957968, 0.6520457340504391, -0.3050973265778887, -0.8822398116837538, 0.2236436329105842, -0.751970763373456, 0.5190590583266628, 0.5888466351532844, -0.18274642650020412, 0.8875950117660911, -0.6524404124894483, 0.8851716994539605]",rhc,relu,False,False,100,[10],0.1,100,14
1421,21,0.07905250007752329,1.6422516355093382,2112.0,100,15,"[0.9340596780273533, 0.09446449835144466, 0.9453687199297687, 0.4296319873487293, 0.3954576491945416, -0.5678210088392472, 0.9525489095524835, -0.9875394895908203, -0.4940352752331121, -0.13041693519110842, 0.5587658435875049, -0.6046298507994938, 0.7259864711984445, 0.9668013543506255, -0.6723155171906026, 0.19466788786571843, -0.98202780466489, -0.22685743471274122, -0.9116798841370009, 0.9133059354284718, -0.1277067062404047, 0.8979546135631256, 0.5726119718701219, 0.7325785971633969, -0.6536691570081037, -0.850102825973786, 0.2014854427555386, -0.6640556325631923, 0.4667603350211398, -0.18311227969597055, 0.05581764683584067, 0.875143167901884, 0.043392244889916, -0.7836132342255386, -0.6835531856304011, 0.09040530340642561, 0.04880816013694678, 0.2752204882519873, -0.1970091128194542, 0.2996102180386846, -0.20619999419653467, 0.24783222709644614, 0.5348099341802477, -0.6420521799177383, -0.24884846282491524, 0.005066118653868745, 0.3733341598326916, -0.4926407026772337, 0.10948172588511706, 0.24986168812819542, 0.7910023321122921, -0.27429282313374714, 0.2751141460374733, -0.6171071957620733, -0.004411770765388567, -0.6351091908575863, 0.8367660782795254, -0.13635585731754474, 0.6603762041966925, -0.16644739064327485, 0.8093351774867339, -0.19034956537818792, -0.33765099381775454, 0.14427754054549724, 0.6908872981882266, 0.7220286235061439, 0.19137623413666893, -0.8306767779591795, 0.19453321463834983, -0.5090925828337958, 0.46518689717993555, 0.7893025846334776, 0.0294679418262902, 0.20712702072041278, -0.8698643752343853, 0.08014945928561268, -0.7416264326591246, 0.22912569270066396, -0.2726993059103242, 0.5355160686614915, -0.902931727160895, -0.7803637637643119, 0.36804643024725525, 0.029307394167312983, 0.1432827432294983, 0.6874139879813108, -0.024524721700651453, 0.6202888442522898, 0.020487258589880097, 0.8534413864805024, 0.333855543079252, -0.7025463211318861, -0.27089364934848836, 0.7315498318881986, -0.29942957828896866, -0.6219484810876903, -0.0547573816684539, -0.21443765035574014, 0.23785985328818726, -0.12646741612097356, -0.47815568541100895, -0.17505557667448635, -0.16193193089539926, 0.8048437117522818, 0.9592325240809707, 0.24713767881382775, -0.8336317548582777, 0.46599743519199, 0.357370804957968, 0.6520457340504391, -0.3050973265778887, -0.8822398116837538, 0.2236436329105842, -0.751970763373456, 0.5190590583266628, 0.5888466351532844, -0.18274642650020412, 0.8875950117660911, -0.6524404124894483, 0.8851716994539605]",rhc,relu,False,False,100,[10],0.1,100,14
1422,22,0.08195150003302842,1.614460550702961,2114.0,100,15,"[0.9340596780273533, 0.09446449835144466, 0.9453687199297687, 0.4296319873487293, 0.3954576491945416, -0.5678210088392472, 0.9525489095524835, -0.9875394895908203, -0.4940352752331121, -0.13041693519110842, 0.5587658435875049, -0.6046298507994938, 0.7259864711984445, 0.9668013543506255, -0.6723155171906026, 0.19466788786571843, -0.98202780466489, -0.22685743471274122, -0.9116798841370009, 0.9133059354284718, -0.1277067062404047, 0.8979546135631256, 0.5726119718701219, 0.7325785971633969, -0.6536691570081037, -0.850102825973786, 0.2014854427555386, -0.6640556325631923, 0.4667603350211398, -0.18311227969597055, 0.05581764683584067, 0.875143167901884, 0.043392244889916, -0.7836132342255386, -0.6835531856304011, 0.09040530340642561, 0.04880816013694678, 0.2752204882519873, -0.1970091128194542, 0.2996102180386846, -0.20619999419653467, 0.24783222709644614, 0.5348099341802477, -0.6420521799177383, -0.24884846282491524, 0.005066118653868745, 0.3733341598326916, -0.4926407026772337, 0.10948172588511706, 0.24986168812819542, 0.7910023321122921, -0.27429282313374714, 0.2751141460374733, -0.6171071957620733, -0.004411770765388567, -0.6351091908575863, 0.8367660782795254, -0.13635585731754474, 0.6603762041966925, -0.16644739064327485, 0.8093351774867339, -0.19034956537818792, -0.33765099381775454, 0.14427754054549724, 0.6908872981882266, 0.7220286235061439, 0.19137623413666893, -0.8306767779591795, 0.19453321463834983, -0.5090925828337958, 0.46518689717993555, 0.7893025846334776, 0.0294679418262902, 0.20712702072041278, -0.8698643752343853, 0.08014945928561268, -0.7416264326591246, 0.22912569270066396, -0.2726993059103242, 0.5355160686614915, -0.902931727160895, -0.7803637637643119, 0.36804643024725525, 0.029307394167312983, 0.1432827432294983, 0.6874139879813108, -0.024524721700651453, 0.6202888442522898, 0.020487258589880097, 0.8534413864805024, 0.333855543079252, -0.7025463211318861, -0.27089364934848836, 0.7315498318881986, -0.29942957828896866, -0.6219484810876903, -0.0547573816684539, -0.21443765035574014, 0.23785985328818726, -0.12646741612097356, -0.47815568541100895, -0.17505557667448635, -0.16193193089539926, 0.8048437117522818, 0.9592325240809707, 0.24713767881382775, -0.8336317548582777, 0.46599743519199, 0.357370804957968, 0.6520457340504391, -0.3050973265778887, -0.8822398116837538, 0.2236436329105842, -0.751970763373456, 0.5190590583266628, 0.5888466351532844, -0.18274642650020412, 0.8875950117660911, -0.6524404124894483, 0.8851716994539605]",rhc,relu,False,False,100,[10],0.1,100,14
1423,23,0.08453910006210208,1.614460550702961,2115.0,100,15,"[0.9340596780273533, 0.09446449835144466, 0.9453687199297687, 0.4296319873487293, 0.3954576491945416, -0.5678210088392472, 0.9525489095524835, -0.9875394895908203, -0.4940352752331121, -0.13041693519110842, 0.5587658435875049, -0.6046298507994938, 0.7259864711984445, 0.9668013543506255, -0.6723155171906026, 0.19466788786571843, -0.98202780466489, -0.22685743471274122, -0.9116798841370009, 0.9133059354284718, -0.1277067062404047, 0.8979546135631256, 0.5726119718701219, 0.7325785971633969, -0.6536691570081037, -0.850102825973786, 0.2014854427555386, -0.6640556325631923, 0.4667603350211398, -0.18311227969597055, 0.05581764683584067, 0.875143167901884, 0.043392244889916, -0.7836132342255386, -0.6835531856304011, 0.09040530340642561, 0.04880816013694678, 0.2752204882519873, -0.1970091128194542, 0.2996102180386846, -0.20619999419653467, 0.24783222709644614, 0.5348099341802477, -0.6420521799177383, -0.24884846282491524, 0.005066118653868745, 0.3733341598326916, -0.4926407026772337, 0.10948172588511706, 0.24986168812819542, 0.7910023321122921, -0.27429282313374714, 0.2751141460374733, -0.6171071957620733, -0.004411770765388567, -0.6351091908575863, 0.8367660782795254, -0.13635585731754474, 0.6603762041966925, -0.16644739064327485, 0.8093351774867339, -0.19034956537818792, -0.33765099381775454, 0.14427754054549724, 0.6908872981882266, 0.7220286235061439, 0.19137623413666893, -0.8306767779591795, 0.19453321463834983, -0.5090925828337958, 0.46518689717993555, 0.7893025846334776, 0.0294679418262902, 0.20712702072041278, -0.8698643752343853, 0.08014945928561268, -0.7416264326591246, 0.22912569270066396, -0.2726993059103242, 0.5355160686614915, -0.902931727160895, -0.7803637637643119, 0.36804643024725525, 0.029307394167312983, 0.1432827432294983, 0.6874139879813108, -0.024524721700651453, 0.6202888442522898, 0.020487258589880097, 0.8534413864805024, 0.333855543079252, -0.7025463211318861, -0.27089364934848836, 0.7315498318881986, -0.29942957828896866, -0.6219484810876903, -0.0547573816684539, -0.21443765035574014, 0.23785985328818726, -0.12646741612097356, -0.47815568541100895, -0.17505557667448635, -0.16193193089539926, 0.8048437117522818, 0.9592325240809707, 0.24713767881382775, -0.8336317548582777, 0.46599743519199, 0.357370804957968, 0.6520457340504391, -0.3050973265778887, -0.8822398116837538, 0.2236436329105842, -0.751970763373456, 0.5190590583266628, 0.5888466351532844, -0.18274642650020412, 0.8875950117660911, -0.6524404124894483, 0.8851716994539605]",rhc,relu,False,False,100,[10],0.1,100,14
1424,24,0.08600310003384948,1.614460550702961,2116.0,100,15,"[0.9340596780273533, 0.09446449835144466, 0.9453687199297687, 0.4296319873487293, 0.3954576491945416, -0.5678210088392472, 0.9525489095524835, -0.9875394895908203, -0.4940352752331121, -0.13041693519110842, 0.5587658435875049, -0.6046298507994938, 0.7259864711984445, 0.9668013543506255, -0.6723155171906026, 0.19466788786571843, -0.98202780466489, -0.22685743471274122, -0.9116798841370009, 0.9133059354284718, -0.1277067062404047, 0.8979546135631256, 0.5726119718701219, 0.7325785971633969, -0.6536691570081037, -0.850102825973786, 0.2014854427555386, -0.6640556325631923, 0.4667603350211398, -0.18311227969597055, 0.05581764683584067, 0.875143167901884, 0.043392244889916, -0.7836132342255386, -0.6835531856304011, 0.09040530340642561, 0.04880816013694678, 0.2752204882519873, -0.1970091128194542, 0.2996102180386846, -0.20619999419653467, 0.24783222709644614, 0.5348099341802477, -0.6420521799177383, -0.24884846282491524, 0.005066118653868745, 0.3733341598326916, -0.4926407026772337, 0.10948172588511706, 0.24986168812819542, 0.7910023321122921, -0.27429282313374714, 0.2751141460374733, -0.6171071957620733, -0.004411770765388567, -0.6351091908575863, 0.8367660782795254, -0.13635585731754474, 0.6603762041966925, -0.16644739064327485, 0.8093351774867339, -0.19034956537818792, -0.33765099381775454, 0.14427754054549724, 0.6908872981882266, 0.7220286235061439, 0.19137623413666893, -0.8306767779591795, 0.19453321463834983, -0.5090925828337958, 0.46518689717993555, 0.7893025846334776, 0.0294679418262902, 0.20712702072041278, -0.8698643752343853, 0.08014945928561268, -0.7416264326591246, 0.22912569270066396, -0.2726993059103242, 0.5355160686614915, -0.902931727160895, -0.7803637637643119, 0.36804643024725525, 0.029307394167312983, 0.1432827432294983, 0.6874139879813108, -0.024524721700651453, 0.6202888442522898, 0.020487258589880097, 0.8534413864805024, 0.333855543079252, -0.7025463211318861, -0.27089364934848836, 0.7315498318881986, -0.29942957828896866, -0.6219484810876903, -0.0547573816684539, -0.21443765035574014, 0.23785985328818726, -0.12646741612097356, -0.47815568541100895, -0.17505557667448635, -0.16193193089539926, 0.8048437117522818, 0.9592325240809707, 0.24713767881382775, -0.8336317548582777, 0.46599743519199, 0.357370804957968, 0.6520457340504391, -0.3050973265778887, -0.8822398116837538, 0.2236436329105842, -0.751970763373456, 0.5190590583266628, 0.5888466351532844, -0.18274642650020412, 0.8875950117660911, -0.6524404124894483, 0.8851716994539605]",rhc,relu,False,False,100,[10],0.1,100,14
1425,25,0.08905609999783337,1.614460550702961,2117.0,100,15,"[0.9340596780273533, 0.09446449835144466, 0.9453687199297687, 0.4296319873487293, 0.3954576491945416, -0.5678210088392472, 0.9525489095524835, -0.9875394895908203, -0.4940352752331121, -0.13041693519110842, 0.5587658435875049, -0.6046298507994938, 0.7259864711984445, 0.9668013543506255, -0.6723155171906026, 0.19466788786571843, -0.98202780466489, -0.22685743471274122, -0.9116798841370009, 0.9133059354284718, -0.1277067062404047, 0.8979546135631256, 0.5726119718701219, 0.7325785971633969, -0.6536691570081037, -0.850102825973786, 0.2014854427555386, -0.6640556325631923, 0.4667603350211398, -0.18311227969597055, 0.05581764683584067, 0.875143167901884, 0.043392244889916, -0.7836132342255386, -0.6835531856304011, 0.09040530340642561, 0.04880816013694678, 0.2752204882519873, -0.1970091128194542, 0.2996102180386846, -0.20619999419653467, 0.24783222709644614, 0.5348099341802477, -0.6420521799177383, -0.24884846282491524, 0.005066118653868745, 0.3733341598326916, -0.4926407026772337, 0.10948172588511706, 0.24986168812819542, 0.7910023321122921, -0.27429282313374714, 0.2751141460374733, -0.6171071957620733, -0.004411770765388567, -0.6351091908575863, 0.8367660782795254, -0.13635585731754474, 0.6603762041966925, -0.16644739064327485, 0.8093351774867339, -0.19034956537818792, -0.33765099381775454, 0.14427754054549724, 0.6908872981882266, 0.7220286235061439, 0.19137623413666893, -0.8306767779591795, 0.19453321463834983, -0.5090925828337958, 0.46518689717993555, 0.7893025846334776, 0.0294679418262902, 0.20712702072041278, -0.8698643752343853, 0.08014945928561268, -0.7416264326591246, 0.22912569270066396, -0.2726993059103242, 0.5355160686614915, -0.902931727160895, -0.7803637637643119, 0.36804643024725525, 0.029307394167312983, 0.1432827432294983, 0.6874139879813108, -0.024524721700651453, 0.6202888442522898, 0.020487258589880097, 0.8534413864805024, 0.333855543079252, -0.7025463211318861, -0.27089364934848836, 0.7315498318881986, -0.29942957828896866, -0.6219484810876903, -0.0547573816684539, -0.21443765035574014, 0.23785985328818726, -0.12646741612097356, -0.47815568541100895, -0.17505557667448635, -0.16193193089539926, 0.8048437117522818, 0.9592325240809707, 0.24713767881382775, -0.8336317548582777, 0.46599743519199, 0.357370804957968, 0.6520457340504391, -0.3050973265778887, -0.8822398116837538, 0.2236436329105842, -0.751970763373456, 0.5190590583266628, 0.5888466351532844, -0.18274642650020412, 0.8875950117660911, -0.6524404124894483, 0.8851716994539605]",rhc,relu,False,False,100,[10],0.1,100,14
1426,26,0.09043240000028163,1.6134368439691982,2119.0,100,15,"[0.9340596780273533, 0.09446449835144466, 0.9453687199297687, 0.4296319873487293, 0.3954576491945416, -0.5678210088392472, 0.9525489095524835, -0.9875394895908203, -0.4940352752331121, -0.13041693519110842, 0.5587658435875049, -0.6046298507994938, 0.7259864711984445, 0.9668013543506255, -0.6723155171906026, 0.19466788786571843, -0.98202780466489, -0.22685743471274122, -0.9116798841370009, 0.9133059354284718, -0.1277067062404047, 0.8979546135631256, 0.5726119718701219, 0.7325785971633969, -0.6536691570081037, -0.850102825973786, 0.2014854427555386, -0.6640556325631923, 0.4667603350211398, -0.18311227969597055, 0.05581764683584067, 0.875143167901884, 0.043392244889916, -0.7836132342255386, -0.6835531856304011, 0.09040530340642561, 0.04880816013694678, 0.2752204882519873, -0.1970091128194542, 0.2996102180386846, -0.20619999419653467, 0.24783222709644614, 0.5348099341802477, -0.6420521799177383, -0.24884846282491524, 0.005066118653868745, 0.3733341598326916, -0.4926407026772337, 0.10948172588511706, 0.24986168812819542, 0.7910023321122921, -0.27429282313374714, 0.2751141460374733, -0.6171071957620733, -0.004411770765388567, -0.6351091908575863, 0.8367660782795254, -0.13635585731754474, 0.6603762041966925, -0.16644739064327485, 0.8093351774867339, -0.19034956537818792, -0.33765099381775454, 0.14427754054549724, 0.6908872981882266, 0.7220286235061439, 0.19137623413666893, -0.8306767779591795, 0.19453321463834983, -0.5090925828337958, 0.46518689717993555, 0.7893025846334776, 0.0294679418262902, 0.20712702072041278, -0.8698643752343853, 0.08014945928561268, -0.7416264326591246, 0.22912569270066396, -0.2726993059103242, 0.5355160686614915, -0.902931727160895, -0.7803637637643119, 0.36804643024725525, 0.029307394167312983, 0.1432827432294983, 0.6874139879813108, -0.024524721700651453, 0.6202888442522898, 0.020487258589880097, 0.8534413864805024, 0.333855543079252, -0.7025463211318861, -0.27089364934848836, 0.7315498318881986, -0.29942957828896866, -0.6219484810876903, -0.0547573816684539, -0.21443765035574014, 0.23785985328818726, -0.12646741612097356, -0.47815568541100895, -0.17505557667448635, -0.16193193089539926, 0.8048437117522818, 0.9592325240809707, 0.24713767881382775, -0.8336317548582777, 0.46599743519199, 0.357370804957968, 0.6520457340504391, -0.3050973265778887, -0.8822398116837538, 0.2236436329105842, -0.751970763373456, 0.5190590583266628, 0.5888466351532844, -0.18274642650020412, 0.8875950117660911, -0.6524404124894483, 0.8851716994539605]",rhc,relu,False,False,100,[10],0.1,100,14
1427,27,0.09306690003722906,1.6100896146763235,2121.0,100,15,"[0.9340596780273533, 0.09446449835144466, 0.9453687199297687, 0.4296319873487293, 0.3954576491945416, -0.5678210088392472, 0.9525489095524835, -0.9875394895908203, -0.4940352752331121, -0.13041693519110842, 0.5587658435875049, -0.6046298507994938, 0.7259864711984445, 0.9668013543506255, -0.6723155171906026, 0.19466788786571843, -0.98202780466489, -0.22685743471274122, -0.9116798841370009, 0.9133059354284718, -0.1277067062404047, 0.8979546135631256, 0.5726119718701219, 0.7325785971633969, -0.6536691570081037, -0.850102825973786, 0.2014854427555386, -0.6640556325631923, 0.4667603350211398, -0.18311227969597055, 0.05581764683584067, 0.875143167901884, 0.043392244889916, -0.7836132342255386, -0.6835531856304011, 0.09040530340642561, 0.04880816013694678, 0.2752204882519873, -0.1970091128194542, 0.2996102180386846, -0.20619999419653467, 0.24783222709644614, 0.5348099341802477, -0.6420521799177383, -0.24884846282491524, 0.005066118653868745, 0.3733341598326916, -0.4926407026772337, 0.10948172588511706, 0.24986168812819542, 0.7910023321122921, -0.27429282313374714, 0.2751141460374733, -0.6171071957620733, -0.004411770765388567, -0.6351091908575863, 0.8367660782795254, -0.13635585731754474, 0.6603762041966925, -0.16644739064327485, 0.8093351774867339, -0.19034956537818792, -0.33765099381775454, 0.14427754054549724, 0.6908872981882266, 0.7220286235061439, 0.19137623413666893, -0.8306767779591795, 0.19453321463834983, -0.5090925828337958, 0.46518689717993555, 0.7893025846334776, 0.0294679418262902, 0.20712702072041278, -0.8698643752343853, 0.08014945928561268, -0.7416264326591246, 0.22912569270066396, -0.2726993059103242, 0.5355160686614915, -0.902931727160895, -0.7803637637643119, 0.36804643024725525, 0.029307394167312983, 0.1432827432294983, 0.6874139879813108, -0.024524721700651453, 0.6202888442522898, 0.020487258589880097, 0.8534413864805024, 0.333855543079252, -0.7025463211318861, -0.27089364934848836, 0.7315498318881986, -0.29942957828896866, -0.6219484810876903, -0.0547573816684539, -0.21443765035574014, 0.23785985328818726, -0.12646741612097356, -0.47815568541100895, -0.17505557667448635, -0.16193193089539926, 0.8048437117522818, 0.9592325240809707, 0.24713767881382775, -0.8336317548582777, 0.46599743519199, 0.357370804957968, 0.6520457340504391, -0.3050973265778887, -0.8822398116837538, 0.2236436329105842, -0.751970763373456, 0.5190590583266628, 0.5888466351532844, -0.18274642650020412, 0.8875950117660911, -0.6524404124894483, 0.8851716994539605]",rhc,relu,False,False,100,[10],0.1,100,14
1428,28,0.0945393000729382,1.5914180069633204,2123.0,100,15,"[0.9340596780273533, 0.09446449835144466, 0.9453687199297687, 0.4296319873487293, 0.3954576491945416, -0.5678210088392472, 0.9525489095524835, -0.9875394895908203, -0.4940352752331121, -0.13041693519110842, 0.5587658435875049, -0.6046298507994938, 0.7259864711984445, 0.9668013543506255, -0.6723155171906026, 0.19466788786571843, -0.98202780466489, -0.22685743471274122, -0.9116798841370009, 0.9133059354284718, -0.1277067062404047, 0.8979546135631256, 0.5726119718701219, 0.7325785971633969, -0.6536691570081037, -0.850102825973786, 0.2014854427555386, -0.6640556325631923, 0.4667603350211398, -0.18311227969597055, 0.05581764683584067, 0.875143167901884, 0.043392244889916, -0.7836132342255386, -0.6835531856304011, 0.09040530340642561, 0.04880816013694678, 0.2752204882519873, -0.1970091128194542, 0.2996102180386846, -0.20619999419653467, 0.24783222709644614, 0.5348099341802477, -0.6420521799177383, -0.24884846282491524, 0.005066118653868745, 0.3733341598326916, -0.4926407026772337, 0.10948172588511706, 0.24986168812819542, 0.7910023321122921, -0.27429282313374714, 0.2751141460374733, -0.6171071957620733, -0.004411770765388567, -0.6351091908575863, 0.8367660782795254, -0.13635585731754474, 0.6603762041966925, -0.16644739064327485, 0.8093351774867339, -0.19034956537818792, -0.33765099381775454, 0.14427754054549724, 0.6908872981882266, 0.7220286235061439, 0.19137623413666893, -0.8306767779591795, 0.19453321463834983, -0.5090925828337958, 0.46518689717993555, 0.7893025846334776, 0.0294679418262902, 0.20712702072041278, -0.8698643752343853, 0.08014945928561268, -0.7416264326591246, 0.22912569270066396, -0.2726993059103242, 0.5355160686614915, -0.902931727160895, -0.7803637637643119, 0.36804643024725525, 0.029307394167312983, 0.1432827432294983, 0.6874139879813108, -0.024524721700651453, 0.6202888442522898, 0.020487258589880097, 0.8534413864805024, 0.333855543079252, -0.7025463211318861, -0.27089364934848836, 0.7315498318881986, -0.29942957828896866, -0.6219484810876903, -0.0547573816684539, -0.21443765035574014, 0.23785985328818726, -0.12646741612097356, -0.47815568541100895, -0.17505557667448635, -0.16193193089539926, 0.8048437117522818, 0.9592325240809707, 0.24713767881382775, -0.8336317548582777, 0.46599743519199, 0.357370804957968, 0.6520457340504391, -0.3050973265778887, -0.8822398116837538, 0.2236436329105842, -0.751970763373456, 0.5190590583266628, 0.5888466351532844, -0.18274642650020412, 0.8875950117660911, -0.6524404124894483, 0.8851716994539605]",rhc,relu,False,False,100,[10],0.1,100,14
1429,29,0.09622690000105649,1.588902084383261,2125.0,100,15,"[0.9340596780273533, 0.09446449835144466, 0.9453687199297687, 0.4296319873487293, 0.3954576491945416, -0.5678210088392472, 0.9525489095524835, -0.9875394895908203, -0.4940352752331121, -0.13041693519110842, 0.5587658435875049, -0.6046298507994938, 0.7259864711984445, 0.9668013543506255, -0.6723155171906026, 0.19466788786571843, -0.98202780466489, -0.22685743471274122, -0.9116798841370009, 0.9133059354284718, -0.1277067062404047, 0.8979546135631256, 0.5726119718701219, 0.7325785971633969, -0.6536691570081037, -0.850102825973786, 0.2014854427555386, -0.6640556325631923, 0.4667603350211398, -0.18311227969597055, 0.05581764683584067, 0.875143167901884, 0.043392244889916, -0.7836132342255386, -0.6835531856304011, 0.09040530340642561, 0.04880816013694678, 0.2752204882519873, -0.1970091128194542, 0.2996102180386846, -0.20619999419653467, 0.24783222709644614, 0.5348099341802477, -0.6420521799177383, -0.24884846282491524, 0.005066118653868745, 0.3733341598326916, -0.4926407026772337, 0.10948172588511706, 0.24986168812819542, 0.7910023321122921, -0.27429282313374714, 0.2751141460374733, -0.6171071957620733, -0.004411770765388567, -0.6351091908575863, 0.8367660782795254, -0.13635585731754474, 0.6603762041966925, -0.16644739064327485, 0.8093351774867339, -0.19034956537818792, -0.33765099381775454, 0.14427754054549724, 0.6908872981882266, 0.7220286235061439, 0.19137623413666893, -0.8306767779591795, 0.19453321463834983, -0.5090925828337958, 0.46518689717993555, 0.7893025846334776, 0.0294679418262902, 0.20712702072041278, -0.8698643752343853, 0.08014945928561268, -0.7416264326591246, 0.22912569270066396, -0.2726993059103242, 0.5355160686614915, -0.902931727160895, -0.7803637637643119, 0.36804643024725525, 0.029307394167312983, 0.1432827432294983, 0.6874139879813108, -0.024524721700651453, 0.6202888442522898, 0.020487258589880097, 0.8534413864805024, 0.333855543079252, -0.7025463211318861, -0.27089364934848836, 0.7315498318881986, -0.29942957828896866, -0.6219484810876903, -0.0547573816684539, -0.21443765035574014, 0.23785985328818726, -0.12646741612097356, -0.47815568541100895, -0.17505557667448635, -0.16193193089539926, 0.8048437117522818, 0.9592325240809707, 0.24713767881382775, -0.8336317548582777, 0.46599743519199, 0.357370804957968, 0.6520457340504391, -0.3050973265778887, -0.8822398116837538, 0.2236436329105842, -0.751970763373456, 0.5190590583266628, 0.5888466351532844, -0.18274642650020412, 0.8875950117660911, -0.6524404124894483, 0.8851716994539605]",rhc,relu,False,False,100,[10],0.1,100,14
1430,30,0.09977780003100634,1.588902084383261,2126.0,100,15,"[0.9340596780273533, 0.09446449835144466, 0.9453687199297687, 0.4296319873487293, 0.3954576491945416, -0.5678210088392472, 0.9525489095524835, -0.9875394895908203, -0.4940352752331121, -0.13041693519110842, 0.5587658435875049, -0.6046298507994938, 0.7259864711984445, 0.9668013543506255, -0.6723155171906026, 0.19466788786571843, -0.98202780466489, -0.22685743471274122, -0.9116798841370009, 0.9133059354284718, -0.1277067062404047, 0.8979546135631256, 0.5726119718701219, 0.7325785971633969, -0.6536691570081037, -0.850102825973786, 0.2014854427555386, -0.6640556325631923, 0.4667603350211398, -0.18311227969597055, 0.05581764683584067, 0.875143167901884, 0.043392244889916, -0.7836132342255386, -0.6835531856304011, 0.09040530340642561, 0.04880816013694678, 0.2752204882519873, -0.1970091128194542, 0.2996102180386846, -0.20619999419653467, 0.24783222709644614, 0.5348099341802477, -0.6420521799177383, -0.24884846282491524, 0.005066118653868745, 0.3733341598326916, -0.4926407026772337, 0.10948172588511706, 0.24986168812819542, 0.7910023321122921, -0.27429282313374714, 0.2751141460374733, -0.6171071957620733, -0.004411770765388567, -0.6351091908575863, 0.8367660782795254, -0.13635585731754474, 0.6603762041966925, -0.16644739064327485, 0.8093351774867339, -0.19034956537818792, -0.33765099381775454, 0.14427754054549724, 0.6908872981882266, 0.7220286235061439, 0.19137623413666893, -0.8306767779591795, 0.19453321463834983, -0.5090925828337958, 0.46518689717993555, 0.7893025846334776, 0.0294679418262902, 0.20712702072041278, -0.8698643752343853, 0.08014945928561268, -0.7416264326591246, 0.22912569270066396, -0.2726993059103242, 0.5355160686614915, -0.902931727160895, -0.7803637637643119, 0.36804643024725525, 0.029307394167312983, 0.1432827432294983, 0.6874139879813108, -0.024524721700651453, 0.6202888442522898, 0.020487258589880097, 0.8534413864805024, 0.333855543079252, -0.7025463211318861, -0.27089364934848836, 0.7315498318881986, -0.29942957828896866, -0.6219484810876903, -0.0547573816684539, -0.21443765035574014, 0.23785985328818726, -0.12646741612097356, -0.47815568541100895, -0.17505557667448635, -0.16193193089539926, 0.8048437117522818, 0.9592325240809707, 0.24713767881382775, -0.8336317548582777, 0.46599743519199, 0.357370804957968, 0.6520457340504391, -0.3050973265778887, -0.8822398116837538, 0.2236436329105842, -0.751970763373456, 0.5190590583266628, 0.5888466351532844, -0.18274642650020412, 0.8875950117660911, -0.6524404124894483, 0.8851716994539605]",rhc,relu,False,False,100,[10],0.1,100,14
1431,31,0.10406230005901307,1.588902084383261,2127.0,100,15,"[0.9340596780273533, 0.09446449835144466, 0.9453687199297687, 0.4296319873487293, 0.3954576491945416, -0.5678210088392472, 0.9525489095524835, -0.9875394895908203, -0.4940352752331121, -0.13041693519110842, 0.5587658435875049, -0.6046298507994938, 0.7259864711984445, 0.9668013543506255, -0.6723155171906026, 0.19466788786571843, -0.98202780466489, -0.22685743471274122, -0.9116798841370009, 0.9133059354284718, -0.1277067062404047, 0.8979546135631256, 0.5726119718701219, 0.7325785971633969, -0.6536691570081037, -0.850102825973786, 0.2014854427555386, -0.6640556325631923, 0.4667603350211398, -0.18311227969597055, 0.05581764683584067, 0.875143167901884, 0.043392244889916, -0.7836132342255386, -0.6835531856304011, 0.09040530340642561, 0.04880816013694678, 0.2752204882519873, -0.1970091128194542, 0.2996102180386846, -0.20619999419653467, 0.24783222709644614, 0.5348099341802477, -0.6420521799177383, -0.24884846282491524, 0.005066118653868745, 0.3733341598326916, -0.4926407026772337, 0.10948172588511706, 0.24986168812819542, 0.7910023321122921, -0.27429282313374714, 0.2751141460374733, -0.6171071957620733, -0.004411770765388567, -0.6351091908575863, 0.8367660782795254, -0.13635585731754474, 0.6603762041966925, -0.16644739064327485, 0.8093351774867339, -0.19034956537818792, -0.33765099381775454, 0.14427754054549724, 0.6908872981882266, 0.7220286235061439, 0.19137623413666893, -0.8306767779591795, 0.19453321463834983, -0.5090925828337958, 0.46518689717993555, 0.7893025846334776, 0.0294679418262902, 0.20712702072041278, -0.8698643752343853, 0.08014945928561268, -0.7416264326591246, 0.22912569270066396, -0.2726993059103242, 0.5355160686614915, -0.902931727160895, -0.7803637637643119, 0.36804643024725525, 0.029307394167312983, 0.1432827432294983, 0.6874139879813108, -0.024524721700651453, 0.6202888442522898, 0.020487258589880097, 0.8534413864805024, 0.333855543079252, -0.7025463211318861, -0.27089364934848836, 0.7315498318881986, -0.29942957828896866, -0.6219484810876903, -0.0547573816684539, -0.21443765035574014, 0.23785985328818726, -0.12646741612097356, -0.47815568541100895, -0.17505557667448635, -0.16193193089539926, 0.8048437117522818, 0.9592325240809707, 0.24713767881382775, -0.8336317548582777, 0.46599743519199, 0.357370804957968, 0.6520457340504391, -0.3050973265778887, -0.8822398116837538, 0.2236436329105842, -0.751970763373456, 0.5190590583266628, 0.5888466351532844, -0.18274642650020412, 0.8875950117660911, -0.6524404124894483, 0.8851716994539605]",rhc,relu,False,False,100,[10],0.1,100,14
1432,32,0.1062065000878647,1.588902084383261,2128.0,100,15,"[0.9340596780273533, 0.09446449835144466, 0.9453687199297687, 0.4296319873487293, 0.3954576491945416, -0.5678210088392472, 0.9525489095524835, -0.9875394895908203, -0.4940352752331121, -0.13041693519110842, 0.5587658435875049, -0.6046298507994938, 0.7259864711984445, 0.9668013543506255, -0.6723155171906026, 0.19466788786571843, -0.98202780466489, -0.22685743471274122, -0.9116798841370009, 0.9133059354284718, -0.1277067062404047, 0.8979546135631256, 0.5726119718701219, 0.7325785971633969, -0.6536691570081037, -0.850102825973786, 0.2014854427555386, -0.6640556325631923, 0.4667603350211398, -0.18311227969597055, 0.05581764683584067, 0.875143167901884, 0.043392244889916, -0.7836132342255386, -0.6835531856304011, 0.09040530340642561, 0.04880816013694678, 0.2752204882519873, -0.1970091128194542, 0.2996102180386846, -0.20619999419653467, 0.24783222709644614, 0.5348099341802477, -0.6420521799177383, -0.24884846282491524, 0.005066118653868745, 0.3733341598326916, -0.4926407026772337, 0.10948172588511706, 0.24986168812819542, 0.7910023321122921, -0.27429282313374714, 0.2751141460374733, -0.6171071957620733, -0.004411770765388567, -0.6351091908575863, 0.8367660782795254, -0.13635585731754474, 0.6603762041966925, -0.16644739064327485, 0.8093351774867339, -0.19034956537818792, -0.33765099381775454, 0.14427754054549724, 0.6908872981882266, 0.7220286235061439, 0.19137623413666893, -0.8306767779591795, 0.19453321463834983, -0.5090925828337958, 0.46518689717993555, 0.7893025846334776, 0.0294679418262902, 0.20712702072041278, -0.8698643752343853, 0.08014945928561268, -0.7416264326591246, 0.22912569270066396, -0.2726993059103242, 0.5355160686614915, -0.902931727160895, -0.7803637637643119, 0.36804643024725525, 0.029307394167312983, 0.1432827432294983, 0.6874139879813108, -0.024524721700651453, 0.6202888442522898, 0.020487258589880097, 0.8534413864805024, 0.333855543079252, -0.7025463211318861, -0.27089364934848836, 0.7315498318881986, -0.29942957828896866, -0.6219484810876903, -0.0547573816684539, -0.21443765035574014, 0.23785985328818726, -0.12646741612097356, -0.47815568541100895, -0.17505557667448635, -0.16193193089539926, 0.8048437117522818, 0.9592325240809707, 0.24713767881382775, -0.8336317548582777, 0.46599743519199, 0.357370804957968, 0.6520457340504391, -0.3050973265778887, -0.8822398116837538, 0.2236436329105842, -0.751970763373456, 0.5190590583266628, 0.5888466351532844, -0.18274642650020412, 0.8875950117660911, -0.6524404124894483, 0.8851716994539605]",rhc,relu,False,False,100,[10],0.1,100,14
1433,33,0.10762970009818673,1.588902084383261,2129.0,100,15,"[0.9340596780273533, 0.09446449835144466, 0.9453687199297687, 0.4296319873487293, 0.3954576491945416, -0.5678210088392472, 0.9525489095524835, -0.9875394895908203, -0.4940352752331121, -0.13041693519110842, 0.5587658435875049, -0.6046298507994938, 0.7259864711984445, 0.9668013543506255, -0.6723155171906026, 0.19466788786571843, -0.98202780466489, -0.22685743471274122, -0.9116798841370009, 0.9133059354284718, -0.1277067062404047, 0.8979546135631256, 0.5726119718701219, 0.7325785971633969, -0.6536691570081037, -0.850102825973786, 0.2014854427555386, -0.6640556325631923, 0.4667603350211398, -0.18311227969597055, 0.05581764683584067, 0.875143167901884, 0.043392244889916, -0.7836132342255386, -0.6835531856304011, 0.09040530340642561, 0.04880816013694678, 0.2752204882519873, -0.1970091128194542, 0.2996102180386846, -0.20619999419653467, 0.24783222709644614, 0.5348099341802477, -0.6420521799177383, -0.24884846282491524, 0.005066118653868745, 0.3733341598326916, -0.4926407026772337, 0.10948172588511706, 0.24986168812819542, 0.7910023321122921, -0.27429282313374714, 0.2751141460374733, -0.6171071957620733, -0.004411770765388567, -0.6351091908575863, 0.8367660782795254, -0.13635585731754474, 0.6603762041966925, -0.16644739064327485, 0.8093351774867339, -0.19034956537818792, -0.33765099381775454, 0.14427754054549724, 0.6908872981882266, 0.7220286235061439, 0.19137623413666893, -0.8306767779591795, 0.19453321463834983, -0.5090925828337958, 0.46518689717993555, 0.7893025846334776, 0.0294679418262902, 0.20712702072041278, -0.8698643752343853, 0.08014945928561268, -0.7416264326591246, 0.22912569270066396, -0.2726993059103242, 0.5355160686614915, -0.902931727160895, -0.7803637637643119, 0.36804643024725525, 0.029307394167312983, 0.1432827432294983, 0.6874139879813108, -0.024524721700651453, 0.6202888442522898, 0.020487258589880097, 0.8534413864805024, 0.333855543079252, -0.7025463211318861, -0.27089364934848836, 0.7315498318881986, -0.29942957828896866, -0.6219484810876903, -0.0547573816684539, -0.21443765035574014, 0.23785985328818726, -0.12646741612097356, -0.47815568541100895, -0.17505557667448635, -0.16193193089539926, 0.8048437117522818, 0.9592325240809707, 0.24713767881382775, -0.8336317548582777, 0.46599743519199, 0.357370804957968, 0.6520457340504391, -0.3050973265778887, -0.8822398116837538, 0.2236436329105842, -0.751970763373456, 0.5190590583266628, 0.5888466351532844, -0.18274642650020412, 0.8875950117660911, -0.6524404124894483, 0.8851716994539605]",rhc,relu,False,False,100,[10],0.1,100,14
1434,34,0.10928710002917796,1.588902084383261,2130.0,100,15,"[0.9340596780273533, 0.09446449835144466, 0.9453687199297687, 0.4296319873487293, 0.3954576491945416, -0.5678210088392472, 0.9525489095524835, -0.9875394895908203, -0.4940352752331121, -0.13041693519110842, 0.5587658435875049, -0.6046298507994938, 0.7259864711984445, 0.9668013543506255, -0.6723155171906026, 0.19466788786571843, -0.98202780466489, -0.22685743471274122, -0.9116798841370009, 0.9133059354284718, -0.1277067062404047, 0.8979546135631256, 0.5726119718701219, 0.7325785971633969, -0.6536691570081037, -0.850102825973786, 0.2014854427555386, -0.6640556325631923, 0.4667603350211398, -0.18311227969597055, 0.05581764683584067, 0.875143167901884, 0.043392244889916, -0.7836132342255386, -0.6835531856304011, 0.09040530340642561, 0.04880816013694678, 0.2752204882519873, -0.1970091128194542, 0.2996102180386846, -0.20619999419653467, 0.24783222709644614, 0.5348099341802477, -0.6420521799177383, -0.24884846282491524, 0.005066118653868745, 0.3733341598326916, -0.4926407026772337, 0.10948172588511706, 0.24986168812819542, 0.7910023321122921, -0.27429282313374714, 0.2751141460374733, -0.6171071957620733, -0.004411770765388567, -0.6351091908575863, 0.8367660782795254, -0.13635585731754474, 0.6603762041966925, -0.16644739064327485, 0.8093351774867339, -0.19034956537818792, -0.33765099381775454, 0.14427754054549724, 0.6908872981882266, 0.7220286235061439, 0.19137623413666893, -0.8306767779591795, 0.19453321463834983, -0.5090925828337958, 0.46518689717993555, 0.7893025846334776, 0.0294679418262902, 0.20712702072041278, -0.8698643752343853, 0.08014945928561268, -0.7416264326591246, 0.22912569270066396, -0.2726993059103242, 0.5355160686614915, -0.902931727160895, -0.7803637637643119, 0.36804643024725525, 0.029307394167312983, 0.1432827432294983, 0.6874139879813108, -0.024524721700651453, 0.6202888442522898, 0.020487258589880097, 0.8534413864805024, 0.333855543079252, -0.7025463211318861, -0.27089364934848836, 0.7315498318881986, -0.29942957828896866, -0.6219484810876903, -0.0547573816684539, -0.21443765035574014, 0.23785985328818726, -0.12646741612097356, -0.47815568541100895, -0.17505557667448635, -0.16193193089539926, 0.8048437117522818, 0.9592325240809707, 0.24713767881382775, -0.8336317548582777, 0.46599743519199, 0.357370804957968, 0.6520457340504391, -0.3050973265778887, -0.8822398116837538, 0.2236436329105842, -0.751970763373456, 0.5190590583266628, 0.5888466351532844, -0.18274642650020412, 0.8875950117660911, -0.6524404124894483, 0.8851716994539605]",rhc,relu,False,False,100,[10],0.1,100,14
1435,35,0.11070370010565966,1.5872383339355522,2132.0,100,15,"[0.9340596780273533, 0.09446449835144466, 0.9453687199297687, 0.4296319873487293, 0.3954576491945416, -0.5678210088392472, 0.9525489095524835, -0.9875394895908203, -0.4940352752331121, -0.13041693519110842, 0.5587658435875049, -0.6046298507994938, 0.7259864711984445, 0.9668013543506255, -0.6723155171906026, 0.19466788786571843, -0.98202780466489, -0.22685743471274122, -0.9116798841370009, 0.9133059354284718, -0.1277067062404047, 0.8979546135631256, 0.5726119718701219, 0.7325785971633969, -0.6536691570081037, -0.850102825973786, 0.2014854427555386, -0.6640556325631923, 0.4667603350211398, -0.18311227969597055, 0.05581764683584067, 0.875143167901884, 0.043392244889916, -0.7836132342255386, -0.6835531856304011, 0.09040530340642561, 0.04880816013694678, 0.2752204882519873, -0.1970091128194542, 0.2996102180386846, -0.20619999419653467, 0.24783222709644614, 0.5348099341802477, -0.6420521799177383, -0.24884846282491524, 0.005066118653868745, 0.3733341598326916, -0.4926407026772337, 0.10948172588511706, 0.24986168812819542, 0.7910023321122921, -0.27429282313374714, 0.2751141460374733, -0.6171071957620733, -0.004411770765388567, -0.6351091908575863, 0.8367660782795254, -0.13635585731754474, 0.6603762041966925, -0.16644739064327485, 0.8093351774867339, -0.19034956537818792, -0.33765099381775454, 0.14427754054549724, 0.6908872981882266, 0.7220286235061439, 0.19137623413666893, -0.8306767779591795, 0.19453321463834983, -0.5090925828337958, 0.46518689717993555, 0.7893025846334776, 0.0294679418262902, 0.20712702072041278, -0.8698643752343853, 0.08014945928561268, -0.7416264326591246, 0.22912569270066396, -0.2726993059103242, 0.5355160686614915, -0.902931727160895, -0.7803637637643119, 0.36804643024725525, 0.029307394167312983, 0.1432827432294983, 0.6874139879813108, -0.024524721700651453, 0.6202888442522898, 0.020487258589880097, 0.8534413864805024, 0.333855543079252, -0.7025463211318861, -0.27089364934848836, 0.7315498318881986, -0.29942957828896866, -0.6219484810876903, -0.0547573816684539, -0.21443765035574014, 0.23785985328818726, -0.12646741612097356, -0.47815568541100895, -0.17505557667448635, -0.16193193089539926, 0.8048437117522818, 0.9592325240809707, 0.24713767881382775, -0.8336317548582777, 0.46599743519199, 0.357370804957968, 0.6520457340504391, -0.3050973265778887, -0.8822398116837538, 0.2236436329105842, -0.751970763373456, 0.5190590583266628, 0.5888466351532844, -0.18274642650020412, 0.8875950117660911, -0.6524404124894483, 0.8851716994539605]",rhc,relu,False,False,100,[10],0.1,100,14
1436,36,0.1138131000334397,1.583000643800718,2134.0,100,15,"[0.9340596780273533, 0.09446449835144466, 0.9453687199297687, 0.4296319873487293, 0.3954576491945416, -0.5678210088392472, 0.9525489095524835, -0.9875394895908203, -0.4940352752331121, -0.13041693519110842, 0.5587658435875049, -0.6046298507994938, 0.7259864711984445, 0.9668013543506255, -0.6723155171906026, 0.19466788786571843, -0.98202780466489, -0.22685743471274122, -0.9116798841370009, 0.9133059354284718, -0.1277067062404047, 0.8979546135631256, 0.5726119718701219, 0.7325785971633969, -0.6536691570081037, -0.850102825973786, 0.2014854427555386, -0.6640556325631923, 0.4667603350211398, -0.18311227969597055, 0.05581764683584067, 0.875143167901884, 0.043392244889916, -0.7836132342255386, -0.6835531856304011, 0.09040530340642561, 0.04880816013694678, 0.2752204882519873, -0.1970091128194542, 0.2996102180386846, -0.20619999419653467, 0.24783222709644614, 0.5348099341802477, -0.6420521799177383, -0.24884846282491524, 0.005066118653868745, 0.3733341598326916, -0.4926407026772337, 0.10948172588511706, 0.24986168812819542, 0.7910023321122921, -0.27429282313374714, 0.2751141460374733, -0.6171071957620733, -0.004411770765388567, -0.6351091908575863, 0.8367660782795254, -0.13635585731754474, 0.6603762041966925, -0.16644739064327485, 0.8093351774867339, -0.19034956537818792, -0.33765099381775454, 0.14427754054549724, 0.6908872981882266, 0.7220286235061439, 0.19137623413666893, -0.8306767779591795, 0.19453321463834983, -0.5090925828337958, 0.46518689717993555, 0.7893025846334776, 0.0294679418262902, 0.20712702072041278, -0.8698643752343853, 0.08014945928561268, -0.7416264326591246, 0.22912569270066396, -0.2726993059103242, 0.5355160686614915, -0.902931727160895, -0.7803637637643119, 0.36804643024725525, 0.029307394167312983, 0.1432827432294983, 0.6874139879813108, -0.024524721700651453, 0.6202888442522898, 0.020487258589880097, 0.8534413864805024, 0.333855543079252, -0.7025463211318861, -0.27089364934848836, 0.7315498318881986, -0.29942957828896866, -0.6219484810876903, -0.0547573816684539, -0.21443765035574014, 0.23785985328818726, -0.12646741612097356, -0.47815568541100895, -0.17505557667448635, -0.16193193089539926, 0.8048437117522818, 0.9592325240809707, 0.24713767881382775, -0.8336317548582777, 0.46599743519199, 0.357370804957968, 0.6520457340504391, -0.3050973265778887, -0.8822398116837538, 0.2236436329105842, -0.751970763373456, 0.5190590583266628, 0.5888466351532844, -0.18274642650020412, 0.8875950117660911, -0.6524404124894483, 0.8851716994539605]",rhc,relu,False,False,100,[10],0.1,100,14
1437,37,0.1166854000184685,1.583000643800718,2135.0,100,15,"[0.9340596780273533, 0.09446449835144466, 0.9453687199297687, 0.4296319873487293, 0.3954576491945416, -0.5678210088392472, 0.9525489095524835, -0.9875394895908203, -0.4940352752331121, -0.13041693519110842, 0.5587658435875049, -0.6046298507994938, 0.7259864711984445, 0.9668013543506255, -0.6723155171906026, 0.19466788786571843, -0.98202780466489, -0.22685743471274122, -0.9116798841370009, 0.9133059354284718, -0.1277067062404047, 0.8979546135631256, 0.5726119718701219, 0.7325785971633969, -0.6536691570081037, -0.850102825973786, 0.2014854427555386, -0.6640556325631923, 0.4667603350211398, -0.18311227969597055, 0.05581764683584067, 0.875143167901884, 0.043392244889916, -0.7836132342255386, -0.6835531856304011, 0.09040530340642561, 0.04880816013694678, 0.2752204882519873, -0.1970091128194542, 0.2996102180386846, -0.20619999419653467, 0.24783222709644614, 0.5348099341802477, -0.6420521799177383, -0.24884846282491524, 0.005066118653868745, 0.3733341598326916, -0.4926407026772337, 0.10948172588511706, 0.24986168812819542, 0.7910023321122921, -0.27429282313374714, 0.2751141460374733, -0.6171071957620733, -0.004411770765388567, -0.6351091908575863, 0.8367660782795254, -0.13635585731754474, 0.6603762041966925, -0.16644739064327485, 0.8093351774867339, -0.19034956537818792, -0.33765099381775454, 0.14427754054549724, 0.6908872981882266, 0.7220286235061439, 0.19137623413666893, -0.8306767779591795, 0.19453321463834983, -0.5090925828337958, 0.46518689717993555, 0.7893025846334776, 0.0294679418262902, 0.20712702072041278, -0.8698643752343853, 0.08014945928561268, -0.7416264326591246, 0.22912569270066396, -0.2726993059103242, 0.5355160686614915, -0.902931727160895, -0.7803637637643119, 0.36804643024725525, 0.029307394167312983, 0.1432827432294983, 0.6874139879813108, -0.024524721700651453, 0.6202888442522898, 0.020487258589880097, 0.8534413864805024, 0.333855543079252, -0.7025463211318861, -0.27089364934848836, 0.7315498318881986, -0.29942957828896866, -0.6219484810876903, -0.0547573816684539, -0.21443765035574014, 0.23785985328818726, -0.12646741612097356, -0.47815568541100895, -0.17505557667448635, -0.16193193089539926, 0.8048437117522818, 0.9592325240809707, 0.24713767881382775, -0.8336317548582777, 0.46599743519199, 0.357370804957968, 0.6520457340504391, -0.3050973265778887, -0.8822398116837538, 0.2236436329105842, -0.751970763373456, 0.5190590583266628, 0.5888466351532844, -0.18274642650020412, 0.8875950117660911, -0.6524404124894483, 0.8851716994539605]",rhc,relu,False,False,100,[10],0.1,100,14
1438,38,0.11806140001863241,1.583000643800718,2136.0,100,15,"[0.9340596780273533, 0.09446449835144466, 0.9453687199297687, 0.4296319873487293, 0.3954576491945416, -0.5678210088392472, 0.9525489095524835, -0.9875394895908203, -0.4940352752331121, -0.13041693519110842, 0.5587658435875049, -0.6046298507994938, 0.7259864711984445, 0.9668013543506255, -0.6723155171906026, 0.19466788786571843, -0.98202780466489, -0.22685743471274122, -0.9116798841370009, 0.9133059354284718, -0.1277067062404047, 0.8979546135631256, 0.5726119718701219, 0.7325785971633969, -0.6536691570081037, -0.850102825973786, 0.2014854427555386, -0.6640556325631923, 0.4667603350211398, -0.18311227969597055, 0.05581764683584067, 0.875143167901884, 0.043392244889916, -0.7836132342255386, -0.6835531856304011, 0.09040530340642561, 0.04880816013694678, 0.2752204882519873, -0.1970091128194542, 0.2996102180386846, -0.20619999419653467, 0.24783222709644614, 0.5348099341802477, -0.6420521799177383, -0.24884846282491524, 0.005066118653868745, 0.3733341598326916, -0.4926407026772337, 0.10948172588511706, 0.24986168812819542, 0.7910023321122921, -0.27429282313374714, 0.2751141460374733, -0.6171071957620733, -0.004411770765388567, -0.6351091908575863, 0.8367660782795254, -0.13635585731754474, 0.6603762041966925, -0.16644739064327485, 0.8093351774867339, -0.19034956537818792, -0.33765099381775454, 0.14427754054549724, 0.6908872981882266, 0.7220286235061439, 0.19137623413666893, -0.8306767779591795, 0.19453321463834983, -0.5090925828337958, 0.46518689717993555, 0.7893025846334776, 0.0294679418262902, 0.20712702072041278, -0.8698643752343853, 0.08014945928561268, -0.7416264326591246, 0.22912569270066396, -0.2726993059103242, 0.5355160686614915, -0.902931727160895, -0.7803637637643119, 0.36804643024725525, 0.029307394167312983, 0.1432827432294983, 0.6874139879813108, -0.024524721700651453, 0.6202888442522898, 0.020487258589880097, 0.8534413864805024, 0.333855543079252, -0.7025463211318861, -0.27089364934848836, 0.7315498318881986, -0.29942957828896866, -0.6219484810876903, -0.0547573816684539, -0.21443765035574014, 0.23785985328818726, -0.12646741612097356, -0.47815568541100895, -0.17505557667448635, -0.16193193089539926, 0.8048437117522818, 0.9592325240809707, 0.24713767881382775, -0.8336317548582777, 0.46599743519199, 0.357370804957968, 0.6520457340504391, -0.3050973265778887, -0.8822398116837538, 0.2236436329105842, -0.751970763373456, 0.5190590583266628, 0.5888466351532844, -0.18274642650020412, 0.8875950117660911, -0.6524404124894483, 0.8851716994539605]",rhc,relu,False,False,100,[10],0.1,100,14
1439,39,0.12082070007454604,1.583000643800718,2137.0,100,15,"[0.9340596780273533, 0.09446449835144466, 0.9453687199297687, 0.4296319873487293, 0.3954576491945416, -0.5678210088392472, 0.9525489095524835, -0.9875394895908203, -0.4940352752331121, -0.13041693519110842, 0.5587658435875049, -0.6046298507994938, 0.7259864711984445, 0.9668013543506255, -0.6723155171906026, 0.19466788786571843, -0.98202780466489, -0.22685743471274122, -0.9116798841370009, 0.9133059354284718, -0.1277067062404047, 0.8979546135631256, 0.5726119718701219, 0.7325785971633969, -0.6536691570081037, -0.850102825973786, 0.2014854427555386, -0.6640556325631923, 0.4667603350211398, -0.18311227969597055, 0.05581764683584067, 0.875143167901884, 0.043392244889916, -0.7836132342255386, -0.6835531856304011, 0.09040530340642561, 0.04880816013694678, 0.2752204882519873, -0.1970091128194542, 0.2996102180386846, -0.20619999419653467, 0.24783222709644614, 0.5348099341802477, -0.6420521799177383, -0.24884846282491524, 0.005066118653868745, 0.3733341598326916, -0.4926407026772337, 0.10948172588511706, 0.24986168812819542, 0.7910023321122921, -0.27429282313374714, 0.2751141460374733, -0.6171071957620733, -0.004411770765388567, -0.6351091908575863, 0.8367660782795254, -0.13635585731754474, 0.6603762041966925, -0.16644739064327485, 0.8093351774867339, -0.19034956537818792, -0.33765099381775454, 0.14427754054549724, 0.6908872981882266, 0.7220286235061439, 0.19137623413666893, -0.8306767779591795, 0.19453321463834983, -0.5090925828337958, 0.46518689717993555, 0.7893025846334776, 0.0294679418262902, 0.20712702072041278, -0.8698643752343853, 0.08014945928561268, -0.7416264326591246, 0.22912569270066396, -0.2726993059103242, 0.5355160686614915, -0.902931727160895, -0.7803637637643119, 0.36804643024725525, 0.029307394167312983, 0.1432827432294983, 0.6874139879813108, -0.024524721700651453, 0.6202888442522898, 0.020487258589880097, 0.8534413864805024, 0.333855543079252, -0.7025463211318861, -0.27089364934848836, 0.7315498318881986, -0.29942957828896866, -0.6219484810876903, -0.0547573816684539, -0.21443765035574014, 0.23785985328818726, -0.12646741612097356, -0.47815568541100895, -0.17505557667448635, -0.16193193089539926, 0.8048437117522818, 0.9592325240809707, 0.24713767881382775, -0.8336317548582777, 0.46599743519199, 0.357370804957968, 0.6520457340504391, -0.3050973265778887, -0.8822398116837538, 0.2236436329105842, -0.751970763373456, 0.5190590583266628, 0.5888466351532844, -0.18274642650020412, 0.8875950117660911, -0.6524404124894483, 0.8851716994539605]",rhc,relu,False,False,100,[10],0.1,100,14
1440,40,0.12267690000589937,1.5790199627104007,2139.0,100,15,"[0.9340596780273533, 0.09446449835144466, 0.9453687199297687, 0.4296319873487293, 0.3954576491945416, -0.5678210088392472, 0.9525489095524835, -0.9875394895908203, -0.4940352752331121, -0.13041693519110842, 0.5587658435875049, -0.6046298507994938, 0.7259864711984445, 0.9668013543506255, -0.6723155171906026, 0.19466788786571843, -0.98202780466489, -0.22685743471274122, -0.9116798841370009, 0.9133059354284718, -0.1277067062404047, 0.8979546135631256, 0.5726119718701219, 0.7325785971633969, -0.6536691570081037, -0.850102825973786, 0.2014854427555386, -0.6640556325631923, 0.4667603350211398, -0.18311227969597055, 0.05581764683584067, 0.875143167901884, 0.043392244889916, -0.7836132342255386, -0.6835531856304011, 0.09040530340642561, 0.04880816013694678, 0.2752204882519873, -0.1970091128194542, 0.2996102180386846, -0.20619999419653467, 0.24783222709644614, 0.5348099341802477, -0.6420521799177383, -0.24884846282491524, 0.005066118653868745, 0.3733341598326916, -0.4926407026772337, 0.10948172588511706, 0.24986168812819542, 0.7910023321122921, -0.27429282313374714, 0.2751141460374733, -0.6171071957620733, -0.004411770765388567, -0.6351091908575863, 0.8367660782795254, -0.13635585731754474, 0.6603762041966925, -0.16644739064327485, 0.8093351774867339, -0.19034956537818792, -0.33765099381775454, 0.14427754054549724, 0.6908872981882266, 0.7220286235061439, 0.19137623413666893, -0.8306767779591795, 0.19453321463834983, -0.5090925828337958, 0.46518689717993555, 0.7893025846334776, 0.0294679418262902, 0.20712702072041278, -0.8698643752343853, 0.08014945928561268, -0.7416264326591246, 0.22912569270066396, -0.2726993059103242, 0.5355160686614915, -0.902931727160895, -0.7803637637643119, 0.36804643024725525, 0.029307394167312983, 0.1432827432294983, 0.6874139879813108, -0.024524721700651453, 0.6202888442522898, 0.020487258589880097, 0.8534413864805024, 0.333855543079252, -0.7025463211318861, -0.27089364934848836, 0.7315498318881986, -0.29942957828896866, -0.6219484810876903, -0.0547573816684539, -0.21443765035574014, 0.23785985328818726, -0.12646741612097356, -0.47815568541100895, -0.17505557667448635, -0.16193193089539926, 0.8048437117522818, 0.9592325240809707, 0.24713767881382775, -0.8336317548582777, 0.46599743519199, 0.357370804957968, 0.6520457340504391, -0.3050973265778887, -0.8822398116837538, 0.2236436329105842, -0.751970763373456, 0.5190590583266628, 0.5888466351532844, -0.18274642650020412, 0.8875950117660911, -0.6524404124894483, 0.8851716994539605]",rhc,relu,False,False,100,[10],0.1,100,14
1441,41,0.1255848000291735,1.5714491641579962,2141.0,100,15,"[0.9340596780273533, 0.09446449835144466, 0.9453687199297687, 0.4296319873487293, 0.3954576491945416, -0.5678210088392472, 0.9525489095524835, -0.9875394895908203, -0.4940352752331121, -0.13041693519110842, 0.5587658435875049, -0.6046298507994938, 0.7259864711984445, 0.9668013543506255, -0.6723155171906026, 0.19466788786571843, -0.98202780466489, -0.22685743471274122, -0.9116798841370009, 0.9133059354284718, -0.1277067062404047, 0.8979546135631256, 0.5726119718701219, 0.7325785971633969, -0.6536691570081037, -0.850102825973786, 0.2014854427555386, -0.6640556325631923, 0.4667603350211398, -0.18311227969597055, 0.05581764683584067, 0.875143167901884, 0.043392244889916, -0.7836132342255386, -0.6835531856304011, 0.09040530340642561, 0.04880816013694678, 0.2752204882519873, -0.1970091128194542, 0.2996102180386846, -0.20619999419653467, 0.24783222709644614, 0.5348099341802477, -0.6420521799177383, -0.24884846282491524, 0.005066118653868745, 0.3733341598326916, -0.4926407026772337, 0.10948172588511706, 0.24986168812819542, 0.7910023321122921, -0.27429282313374714, 0.2751141460374733, -0.6171071957620733, -0.004411770765388567, -0.6351091908575863, 0.8367660782795254, -0.13635585731754474, 0.6603762041966925, -0.16644739064327485, 0.8093351774867339, -0.19034956537818792, -0.33765099381775454, 0.14427754054549724, 0.6908872981882266, 0.7220286235061439, 0.19137623413666893, -0.8306767779591795, 0.19453321463834983, -0.5090925828337958, 0.46518689717993555, 0.7893025846334776, 0.0294679418262902, 0.20712702072041278, -0.8698643752343853, 0.08014945928561268, -0.7416264326591246, 0.22912569270066396, -0.2726993059103242, 0.5355160686614915, -0.902931727160895, -0.7803637637643119, 0.36804643024725525, 0.029307394167312983, 0.1432827432294983, 0.6874139879813108, -0.024524721700651453, 0.6202888442522898, 0.020487258589880097, 0.8534413864805024, 0.333855543079252, -0.7025463211318861, -0.27089364934848836, 0.7315498318881986, -0.29942957828896866, -0.6219484810876903, -0.0547573816684539, -0.21443765035574014, 0.23785985328818726, -0.12646741612097356, -0.47815568541100895, -0.17505557667448635, -0.16193193089539926, 0.8048437117522818, 0.9592325240809707, 0.24713767881382775, -0.8336317548582777, 0.46599743519199, 0.357370804957968, 0.6520457340504391, -0.3050973265778887, -0.8822398116837538, 0.2236436329105842, -0.751970763373456, 0.5190590583266628, 0.5888466351532844, -0.18274642650020412, 0.8875950117660911, -0.6524404124894483, 0.8851716994539605]",rhc,relu,False,False,100,[10],0.1,100,14
1442,42,0.12696350004989654,1.5714491641579962,2142.0,100,15,"[0.9340596780273533, 0.09446449835144466, 0.9453687199297687, 0.4296319873487293, 0.3954576491945416, -0.5678210088392472, 0.9525489095524835, -0.9875394895908203, -0.4940352752331121, -0.13041693519110842, 0.5587658435875049, -0.6046298507994938, 0.7259864711984445, 0.9668013543506255, -0.6723155171906026, 0.19466788786571843, -0.98202780466489, -0.22685743471274122, -0.9116798841370009, 0.9133059354284718, -0.1277067062404047, 0.8979546135631256, 0.5726119718701219, 0.7325785971633969, -0.6536691570081037, -0.850102825973786, 0.2014854427555386, -0.6640556325631923, 0.4667603350211398, -0.18311227969597055, 0.05581764683584067, 0.875143167901884, 0.043392244889916, -0.7836132342255386, -0.6835531856304011, 0.09040530340642561, 0.04880816013694678, 0.2752204882519873, -0.1970091128194542, 0.2996102180386846, -0.20619999419653467, 0.24783222709644614, 0.5348099341802477, -0.6420521799177383, -0.24884846282491524, 0.005066118653868745, 0.3733341598326916, -0.4926407026772337, 0.10948172588511706, 0.24986168812819542, 0.7910023321122921, -0.27429282313374714, 0.2751141460374733, -0.6171071957620733, -0.004411770765388567, -0.6351091908575863, 0.8367660782795254, -0.13635585731754474, 0.6603762041966925, -0.16644739064327485, 0.8093351774867339, -0.19034956537818792, -0.33765099381775454, 0.14427754054549724, 0.6908872981882266, 0.7220286235061439, 0.19137623413666893, -0.8306767779591795, 0.19453321463834983, -0.5090925828337958, 0.46518689717993555, 0.7893025846334776, 0.0294679418262902, 0.20712702072041278, -0.8698643752343853, 0.08014945928561268, -0.7416264326591246, 0.22912569270066396, -0.2726993059103242, 0.5355160686614915, -0.902931727160895, -0.7803637637643119, 0.36804643024725525, 0.029307394167312983, 0.1432827432294983, 0.6874139879813108, -0.024524721700651453, 0.6202888442522898, 0.020487258589880097, 0.8534413864805024, 0.333855543079252, -0.7025463211318861, -0.27089364934848836, 0.7315498318881986, -0.29942957828896866, -0.6219484810876903, -0.0547573816684539, -0.21443765035574014, 0.23785985328818726, -0.12646741612097356, -0.47815568541100895, -0.17505557667448635, -0.16193193089539926, 0.8048437117522818, 0.9592325240809707, 0.24713767881382775, -0.8336317548582777, 0.46599743519199, 0.357370804957968, 0.6520457340504391, -0.3050973265778887, -0.8822398116837538, 0.2236436329105842, -0.751970763373456, 0.5190590583266628, 0.5888466351532844, -0.18274642650020412, 0.8875950117660911, -0.6524404124894483, 0.8851716994539605]",rhc,relu,False,False,100,[10],0.1,100,14
1443,43,0.13002750009763986,1.5643117935930841,2144.0,100,15,"[0.9340596780273533, 0.09446449835144466, 0.9453687199297687, 0.4296319873487293, 0.3954576491945416, -0.5678210088392472, 0.9525489095524835, -0.9875394895908203, -0.4940352752331121, -0.13041693519110842, 0.5587658435875049, -0.6046298507994938, 0.7259864711984445, 0.9668013543506255, -0.6723155171906026, 0.19466788786571843, -0.98202780466489, -0.22685743471274122, -0.9116798841370009, 0.9133059354284718, -0.1277067062404047, 0.8979546135631256, 0.5726119718701219, 0.7325785971633969, -0.6536691570081037, -0.850102825973786, 0.2014854427555386, -0.6640556325631923, 0.4667603350211398, -0.18311227969597055, 0.05581764683584067, 0.875143167901884, 0.043392244889916, -0.7836132342255386, -0.6835531856304011, 0.09040530340642561, 0.04880816013694678, 0.2752204882519873, -0.1970091128194542, 0.2996102180386846, -0.20619999419653467, 0.24783222709644614, 0.5348099341802477, -0.6420521799177383, -0.24884846282491524, 0.005066118653868745, 0.3733341598326916, -0.4926407026772337, 0.10948172588511706, 0.24986168812819542, 0.7910023321122921, -0.27429282313374714, 0.2751141460374733, -0.6171071957620733, -0.004411770765388567, -0.6351091908575863, 0.8367660782795254, -0.13635585731754474, 0.6603762041966925, -0.16644739064327485, 0.8093351774867339, -0.19034956537818792, -0.33765099381775454, 0.14427754054549724, 0.6908872981882266, 0.7220286235061439, 0.19137623413666893, -0.8306767779591795, 0.19453321463834983, -0.5090925828337958, 0.46518689717993555, 0.7893025846334776, 0.0294679418262902, 0.20712702072041278, -0.8698643752343853, 0.08014945928561268, -0.7416264326591246, 0.22912569270066396, -0.2726993059103242, 0.5355160686614915, -0.902931727160895, -0.7803637637643119, 0.36804643024725525, 0.029307394167312983, 0.1432827432294983, 0.6874139879813108, -0.024524721700651453, 0.6202888442522898, 0.020487258589880097, 0.8534413864805024, 0.333855543079252, -0.7025463211318861, -0.27089364934848836, 0.7315498318881986, -0.29942957828896866, -0.6219484810876903, -0.0547573816684539, -0.21443765035574014, 0.23785985328818726, -0.12646741612097356, -0.47815568541100895, -0.17505557667448635, -0.16193193089539926, 0.8048437117522818, 0.9592325240809707, 0.24713767881382775, -0.8336317548582777, 0.46599743519199, 0.357370804957968, 0.6520457340504391, -0.3050973265778887, -0.8822398116837538, 0.2236436329105842, -0.751970763373456, 0.5190590583266628, 0.5888466351532844, -0.18274642650020412, 0.8875950117660911, -0.6524404124894483, 0.8851716994539605]",rhc,relu,False,False,100,[10],0.1,100,14
1444,44,0.1314245000248775,1.5643117935930841,2145.0,100,15,"[0.9340596780273533, 0.09446449835144466, 0.9453687199297687, 0.4296319873487293, 0.3954576491945416, -0.5678210088392472, 0.9525489095524835, -0.9875394895908203, -0.4940352752331121, -0.13041693519110842, 0.5587658435875049, -0.6046298507994938, 0.7259864711984445, 0.9668013543506255, -0.6723155171906026, 0.19466788786571843, -0.98202780466489, -0.22685743471274122, -0.9116798841370009, 0.9133059354284718, -0.1277067062404047, 0.8979546135631256, 0.5726119718701219, 0.7325785971633969, -0.6536691570081037, -0.850102825973786, 0.2014854427555386, -0.6640556325631923, 0.4667603350211398, -0.18311227969597055, 0.05581764683584067, 0.875143167901884, 0.043392244889916, -0.7836132342255386, -0.6835531856304011, 0.09040530340642561, 0.04880816013694678, 0.2752204882519873, -0.1970091128194542, 0.2996102180386846, -0.20619999419653467, 0.24783222709644614, 0.5348099341802477, -0.6420521799177383, -0.24884846282491524, 0.005066118653868745, 0.3733341598326916, -0.4926407026772337, 0.10948172588511706, 0.24986168812819542, 0.7910023321122921, -0.27429282313374714, 0.2751141460374733, -0.6171071957620733, -0.004411770765388567, -0.6351091908575863, 0.8367660782795254, -0.13635585731754474, 0.6603762041966925, -0.16644739064327485, 0.8093351774867339, -0.19034956537818792, -0.33765099381775454, 0.14427754054549724, 0.6908872981882266, 0.7220286235061439, 0.19137623413666893, -0.8306767779591795, 0.19453321463834983, -0.5090925828337958, 0.46518689717993555, 0.7893025846334776, 0.0294679418262902, 0.20712702072041278, -0.8698643752343853, 0.08014945928561268, -0.7416264326591246, 0.22912569270066396, -0.2726993059103242, 0.5355160686614915, -0.902931727160895, -0.7803637637643119, 0.36804643024725525, 0.029307394167312983, 0.1432827432294983, 0.6874139879813108, -0.024524721700651453, 0.6202888442522898, 0.020487258589880097, 0.8534413864805024, 0.333855543079252, -0.7025463211318861, -0.27089364934848836, 0.7315498318881986, -0.29942957828896866, -0.6219484810876903, -0.0547573816684539, -0.21443765035574014, 0.23785985328818726, -0.12646741612097356, -0.47815568541100895, -0.17505557667448635, -0.16193193089539926, 0.8048437117522818, 0.9592325240809707, 0.24713767881382775, -0.8336317548582777, 0.46599743519199, 0.357370804957968, 0.6520457340504391, -0.3050973265778887, -0.8822398116837538, 0.2236436329105842, -0.751970763373456, 0.5190590583266628, 0.5888466351532844, -0.18274642650020412, 0.8875950117660911, -0.6524404124894483, 0.8851716994539605]",rhc,relu,False,False,100,[10],0.1,100,14
1445,45,0.13282990001607686,1.5643117935930841,2146.0,100,15,"[0.9340596780273533, 0.09446449835144466, 0.9453687199297687, 0.4296319873487293, 0.3954576491945416, -0.5678210088392472, 0.9525489095524835, -0.9875394895908203, -0.4940352752331121, -0.13041693519110842, 0.5587658435875049, -0.6046298507994938, 0.7259864711984445, 0.9668013543506255, -0.6723155171906026, 0.19466788786571843, -0.98202780466489, -0.22685743471274122, -0.9116798841370009, 0.9133059354284718, -0.1277067062404047, 0.8979546135631256, 0.5726119718701219, 0.7325785971633969, -0.6536691570081037, -0.850102825973786, 0.2014854427555386, -0.6640556325631923, 0.4667603350211398, -0.18311227969597055, 0.05581764683584067, 0.875143167901884, 0.043392244889916, -0.7836132342255386, -0.6835531856304011, 0.09040530340642561, 0.04880816013694678, 0.2752204882519873, -0.1970091128194542, 0.2996102180386846, -0.20619999419653467, 0.24783222709644614, 0.5348099341802477, -0.6420521799177383, -0.24884846282491524, 0.005066118653868745, 0.3733341598326916, -0.4926407026772337, 0.10948172588511706, 0.24986168812819542, 0.7910023321122921, -0.27429282313374714, 0.2751141460374733, -0.6171071957620733, -0.004411770765388567, -0.6351091908575863, 0.8367660782795254, -0.13635585731754474, 0.6603762041966925, -0.16644739064327485, 0.8093351774867339, -0.19034956537818792, -0.33765099381775454, 0.14427754054549724, 0.6908872981882266, 0.7220286235061439, 0.19137623413666893, -0.8306767779591795, 0.19453321463834983, -0.5090925828337958, 0.46518689717993555, 0.7893025846334776, 0.0294679418262902, 0.20712702072041278, -0.8698643752343853, 0.08014945928561268, -0.7416264326591246, 0.22912569270066396, -0.2726993059103242, 0.5355160686614915, -0.902931727160895, -0.7803637637643119, 0.36804643024725525, 0.029307394167312983, 0.1432827432294983, 0.6874139879813108, -0.024524721700651453, 0.6202888442522898, 0.020487258589880097, 0.8534413864805024, 0.333855543079252, -0.7025463211318861, -0.27089364934848836, 0.7315498318881986, -0.29942957828896866, -0.6219484810876903, -0.0547573816684539, -0.21443765035574014, 0.23785985328818726, -0.12646741612097356, -0.47815568541100895, -0.17505557667448635, -0.16193193089539926, 0.8048437117522818, 0.9592325240809707, 0.24713767881382775, -0.8336317548582777, 0.46599743519199, 0.357370804957968, 0.6520457340504391, -0.3050973265778887, -0.8822398116837538, 0.2236436329105842, -0.751970763373456, 0.5190590583266628, 0.5888466351532844, -0.18274642650020412, 0.8875950117660911, -0.6524404124894483, 0.8851716994539605]",rhc,relu,False,False,100,[10],0.1,100,14
1446,46,0.13423810002859682,1.5619862205960104,2148.0,100,15,"[0.9340596780273533, 0.09446449835144466, 0.9453687199297687, 0.4296319873487293, 0.3954576491945416, -0.5678210088392472, 0.9525489095524835, -0.9875394895908203, -0.4940352752331121, -0.13041693519110842, 0.5587658435875049, -0.6046298507994938, 0.7259864711984445, 0.9668013543506255, -0.6723155171906026, 0.19466788786571843, -0.98202780466489, -0.22685743471274122, -0.9116798841370009, 0.9133059354284718, -0.1277067062404047, 0.8979546135631256, 0.5726119718701219, 0.7325785971633969, -0.6536691570081037, -0.850102825973786, 0.2014854427555386, -0.6640556325631923, 0.4667603350211398, -0.18311227969597055, 0.05581764683584067, 0.875143167901884, 0.043392244889916, -0.7836132342255386, -0.6835531856304011, 0.09040530340642561, 0.04880816013694678, 0.2752204882519873, -0.1970091128194542, 0.2996102180386846, -0.20619999419653467, 0.24783222709644614, 0.5348099341802477, -0.6420521799177383, -0.24884846282491524, 0.005066118653868745, 0.3733341598326916, -0.4926407026772337, 0.10948172588511706, 0.24986168812819542, 0.7910023321122921, -0.27429282313374714, 0.2751141460374733, -0.6171071957620733, -0.004411770765388567, -0.6351091908575863, 0.8367660782795254, -0.13635585731754474, 0.6603762041966925, -0.16644739064327485, 0.8093351774867339, -0.19034956537818792, -0.33765099381775454, 0.14427754054549724, 0.6908872981882266, 0.7220286235061439, 0.19137623413666893, -0.8306767779591795, 0.19453321463834983, -0.5090925828337958, 0.46518689717993555, 0.7893025846334776, 0.0294679418262902, 0.20712702072041278, -0.8698643752343853, 0.08014945928561268, -0.7416264326591246, 0.22912569270066396, -0.2726993059103242, 0.5355160686614915, -0.902931727160895, -0.7803637637643119, 0.36804643024725525, 0.029307394167312983, 0.1432827432294983, 0.6874139879813108, -0.024524721700651453, 0.6202888442522898, 0.020487258589880097, 0.8534413864805024, 0.333855543079252, -0.7025463211318861, -0.27089364934848836, 0.7315498318881986, -0.29942957828896866, -0.6219484810876903, -0.0547573816684539, -0.21443765035574014, 0.23785985328818726, -0.12646741612097356, -0.47815568541100895, -0.17505557667448635, -0.16193193089539926, 0.8048437117522818, 0.9592325240809707, 0.24713767881382775, -0.8336317548582777, 0.46599743519199, 0.357370804957968, 0.6520457340504391, -0.3050973265778887, -0.8822398116837538, 0.2236436329105842, -0.751970763373456, 0.5190590583266628, 0.5888466351532844, -0.18274642650020412, 0.8875950117660911, -0.6524404124894483, 0.8851716994539605]",rhc,relu,False,False,100,[10],0.1,100,14
1447,47,0.13724380009807646,1.5417723047384666,2150.0,100,15,"[0.9340596780273533, 0.09446449835144466, 0.9453687199297687, 0.4296319873487293, 0.3954576491945416, -0.5678210088392472, 0.9525489095524835, -0.9875394895908203, -0.4940352752331121, -0.13041693519110842, 0.5587658435875049, -0.6046298507994938, 0.7259864711984445, 0.9668013543506255, -0.6723155171906026, 0.19466788786571843, -0.98202780466489, -0.22685743471274122, -0.9116798841370009, 0.9133059354284718, -0.1277067062404047, 0.8979546135631256, 0.5726119718701219, 0.7325785971633969, -0.6536691570081037, -0.850102825973786, 0.2014854427555386, -0.6640556325631923, 0.4667603350211398, -0.18311227969597055, 0.05581764683584067, 0.875143167901884, 0.043392244889916, -0.7836132342255386, -0.6835531856304011, 0.09040530340642561, 0.04880816013694678, 0.2752204882519873, -0.1970091128194542, 0.2996102180386846, -0.20619999419653467, 0.24783222709644614, 0.5348099341802477, -0.6420521799177383, -0.24884846282491524, 0.005066118653868745, 0.3733341598326916, -0.4926407026772337, 0.10948172588511706, 0.24986168812819542, 0.7910023321122921, -0.27429282313374714, 0.2751141460374733, -0.6171071957620733, -0.004411770765388567, -0.6351091908575863, 0.8367660782795254, -0.13635585731754474, 0.6603762041966925, -0.16644739064327485, 0.8093351774867339, -0.19034956537818792, -0.33765099381775454, 0.14427754054549724, 0.6908872981882266, 0.7220286235061439, 0.19137623413666893, -0.8306767779591795, 0.19453321463834983, -0.5090925828337958, 0.46518689717993555, 0.7893025846334776, 0.0294679418262902, 0.20712702072041278, -0.8698643752343853, 0.08014945928561268, -0.7416264326591246, 0.22912569270066396, -0.2726993059103242, 0.5355160686614915, -0.902931727160895, -0.7803637637643119, 0.36804643024725525, 0.029307394167312983, 0.1432827432294983, 0.6874139879813108, -0.024524721700651453, 0.6202888442522898, 0.020487258589880097, 0.8534413864805024, 0.333855543079252, -0.7025463211318861, -0.27089364934848836, 0.7315498318881986, -0.29942957828896866, -0.6219484810876903, -0.0547573816684539, -0.21443765035574014, 0.23785985328818726, -0.12646741612097356, -0.47815568541100895, -0.17505557667448635, -0.16193193089539926, 0.8048437117522818, 0.9592325240809707, 0.24713767881382775, -0.8336317548582777, 0.46599743519199, 0.357370804957968, 0.6520457340504391, -0.3050973265778887, -0.8822398116837538, 0.2236436329105842, -0.751970763373456, 0.5190590583266628, 0.5888466351532844, -0.18274642650020412, 0.8875950117660911, -0.6524404124894483, 0.8851716994539605]",rhc,relu,False,False,100,[10],0.1,100,14
1448,48,0.13920730003155768,1.5398390799433685,2152.0,100,15,"[0.9340596780273533, 0.09446449835144466, 0.9453687199297687, 0.4296319873487293, 0.3954576491945416, -0.5678210088392472, 0.9525489095524835, -0.9875394895908203, -0.4940352752331121, -0.13041693519110842, 0.5587658435875049, -0.6046298507994938, 0.7259864711984445, 0.9668013543506255, -0.6723155171906026, 0.19466788786571843, -0.98202780466489, -0.22685743471274122, -0.9116798841370009, 0.9133059354284718, -0.1277067062404047, 0.8979546135631256, 0.5726119718701219, 0.7325785971633969, -0.6536691570081037, -0.850102825973786, 0.2014854427555386, -0.6640556325631923, 0.4667603350211398, -0.18311227969597055, 0.05581764683584067, 0.875143167901884, 0.043392244889916, -0.7836132342255386, -0.6835531856304011, 0.09040530340642561, 0.04880816013694678, 0.2752204882519873, -0.1970091128194542, 0.2996102180386846, -0.20619999419653467, 0.24783222709644614, 0.5348099341802477, -0.6420521799177383, -0.24884846282491524, 0.005066118653868745, 0.3733341598326916, -0.4926407026772337, 0.10948172588511706, 0.24986168812819542, 0.7910023321122921, -0.27429282313374714, 0.2751141460374733, -0.6171071957620733, -0.004411770765388567, -0.6351091908575863, 0.8367660782795254, -0.13635585731754474, 0.6603762041966925, -0.16644739064327485, 0.8093351774867339, -0.19034956537818792, -0.33765099381775454, 0.14427754054549724, 0.6908872981882266, 0.7220286235061439, 0.19137623413666893, -0.8306767779591795, 0.19453321463834983, -0.5090925828337958, 0.46518689717993555, 0.7893025846334776, 0.0294679418262902, 0.20712702072041278, -0.8698643752343853, 0.08014945928561268, -0.7416264326591246, 0.22912569270066396, -0.2726993059103242, 0.5355160686614915, -0.902931727160895, -0.7803637637643119, 0.36804643024725525, 0.029307394167312983, 0.1432827432294983, 0.6874139879813108, -0.024524721700651453, 0.6202888442522898, 0.020487258589880097, 0.8534413864805024, 0.333855543079252, -0.7025463211318861, -0.27089364934848836, 0.7315498318881986, -0.29942957828896866, -0.6219484810876903, -0.0547573816684539, -0.21443765035574014, 0.23785985328818726, -0.12646741612097356, -0.47815568541100895, -0.17505557667448635, -0.16193193089539926, 0.8048437117522818, 0.9592325240809707, 0.24713767881382775, -0.8336317548582777, 0.46599743519199, 0.357370804957968, 0.6520457340504391, -0.3050973265778887, -0.8822398116837538, 0.2236436329105842, -0.751970763373456, 0.5190590583266628, 0.5888466351532844, -0.18274642650020412, 0.8875950117660911, -0.6524404124894483, 0.8851716994539605]",rhc,relu,False,False,100,[10],0.1,100,14
1449,49,0.14330590004101396,1.5381272677698719,2154.0,100,15,"[0.9340596780273533, 0.09446449835144466, 0.9453687199297687, 0.4296319873487293, 0.3954576491945416, -0.5678210088392472, 0.9525489095524835, -0.9875394895908203, -0.4940352752331121, -0.13041693519110842, 0.5587658435875049, -0.6046298507994938, 0.7259864711984445, 0.9668013543506255, -0.6723155171906026, 0.19466788786571843, -0.98202780466489, -0.22685743471274122, -0.9116798841370009, 0.9133059354284718, -0.1277067062404047, 0.8979546135631256, 0.5726119718701219, 0.7325785971633969, -0.6536691570081037, -0.850102825973786, 0.2014854427555386, -0.6640556325631923, 0.4667603350211398, -0.18311227969597055, 0.05581764683584067, 0.875143167901884, 0.043392244889916, -0.7836132342255386, -0.6835531856304011, 0.09040530340642561, 0.04880816013694678, 0.2752204882519873, -0.1970091128194542, 0.2996102180386846, -0.20619999419653467, 0.24783222709644614, 0.5348099341802477, -0.6420521799177383, -0.24884846282491524, 0.005066118653868745, 0.3733341598326916, -0.4926407026772337, 0.10948172588511706, 0.24986168812819542, 0.7910023321122921, -0.27429282313374714, 0.2751141460374733, -0.6171071957620733, -0.004411770765388567, -0.6351091908575863, 0.8367660782795254, -0.13635585731754474, 0.6603762041966925, -0.16644739064327485, 0.8093351774867339, -0.19034956537818792, -0.33765099381775454, 0.14427754054549724, 0.6908872981882266, 0.7220286235061439, 0.19137623413666893, -0.8306767779591795, 0.19453321463834983, -0.5090925828337958, 0.46518689717993555, 0.7893025846334776, 0.0294679418262902, 0.20712702072041278, -0.8698643752343853, 0.08014945928561268, -0.7416264326591246, 0.22912569270066396, -0.2726993059103242, 0.5355160686614915, -0.902931727160895, -0.7803637637643119, 0.36804643024725525, 0.029307394167312983, 0.1432827432294983, 0.6874139879813108, -0.024524721700651453, 0.6202888442522898, 0.020487258589880097, 0.8534413864805024, 0.333855543079252, -0.7025463211318861, -0.27089364934848836, 0.7315498318881986, -0.29942957828896866, -0.6219484810876903, -0.0547573816684539, -0.21443765035574014, 0.23785985328818726, -0.12646741612097356, -0.47815568541100895, -0.17505557667448635, -0.16193193089539926, 0.8048437117522818, 0.9592325240809707, 0.24713767881382775, -0.8336317548582777, 0.46599743519199, 0.357370804957968, 0.6520457340504391, -0.3050973265778887, -0.8822398116837538, 0.2236436329105842, -0.751970763373456, 0.5190590583266628, 0.5888466351532844, -0.18274642650020412, 0.8875950117660911, -0.6524404124894483, 0.8851716994539605]",rhc,relu,False,False,100,[10],0.1,100,14
1450,50,0.14690749999135733,1.5354641995145686,2156.0,100,15,"[0.9340596780273533, 0.09446449835144466, 0.9453687199297687, 0.4296319873487293, 0.3954576491945416, -0.5678210088392472, 0.9525489095524835, -0.9875394895908203, -0.4940352752331121, -0.13041693519110842, 0.5587658435875049, -0.6046298507994938, 0.7259864711984445, 0.9668013543506255, -0.6723155171906026, 0.19466788786571843, -0.98202780466489, -0.22685743471274122, -0.9116798841370009, 0.9133059354284718, -0.1277067062404047, 0.8979546135631256, 0.5726119718701219, 0.7325785971633969, -0.6536691570081037, -0.850102825973786, 0.2014854427555386, -0.6640556325631923, 0.4667603350211398, -0.18311227969597055, 0.05581764683584067, 0.875143167901884, 0.043392244889916, -0.7836132342255386, -0.6835531856304011, 0.09040530340642561, 0.04880816013694678, 0.2752204882519873, -0.1970091128194542, 0.2996102180386846, -0.20619999419653467, 0.24783222709644614, 0.5348099341802477, -0.6420521799177383, -0.24884846282491524, 0.005066118653868745, 0.3733341598326916, -0.4926407026772337, 0.10948172588511706, 0.24986168812819542, 0.7910023321122921, -0.27429282313374714, 0.2751141460374733, -0.6171071957620733, -0.004411770765388567, -0.6351091908575863, 0.8367660782795254, -0.13635585731754474, 0.6603762041966925, -0.16644739064327485, 0.8093351774867339, -0.19034956537818792, -0.33765099381775454, 0.14427754054549724, 0.6908872981882266, 0.7220286235061439, 0.19137623413666893, -0.8306767779591795, 0.19453321463834983, -0.5090925828337958, 0.46518689717993555, 0.7893025846334776, 0.0294679418262902, 0.20712702072041278, -0.8698643752343853, 0.08014945928561268, -0.7416264326591246, 0.22912569270066396, -0.2726993059103242, 0.5355160686614915, -0.902931727160895, -0.7803637637643119, 0.36804643024725525, 0.029307394167312983, 0.1432827432294983, 0.6874139879813108, -0.024524721700651453, 0.6202888442522898, 0.020487258589880097, 0.8534413864805024, 0.333855543079252, -0.7025463211318861, -0.27089364934848836, 0.7315498318881986, -0.29942957828896866, -0.6219484810876903, -0.0547573816684539, -0.21443765035574014, 0.23785985328818726, -0.12646741612097356, -0.47815568541100895, -0.17505557667448635, -0.16193193089539926, 0.8048437117522818, 0.9592325240809707, 0.24713767881382775, -0.8336317548582777, 0.46599743519199, 0.357370804957968, 0.6520457340504391, -0.3050973265778887, -0.8822398116837538, 0.2236436329105842, -0.751970763373456, 0.5190590583266628, 0.5888466351532844, -0.18274642650020412, 0.8875950117660911, -0.6524404124894483, 0.8851716994539605]",rhc,relu,False,False,100,[10],0.1,100,14
1451,51,0.14868640003260225,1.5319512562922253,2158.0,100,15,"[0.9340596780273533, 0.09446449835144466, 0.9453687199297687, 0.4296319873487293, 0.3954576491945416, -0.5678210088392472, 0.9525489095524835, -0.9875394895908203, -0.4940352752331121, -0.13041693519110842, 0.5587658435875049, -0.6046298507994938, 0.7259864711984445, 0.9668013543506255, -0.6723155171906026, 0.19466788786571843, -0.98202780466489, -0.22685743471274122, -0.9116798841370009, 0.9133059354284718, -0.1277067062404047, 0.8979546135631256, 0.5726119718701219, 0.7325785971633969, -0.6536691570081037, -0.850102825973786, 0.2014854427555386, -0.6640556325631923, 0.4667603350211398, -0.18311227969597055, 0.05581764683584067, 0.875143167901884, 0.043392244889916, -0.7836132342255386, -0.6835531856304011, 0.09040530340642561, 0.04880816013694678, 0.2752204882519873, -0.1970091128194542, 0.2996102180386846, -0.20619999419653467, 0.24783222709644614, 0.5348099341802477, -0.6420521799177383, -0.24884846282491524, 0.005066118653868745, 0.3733341598326916, -0.4926407026772337, 0.10948172588511706, 0.24986168812819542, 0.7910023321122921, -0.27429282313374714, 0.2751141460374733, -0.6171071957620733, -0.004411770765388567, -0.6351091908575863, 0.8367660782795254, -0.13635585731754474, 0.6603762041966925, -0.16644739064327485, 0.8093351774867339, -0.19034956537818792, -0.33765099381775454, 0.14427754054549724, 0.6908872981882266, 0.7220286235061439, 0.19137623413666893, -0.8306767779591795, 0.19453321463834983, -0.5090925828337958, 0.46518689717993555, 0.7893025846334776, 0.0294679418262902, 0.20712702072041278, -0.8698643752343853, 0.08014945928561268, -0.7416264326591246, 0.22912569270066396, -0.2726993059103242, 0.5355160686614915, -0.902931727160895, -0.7803637637643119, 0.36804643024725525, 0.029307394167312983, 0.1432827432294983, 0.6874139879813108, -0.024524721700651453, 0.6202888442522898, 0.020487258589880097, 0.8534413864805024, 0.333855543079252, -0.7025463211318861, -0.27089364934848836, 0.7315498318881986, -0.29942957828896866, -0.6219484810876903, -0.0547573816684539, -0.21443765035574014, 0.23785985328818726, -0.12646741612097356, -0.47815568541100895, -0.17505557667448635, -0.16193193089539926, 0.8048437117522818, 0.9592325240809707, 0.24713767881382775, -0.8336317548582777, 0.46599743519199, 0.357370804957968, 0.6520457340504391, -0.3050973265778887, -0.8822398116837538, 0.2236436329105842, -0.751970763373456, 0.5190590583266628, 0.5888466351532844, -0.18274642650020412, 0.8875950117660911, -0.6524404124894483, 0.8851716994539605]",rhc,relu,False,False,100,[10],0.1,100,14
1452,52,0.15030470001511276,1.5305898234070192,2160.0,100,15,"[0.9340596780273533, 0.09446449835144466, 0.9453687199297687, 0.4296319873487293, 0.3954576491945416, -0.5678210088392472, 0.9525489095524835, -0.9875394895908203, -0.4940352752331121, -0.13041693519110842, 0.5587658435875049, -0.6046298507994938, 0.7259864711984445, 0.9668013543506255, -0.6723155171906026, 0.19466788786571843, -0.98202780466489, -0.22685743471274122, -0.9116798841370009, 0.9133059354284718, -0.1277067062404047, 0.8979546135631256, 0.5726119718701219, 0.7325785971633969, -0.6536691570081037, -0.850102825973786, 0.2014854427555386, -0.6640556325631923, 0.4667603350211398, -0.18311227969597055, 0.05581764683584067, 0.875143167901884, 0.043392244889916, -0.7836132342255386, -0.6835531856304011, 0.09040530340642561, 0.04880816013694678, 0.2752204882519873, -0.1970091128194542, 0.2996102180386846, -0.20619999419653467, 0.24783222709644614, 0.5348099341802477, -0.6420521799177383, -0.24884846282491524, 0.005066118653868745, 0.3733341598326916, -0.4926407026772337, 0.10948172588511706, 0.24986168812819542, 0.7910023321122921, -0.27429282313374714, 0.2751141460374733, -0.6171071957620733, -0.004411770765388567, -0.6351091908575863, 0.8367660782795254, -0.13635585731754474, 0.6603762041966925, -0.16644739064327485, 0.8093351774867339, -0.19034956537818792, -0.33765099381775454, 0.14427754054549724, 0.6908872981882266, 0.7220286235061439, 0.19137623413666893, -0.8306767779591795, 0.19453321463834983, -0.5090925828337958, 0.46518689717993555, 0.7893025846334776, 0.0294679418262902, 0.20712702072041278, -0.8698643752343853, 0.08014945928561268, -0.7416264326591246, 0.22912569270066396, -0.2726993059103242, 0.5355160686614915, -0.902931727160895, -0.7803637637643119, 0.36804643024725525, 0.029307394167312983, 0.1432827432294983, 0.6874139879813108, -0.024524721700651453, 0.6202888442522898, 0.020487258589880097, 0.8534413864805024, 0.333855543079252, -0.7025463211318861, -0.27089364934848836, 0.7315498318881986, -0.29942957828896866, -0.6219484810876903, -0.0547573816684539, -0.21443765035574014, 0.23785985328818726, -0.12646741612097356, -0.47815568541100895, -0.17505557667448635, -0.16193193089539926, 0.8048437117522818, 0.9592325240809707, 0.24713767881382775, -0.8336317548582777, 0.46599743519199, 0.357370804957968, 0.6520457340504391, -0.3050973265778887, -0.8822398116837538, 0.2236436329105842, -0.751970763373456, 0.5190590583266628, 0.5888466351532844, -0.18274642650020412, 0.8875950117660911, -0.6524404124894483, 0.8851716994539605]",rhc,relu,False,False,100,[10],0.1,100,14
1453,53,0.15169550001155585,1.5226146276442751,2162.0,100,15,"[0.9340596780273533, 0.09446449835144466, 0.9453687199297687, 0.4296319873487293, 0.3954576491945416, -0.5678210088392472, 0.9525489095524835, -0.9875394895908203, -0.4940352752331121, -0.13041693519110842, 0.5587658435875049, -0.6046298507994938, 0.7259864711984445, 0.9668013543506255, -0.6723155171906026, 0.19466788786571843, -0.98202780466489, -0.22685743471274122, -0.9116798841370009, 0.9133059354284718, -0.1277067062404047, 0.8979546135631256, 0.5726119718701219, 0.7325785971633969, -0.6536691570081037, -0.850102825973786, 0.2014854427555386, -0.6640556325631923, 0.4667603350211398, -0.18311227969597055, 0.05581764683584067, 0.875143167901884, 0.043392244889916, -0.7836132342255386, -0.6835531856304011, 0.09040530340642561, 0.04880816013694678, 0.2752204882519873, -0.1970091128194542, 0.2996102180386846, -0.20619999419653467, 0.24783222709644614, 0.5348099341802477, -0.6420521799177383, -0.24884846282491524, 0.005066118653868745, 0.3733341598326916, -0.4926407026772337, 0.10948172588511706, 0.24986168812819542, 0.7910023321122921, -0.27429282313374714, 0.2751141460374733, -0.6171071957620733, -0.004411770765388567, -0.6351091908575863, 0.8367660782795254, -0.13635585731754474, 0.6603762041966925, -0.16644739064327485, 0.8093351774867339, -0.19034956537818792, -0.33765099381775454, 0.14427754054549724, 0.6908872981882266, 0.7220286235061439, 0.19137623413666893, -0.8306767779591795, 0.19453321463834983, -0.5090925828337958, 0.46518689717993555, 0.7893025846334776, 0.0294679418262902, 0.20712702072041278, -0.8698643752343853, 0.08014945928561268, -0.7416264326591246, 0.22912569270066396, -0.2726993059103242, 0.5355160686614915, -0.902931727160895, -0.7803637637643119, 0.36804643024725525, 0.029307394167312983, 0.1432827432294983, 0.6874139879813108, -0.024524721700651453, 0.6202888442522898, 0.020487258589880097, 0.8534413864805024, 0.333855543079252, -0.7025463211318861, -0.27089364934848836, 0.7315498318881986, -0.29942957828896866, -0.6219484810876903, -0.0547573816684539, -0.21443765035574014, 0.23785985328818726, -0.12646741612097356, -0.47815568541100895, -0.17505557667448635, -0.16193193089539926, 0.8048437117522818, 0.9592325240809707, 0.24713767881382775, -0.8336317548582777, 0.46599743519199, 0.357370804957968, 0.6520457340504391, -0.3050973265778887, -0.8822398116837538, 0.2236436329105842, -0.751970763373456, 0.5190590583266628, 0.5888466351532844, -0.18274642650020412, 0.8875950117660911, -0.6524404124894483, 0.8851716994539605]",rhc,relu,False,False,100,[10],0.1,100,14
1454,54,0.15469950006809086,1.5226146276442751,2163.0,100,15,"[0.9340596780273533, 0.09446449835144466, 0.9453687199297687, 0.4296319873487293, 0.3954576491945416, -0.5678210088392472, 0.9525489095524835, -0.9875394895908203, -0.4940352752331121, -0.13041693519110842, 0.5587658435875049, -0.6046298507994938, 0.7259864711984445, 0.9668013543506255, -0.6723155171906026, 0.19466788786571843, -0.98202780466489, -0.22685743471274122, -0.9116798841370009, 0.9133059354284718, -0.1277067062404047, 0.8979546135631256, 0.5726119718701219, 0.7325785971633969, -0.6536691570081037, -0.850102825973786, 0.2014854427555386, -0.6640556325631923, 0.4667603350211398, -0.18311227969597055, 0.05581764683584067, 0.875143167901884, 0.043392244889916, -0.7836132342255386, -0.6835531856304011, 0.09040530340642561, 0.04880816013694678, 0.2752204882519873, -0.1970091128194542, 0.2996102180386846, -0.20619999419653467, 0.24783222709644614, 0.5348099341802477, -0.6420521799177383, -0.24884846282491524, 0.005066118653868745, 0.3733341598326916, -0.4926407026772337, 0.10948172588511706, 0.24986168812819542, 0.7910023321122921, -0.27429282313374714, 0.2751141460374733, -0.6171071957620733, -0.004411770765388567, -0.6351091908575863, 0.8367660782795254, -0.13635585731754474, 0.6603762041966925, -0.16644739064327485, 0.8093351774867339, -0.19034956537818792, -0.33765099381775454, 0.14427754054549724, 0.6908872981882266, 0.7220286235061439, 0.19137623413666893, -0.8306767779591795, 0.19453321463834983, -0.5090925828337958, 0.46518689717993555, 0.7893025846334776, 0.0294679418262902, 0.20712702072041278, -0.8698643752343853, 0.08014945928561268, -0.7416264326591246, 0.22912569270066396, -0.2726993059103242, 0.5355160686614915, -0.902931727160895, -0.7803637637643119, 0.36804643024725525, 0.029307394167312983, 0.1432827432294983, 0.6874139879813108, -0.024524721700651453, 0.6202888442522898, 0.020487258589880097, 0.8534413864805024, 0.333855543079252, -0.7025463211318861, -0.27089364934848836, 0.7315498318881986, -0.29942957828896866, -0.6219484810876903, -0.0547573816684539, -0.21443765035574014, 0.23785985328818726, -0.12646741612097356, -0.47815568541100895, -0.17505557667448635, -0.16193193089539926, 0.8048437117522818, 0.9592325240809707, 0.24713767881382775, -0.8336317548582777, 0.46599743519199, 0.357370804957968, 0.6520457340504391, -0.3050973265778887, -0.8822398116837538, 0.2236436329105842, -0.751970763373456, 0.5190590583266628, 0.5888466351532844, -0.18274642650020412, 0.8875950117660911, -0.6524404124894483, 0.8851716994539605]",rhc,relu,False,False,100,[10],0.1,100,14
1455,55,0.15623610001057386,1.5226146276442751,2164.0,100,15,"[0.9340596780273533, 0.09446449835144466, 0.9453687199297687, 0.4296319873487293, 0.3954576491945416, -0.5678210088392472, 0.9525489095524835, -0.9875394895908203, -0.4940352752331121, -0.13041693519110842, 0.5587658435875049, -0.6046298507994938, 0.7259864711984445, 0.9668013543506255, -0.6723155171906026, 0.19466788786571843, -0.98202780466489, -0.22685743471274122, -0.9116798841370009, 0.9133059354284718, -0.1277067062404047, 0.8979546135631256, 0.5726119718701219, 0.7325785971633969, -0.6536691570081037, -0.850102825973786, 0.2014854427555386, -0.6640556325631923, 0.4667603350211398, -0.18311227969597055, 0.05581764683584067, 0.875143167901884, 0.043392244889916, -0.7836132342255386, -0.6835531856304011, 0.09040530340642561, 0.04880816013694678, 0.2752204882519873, -0.1970091128194542, 0.2996102180386846, -0.20619999419653467, 0.24783222709644614, 0.5348099341802477, -0.6420521799177383, -0.24884846282491524, 0.005066118653868745, 0.3733341598326916, -0.4926407026772337, 0.10948172588511706, 0.24986168812819542, 0.7910023321122921, -0.27429282313374714, 0.2751141460374733, -0.6171071957620733, -0.004411770765388567, -0.6351091908575863, 0.8367660782795254, -0.13635585731754474, 0.6603762041966925, -0.16644739064327485, 0.8093351774867339, -0.19034956537818792, -0.33765099381775454, 0.14427754054549724, 0.6908872981882266, 0.7220286235061439, 0.19137623413666893, -0.8306767779591795, 0.19453321463834983, -0.5090925828337958, 0.46518689717993555, 0.7893025846334776, 0.0294679418262902, 0.20712702072041278, -0.8698643752343853, 0.08014945928561268, -0.7416264326591246, 0.22912569270066396, -0.2726993059103242, 0.5355160686614915, -0.902931727160895, -0.7803637637643119, 0.36804643024725525, 0.029307394167312983, 0.1432827432294983, 0.6874139879813108, -0.024524721700651453, 0.6202888442522898, 0.020487258589880097, 0.8534413864805024, 0.333855543079252, -0.7025463211318861, -0.27089364934848836, 0.7315498318881986, -0.29942957828896866, -0.6219484810876903, -0.0547573816684539, -0.21443765035574014, 0.23785985328818726, -0.12646741612097356, -0.47815568541100895, -0.17505557667448635, -0.16193193089539926, 0.8048437117522818, 0.9592325240809707, 0.24713767881382775, -0.8336317548582777, 0.46599743519199, 0.357370804957968, 0.6520457340504391, -0.3050973265778887, -0.8822398116837538, 0.2236436329105842, -0.751970763373456, 0.5190590583266628, 0.5888466351532844, -0.18274642650020412, 0.8875950117660911, -0.6524404124894483, 0.8851716994539605]",rhc,relu,False,False,100,[10],0.1,100,14
1456,56,0.15794740000274032,1.5225936829130116,2166.0,100,15,"[0.9340596780273533, 0.09446449835144466, 0.9453687199297687, 0.4296319873487293, 0.3954576491945416, -0.5678210088392472, 0.9525489095524835, -0.9875394895908203, -0.4940352752331121, -0.13041693519110842, 0.5587658435875049, -0.6046298507994938, 0.7259864711984445, 0.9668013543506255, -0.6723155171906026, 0.19466788786571843, -0.98202780466489, -0.22685743471274122, -0.9116798841370009, 0.9133059354284718, -0.1277067062404047, 0.8979546135631256, 0.5726119718701219, 0.7325785971633969, -0.6536691570081037, -0.850102825973786, 0.2014854427555386, -0.6640556325631923, 0.4667603350211398, -0.18311227969597055, 0.05581764683584067, 0.875143167901884, 0.043392244889916, -0.7836132342255386, -0.6835531856304011, 0.09040530340642561, 0.04880816013694678, 0.2752204882519873, -0.1970091128194542, 0.2996102180386846, -0.20619999419653467, 0.24783222709644614, 0.5348099341802477, -0.6420521799177383, -0.24884846282491524, 0.005066118653868745, 0.3733341598326916, -0.4926407026772337, 0.10948172588511706, 0.24986168812819542, 0.7910023321122921, -0.27429282313374714, 0.2751141460374733, -0.6171071957620733, -0.004411770765388567, -0.6351091908575863, 0.8367660782795254, -0.13635585731754474, 0.6603762041966925, -0.16644739064327485, 0.8093351774867339, -0.19034956537818792, -0.33765099381775454, 0.14427754054549724, 0.6908872981882266, 0.7220286235061439, 0.19137623413666893, -0.8306767779591795, 0.19453321463834983, -0.5090925828337958, 0.46518689717993555, 0.7893025846334776, 0.0294679418262902, 0.20712702072041278, -0.8698643752343853, 0.08014945928561268, -0.7416264326591246, 0.22912569270066396, -0.2726993059103242, 0.5355160686614915, -0.902931727160895, -0.7803637637643119, 0.36804643024725525, 0.029307394167312983, 0.1432827432294983, 0.6874139879813108, -0.024524721700651453, 0.6202888442522898, 0.020487258589880097, 0.8534413864805024, 0.333855543079252, -0.7025463211318861, -0.27089364934848836, 0.7315498318881986, -0.29942957828896866, -0.6219484810876903, -0.0547573816684539, -0.21443765035574014, 0.23785985328818726, -0.12646741612097356, -0.47815568541100895, -0.17505557667448635, -0.16193193089539926, 0.8048437117522818, 0.9592325240809707, 0.24713767881382775, -0.8336317548582777, 0.46599743519199, 0.357370804957968, 0.6520457340504391, -0.3050973265778887, -0.8822398116837538, 0.2236436329105842, -0.751970763373456, 0.5190590583266628, 0.5888466351532844, -0.18274642650020412, 0.8875950117660911, -0.6524404124894483, 0.8851716994539605]",rhc,relu,False,False,100,[10],0.1,100,14
1457,57,0.15946009999606758,1.5225936829130116,2167.0,100,15,"[0.9340596780273533, 0.09446449835144466, 0.9453687199297687, 0.4296319873487293, 0.3954576491945416, -0.5678210088392472, 0.9525489095524835, -0.9875394895908203, -0.4940352752331121, -0.13041693519110842, 0.5587658435875049, -0.6046298507994938, 0.7259864711984445, 0.9668013543506255, -0.6723155171906026, 0.19466788786571843, -0.98202780466489, -0.22685743471274122, -0.9116798841370009, 0.9133059354284718, -0.1277067062404047, 0.8979546135631256, 0.5726119718701219, 0.7325785971633969, -0.6536691570081037, -0.850102825973786, 0.2014854427555386, -0.6640556325631923, 0.4667603350211398, -0.18311227969597055, 0.05581764683584067, 0.875143167901884, 0.043392244889916, -0.7836132342255386, -0.6835531856304011, 0.09040530340642561, 0.04880816013694678, 0.2752204882519873, -0.1970091128194542, 0.2996102180386846, -0.20619999419653467, 0.24783222709644614, 0.5348099341802477, -0.6420521799177383, -0.24884846282491524, 0.005066118653868745, 0.3733341598326916, -0.4926407026772337, 0.10948172588511706, 0.24986168812819542, 0.7910023321122921, -0.27429282313374714, 0.2751141460374733, -0.6171071957620733, -0.004411770765388567, -0.6351091908575863, 0.8367660782795254, -0.13635585731754474, 0.6603762041966925, -0.16644739064327485, 0.8093351774867339, -0.19034956537818792, -0.33765099381775454, 0.14427754054549724, 0.6908872981882266, 0.7220286235061439, 0.19137623413666893, -0.8306767779591795, 0.19453321463834983, -0.5090925828337958, 0.46518689717993555, 0.7893025846334776, 0.0294679418262902, 0.20712702072041278, -0.8698643752343853, 0.08014945928561268, -0.7416264326591246, 0.22912569270066396, -0.2726993059103242, 0.5355160686614915, -0.902931727160895, -0.7803637637643119, 0.36804643024725525, 0.029307394167312983, 0.1432827432294983, 0.6874139879813108, -0.024524721700651453, 0.6202888442522898, 0.020487258589880097, 0.8534413864805024, 0.333855543079252, -0.7025463211318861, -0.27089364934848836, 0.7315498318881986, -0.29942957828896866, -0.6219484810876903, -0.0547573816684539, -0.21443765035574014, 0.23785985328818726, -0.12646741612097356, -0.47815568541100895, -0.17505557667448635, -0.16193193089539926, 0.8048437117522818, 0.9592325240809707, 0.24713767881382775, -0.8336317548582777, 0.46599743519199, 0.357370804957968, 0.6520457340504391, -0.3050973265778887, -0.8822398116837538, 0.2236436329105842, -0.751970763373456, 0.5190590583266628, 0.5888466351532844, -0.18274642650020412, 0.8875950117660911, -0.6524404124894483, 0.8851716994539605]",rhc,relu,False,False,100,[10],0.1,100,14
1458,58,0.16259170009288937,1.5225936829130116,2168.0,100,15,"[0.9340596780273533, 0.09446449835144466, 0.9453687199297687, 0.4296319873487293, 0.3954576491945416, -0.5678210088392472, 0.9525489095524835, -0.9875394895908203, -0.4940352752331121, -0.13041693519110842, 0.5587658435875049, -0.6046298507994938, 0.7259864711984445, 0.9668013543506255, -0.6723155171906026, 0.19466788786571843, -0.98202780466489, -0.22685743471274122, -0.9116798841370009, 0.9133059354284718, -0.1277067062404047, 0.8979546135631256, 0.5726119718701219, 0.7325785971633969, -0.6536691570081037, -0.850102825973786, 0.2014854427555386, -0.6640556325631923, 0.4667603350211398, -0.18311227969597055, 0.05581764683584067, 0.875143167901884, 0.043392244889916, -0.7836132342255386, -0.6835531856304011, 0.09040530340642561, 0.04880816013694678, 0.2752204882519873, -0.1970091128194542, 0.2996102180386846, -0.20619999419653467, 0.24783222709644614, 0.5348099341802477, -0.6420521799177383, -0.24884846282491524, 0.005066118653868745, 0.3733341598326916, -0.4926407026772337, 0.10948172588511706, 0.24986168812819542, 0.7910023321122921, -0.27429282313374714, 0.2751141460374733, -0.6171071957620733, -0.004411770765388567, -0.6351091908575863, 0.8367660782795254, -0.13635585731754474, 0.6603762041966925, -0.16644739064327485, 0.8093351774867339, -0.19034956537818792, -0.33765099381775454, 0.14427754054549724, 0.6908872981882266, 0.7220286235061439, 0.19137623413666893, -0.8306767779591795, 0.19453321463834983, -0.5090925828337958, 0.46518689717993555, 0.7893025846334776, 0.0294679418262902, 0.20712702072041278, -0.8698643752343853, 0.08014945928561268, -0.7416264326591246, 0.22912569270066396, -0.2726993059103242, 0.5355160686614915, -0.902931727160895, -0.7803637637643119, 0.36804643024725525, 0.029307394167312983, 0.1432827432294983, 0.6874139879813108, -0.024524721700651453, 0.6202888442522898, 0.020487258589880097, 0.8534413864805024, 0.333855543079252, -0.7025463211318861, -0.27089364934848836, 0.7315498318881986, -0.29942957828896866, -0.6219484810876903, -0.0547573816684539, -0.21443765035574014, 0.23785985328818726, -0.12646741612097356, -0.47815568541100895, -0.17505557667448635, -0.16193193089539926, 0.8048437117522818, 0.9592325240809707, 0.24713767881382775, -0.8336317548582777, 0.46599743519199, 0.357370804957968, 0.6520457340504391, -0.3050973265778887, -0.8822398116837538, 0.2236436329105842, -0.751970763373456, 0.5190590583266628, 0.5888466351532844, -0.18274642650020412, 0.8875950117660911, -0.6524404124894483, 0.8851716994539605]",rhc,relu,False,False,100,[10],0.1,100,14
1459,59,0.16467890003696084,1.5225936829130116,2169.0,100,15,"[0.9340596780273533, 0.09446449835144466, 0.9453687199297687, 0.4296319873487293, 0.3954576491945416, -0.5678210088392472, 0.9525489095524835, -0.9875394895908203, -0.4940352752331121, -0.13041693519110842, 0.5587658435875049, -0.6046298507994938, 0.7259864711984445, 0.9668013543506255, -0.6723155171906026, 0.19466788786571843, -0.98202780466489, -0.22685743471274122, -0.9116798841370009, 0.9133059354284718, -0.1277067062404047, 0.8979546135631256, 0.5726119718701219, 0.7325785971633969, -0.6536691570081037, -0.850102825973786, 0.2014854427555386, -0.6640556325631923, 0.4667603350211398, -0.18311227969597055, 0.05581764683584067, 0.875143167901884, 0.043392244889916, -0.7836132342255386, -0.6835531856304011, 0.09040530340642561, 0.04880816013694678, 0.2752204882519873, -0.1970091128194542, 0.2996102180386846, -0.20619999419653467, 0.24783222709644614, 0.5348099341802477, -0.6420521799177383, -0.24884846282491524, 0.005066118653868745, 0.3733341598326916, -0.4926407026772337, 0.10948172588511706, 0.24986168812819542, 0.7910023321122921, -0.27429282313374714, 0.2751141460374733, -0.6171071957620733, -0.004411770765388567, -0.6351091908575863, 0.8367660782795254, -0.13635585731754474, 0.6603762041966925, -0.16644739064327485, 0.8093351774867339, -0.19034956537818792, -0.33765099381775454, 0.14427754054549724, 0.6908872981882266, 0.7220286235061439, 0.19137623413666893, -0.8306767779591795, 0.19453321463834983, -0.5090925828337958, 0.46518689717993555, 0.7893025846334776, 0.0294679418262902, 0.20712702072041278, -0.8698643752343853, 0.08014945928561268, -0.7416264326591246, 0.22912569270066396, -0.2726993059103242, 0.5355160686614915, -0.902931727160895, -0.7803637637643119, 0.36804643024725525, 0.029307394167312983, 0.1432827432294983, 0.6874139879813108, -0.024524721700651453, 0.6202888442522898, 0.020487258589880097, 0.8534413864805024, 0.333855543079252, -0.7025463211318861, -0.27089364934848836, 0.7315498318881986, -0.29942957828896866, -0.6219484810876903, -0.0547573816684539, -0.21443765035574014, 0.23785985328818726, -0.12646741612097356, -0.47815568541100895, -0.17505557667448635, -0.16193193089539926, 0.8048437117522818, 0.9592325240809707, 0.24713767881382775, -0.8336317548582777, 0.46599743519199, 0.357370804957968, 0.6520457340504391, -0.3050973265778887, -0.8822398116837538, 0.2236436329105842, -0.751970763373456, 0.5190590583266628, 0.5888466351532844, -0.18274642650020412, 0.8875950117660911, -0.6524404124894483, 0.8851716994539605]",rhc,relu,False,False,100,[10],0.1,100,14
1460,60,0.16787820006720722,1.5208353257699494,2171.0,100,15,"[0.9340596780273533, 0.09446449835144466, 0.9453687199297687, 0.4296319873487293, 0.3954576491945416, -0.5678210088392472, 0.9525489095524835, -0.9875394895908203, -0.4940352752331121, -0.13041693519110842, 0.5587658435875049, -0.6046298507994938, 0.7259864711984445, 0.9668013543506255, -0.6723155171906026, 0.19466788786571843, -0.98202780466489, -0.22685743471274122, -0.9116798841370009, 0.9133059354284718, -0.1277067062404047, 0.8979546135631256, 0.5726119718701219, 0.7325785971633969, -0.6536691570081037, -0.850102825973786, 0.2014854427555386, -0.6640556325631923, 0.4667603350211398, -0.18311227969597055, 0.05581764683584067, 0.875143167901884, 0.043392244889916, -0.7836132342255386, -0.6835531856304011, 0.09040530340642561, 0.04880816013694678, 0.2752204882519873, -0.1970091128194542, 0.2996102180386846, -0.20619999419653467, 0.24783222709644614, 0.5348099341802477, -0.6420521799177383, -0.24884846282491524, 0.005066118653868745, 0.3733341598326916, -0.4926407026772337, 0.10948172588511706, 0.24986168812819542, 0.7910023321122921, -0.27429282313374714, 0.2751141460374733, -0.6171071957620733, -0.004411770765388567, -0.6351091908575863, 0.8367660782795254, -0.13635585731754474, 0.6603762041966925, -0.16644739064327485, 0.8093351774867339, -0.19034956537818792, -0.33765099381775454, 0.14427754054549724, 0.6908872981882266, 0.7220286235061439, 0.19137623413666893, -0.8306767779591795, 0.19453321463834983, -0.5090925828337958, 0.46518689717993555, 0.7893025846334776, 0.0294679418262902, 0.20712702072041278, -0.8698643752343853, 0.08014945928561268, -0.7416264326591246, 0.22912569270066396, -0.2726993059103242, 0.5355160686614915, -0.902931727160895, -0.7803637637643119, 0.36804643024725525, 0.029307394167312983, 0.1432827432294983, 0.6874139879813108, -0.024524721700651453, 0.6202888442522898, 0.020487258589880097, 0.8534413864805024, 0.333855543079252, -0.7025463211318861, -0.27089364934848836, 0.7315498318881986, -0.29942957828896866, -0.6219484810876903, -0.0547573816684539, -0.21443765035574014, 0.23785985328818726, -0.12646741612097356, -0.47815568541100895, -0.17505557667448635, -0.16193193089539926, 0.8048437117522818, 0.9592325240809707, 0.24713767881382775, -0.8336317548582777, 0.46599743519199, 0.357370804957968, 0.6520457340504391, -0.3050973265778887, -0.8822398116837538, 0.2236436329105842, -0.751970763373456, 0.5190590583266628, 0.5888466351532844, -0.18274642650020412, 0.8875950117660911, -0.6524404124894483, 0.8851716994539605]",rhc,relu,False,False,100,[10],0.1,100,14
1461,61,0.16964800003916025,1.5208353257699494,2172.0,100,15,"[0.9340596780273533, 0.09446449835144466, 0.9453687199297687, 0.4296319873487293, 0.3954576491945416, -0.5678210088392472, 0.9525489095524835, -0.9875394895908203, -0.4940352752331121, -0.13041693519110842, 0.5587658435875049, -0.6046298507994938, 0.7259864711984445, 0.9668013543506255, -0.6723155171906026, 0.19466788786571843, -0.98202780466489, -0.22685743471274122, -0.9116798841370009, 0.9133059354284718, -0.1277067062404047, 0.8979546135631256, 0.5726119718701219, 0.7325785971633969, -0.6536691570081037, -0.850102825973786, 0.2014854427555386, -0.6640556325631923, 0.4667603350211398, -0.18311227969597055, 0.05581764683584067, 0.875143167901884, 0.043392244889916, -0.7836132342255386, -0.6835531856304011, 0.09040530340642561, 0.04880816013694678, 0.2752204882519873, -0.1970091128194542, 0.2996102180386846, -0.20619999419653467, 0.24783222709644614, 0.5348099341802477, -0.6420521799177383, -0.24884846282491524, 0.005066118653868745, 0.3733341598326916, -0.4926407026772337, 0.10948172588511706, 0.24986168812819542, 0.7910023321122921, -0.27429282313374714, 0.2751141460374733, -0.6171071957620733, -0.004411770765388567, -0.6351091908575863, 0.8367660782795254, -0.13635585731754474, 0.6603762041966925, -0.16644739064327485, 0.8093351774867339, -0.19034956537818792, -0.33765099381775454, 0.14427754054549724, 0.6908872981882266, 0.7220286235061439, 0.19137623413666893, -0.8306767779591795, 0.19453321463834983, -0.5090925828337958, 0.46518689717993555, 0.7893025846334776, 0.0294679418262902, 0.20712702072041278, -0.8698643752343853, 0.08014945928561268, -0.7416264326591246, 0.22912569270066396, -0.2726993059103242, 0.5355160686614915, -0.902931727160895, -0.7803637637643119, 0.36804643024725525, 0.029307394167312983, 0.1432827432294983, 0.6874139879813108, -0.024524721700651453, 0.6202888442522898, 0.020487258589880097, 0.8534413864805024, 0.333855543079252, -0.7025463211318861, -0.27089364934848836, 0.7315498318881986, -0.29942957828896866, -0.6219484810876903, -0.0547573816684539, -0.21443765035574014, 0.23785985328818726, -0.12646741612097356, -0.47815568541100895, -0.17505557667448635, -0.16193193089539926, 0.8048437117522818, 0.9592325240809707, 0.24713767881382775, -0.8336317548582777, 0.46599743519199, 0.357370804957968, 0.6520457340504391, -0.3050973265778887, -0.8822398116837538, 0.2236436329105842, -0.751970763373456, 0.5190590583266628, 0.5888466351532844, -0.18274642650020412, 0.8875950117660911, -0.6524404124894483, 0.8851716994539605]",rhc,relu,False,False,100,[10],0.1,100,14
1462,62,0.172666700091213,1.5190305046880463,2174.0,100,15,"[0.9340596780273533, 0.09446449835144466, 0.9453687199297687, 0.4296319873487293, 0.3954576491945416, -0.5678210088392472, 0.9525489095524835, -0.9875394895908203, -0.4940352752331121, -0.13041693519110842, 0.5587658435875049, -0.6046298507994938, 0.7259864711984445, 0.9668013543506255, -0.6723155171906026, 0.19466788786571843, -0.98202780466489, -0.22685743471274122, -0.9116798841370009, 0.9133059354284718, -0.1277067062404047, 0.8979546135631256, 0.5726119718701219, 0.7325785971633969, -0.6536691570081037, -0.850102825973786, 0.2014854427555386, -0.6640556325631923, 0.4667603350211398, -0.18311227969597055, 0.05581764683584067, 0.875143167901884, 0.043392244889916, -0.7836132342255386, -0.6835531856304011, 0.09040530340642561, 0.04880816013694678, 0.2752204882519873, -0.1970091128194542, 0.2996102180386846, -0.20619999419653467, 0.24783222709644614, 0.5348099341802477, -0.6420521799177383, -0.24884846282491524, 0.005066118653868745, 0.3733341598326916, -0.4926407026772337, 0.10948172588511706, 0.24986168812819542, 0.7910023321122921, -0.27429282313374714, 0.2751141460374733, -0.6171071957620733, -0.004411770765388567, -0.6351091908575863, 0.8367660782795254, -0.13635585731754474, 0.6603762041966925, -0.16644739064327485, 0.8093351774867339, -0.19034956537818792, -0.33765099381775454, 0.14427754054549724, 0.6908872981882266, 0.7220286235061439, 0.19137623413666893, -0.8306767779591795, 0.19453321463834983, -0.5090925828337958, 0.46518689717993555, 0.7893025846334776, 0.0294679418262902, 0.20712702072041278, -0.8698643752343853, 0.08014945928561268, -0.7416264326591246, 0.22912569270066396, -0.2726993059103242, 0.5355160686614915, -0.902931727160895, -0.7803637637643119, 0.36804643024725525, 0.029307394167312983, 0.1432827432294983, 0.6874139879813108, -0.024524721700651453, 0.6202888442522898, 0.020487258589880097, 0.8534413864805024, 0.333855543079252, -0.7025463211318861, -0.27089364934848836, 0.7315498318881986, -0.29942957828896866, -0.6219484810876903, -0.0547573816684539, -0.21443765035574014, 0.23785985328818726, -0.12646741612097356, -0.47815568541100895, -0.17505557667448635, -0.16193193089539926, 0.8048437117522818, 0.9592325240809707, 0.24713767881382775, -0.8336317548582777, 0.46599743519199, 0.357370804957968, 0.6520457340504391, -0.3050973265778887, -0.8822398116837538, 0.2236436329105842, -0.751970763373456, 0.5190590583266628, 0.5888466351532844, -0.18274642650020412, 0.8875950117660911, -0.6524404124894483, 0.8851716994539605]",rhc,relu,False,False,100,[10],0.1,100,14
1463,63,0.1759350000647828,1.5078411434517285,2176.0,100,15,"[0.9340596780273533, 0.09446449835144466, 0.9453687199297687, 0.4296319873487293, 0.3954576491945416, -0.5678210088392472, 0.9525489095524835, -0.9875394895908203, -0.4940352752331121, -0.13041693519110842, 0.5587658435875049, -0.6046298507994938, 0.7259864711984445, 0.9668013543506255, -0.6723155171906026, 0.19466788786571843, -0.98202780466489, -0.22685743471274122, -0.9116798841370009, 0.9133059354284718, -0.1277067062404047, 0.8979546135631256, 0.5726119718701219, 0.7325785971633969, -0.6536691570081037, -0.850102825973786, 0.2014854427555386, -0.6640556325631923, 0.4667603350211398, -0.18311227969597055, 0.05581764683584067, 0.875143167901884, 0.043392244889916, -0.7836132342255386, -0.6835531856304011, 0.09040530340642561, 0.04880816013694678, 0.2752204882519873, -0.1970091128194542, 0.2996102180386846, -0.20619999419653467, 0.24783222709644614, 0.5348099341802477, -0.6420521799177383, -0.24884846282491524, 0.005066118653868745, 0.3733341598326916, -0.4926407026772337, 0.10948172588511706, 0.24986168812819542, 0.7910023321122921, -0.27429282313374714, 0.2751141460374733, -0.6171071957620733, -0.004411770765388567, -0.6351091908575863, 0.8367660782795254, -0.13635585731754474, 0.6603762041966925, -0.16644739064327485, 0.8093351774867339, -0.19034956537818792, -0.33765099381775454, 0.14427754054549724, 0.6908872981882266, 0.7220286235061439, 0.19137623413666893, -0.8306767779591795, 0.19453321463834983, -0.5090925828337958, 0.46518689717993555, 0.7893025846334776, 0.0294679418262902, 0.20712702072041278, -0.8698643752343853, 0.08014945928561268, -0.7416264326591246, 0.22912569270066396, -0.2726993059103242, 0.5355160686614915, -0.902931727160895, -0.7803637637643119, 0.36804643024725525, 0.029307394167312983, 0.1432827432294983, 0.6874139879813108, -0.024524721700651453, 0.6202888442522898, 0.020487258589880097, 0.8534413864805024, 0.333855543079252, -0.7025463211318861, -0.27089364934848836, 0.7315498318881986, -0.29942957828896866, -0.6219484810876903, -0.0547573816684539, -0.21443765035574014, 0.23785985328818726, -0.12646741612097356, -0.47815568541100895, -0.17505557667448635, -0.16193193089539926, 0.8048437117522818, 0.9592325240809707, 0.24713767881382775, -0.8336317548582777, 0.46599743519199, 0.357370804957968, 0.6520457340504391, -0.3050973265778887, -0.8822398116837538, 0.2236436329105842, -0.751970763373456, 0.5190590583266628, 0.5888466351532844, -0.18274642650020412, 0.8875950117660911, -0.6524404124894483, 0.8851716994539605]",rhc,relu,False,False,100,[10],0.1,100,14
1464,64,0.17886750004254282,1.501041001483821,2178.0,100,15,"[0.9340596780273533, 0.09446449835144466, 0.9453687199297687, 0.4296319873487293, 0.3954576491945416, -0.5678210088392472, 0.9525489095524835, -0.9875394895908203, -0.4940352752331121, -0.13041693519110842, 0.5587658435875049, -0.6046298507994938, 0.7259864711984445, 0.9668013543506255, -0.6723155171906026, 0.19466788786571843, -0.98202780466489, -0.22685743471274122, -0.9116798841370009, 0.9133059354284718, -0.1277067062404047, 0.8979546135631256, 0.5726119718701219, 0.7325785971633969, -0.6536691570081037, -0.850102825973786, 0.2014854427555386, -0.6640556325631923, 0.4667603350211398, -0.18311227969597055, 0.05581764683584067, 0.875143167901884, 0.043392244889916, -0.7836132342255386, -0.6835531856304011, 0.09040530340642561, 0.04880816013694678, 0.2752204882519873, -0.1970091128194542, 0.2996102180386846, -0.20619999419653467, 0.24783222709644614, 0.5348099341802477, -0.6420521799177383, -0.24884846282491524, 0.005066118653868745, 0.3733341598326916, -0.4926407026772337, 0.10948172588511706, 0.24986168812819542, 0.7910023321122921, -0.27429282313374714, 0.2751141460374733, -0.6171071957620733, -0.004411770765388567, -0.6351091908575863, 0.8367660782795254, -0.13635585731754474, 0.6603762041966925, -0.16644739064327485, 0.8093351774867339, -0.19034956537818792, -0.33765099381775454, 0.14427754054549724, 0.6908872981882266, 0.7220286235061439, 0.19137623413666893, -0.8306767779591795, 0.19453321463834983, -0.5090925828337958, 0.46518689717993555, 0.7893025846334776, 0.0294679418262902, 0.20712702072041278, -0.8698643752343853, 0.08014945928561268, -0.7416264326591246, 0.22912569270066396, -0.2726993059103242, 0.5355160686614915, -0.902931727160895, -0.7803637637643119, 0.36804643024725525, 0.029307394167312983, 0.1432827432294983, 0.6874139879813108, -0.024524721700651453, 0.6202888442522898, 0.020487258589880097, 0.8534413864805024, 0.333855543079252, -0.7025463211318861, -0.27089364934848836, 0.7315498318881986, -0.29942957828896866, -0.6219484810876903, -0.0547573816684539, -0.21443765035574014, 0.23785985328818726, -0.12646741612097356, -0.47815568541100895, -0.17505557667448635, -0.16193193089539926, 0.8048437117522818, 0.9592325240809707, 0.24713767881382775, -0.8336317548582777, 0.46599743519199, 0.357370804957968, 0.6520457340504391, -0.3050973265778887, -0.8822398116837538, 0.2236436329105842, -0.751970763373456, 0.5190590583266628, 0.5888466351532844, -0.18274642650020412, 0.8875950117660911, -0.6524404124894483, 0.8851716994539605]",rhc,relu,False,False,100,[10],0.1,100,14
1465,65,0.1803774000145495,1.495800992812646,2180.0,100,15,"[0.9340596780273533, 0.09446449835144466, 0.9453687199297687, 0.4296319873487293, 0.3954576491945416, -0.5678210088392472, 0.9525489095524835, -0.9875394895908203, -0.4940352752331121, -0.13041693519110842, 0.5587658435875049, -0.6046298507994938, 0.7259864711984445, 0.9668013543506255, -0.6723155171906026, 0.19466788786571843, -0.98202780466489, -0.22685743471274122, -0.9116798841370009, 0.9133059354284718, -0.1277067062404047, 0.8979546135631256, 0.5726119718701219, 0.7325785971633969, -0.6536691570081037, -0.850102825973786, 0.2014854427555386, -0.6640556325631923, 0.4667603350211398, -0.18311227969597055, 0.05581764683584067, 0.875143167901884, 0.043392244889916, -0.7836132342255386, -0.6835531856304011, 0.09040530340642561, 0.04880816013694678, 0.2752204882519873, -0.1970091128194542, 0.2996102180386846, -0.20619999419653467, 0.24783222709644614, 0.5348099341802477, -0.6420521799177383, -0.24884846282491524, 0.005066118653868745, 0.3733341598326916, -0.4926407026772337, 0.10948172588511706, 0.24986168812819542, 0.7910023321122921, -0.27429282313374714, 0.2751141460374733, -0.6171071957620733, -0.004411770765388567, -0.6351091908575863, 0.8367660782795254, -0.13635585731754474, 0.6603762041966925, -0.16644739064327485, 0.8093351774867339, -0.19034956537818792, -0.33765099381775454, 0.14427754054549724, 0.6908872981882266, 0.7220286235061439, 0.19137623413666893, -0.8306767779591795, 0.19453321463834983, -0.5090925828337958, 0.46518689717993555, 0.7893025846334776, 0.0294679418262902, 0.20712702072041278, -0.8698643752343853, 0.08014945928561268, -0.7416264326591246, 0.22912569270066396, -0.2726993059103242, 0.5355160686614915, -0.902931727160895, -0.7803637637643119, 0.36804643024725525, 0.029307394167312983, 0.1432827432294983, 0.6874139879813108, -0.024524721700651453, 0.6202888442522898, 0.020487258589880097, 0.8534413864805024, 0.333855543079252, -0.7025463211318861, -0.27089364934848836, 0.7315498318881986, -0.29942957828896866, -0.6219484810876903, -0.0547573816684539, -0.21443765035574014, 0.23785985328818726, -0.12646741612097356, -0.47815568541100895, -0.17505557667448635, -0.16193193089539926, 0.8048437117522818, 0.9592325240809707, 0.24713767881382775, -0.8336317548582777, 0.46599743519199, 0.357370804957968, 0.6520457340504391, -0.3050973265778887, -0.8822398116837538, 0.2236436329105842, -0.751970763373456, 0.5190590583266628, 0.5888466351532844, -0.18274642650020412, 0.8875950117660911, -0.6524404124894483, 0.8851716994539605]",rhc,relu,False,False,100,[10],0.1,100,14
1466,66,0.18194050004240125,1.495800992812646,2181.0,100,15,"[0.9340596780273533, 0.09446449835144466, 0.9453687199297687, 0.4296319873487293, 0.3954576491945416, -0.5678210088392472, 0.9525489095524835, -0.9875394895908203, -0.4940352752331121, -0.13041693519110842, 0.5587658435875049, -0.6046298507994938, 0.7259864711984445, 0.9668013543506255, -0.6723155171906026, 0.19466788786571843, -0.98202780466489, -0.22685743471274122, -0.9116798841370009, 0.9133059354284718, -0.1277067062404047, 0.8979546135631256, 0.5726119718701219, 0.7325785971633969, -0.6536691570081037, -0.850102825973786, 0.2014854427555386, -0.6640556325631923, 0.4667603350211398, -0.18311227969597055, 0.05581764683584067, 0.875143167901884, 0.043392244889916, -0.7836132342255386, -0.6835531856304011, 0.09040530340642561, 0.04880816013694678, 0.2752204882519873, -0.1970091128194542, 0.2996102180386846, -0.20619999419653467, 0.24783222709644614, 0.5348099341802477, -0.6420521799177383, -0.24884846282491524, 0.005066118653868745, 0.3733341598326916, -0.4926407026772337, 0.10948172588511706, 0.24986168812819542, 0.7910023321122921, -0.27429282313374714, 0.2751141460374733, -0.6171071957620733, -0.004411770765388567, -0.6351091908575863, 0.8367660782795254, -0.13635585731754474, 0.6603762041966925, -0.16644739064327485, 0.8093351774867339, -0.19034956537818792, -0.33765099381775454, 0.14427754054549724, 0.6908872981882266, 0.7220286235061439, 0.19137623413666893, -0.8306767779591795, 0.19453321463834983, -0.5090925828337958, 0.46518689717993555, 0.7893025846334776, 0.0294679418262902, 0.20712702072041278, -0.8698643752343853, 0.08014945928561268, -0.7416264326591246, 0.22912569270066396, -0.2726993059103242, 0.5355160686614915, -0.902931727160895, -0.7803637637643119, 0.36804643024725525, 0.029307394167312983, 0.1432827432294983, 0.6874139879813108, -0.024524721700651453, 0.6202888442522898, 0.020487258589880097, 0.8534413864805024, 0.333855543079252, -0.7025463211318861, -0.27089364934848836, 0.7315498318881986, -0.29942957828896866, -0.6219484810876903, -0.0547573816684539, -0.21443765035574014, 0.23785985328818726, -0.12646741612097356, -0.47815568541100895, -0.17505557667448635, -0.16193193089539926, 0.8048437117522818, 0.9592325240809707, 0.24713767881382775, -0.8336317548582777, 0.46599743519199, 0.357370804957968, 0.6520457340504391, -0.3050973265778887, -0.8822398116837538, 0.2236436329105842, -0.751970763373456, 0.5190590583266628, 0.5888466351532844, -0.18274642650020412, 0.8875950117660911, -0.6524404124894483, 0.8851716994539605]",rhc,relu,False,False,100,[10],0.1,100,14
1467,67,0.1847929999930784,1.495800992812646,2182.0,100,15,"[0.9340596780273533, 0.09446449835144466, 0.9453687199297687, 0.4296319873487293, 0.3954576491945416, -0.5678210088392472, 0.9525489095524835, -0.9875394895908203, -0.4940352752331121, -0.13041693519110842, 0.5587658435875049, -0.6046298507994938, 0.7259864711984445, 0.9668013543506255, -0.6723155171906026, 0.19466788786571843, -0.98202780466489, -0.22685743471274122, -0.9116798841370009, 0.9133059354284718, -0.1277067062404047, 0.8979546135631256, 0.5726119718701219, 0.7325785971633969, -0.6536691570081037, -0.850102825973786, 0.2014854427555386, -0.6640556325631923, 0.4667603350211398, -0.18311227969597055, 0.05581764683584067, 0.875143167901884, 0.043392244889916, -0.7836132342255386, -0.6835531856304011, 0.09040530340642561, 0.04880816013694678, 0.2752204882519873, -0.1970091128194542, 0.2996102180386846, -0.20619999419653467, 0.24783222709644614, 0.5348099341802477, -0.6420521799177383, -0.24884846282491524, 0.005066118653868745, 0.3733341598326916, -0.4926407026772337, 0.10948172588511706, 0.24986168812819542, 0.7910023321122921, -0.27429282313374714, 0.2751141460374733, -0.6171071957620733, -0.004411770765388567, -0.6351091908575863, 0.8367660782795254, -0.13635585731754474, 0.6603762041966925, -0.16644739064327485, 0.8093351774867339, -0.19034956537818792, -0.33765099381775454, 0.14427754054549724, 0.6908872981882266, 0.7220286235061439, 0.19137623413666893, -0.8306767779591795, 0.19453321463834983, -0.5090925828337958, 0.46518689717993555, 0.7893025846334776, 0.0294679418262902, 0.20712702072041278, -0.8698643752343853, 0.08014945928561268, -0.7416264326591246, 0.22912569270066396, -0.2726993059103242, 0.5355160686614915, -0.902931727160895, -0.7803637637643119, 0.36804643024725525, 0.029307394167312983, 0.1432827432294983, 0.6874139879813108, -0.024524721700651453, 0.6202888442522898, 0.020487258589880097, 0.8534413864805024, 0.333855543079252, -0.7025463211318861, -0.27089364934848836, 0.7315498318881986, -0.29942957828896866, -0.6219484810876903, -0.0547573816684539, -0.21443765035574014, 0.23785985328818726, -0.12646741612097356, -0.47815568541100895, -0.17505557667448635, -0.16193193089539926, 0.8048437117522818, 0.9592325240809707, 0.24713767881382775, -0.8336317548582777, 0.46599743519199, 0.357370804957968, 0.6520457340504391, -0.3050973265778887, -0.8822398116837538, 0.2236436329105842, -0.751970763373456, 0.5190590583266628, 0.5888466351532844, -0.18274642650020412, 0.8875950117660911, -0.6524404124894483, 0.8851716994539605]",rhc,relu,False,False,100,[10],0.1,100,14
1468,68,0.18640930007677525,1.495800992812646,2183.0,100,15,"[0.9340596780273533, 0.09446449835144466, 0.9453687199297687, 0.4296319873487293, 0.3954576491945416, -0.5678210088392472, 0.9525489095524835, -0.9875394895908203, -0.4940352752331121, -0.13041693519110842, 0.5587658435875049, -0.6046298507994938, 0.7259864711984445, 0.9668013543506255, -0.6723155171906026, 0.19466788786571843, -0.98202780466489, -0.22685743471274122, -0.9116798841370009, 0.9133059354284718, -0.1277067062404047, 0.8979546135631256, 0.5726119718701219, 0.7325785971633969, -0.6536691570081037, -0.850102825973786, 0.2014854427555386, -0.6640556325631923, 0.4667603350211398, -0.18311227969597055, 0.05581764683584067, 0.875143167901884, 0.043392244889916, -0.7836132342255386, -0.6835531856304011, 0.09040530340642561, 0.04880816013694678, 0.2752204882519873, -0.1970091128194542, 0.2996102180386846, -0.20619999419653467, 0.24783222709644614, 0.5348099341802477, -0.6420521799177383, -0.24884846282491524, 0.005066118653868745, 0.3733341598326916, -0.4926407026772337, 0.10948172588511706, 0.24986168812819542, 0.7910023321122921, -0.27429282313374714, 0.2751141460374733, -0.6171071957620733, -0.004411770765388567, -0.6351091908575863, 0.8367660782795254, -0.13635585731754474, 0.6603762041966925, -0.16644739064327485, 0.8093351774867339, -0.19034956537818792, -0.33765099381775454, 0.14427754054549724, 0.6908872981882266, 0.7220286235061439, 0.19137623413666893, -0.8306767779591795, 0.19453321463834983, -0.5090925828337958, 0.46518689717993555, 0.7893025846334776, 0.0294679418262902, 0.20712702072041278, -0.8698643752343853, 0.08014945928561268, -0.7416264326591246, 0.22912569270066396, -0.2726993059103242, 0.5355160686614915, -0.902931727160895, -0.7803637637643119, 0.36804643024725525, 0.029307394167312983, 0.1432827432294983, 0.6874139879813108, -0.024524721700651453, 0.6202888442522898, 0.020487258589880097, 0.8534413864805024, 0.333855543079252, -0.7025463211318861, -0.27089364934848836, 0.7315498318881986, -0.29942957828896866, -0.6219484810876903, -0.0547573816684539, -0.21443765035574014, 0.23785985328818726, -0.12646741612097356, -0.47815568541100895, -0.17505557667448635, -0.16193193089539926, 0.8048437117522818, 0.9592325240809707, 0.24713767881382775, -0.8336317548582777, 0.46599743519199, 0.357370804957968, 0.6520457340504391, -0.3050973265778887, -0.8822398116837538, 0.2236436329105842, -0.751970763373456, 0.5190590583266628, 0.5888466351532844, -0.18274642650020412, 0.8875950117660911, -0.6524404124894483, 0.8851716994539605]",rhc,relu,False,False,100,[10],0.1,100,14
1469,69,0.18797269999049604,1.4780531541446198,2185.0,100,15,"[0.9340596780273533, 0.09446449835144466, 0.9453687199297687, 0.4296319873487293, 0.3954576491945416, -0.5678210088392472, 0.9525489095524835, -0.9875394895908203, -0.4940352752331121, -0.13041693519110842, 0.5587658435875049, -0.6046298507994938, 0.7259864711984445, 0.9668013543506255, -0.6723155171906026, 0.19466788786571843, -0.98202780466489, -0.22685743471274122, -0.9116798841370009, 0.9133059354284718, -0.1277067062404047, 0.8979546135631256, 0.5726119718701219, 0.7325785971633969, -0.6536691570081037, -0.850102825973786, 0.2014854427555386, -0.6640556325631923, 0.4667603350211398, -0.18311227969597055, 0.05581764683584067, 0.875143167901884, 0.043392244889916, -0.7836132342255386, -0.6835531856304011, 0.09040530340642561, 0.04880816013694678, 0.2752204882519873, -0.1970091128194542, 0.2996102180386846, -0.20619999419653467, 0.24783222709644614, 0.5348099341802477, -0.6420521799177383, -0.24884846282491524, 0.005066118653868745, 0.3733341598326916, -0.4926407026772337, 0.10948172588511706, 0.24986168812819542, 0.7910023321122921, -0.27429282313374714, 0.2751141460374733, -0.6171071957620733, -0.004411770765388567, -0.6351091908575863, 0.8367660782795254, -0.13635585731754474, 0.6603762041966925, -0.16644739064327485, 0.8093351774867339, -0.19034956537818792, -0.33765099381775454, 0.14427754054549724, 0.6908872981882266, 0.7220286235061439, 0.19137623413666893, -0.8306767779591795, 0.19453321463834983, -0.5090925828337958, 0.46518689717993555, 0.7893025846334776, 0.0294679418262902, 0.20712702072041278, -0.8698643752343853, 0.08014945928561268, -0.7416264326591246, 0.22912569270066396, -0.2726993059103242, 0.5355160686614915, -0.902931727160895, -0.7803637637643119, 0.36804643024725525, 0.029307394167312983, 0.1432827432294983, 0.6874139879813108, -0.024524721700651453, 0.6202888442522898, 0.020487258589880097, 0.8534413864805024, 0.333855543079252, -0.7025463211318861, -0.27089364934848836, 0.7315498318881986, -0.29942957828896866, -0.6219484810876903, -0.0547573816684539, -0.21443765035574014, 0.23785985328818726, -0.12646741612097356, -0.47815568541100895, -0.17505557667448635, -0.16193193089539926, 0.8048437117522818, 0.9592325240809707, 0.24713767881382775, -0.8336317548582777, 0.46599743519199, 0.357370804957968, 0.6520457340504391, -0.3050973265778887, -0.8822398116837538, 0.2236436329105842, -0.751970763373456, 0.5190590583266628, 0.5888466351532844, -0.18274642650020412, 0.8875950117660911, -0.6524404124894483, 0.8851716994539605]",rhc,relu,False,False,100,[10],0.1,100,14
1470,70,0.1908457000972703,1.4780531541446198,2186.0,100,15,"[0.9340596780273533, 0.09446449835144466, 0.9453687199297687, 0.4296319873487293, 0.3954576491945416, -0.5678210088392472, 0.9525489095524835, -0.9875394895908203, -0.4940352752331121, -0.13041693519110842, 0.5587658435875049, -0.6046298507994938, 0.7259864711984445, 0.9668013543506255, -0.6723155171906026, 0.19466788786571843, -0.98202780466489, -0.22685743471274122, -0.9116798841370009, 0.9133059354284718, -0.1277067062404047, 0.8979546135631256, 0.5726119718701219, 0.7325785971633969, -0.6536691570081037, -0.850102825973786, 0.2014854427555386, -0.6640556325631923, 0.4667603350211398, -0.18311227969597055, 0.05581764683584067, 0.875143167901884, 0.043392244889916, -0.7836132342255386, -0.6835531856304011, 0.09040530340642561, 0.04880816013694678, 0.2752204882519873, -0.1970091128194542, 0.2996102180386846, -0.20619999419653467, 0.24783222709644614, 0.5348099341802477, -0.6420521799177383, -0.24884846282491524, 0.005066118653868745, 0.3733341598326916, -0.4926407026772337, 0.10948172588511706, 0.24986168812819542, 0.7910023321122921, -0.27429282313374714, 0.2751141460374733, -0.6171071957620733, -0.004411770765388567, -0.6351091908575863, 0.8367660782795254, -0.13635585731754474, 0.6603762041966925, -0.16644739064327485, 0.8093351774867339, -0.19034956537818792, -0.33765099381775454, 0.14427754054549724, 0.6908872981882266, 0.7220286235061439, 0.19137623413666893, -0.8306767779591795, 0.19453321463834983, -0.5090925828337958, 0.46518689717993555, 0.7893025846334776, 0.0294679418262902, 0.20712702072041278, -0.8698643752343853, 0.08014945928561268, -0.7416264326591246, 0.22912569270066396, -0.2726993059103242, 0.5355160686614915, -0.902931727160895, -0.7803637637643119, 0.36804643024725525, 0.029307394167312983, 0.1432827432294983, 0.6874139879813108, -0.024524721700651453, 0.6202888442522898, 0.020487258589880097, 0.8534413864805024, 0.333855543079252, -0.7025463211318861, -0.27089364934848836, 0.7315498318881986, -0.29942957828896866, -0.6219484810876903, -0.0547573816684539, -0.21443765035574014, 0.23785985328818726, -0.12646741612097356, -0.47815568541100895, -0.17505557667448635, -0.16193193089539926, 0.8048437117522818, 0.9592325240809707, 0.24713767881382775, -0.8336317548582777, 0.46599743519199, 0.357370804957968, 0.6520457340504391, -0.3050973265778887, -0.8822398116837538, 0.2236436329105842, -0.751970763373456, 0.5190590583266628, 0.5888466351532844, -0.18274642650020412, 0.8875950117660911, -0.6524404124894483, 0.8851716994539605]",rhc,relu,False,False,100,[10],0.1,100,14
1471,71,0.1941902000689879,1.475690317255873,2188.0,100,15,"[0.9340596780273533, 0.09446449835144466, 0.9453687199297687, 0.4296319873487293, 0.3954576491945416, -0.5678210088392472, 0.9525489095524835, -0.9875394895908203, -0.4940352752331121, -0.13041693519110842, 0.5587658435875049, -0.6046298507994938, 0.7259864711984445, 0.9668013543506255, -0.6723155171906026, 0.19466788786571843, -0.98202780466489, -0.22685743471274122, -0.9116798841370009, 0.9133059354284718, -0.1277067062404047, 0.8979546135631256, 0.5726119718701219, 0.7325785971633969, -0.6536691570081037, -0.850102825973786, 0.2014854427555386, -0.6640556325631923, 0.4667603350211398, -0.18311227969597055, 0.05581764683584067, 0.875143167901884, 0.043392244889916, -0.7836132342255386, -0.6835531856304011, 0.09040530340642561, 0.04880816013694678, 0.2752204882519873, -0.1970091128194542, 0.2996102180386846, -0.20619999419653467, 0.24783222709644614, 0.5348099341802477, -0.6420521799177383, -0.24884846282491524, 0.005066118653868745, 0.3733341598326916, -0.4926407026772337, 0.10948172588511706, 0.24986168812819542, 0.7910023321122921, -0.27429282313374714, 0.2751141460374733, -0.6171071957620733, -0.004411770765388567, -0.6351091908575863, 0.8367660782795254, -0.13635585731754474, 0.6603762041966925, -0.16644739064327485, 0.8093351774867339, -0.19034956537818792, -0.33765099381775454, 0.14427754054549724, 0.6908872981882266, 0.7220286235061439, 0.19137623413666893, -0.8306767779591795, 0.19453321463834983, -0.5090925828337958, 0.46518689717993555, 0.7893025846334776, 0.0294679418262902, 0.20712702072041278, -0.8698643752343853, 0.08014945928561268, -0.7416264326591246, 0.22912569270066396, -0.2726993059103242, 0.5355160686614915, -0.902931727160895, -0.7803637637643119, 0.36804643024725525, 0.029307394167312983, 0.1432827432294983, 0.6874139879813108, -0.024524721700651453, 0.6202888442522898, 0.020487258589880097, 0.8534413864805024, 0.333855543079252, -0.7025463211318861, -0.27089364934848836, 0.7315498318881986, -0.29942957828896866, -0.6219484810876903, -0.0547573816684539, -0.21443765035574014, 0.23785985328818726, -0.12646741612097356, -0.47815568541100895, -0.17505557667448635, -0.16193193089539926, 0.8048437117522818, 0.9592325240809707, 0.24713767881382775, -0.8336317548582777, 0.46599743519199, 0.357370804957968, 0.6520457340504391, -0.3050973265778887, -0.8822398116837538, 0.2236436329105842, -0.751970763373456, 0.5190590583266628, 0.5888466351532844, -0.18274642650020412, 0.8875950117660911, -0.6524404124894483, 0.8851716994539605]",rhc,relu,False,False,100,[10],0.1,100,14
1472,72,0.19706690008752048,1.4742412416033523,2190.0,100,15,"[0.9340596780273533, 0.09446449835144466, 0.9453687199297687, 0.4296319873487293, 0.3954576491945416, -0.5678210088392472, 0.9525489095524835, -0.9875394895908203, -0.4940352752331121, -0.13041693519110842, 0.5587658435875049, -0.6046298507994938, 0.7259864711984445, 0.9668013543506255, -0.6723155171906026, 0.19466788786571843, -0.98202780466489, -0.22685743471274122, -0.9116798841370009, 0.9133059354284718, -0.1277067062404047, 0.8979546135631256, 0.5726119718701219, 0.7325785971633969, -0.6536691570081037, -0.850102825973786, 0.2014854427555386, -0.6640556325631923, 0.4667603350211398, -0.18311227969597055, 0.05581764683584067, 0.875143167901884, 0.043392244889916, -0.7836132342255386, -0.6835531856304011, 0.09040530340642561, 0.04880816013694678, 0.2752204882519873, -0.1970091128194542, 0.2996102180386846, -0.20619999419653467, 0.24783222709644614, 0.5348099341802477, -0.6420521799177383, -0.24884846282491524, 0.005066118653868745, 0.3733341598326916, -0.4926407026772337, 0.10948172588511706, 0.24986168812819542, 0.7910023321122921, -0.27429282313374714, 0.2751141460374733, -0.6171071957620733, -0.004411770765388567, -0.6351091908575863, 0.8367660782795254, -0.13635585731754474, 0.6603762041966925, -0.16644739064327485, 0.8093351774867339, -0.19034956537818792, -0.33765099381775454, 0.14427754054549724, 0.6908872981882266, 0.7220286235061439, 0.19137623413666893, -0.8306767779591795, 0.19453321463834983, -0.5090925828337958, 0.46518689717993555, 0.7893025846334776, 0.0294679418262902, 0.20712702072041278, -0.8698643752343853, 0.08014945928561268, -0.7416264326591246, 0.22912569270066396, -0.2726993059103242, 0.5355160686614915, -0.902931727160895, -0.7803637637643119, 0.36804643024725525, 0.029307394167312983, 0.1432827432294983, 0.6874139879813108, -0.024524721700651453, 0.6202888442522898, 0.020487258589880097, 0.8534413864805024, 0.333855543079252, -0.7025463211318861, -0.27089364934848836, 0.7315498318881986, -0.29942957828896866, -0.6219484810876903, -0.0547573816684539, -0.21443765035574014, 0.23785985328818726, -0.12646741612097356, -0.47815568541100895, -0.17505557667448635, -0.16193193089539926, 0.8048437117522818, 0.9592325240809707, 0.24713767881382775, -0.8336317548582777, 0.46599743519199, 0.357370804957968, 0.6520457340504391, -0.3050973265778887, -0.8822398116837538, 0.2236436329105842, -0.751970763373456, 0.5190590583266628, 0.5888466351532844, -0.18274642650020412, 0.8875950117660911, -0.6524404124894483, 0.8851716994539605]",rhc,relu,False,False,100,[10],0.1,100,14
1473,73,0.19875830004457384,1.4742412416033523,2191.0,100,15,"[0.9340596780273533, 0.09446449835144466, 0.9453687199297687, 0.4296319873487293, 0.3954576491945416, -0.5678210088392472, 0.9525489095524835, -0.9875394895908203, -0.4940352752331121, -0.13041693519110842, 0.5587658435875049, -0.6046298507994938, 0.7259864711984445, 0.9668013543506255, -0.6723155171906026, 0.19466788786571843, -0.98202780466489, -0.22685743471274122, -0.9116798841370009, 0.9133059354284718, -0.1277067062404047, 0.8979546135631256, 0.5726119718701219, 0.7325785971633969, -0.6536691570081037, -0.850102825973786, 0.2014854427555386, -0.6640556325631923, 0.4667603350211398, -0.18311227969597055, 0.05581764683584067, 0.875143167901884, 0.043392244889916, -0.7836132342255386, -0.6835531856304011, 0.09040530340642561, 0.04880816013694678, 0.2752204882519873, -0.1970091128194542, 0.2996102180386846, -0.20619999419653467, 0.24783222709644614, 0.5348099341802477, -0.6420521799177383, -0.24884846282491524, 0.005066118653868745, 0.3733341598326916, -0.4926407026772337, 0.10948172588511706, 0.24986168812819542, 0.7910023321122921, -0.27429282313374714, 0.2751141460374733, -0.6171071957620733, -0.004411770765388567, -0.6351091908575863, 0.8367660782795254, -0.13635585731754474, 0.6603762041966925, -0.16644739064327485, 0.8093351774867339, -0.19034956537818792, -0.33765099381775454, 0.14427754054549724, 0.6908872981882266, 0.7220286235061439, 0.19137623413666893, -0.8306767779591795, 0.19453321463834983, -0.5090925828337958, 0.46518689717993555, 0.7893025846334776, 0.0294679418262902, 0.20712702072041278, -0.8698643752343853, 0.08014945928561268, -0.7416264326591246, 0.22912569270066396, -0.2726993059103242, 0.5355160686614915, -0.902931727160895, -0.7803637637643119, 0.36804643024725525, 0.029307394167312983, 0.1432827432294983, 0.6874139879813108, -0.024524721700651453, 0.6202888442522898, 0.020487258589880097, 0.8534413864805024, 0.333855543079252, -0.7025463211318861, -0.27089364934848836, 0.7315498318881986, -0.29942957828896866, -0.6219484810876903, -0.0547573816684539, -0.21443765035574014, 0.23785985328818726, -0.12646741612097356, -0.47815568541100895, -0.17505557667448635, -0.16193193089539926, 0.8048437117522818, 0.9592325240809707, 0.24713767881382775, -0.8336317548582777, 0.46599743519199, 0.357370804957968, 0.6520457340504391, -0.3050973265778887, -0.8822398116837538, 0.2236436329105842, -0.751970763373456, 0.5190590583266628, 0.5888466351532844, -0.18274642650020412, 0.8875950117660911, -0.6524404124894483, 0.8851716994539605]",rhc,relu,False,False,100,[10],0.1,100,14
1474,74,0.20192090002819896,1.4742412416033523,2192.0,100,15,"[0.9340596780273533, 0.09446449835144466, 0.9453687199297687, 0.4296319873487293, 0.3954576491945416, -0.5678210088392472, 0.9525489095524835, -0.9875394895908203, -0.4940352752331121, -0.13041693519110842, 0.5587658435875049, -0.6046298507994938, 0.7259864711984445, 0.9668013543506255, -0.6723155171906026, 0.19466788786571843, -0.98202780466489, -0.22685743471274122, -0.9116798841370009, 0.9133059354284718, -0.1277067062404047, 0.8979546135631256, 0.5726119718701219, 0.7325785971633969, -0.6536691570081037, -0.850102825973786, 0.2014854427555386, -0.6640556325631923, 0.4667603350211398, -0.18311227969597055, 0.05581764683584067, 0.875143167901884, 0.043392244889916, -0.7836132342255386, -0.6835531856304011, 0.09040530340642561, 0.04880816013694678, 0.2752204882519873, -0.1970091128194542, 0.2996102180386846, -0.20619999419653467, 0.24783222709644614, 0.5348099341802477, -0.6420521799177383, -0.24884846282491524, 0.005066118653868745, 0.3733341598326916, -0.4926407026772337, 0.10948172588511706, 0.24986168812819542, 0.7910023321122921, -0.27429282313374714, 0.2751141460374733, -0.6171071957620733, -0.004411770765388567, -0.6351091908575863, 0.8367660782795254, -0.13635585731754474, 0.6603762041966925, -0.16644739064327485, 0.8093351774867339, -0.19034956537818792, -0.33765099381775454, 0.14427754054549724, 0.6908872981882266, 0.7220286235061439, 0.19137623413666893, -0.8306767779591795, 0.19453321463834983, -0.5090925828337958, 0.46518689717993555, 0.7893025846334776, 0.0294679418262902, 0.20712702072041278, -0.8698643752343853, 0.08014945928561268, -0.7416264326591246, 0.22912569270066396, -0.2726993059103242, 0.5355160686614915, -0.902931727160895, -0.7803637637643119, 0.36804643024725525, 0.029307394167312983, 0.1432827432294983, 0.6874139879813108, -0.024524721700651453, 0.6202888442522898, 0.020487258589880097, 0.8534413864805024, 0.333855543079252, -0.7025463211318861, -0.27089364934848836, 0.7315498318881986, -0.29942957828896866, -0.6219484810876903, -0.0547573816684539, -0.21443765035574014, 0.23785985328818726, -0.12646741612097356, -0.47815568541100895, -0.17505557667448635, -0.16193193089539926, 0.8048437117522818, 0.9592325240809707, 0.24713767881382775, -0.8336317548582777, 0.46599743519199, 0.357370804957968, 0.6520457340504391, -0.3050973265778887, -0.8822398116837538, 0.2236436329105842, -0.751970763373456, 0.5190590583266628, 0.5888466351532844, -0.18274642650020412, 0.8875950117660911, -0.6524404124894483, 0.8851716994539605]",rhc,relu,False,False,100,[10],0.1,100,14
1475,75,0.2034730000887066,1.4742412416033523,2193.0,100,15,"[0.9340596780273533, 0.09446449835144466, 0.9453687199297687, 0.4296319873487293, 0.3954576491945416, -0.5678210088392472, 0.9525489095524835, -0.9875394895908203, -0.4940352752331121, -0.13041693519110842, 0.5587658435875049, -0.6046298507994938, 0.7259864711984445, 0.9668013543506255, -0.6723155171906026, 0.19466788786571843, -0.98202780466489, -0.22685743471274122, -0.9116798841370009, 0.9133059354284718, -0.1277067062404047, 0.8979546135631256, 0.5726119718701219, 0.7325785971633969, -0.6536691570081037, -0.850102825973786, 0.2014854427555386, -0.6640556325631923, 0.4667603350211398, -0.18311227969597055, 0.05581764683584067, 0.875143167901884, 0.043392244889916, -0.7836132342255386, -0.6835531856304011, 0.09040530340642561, 0.04880816013694678, 0.2752204882519873, -0.1970091128194542, 0.2996102180386846, -0.20619999419653467, 0.24783222709644614, 0.5348099341802477, -0.6420521799177383, -0.24884846282491524, 0.005066118653868745, 0.3733341598326916, -0.4926407026772337, 0.10948172588511706, 0.24986168812819542, 0.7910023321122921, -0.27429282313374714, 0.2751141460374733, -0.6171071957620733, -0.004411770765388567, -0.6351091908575863, 0.8367660782795254, -0.13635585731754474, 0.6603762041966925, -0.16644739064327485, 0.8093351774867339, -0.19034956537818792, -0.33765099381775454, 0.14427754054549724, 0.6908872981882266, 0.7220286235061439, 0.19137623413666893, -0.8306767779591795, 0.19453321463834983, -0.5090925828337958, 0.46518689717993555, 0.7893025846334776, 0.0294679418262902, 0.20712702072041278, -0.8698643752343853, 0.08014945928561268, -0.7416264326591246, 0.22912569270066396, -0.2726993059103242, 0.5355160686614915, -0.902931727160895, -0.7803637637643119, 0.36804643024725525, 0.029307394167312983, 0.1432827432294983, 0.6874139879813108, -0.024524721700651453, 0.6202888442522898, 0.020487258589880097, 0.8534413864805024, 0.333855543079252, -0.7025463211318861, -0.27089364934848836, 0.7315498318881986, -0.29942957828896866, -0.6219484810876903, -0.0547573816684539, -0.21443765035574014, 0.23785985328818726, -0.12646741612097356, -0.47815568541100895, -0.17505557667448635, -0.16193193089539926, 0.8048437117522818, 0.9592325240809707, 0.24713767881382775, -0.8336317548582777, 0.46599743519199, 0.357370804957968, 0.6520457340504391, -0.3050973265778887, -0.8822398116837538, 0.2236436329105842, -0.751970763373456, 0.5190590583266628, 0.5888466351532844, -0.18274642650020412, 0.8875950117660911, -0.6524404124894483, 0.8851716994539605]",rhc,relu,False,False,100,[10],0.1,100,14
1476,76,0.2065150000853464,1.4742412416033523,2194.0,100,15,"[0.9340596780273533, 0.09446449835144466, 0.9453687199297687, 0.4296319873487293, 0.3954576491945416, -0.5678210088392472, 0.9525489095524835, -0.9875394895908203, -0.4940352752331121, -0.13041693519110842, 0.5587658435875049, -0.6046298507994938, 0.7259864711984445, 0.9668013543506255, -0.6723155171906026, 0.19466788786571843, -0.98202780466489, -0.22685743471274122, -0.9116798841370009, 0.9133059354284718, -0.1277067062404047, 0.8979546135631256, 0.5726119718701219, 0.7325785971633969, -0.6536691570081037, -0.850102825973786, 0.2014854427555386, -0.6640556325631923, 0.4667603350211398, -0.18311227969597055, 0.05581764683584067, 0.875143167901884, 0.043392244889916, -0.7836132342255386, -0.6835531856304011, 0.09040530340642561, 0.04880816013694678, 0.2752204882519873, -0.1970091128194542, 0.2996102180386846, -0.20619999419653467, 0.24783222709644614, 0.5348099341802477, -0.6420521799177383, -0.24884846282491524, 0.005066118653868745, 0.3733341598326916, -0.4926407026772337, 0.10948172588511706, 0.24986168812819542, 0.7910023321122921, -0.27429282313374714, 0.2751141460374733, -0.6171071957620733, -0.004411770765388567, -0.6351091908575863, 0.8367660782795254, -0.13635585731754474, 0.6603762041966925, -0.16644739064327485, 0.8093351774867339, -0.19034956537818792, -0.33765099381775454, 0.14427754054549724, 0.6908872981882266, 0.7220286235061439, 0.19137623413666893, -0.8306767779591795, 0.19453321463834983, -0.5090925828337958, 0.46518689717993555, 0.7893025846334776, 0.0294679418262902, 0.20712702072041278, -0.8698643752343853, 0.08014945928561268, -0.7416264326591246, 0.22912569270066396, -0.2726993059103242, 0.5355160686614915, -0.902931727160895, -0.7803637637643119, 0.36804643024725525, 0.029307394167312983, 0.1432827432294983, 0.6874139879813108, -0.024524721700651453, 0.6202888442522898, 0.020487258589880097, 0.8534413864805024, 0.333855543079252, -0.7025463211318861, -0.27089364934848836, 0.7315498318881986, -0.29942957828896866, -0.6219484810876903, -0.0547573816684539, -0.21443765035574014, 0.23785985328818726, -0.12646741612097356, -0.47815568541100895, -0.17505557667448635, -0.16193193089539926, 0.8048437117522818, 0.9592325240809707, 0.24713767881382775, -0.8336317548582777, 0.46599743519199, 0.357370804957968, 0.6520457340504391, -0.3050973265778887, -0.8822398116837538, 0.2236436329105842, -0.751970763373456, 0.5190590583266628, 0.5888466351532844, -0.18274642650020412, 0.8875950117660911, -0.6524404124894483, 0.8851716994539605]",rhc,relu,False,False,100,[10],0.1,100,14
1477,77,0.20961990009527653,1.4742412416033523,2195.0,100,15,"[0.9340596780273533, 0.09446449835144466, 0.9453687199297687, 0.4296319873487293, 0.3954576491945416, -0.5678210088392472, 0.9525489095524835, -0.9875394895908203, -0.4940352752331121, -0.13041693519110842, 0.5587658435875049, -0.6046298507994938, 0.7259864711984445, 0.9668013543506255, -0.6723155171906026, 0.19466788786571843, -0.98202780466489, -0.22685743471274122, -0.9116798841370009, 0.9133059354284718, -0.1277067062404047, 0.8979546135631256, 0.5726119718701219, 0.7325785971633969, -0.6536691570081037, -0.850102825973786, 0.2014854427555386, -0.6640556325631923, 0.4667603350211398, -0.18311227969597055, 0.05581764683584067, 0.875143167901884, 0.043392244889916, -0.7836132342255386, -0.6835531856304011, 0.09040530340642561, 0.04880816013694678, 0.2752204882519873, -0.1970091128194542, 0.2996102180386846, -0.20619999419653467, 0.24783222709644614, 0.5348099341802477, -0.6420521799177383, -0.24884846282491524, 0.005066118653868745, 0.3733341598326916, -0.4926407026772337, 0.10948172588511706, 0.24986168812819542, 0.7910023321122921, -0.27429282313374714, 0.2751141460374733, -0.6171071957620733, -0.004411770765388567, -0.6351091908575863, 0.8367660782795254, -0.13635585731754474, 0.6603762041966925, -0.16644739064327485, 0.8093351774867339, -0.19034956537818792, -0.33765099381775454, 0.14427754054549724, 0.6908872981882266, 0.7220286235061439, 0.19137623413666893, -0.8306767779591795, 0.19453321463834983, -0.5090925828337958, 0.46518689717993555, 0.7893025846334776, 0.0294679418262902, 0.20712702072041278, -0.8698643752343853, 0.08014945928561268, -0.7416264326591246, 0.22912569270066396, -0.2726993059103242, 0.5355160686614915, -0.902931727160895, -0.7803637637643119, 0.36804643024725525, 0.029307394167312983, 0.1432827432294983, 0.6874139879813108, -0.024524721700651453, 0.6202888442522898, 0.020487258589880097, 0.8534413864805024, 0.333855543079252, -0.7025463211318861, -0.27089364934848836, 0.7315498318881986, -0.29942957828896866, -0.6219484810876903, -0.0547573816684539, -0.21443765035574014, 0.23785985328818726, -0.12646741612097356, -0.47815568541100895, -0.17505557667448635, -0.16193193089539926, 0.8048437117522818, 0.9592325240809707, 0.24713767881382775, -0.8336317548582777, 0.46599743519199, 0.357370804957968, 0.6520457340504391, -0.3050973265778887, -0.8822398116837538, 0.2236436329105842, -0.751970763373456, 0.5190590583266628, 0.5888466351532844, -0.18274642650020412, 0.8875950117660911, -0.6524404124894483, 0.8851716994539605]",rhc,relu,False,False,100,[10],0.1,100,14
1478,78,0.2124417000450194,1.4742412416033523,2196.0,100,15,"[0.9340596780273533, 0.09446449835144466, 0.9453687199297687, 0.4296319873487293, 0.3954576491945416, -0.5678210088392472, 0.9525489095524835, -0.9875394895908203, -0.4940352752331121, -0.13041693519110842, 0.5587658435875049, -0.6046298507994938, 0.7259864711984445, 0.9668013543506255, -0.6723155171906026, 0.19466788786571843, -0.98202780466489, -0.22685743471274122, -0.9116798841370009, 0.9133059354284718, -0.1277067062404047, 0.8979546135631256, 0.5726119718701219, 0.7325785971633969, -0.6536691570081037, -0.850102825973786, 0.2014854427555386, -0.6640556325631923, 0.4667603350211398, -0.18311227969597055, 0.05581764683584067, 0.875143167901884, 0.043392244889916, -0.7836132342255386, -0.6835531856304011, 0.09040530340642561, 0.04880816013694678, 0.2752204882519873, -0.1970091128194542, 0.2996102180386846, -0.20619999419653467, 0.24783222709644614, 0.5348099341802477, -0.6420521799177383, -0.24884846282491524, 0.005066118653868745, 0.3733341598326916, -0.4926407026772337, 0.10948172588511706, 0.24986168812819542, 0.7910023321122921, -0.27429282313374714, 0.2751141460374733, -0.6171071957620733, -0.004411770765388567, -0.6351091908575863, 0.8367660782795254, -0.13635585731754474, 0.6603762041966925, -0.16644739064327485, 0.8093351774867339, -0.19034956537818792, -0.33765099381775454, 0.14427754054549724, 0.6908872981882266, 0.7220286235061439, 0.19137623413666893, -0.8306767779591795, 0.19453321463834983, -0.5090925828337958, 0.46518689717993555, 0.7893025846334776, 0.0294679418262902, 0.20712702072041278, -0.8698643752343853, 0.08014945928561268, -0.7416264326591246, 0.22912569270066396, -0.2726993059103242, 0.5355160686614915, -0.902931727160895, -0.7803637637643119, 0.36804643024725525, 0.029307394167312983, 0.1432827432294983, 0.6874139879813108, -0.024524721700651453, 0.6202888442522898, 0.020487258589880097, 0.8534413864805024, 0.333855543079252, -0.7025463211318861, -0.27089364934848836, 0.7315498318881986, -0.29942957828896866, -0.6219484810876903, -0.0547573816684539, -0.21443765035574014, 0.23785985328818726, -0.12646741612097356, -0.47815568541100895, -0.17505557667448635, -0.16193193089539926, 0.8048437117522818, 0.9592325240809707, 0.24713767881382775, -0.8336317548582777, 0.46599743519199, 0.357370804957968, 0.6520457340504391, -0.3050973265778887, -0.8822398116837538, 0.2236436329105842, -0.751970763373456, 0.5190590583266628, 0.5888466351532844, -0.18274642650020412, 0.8875950117660911, -0.6524404124894483, 0.8851716994539605]",rhc,relu,False,False,100,[10],0.1,100,14
1479,79,0.21469990001060069,1.4742412416033523,2197.0,100,15,"[0.9340596780273533, 0.09446449835144466, 0.9453687199297687, 0.4296319873487293, 0.3954576491945416, -0.5678210088392472, 0.9525489095524835, -0.9875394895908203, -0.4940352752331121, -0.13041693519110842, 0.5587658435875049, -0.6046298507994938, 0.7259864711984445, 0.9668013543506255, -0.6723155171906026, 0.19466788786571843, -0.98202780466489, -0.22685743471274122, -0.9116798841370009, 0.9133059354284718, -0.1277067062404047, 0.8979546135631256, 0.5726119718701219, 0.7325785971633969, -0.6536691570081037, -0.850102825973786, 0.2014854427555386, -0.6640556325631923, 0.4667603350211398, -0.18311227969597055, 0.05581764683584067, 0.875143167901884, 0.043392244889916, -0.7836132342255386, -0.6835531856304011, 0.09040530340642561, 0.04880816013694678, 0.2752204882519873, -0.1970091128194542, 0.2996102180386846, -0.20619999419653467, 0.24783222709644614, 0.5348099341802477, -0.6420521799177383, -0.24884846282491524, 0.005066118653868745, 0.3733341598326916, -0.4926407026772337, 0.10948172588511706, 0.24986168812819542, 0.7910023321122921, -0.27429282313374714, 0.2751141460374733, -0.6171071957620733, -0.004411770765388567, -0.6351091908575863, 0.8367660782795254, -0.13635585731754474, 0.6603762041966925, -0.16644739064327485, 0.8093351774867339, -0.19034956537818792, -0.33765099381775454, 0.14427754054549724, 0.6908872981882266, 0.7220286235061439, 0.19137623413666893, -0.8306767779591795, 0.19453321463834983, -0.5090925828337958, 0.46518689717993555, 0.7893025846334776, 0.0294679418262902, 0.20712702072041278, -0.8698643752343853, 0.08014945928561268, -0.7416264326591246, 0.22912569270066396, -0.2726993059103242, 0.5355160686614915, -0.902931727160895, -0.7803637637643119, 0.36804643024725525, 0.029307394167312983, 0.1432827432294983, 0.6874139879813108, -0.024524721700651453, 0.6202888442522898, 0.020487258589880097, 0.8534413864805024, 0.333855543079252, -0.7025463211318861, -0.27089364934848836, 0.7315498318881986, -0.29942957828896866, -0.6219484810876903, -0.0547573816684539, -0.21443765035574014, 0.23785985328818726, -0.12646741612097356, -0.47815568541100895, -0.17505557667448635, -0.16193193089539926, 0.8048437117522818, 0.9592325240809707, 0.24713767881382775, -0.8336317548582777, 0.46599743519199, 0.357370804957968, 0.6520457340504391, -0.3050973265778887, -0.8822398116837538, 0.2236436329105842, -0.751970763373456, 0.5190590583266628, 0.5888466351532844, -0.18274642650020412, 0.8875950117660911, -0.6524404124894483, 0.8851716994539605]",rhc,relu,False,False,100,[10],0.1,100,14
1480,80,0.21622890001162887,1.465392724165554,2199.0,100,15,"[0.9340596780273533, 0.09446449835144466, 0.9453687199297687, 0.4296319873487293, 0.3954576491945416, -0.5678210088392472, 0.9525489095524835, -0.9875394895908203, -0.4940352752331121, -0.13041693519110842, 0.5587658435875049, -0.6046298507994938, 0.7259864711984445, 0.9668013543506255, -0.6723155171906026, 0.19466788786571843, -0.98202780466489, -0.22685743471274122, -0.9116798841370009, 0.9133059354284718, -0.1277067062404047, 0.8979546135631256, 0.5726119718701219, 0.7325785971633969, -0.6536691570081037, -0.850102825973786, 0.2014854427555386, -0.6640556325631923, 0.4667603350211398, -0.18311227969597055, 0.05581764683584067, 0.875143167901884, 0.043392244889916, -0.7836132342255386, -0.6835531856304011, 0.09040530340642561, 0.04880816013694678, 0.2752204882519873, -0.1970091128194542, 0.2996102180386846, -0.20619999419653467, 0.24783222709644614, 0.5348099341802477, -0.6420521799177383, -0.24884846282491524, 0.005066118653868745, 0.3733341598326916, -0.4926407026772337, 0.10948172588511706, 0.24986168812819542, 0.7910023321122921, -0.27429282313374714, 0.2751141460374733, -0.6171071957620733, -0.004411770765388567, -0.6351091908575863, 0.8367660782795254, -0.13635585731754474, 0.6603762041966925, -0.16644739064327485, 0.8093351774867339, -0.19034956537818792, -0.33765099381775454, 0.14427754054549724, 0.6908872981882266, 0.7220286235061439, 0.19137623413666893, -0.8306767779591795, 0.19453321463834983, -0.5090925828337958, 0.46518689717993555, 0.7893025846334776, 0.0294679418262902, 0.20712702072041278, -0.8698643752343853, 0.08014945928561268, -0.7416264326591246, 0.22912569270066396, -0.2726993059103242, 0.5355160686614915, -0.902931727160895, -0.7803637637643119, 0.36804643024725525, 0.029307394167312983, 0.1432827432294983, 0.6874139879813108, -0.024524721700651453, 0.6202888442522898, 0.020487258589880097, 0.8534413864805024, 0.333855543079252, -0.7025463211318861, -0.27089364934848836, 0.7315498318881986, -0.29942957828896866, -0.6219484810876903, -0.0547573816684539, -0.21443765035574014, 0.23785985328818726, -0.12646741612097356, -0.47815568541100895, -0.17505557667448635, -0.16193193089539926, 0.8048437117522818, 0.9592325240809707, 0.24713767881382775, -0.8336317548582777, 0.46599743519199, 0.357370804957968, 0.6520457340504391, -0.3050973265778887, -0.8822398116837538, 0.2236436329105842, -0.751970763373456, 0.5190590583266628, 0.5888466351532844, -0.18274642650020412, 0.8875950117660911, -0.6524404124894483, 0.8851716994539605]",rhc,relu,False,False,100,[10],0.1,100,14
1481,81,0.21764280006755143,1.465392724165554,2200.0,100,15,"[0.9340596780273533, 0.09446449835144466, 0.9453687199297687, 0.4296319873487293, 0.3954576491945416, -0.5678210088392472, 0.9525489095524835, -0.9875394895908203, -0.4940352752331121, -0.13041693519110842, 0.5587658435875049, -0.6046298507994938, 0.7259864711984445, 0.9668013543506255, -0.6723155171906026, 0.19466788786571843, -0.98202780466489, -0.22685743471274122, -0.9116798841370009, 0.9133059354284718, -0.1277067062404047, 0.8979546135631256, 0.5726119718701219, 0.7325785971633969, -0.6536691570081037, -0.850102825973786, 0.2014854427555386, -0.6640556325631923, 0.4667603350211398, -0.18311227969597055, 0.05581764683584067, 0.875143167901884, 0.043392244889916, -0.7836132342255386, -0.6835531856304011, 0.09040530340642561, 0.04880816013694678, 0.2752204882519873, -0.1970091128194542, 0.2996102180386846, -0.20619999419653467, 0.24783222709644614, 0.5348099341802477, -0.6420521799177383, -0.24884846282491524, 0.005066118653868745, 0.3733341598326916, -0.4926407026772337, 0.10948172588511706, 0.24986168812819542, 0.7910023321122921, -0.27429282313374714, 0.2751141460374733, -0.6171071957620733, -0.004411770765388567, -0.6351091908575863, 0.8367660782795254, -0.13635585731754474, 0.6603762041966925, -0.16644739064327485, 0.8093351774867339, -0.19034956537818792, -0.33765099381775454, 0.14427754054549724, 0.6908872981882266, 0.7220286235061439, 0.19137623413666893, -0.8306767779591795, 0.19453321463834983, -0.5090925828337958, 0.46518689717993555, 0.7893025846334776, 0.0294679418262902, 0.20712702072041278, -0.8698643752343853, 0.08014945928561268, -0.7416264326591246, 0.22912569270066396, -0.2726993059103242, 0.5355160686614915, -0.902931727160895, -0.7803637637643119, 0.36804643024725525, 0.029307394167312983, 0.1432827432294983, 0.6874139879813108, -0.024524721700651453, 0.6202888442522898, 0.020487258589880097, 0.8534413864805024, 0.333855543079252, -0.7025463211318861, -0.27089364934848836, 0.7315498318881986, -0.29942957828896866, -0.6219484810876903, -0.0547573816684539, -0.21443765035574014, 0.23785985328818726, -0.12646741612097356, -0.47815568541100895, -0.17505557667448635, -0.16193193089539926, 0.8048437117522818, 0.9592325240809707, 0.24713767881382775, -0.8336317548582777, 0.46599743519199, 0.357370804957968, 0.6520457340504391, -0.3050973265778887, -0.8822398116837538, 0.2236436329105842, -0.751970763373456, 0.5190590583266628, 0.5888466351532844, -0.18274642650020412, 0.8875950117660911, -0.6524404124894483, 0.8851716994539605]",rhc,relu,False,False,100,[10],0.1,100,14
1482,82,0.2193455999949947,1.465392724165554,2201.0,100,15,"[0.9340596780273533, 0.09446449835144466, 0.9453687199297687, 0.4296319873487293, 0.3954576491945416, -0.5678210088392472, 0.9525489095524835, -0.9875394895908203, -0.4940352752331121, -0.13041693519110842, 0.5587658435875049, -0.6046298507994938, 0.7259864711984445, 0.9668013543506255, -0.6723155171906026, 0.19466788786571843, -0.98202780466489, -0.22685743471274122, -0.9116798841370009, 0.9133059354284718, -0.1277067062404047, 0.8979546135631256, 0.5726119718701219, 0.7325785971633969, -0.6536691570081037, -0.850102825973786, 0.2014854427555386, -0.6640556325631923, 0.4667603350211398, -0.18311227969597055, 0.05581764683584067, 0.875143167901884, 0.043392244889916, -0.7836132342255386, -0.6835531856304011, 0.09040530340642561, 0.04880816013694678, 0.2752204882519873, -0.1970091128194542, 0.2996102180386846, -0.20619999419653467, 0.24783222709644614, 0.5348099341802477, -0.6420521799177383, -0.24884846282491524, 0.005066118653868745, 0.3733341598326916, -0.4926407026772337, 0.10948172588511706, 0.24986168812819542, 0.7910023321122921, -0.27429282313374714, 0.2751141460374733, -0.6171071957620733, -0.004411770765388567, -0.6351091908575863, 0.8367660782795254, -0.13635585731754474, 0.6603762041966925, -0.16644739064327485, 0.8093351774867339, -0.19034956537818792, -0.33765099381775454, 0.14427754054549724, 0.6908872981882266, 0.7220286235061439, 0.19137623413666893, -0.8306767779591795, 0.19453321463834983, -0.5090925828337958, 0.46518689717993555, 0.7893025846334776, 0.0294679418262902, 0.20712702072041278, -0.8698643752343853, 0.08014945928561268, -0.7416264326591246, 0.22912569270066396, -0.2726993059103242, 0.5355160686614915, -0.902931727160895, -0.7803637637643119, 0.36804643024725525, 0.029307394167312983, 0.1432827432294983, 0.6874139879813108, -0.024524721700651453, 0.6202888442522898, 0.020487258589880097, 0.8534413864805024, 0.333855543079252, -0.7025463211318861, -0.27089364934848836, 0.7315498318881986, -0.29942957828896866, -0.6219484810876903, -0.0547573816684539, -0.21443765035574014, 0.23785985328818726, -0.12646741612097356, -0.47815568541100895, -0.17505557667448635, -0.16193193089539926, 0.8048437117522818, 0.9592325240809707, 0.24713767881382775, -0.8336317548582777, 0.46599743519199, 0.357370804957968, 0.6520457340504391, -0.3050973265778887, -0.8822398116837538, 0.2236436329105842, -0.751970763373456, 0.5190590583266628, 0.5888466351532844, -0.18274642650020412, 0.8875950117660911, -0.6524404124894483, 0.8851716994539605]",rhc,relu,False,False,100,[10],0.1,100,14
1483,83,0.22115360002499074,1.462445981184971,2203.0,100,15,"[0.9340596780273533, 0.09446449835144466, 0.9453687199297687, 0.4296319873487293, 0.3954576491945416, -0.5678210088392472, 0.9525489095524835, -0.9875394895908203, -0.4940352752331121, -0.13041693519110842, 0.5587658435875049, -0.6046298507994938, 0.7259864711984445, 0.9668013543506255, -0.6723155171906026, 0.19466788786571843, -0.98202780466489, -0.22685743471274122, -0.9116798841370009, 0.9133059354284718, -0.1277067062404047, 0.8979546135631256, 0.5726119718701219, 0.7325785971633969, -0.6536691570081037, -0.850102825973786, 0.2014854427555386, -0.6640556325631923, 0.4667603350211398, -0.18311227969597055, 0.05581764683584067, 0.875143167901884, 0.043392244889916, -0.7836132342255386, -0.6835531856304011, 0.09040530340642561, 0.04880816013694678, 0.2752204882519873, -0.1970091128194542, 0.2996102180386846, -0.20619999419653467, 0.24783222709644614, 0.5348099341802477, -0.6420521799177383, -0.24884846282491524, 0.005066118653868745, 0.3733341598326916, -0.4926407026772337, 0.10948172588511706, 0.24986168812819542, 0.7910023321122921, -0.27429282313374714, 0.2751141460374733, -0.6171071957620733, -0.004411770765388567, -0.6351091908575863, 0.8367660782795254, -0.13635585731754474, 0.6603762041966925, -0.16644739064327485, 0.8093351774867339, -0.19034956537818792, -0.33765099381775454, 0.14427754054549724, 0.6908872981882266, 0.7220286235061439, 0.19137623413666893, -0.8306767779591795, 0.19453321463834983, -0.5090925828337958, 0.46518689717993555, 0.7893025846334776, 0.0294679418262902, 0.20712702072041278, -0.8698643752343853, 0.08014945928561268, -0.7416264326591246, 0.22912569270066396, -0.2726993059103242, 0.5355160686614915, -0.902931727160895, -0.7803637637643119, 0.36804643024725525, 0.029307394167312983, 0.1432827432294983, 0.6874139879813108, -0.024524721700651453, 0.6202888442522898, 0.020487258589880097, 0.8534413864805024, 0.333855543079252, -0.7025463211318861, -0.27089364934848836, 0.7315498318881986, -0.29942957828896866, -0.6219484810876903, -0.0547573816684539, -0.21443765035574014, 0.23785985328818726, -0.12646741612097356, -0.47815568541100895, -0.17505557667448635, -0.16193193089539926, 0.8048437117522818, 0.9592325240809707, 0.24713767881382775, -0.8336317548582777, 0.46599743519199, 0.357370804957968, 0.6520457340504391, -0.3050973265778887, -0.8822398116837538, 0.2236436329105842, -0.751970763373456, 0.5190590583266628, 0.5888466351532844, -0.18274642650020412, 0.8875950117660911, -0.6524404124894483, 0.8851716994539605]",rhc,relu,False,False,100,[10],0.1,100,14
1484,84,0.22437200008425862,1.4426140165026746,2205.0,100,15,"[0.9340596780273533, 0.09446449835144466, 0.9453687199297687, 0.4296319873487293, 0.3954576491945416, -0.5678210088392472, 0.9525489095524835, -0.9875394895908203, -0.4940352752331121, -0.13041693519110842, 0.5587658435875049, -0.6046298507994938, 0.7259864711984445, 0.9668013543506255, -0.6723155171906026, 0.19466788786571843, -0.98202780466489, -0.22685743471274122, -0.9116798841370009, 0.9133059354284718, -0.1277067062404047, 0.8979546135631256, 0.5726119718701219, 0.7325785971633969, -0.6536691570081037, -0.850102825973786, 0.2014854427555386, -0.6640556325631923, 0.4667603350211398, -0.18311227969597055, 0.05581764683584067, 0.875143167901884, 0.043392244889916, -0.7836132342255386, -0.6835531856304011, 0.09040530340642561, 0.04880816013694678, 0.2752204882519873, -0.1970091128194542, 0.2996102180386846, -0.20619999419653467, 0.24783222709644614, 0.5348099341802477, -0.6420521799177383, -0.24884846282491524, 0.005066118653868745, 0.3733341598326916, -0.4926407026772337, 0.10948172588511706, 0.24986168812819542, 0.7910023321122921, -0.27429282313374714, 0.2751141460374733, -0.6171071957620733, -0.004411770765388567, -0.6351091908575863, 0.8367660782795254, -0.13635585731754474, 0.6603762041966925, -0.16644739064327485, 0.8093351774867339, -0.19034956537818792, -0.33765099381775454, 0.14427754054549724, 0.6908872981882266, 0.7220286235061439, 0.19137623413666893, -0.8306767779591795, 0.19453321463834983, -0.5090925828337958, 0.46518689717993555, 0.7893025846334776, 0.0294679418262902, 0.20712702072041278, -0.8698643752343853, 0.08014945928561268, -0.7416264326591246, 0.22912569270066396, -0.2726993059103242, 0.5355160686614915, -0.902931727160895, -0.7803637637643119, 0.36804643024725525, 0.029307394167312983, 0.1432827432294983, 0.6874139879813108, -0.024524721700651453, 0.6202888442522898, 0.020487258589880097, 0.8534413864805024, 0.333855543079252, -0.7025463211318861, -0.27089364934848836, 0.7315498318881986, -0.29942957828896866, -0.6219484810876903, -0.0547573816684539, -0.21443765035574014, 0.23785985328818726, -0.12646741612097356, -0.47815568541100895, -0.17505557667448635, -0.16193193089539926, 0.8048437117522818, 0.9592325240809707, 0.24713767881382775, -0.8336317548582777, 0.46599743519199, 0.357370804957968, 0.6520457340504391, -0.3050973265778887, -0.8822398116837538, 0.2236436329105842, -0.751970763373456, 0.5190590583266628, 0.5888466351532844, -0.18274642650020412, 0.8875950117660911, -0.6524404124894483, 0.8851716994539605]",rhc,relu,False,False,100,[10],0.1,100,14
1485,85,0.2259537000209093,1.4426140165026746,2206.0,100,15,"[0.9340596780273533, 0.09446449835144466, 0.9453687199297687, 0.4296319873487293, 0.3954576491945416, -0.5678210088392472, 0.9525489095524835, -0.9875394895908203, -0.4940352752331121, -0.13041693519110842, 0.5587658435875049, -0.6046298507994938, 0.7259864711984445, 0.9668013543506255, -0.6723155171906026, 0.19466788786571843, -0.98202780466489, -0.22685743471274122, -0.9116798841370009, 0.9133059354284718, -0.1277067062404047, 0.8979546135631256, 0.5726119718701219, 0.7325785971633969, -0.6536691570081037, -0.850102825973786, 0.2014854427555386, -0.6640556325631923, 0.4667603350211398, -0.18311227969597055, 0.05581764683584067, 0.875143167901884, 0.043392244889916, -0.7836132342255386, -0.6835531856304011, 0.09040530340642561, 0.04880816013694678, 0.2752204882519873, -0.1970091128194542, 0.2996102180386846, -0.20619999419653467, 0.24783222709644614, 0.5348099341802477, -0.6420521799177383, -0.24884846282491524, 0.005066118653868745, 0.3733341598326916, -0.4926407026772337, 0.10948172588511706, 0.24986168812819542, 0.7910023321122921, -0.27429282313374714, 0.2751141460374733, -0.6171071957620733, -0.004411770765388567, -0.6351091908575863, 0.8367660782795254, -0.13635585731754474, 0.6603762041966925, -0.16644739064327485, 0.8093351774867339, -0.19034956537818792, -0.33765099381775454, 0.14427754054549724, 0.6908872981882266, 0.7220286235061439, 0.19137623413666893, -0.8306767779591795, 0.19453321463834983, -0.5090925828337958, 0.46518689717993555, 0.7893025846334776, 0.0294679418262902, 0.20712702072041278, -0.8698643752343853, 0.08014945928561268, -0.7416264326591246, 0.22912569270066396, -0.2726993059103242, 0.5355160686614915, -0.902931727160895, -0.7803637637643119, 0.36804643024725525, 0.029307394167312983, 0.1432827432294983, 0.6874139879813108, -0.024524721700651453, 0.6202888442522898, 0.020487258589880097, 0.8534413864805024, 0.333855543079252, -0.7025463211318861, -0.27089364934848836, 0.7315498318881986, -0.29942957828896866, -0.6219484810876903, -0.0547573816684539, -0.21443765035574014, 0.23785985328818726, -0.12646741612097356, -0.47815568541100895, -0.17505557667448635, -0.16193193089539926, 0.8048437117522818, 0.9592325240809707, 0.24713767881382775, -0.8336317548582777, 0.46599743519199, 0.357370804957968, 0.6520457340504391, -0.3050973265778887, -0.8822398116837538, 0.2236436329105842, -0.751970763373456, 0.5190590583266628, 0.5888466351532844, -0.18274642650020412, 0.8875950117660911, -0.6524404124894483, 0.8851716994539605]",rhc,relu,False,False,100,[10],0.1,100,14
1486,86,0.22897670010570437,1.4426140165026746,2207.0,100,15,"[0.9340596780273533, 0.09446449835144466, 0.9453687199297687, 0.4296319873487293, 0.3954576491945416, -0.5678210088392472, 0.9525489095524835, -0.9875394895908203, -0.4940352752331121, -0.13041693519110842, 0.5587658435875049, -0.6046298507994938, 0.7259864711984445, 0.9668013543506255, -0.6723155171906026, 0.19466788786571843, -0.98202780466489, -0.22685743471274122, -0.9116798841370009, 0.9133059354284718, -0.1277067062404047, 0.8979546135631256, 0.5726119718701219, 0.7325785971633969, -0.6536691570081037, -0.850102825973786, 0.2014854427555386, -0.6640556325631923, 0.4667603350211398, -0.18311227969597055, 0.05581764683584067, 0.875143167901884, 0.043392244889916, -0.7836132342255386, -0.6835531856304011, 0.09040530340642561, 0.04880816013694678, 0.2752204882519873, -0.1970091128194542, 0.2996102180386846, -0.20619999419653467, 0.24783222709644614, 0.5348099341802477, -0.6420521799177383, -0.24884846282491524, 0.005066118653868745, 0.3733341598326916, -0.4926407026772337, 0.10948172588511706, 0.24986168812819542, 0.7910023321122921, -0.27429282313374714, 0.2751141460374733, -0.6171071957620733, -0.004411770765388567, -0.6351091908575863, 0.8367660782795254, -0.13635585731754474, 0.6603762041966925, -0.16644739064327485, 0.8093351774867339, -0.19034956537818792, -0.33765099381775454, 0.14427754054549724, 0.6908872981882266, 0.7220286235061439, 0.19137623413666893, -0.8306767779591795, 0.19453321463834983, -0.5090925828337958, 0.46518689717993555, 0.7893025846334776, 0.0294679418262902, 0.20712702072041278, -0.8698643752343853, 0.08014945928561268, -0.7416264326591246, 0.22912569270066396, -0.2726993059103242, 0.5355160686614915, -0.902931727160895, -0.7803637637643119, 0.36804643024725525, 0.029307394167312983, 0.1432827432294983, 0.6874139879813108, -0.024524721700651453, 0.6202888442522898, 0.020487258589880097, 0.8534413864805024, 0.333855543079252, -0.7025463211318861, -0.27089364934848836, 0.7315498318881986, -0.29942957828896866, -0.6219484810876903, -0.0547573816684539, -0.21443765035574014, 0.23785985328818726, -0.12646741612097356, -0.47815568541100895, -0.17505557667448635, -0.16193193089539926, 0.8048437117522818, 0.9592325240809707, 0.24713767881382775, -0.8336317548582777, 0.46599743519199, 0.357370804957968, 0.6520457340504391, -0.3050973265778887, -0.8822398116837538, 0.2236436329105842, -0.751970763373456, 0.5190590583266628, 0.5888466351532844, -0.18274642650020412, 0.8875950117660911, -0.6524404124894483, 0.8851716994539605]",rhc,relu,False,False,100,[10],0.1,100,14
1487,87,0.23168840003199875,1.4426140165026746,2208.0,100,15,"[0.9340596780273533, 0.09446449835144466, 0.9453687199297687, 0.4296319873487293, 0.3954576491945416, -0.5678210088392472, 0.9525489095524835, -0.9875394895908203, -0.4940352752331121, -0.13041693519110842, 0.5587658435875049, -0.6046298507994938, 0.7259864711984445, 0.9668013543506255, -0.6723155171906026, 0.19466788786571843, -0.98202780466489, -0.22685743471274122, -0.9116798841370009, 0.9133059354284718, -0.1277067062404047, 0.8979546135631256, 0.5726119718701219, 0.7325785971633969, -0.6536691570081037, -0.850102825973786, 0.2014854427555386, -0.6640556325631923, 0.4667603350211398, -0.18311227969597055, 0.05581764683584067, 0.875143167901884, 0.043392244889916, -0.7836132342255386, -0.6835531856304011, 0.09040530340642561, 0.04880816013694678, 0.2752204882519873, -0.1970091128194542, 0.2996102180386846, -0.20619999419653467, 0.24783222709644614, 0.5348099341802477, -0.6420521799177383, -0.24884846282491524, 0.005066118653868745, 0.3733341598326916, -0.4926407026772337, 0.10948172588511706, 0.24986168812819542, 0.7910023321122921, -0.27429282313374714, 0.2751141460374733, -0.6171071957620733, -0.004411770765388567, -0.6351091908575863, 0.8367660782795254, -0.13635585731754474, 0.6603762041966925, -0.16644739064327485, 0.8093351774867339, -0.19034956537818792, -0.33765099381775454, 0.14427754054549724, 0.6908872981882266, 0.7220286235061439, 0.19137623413666893, -0.8306767779591795, 0.19453321463834983, -0.5090925828337958, 0.46518689717993555, 0.7893025846334776, 0.0294679418262902, 0.20712702072041278, -0.8698643752343853, 0.08014945928561268, -0.7416264326591246, 0.22912569270066396, -0.2726993059103242, 0.5355160686614915, -0.902931727160895, -0.7803637637643119, 0.36804643024725525, 0.029307394167312983, 0.1432827432294983, 0.6874139879813108, -0.024524721700651453, 0.6202888442522898, 0.020487258589880097, 0.8534413864805024, 0.333855543079252, -0.7025463211318861, -0.27089364934848836, 0.7315498318881986, -0.29942957828896866, -0.6219484810876903, -0.0547573816684539, -0.21443765035574014, 0.23785985328818726, -0.12646741612097356, -0.47815568541100895, -0.17505557667448635, -0.16193193089539926, 0.8048437117522818, 0.9592325240809707, 0.24713767881382775, -0.8336317548582777, 0.46599743519199, 0.357370804957968, 0.6520457340504391, -0.3050973265778887, -0.8822398116837538, 0.2236436329105842, -0.751970763373456, 0.5190590583266628, 0.5888466351532844, -0.18274642650020412, 0.8875950117660911, -0.6524404124894483, 0.8851716994539605]",rhc,relu,False,False,100,[10],0.1,100,14
1488,88,0.23309100000187755,1.4336169808814412,2210.0,100,15,"[0.9340596780273533, 0.09446449835144466, 0.9453687199297687, 0.4296319873487293, 0.3954576491945416, -0.5678210088392472, 0.9525489095524835, -0.9875394895908203, -0.4940352752331121, -0.13041693519110842, 0.5587658435875049, -0.6046298507994938, 0.7259864711984445, 0.9668013543506255, -0.6723155171906026, 0.19466788786571843, -0.98202780466489, -0.22685743471274122, -0.9116798841370009, 0.9133059354284718, -0.1277067062404047, 0.8979546135631256, 0.5726119718701219, 0.7325785971633969, -0.6536691570081037, -0.850102825973786, 0.2014854427555386, -0.6640556325631923, 0.4667603350211398, -0.18311227969597055, 0.05581764683584067, 0.875143167901884, 0.043392244889916, -0.7836132342255386, -0.6835531856304011, 0.09040530340642561, 0.04880816013694678, 0.2752204882519873, -0.1970091128194542, 0.2996102180386846, -0.20619999419653467, 0.24783222709644614, 0.5348099341802477, -0.6420521799177383, -0.24884846282491524, 0.005066118653868745, 0.3733341598326916, -0.4926407026772337, 0.10948172588511706, 0.24986168812819542, 0.7910023321122921, -0.27429282313374714, 0.2751141460374733, -0.6171071957620733, -0.004411770765388567, -0.6351091908575863, 0.8367660782795254, -0.13635585731754474, 0.6603762041966925, -0.16644739064327485, 0.8093351774867339, -0.19034956537818792, -0.33765099381775454, 0.14427754054549724, 0.6908872981882266, 0.7220286235061439, 0.19137623413666893, -0.8306767779591795, 0.19453321463834983, -0.5090925828337958, 0.46518689717993555, 0.7893025846334776, 0.0294679418262902, 0.20712702072041278, -0.8698643752343853, 0.08014945928561268, -0.7416264326591246, 0.22912569270066396, -0.2726993059103242, 0.5355160686614915, -0.902931727160895, -0.7803637637643119, 0.36804643024725525, 0.029307394167312983, 0.1432827432294983, 0.6874139879813108, -0.024524721700651453, 0.6202888442522898, 0.020487258589880097, 0.8534413864805024, 0.333855543079252, -0.7025463211318861, -0.27089364934848836, 0.7315498318881986, -0.29942957828896866, -0.6219484810876903, -0.0547573816684539, -0.21443765035574014, 0.23785985328818726, -0.12646741612097356, -0.47815568541100895, -0.17505557667448635, -0.16193193089539926, 0.8048437117522818, 0.9592325240809707, 0.24713767881382775, -0.8336317548582777, 0.46599743519199, 0.357370804957968, 0.6520457340504391, -0.3050973265778887, -0.8822398116837538, 0.2236436329105842, -0.751970763373456, 0.5190590583266628, 0.5888466351532844, -0.18274642650020412, 0.8875950117660911, -0.6524404124894483, 0.8851716994539605]",rhc,relu,False,False,100,[10],0.1,100,14
1489,89,0.23613770003430545,1.4336169808814412,2211.0,100,15,"[0.9340596780273533, 0.09446449835144466, 0.9453687199297687, 0.4296319873487293, 0.3954576491945416, -0.5678210088392472, 0.9525489095524835, -0.9875394895908203, -0.4940352752331121, -0.13041693519110842, 0.5587658435875049, -0.6046298507994938, 0.7259864711984445, 0.9668013543506255, -0.6723155171906026, 0.19466788786571843, -0.98202780466489, -0.22685743471274122, -0.9116798841370009, 0.9133059354284718, -0.1277067062404047, 0.8979546135631256, 0.5726119718701219, 0.7325785971633969, -0.6536691570081037, -0.850102825973786, 0.2014854427555386, -0.6640556325631923, 0.4667603350211398, -0.18311227969597055, 0.05581764683584067, 0.875143167901884, 0.043392244889916, -0.7836132342255386, -0.6835531856304011, 0.09040530340642561, 0.04880816013694678, 0.2752204882519873, -0.1970091128194542, 0.2996102180386846, -0.20619999419653467, 0.24783222709644614, 0.5348099341802477, -0.6420521799177383, -0.24884846282491524, 0.005066118653868745, 0.3733341598326916, -0.4926407026772337, 0.10948172588511706, 0.24986168812819542, 0.7910023321122921, -0.27429282313374714, 0.2751141460374733, -0.6171071957620733, -0.004411770765388567, -0.6351091908575863, 0.8367660782795254, -0.13635585731754474, 0.6603762041966925, -0.16644739064327485, 0.8093351774867339, -0.19034956537818792, -0.33765099381775454, 0.14427754054549724, 0.6908872981882266, 0.7220286235061439, 0.19137623413666893, -0.8306767779591795, 0.19453321463834983, -0.5090925828337958, 0.46518689717993555, 0.7893025846334776, 0.0294679418262902, 0.20712702072041278, -0.8698643752343853, 0.08014945928561268, -0.7416264326591246, 0.22912569270066396, -0.2726993059103242, 0.5355160686614915, -0.902931727160895, -0.7803637637643119, 0.36804643024725525, 0.029307394167312983, 0.1432827432294983, 0.6874139879813108, -0.024524721700651453, 0.6202888442522898, 0.020487258589880097, 0.8534413864805024, 0.333855543079252, -0.7025463211318861, -0.27089364934848836, 0.7315498318881986, -0.29942957828896866, -0.6219484810876903, -0.0547573816684539, -0.21443765035574014, 0.23785985328818726, -0.12646741612097356, -0.47815568541100895, -0.17505557667448635, -0.16193193089539926, 0.8048437117522818, 0.9592325240809707, 0.24713767881382775, -0.8336317548582777, 0.46599743519199, 0.357370804957968, 0.6520457340504391, -0.3050973265778887, -0.8822398116837538, 0.2236436329105842, -0.751970763373456, 0.5190590583266628, 0.5888466351532844, -0.18274642650020412, 0.8875950117660911, -0.6524404124894483, 0.8851716994539605]",rhc,relu,False,False,100,[10],0.1,100,14
1490,90,0.23915060004219413,1.4336169808814412,2212.0,100,15,"[0.9340596780273533, 0.09446449835144466, 0.9453687199297687, 0.4296319873487293, 0.3954576491945416, -0.5678210088392472, 0.9525489095524835, -0.9875394895908203, -0.4940352752331121, -0.13041693519110842, 0.5587658435875049, -0.6046298507994938, 0.7259864711984445, 0.9668013543506255, -0.6723155171906026, 0.19466788786571843, -0.98202780466489, -0.22685743471274122, -0.9116798841370009, 0.9133059354284718, -0.1277067062404047, 0.8979546135631256, 0.5726119718701219, 0.7325785971633969, -0.6536691570081037, -0.850102825973786, 0.2014854427555386, -0.6640556325631923, 0.4667603350211398, -0.18311227969597055, 0.05581764683584067, 0.875143167901884, 0.043392244889916, -0.7836132342255386, -0.6835531856304011, 0.09040530340642561, 0.04880816013694678, 0.2752204882519873, -0.1970091128194542, 0.2996102180386846, -0.20619999419653467, 0.24783222709644614, 0.5348099341802477, -0.6420521799177383, -0.24884846282491524, 0.005066118653868745, 0.3733341598326916, -0.4926407026772337, 0.10948172588511706, 0.24986168812819542, 0.7910023321122921, -0.27429282313374714, 0.2751141460374733, -0.6171071957620733, -0.004411770765388567, -0.6351091908575863, 0.8367660782795254, -0.13635585731754474, 0.6603762041966925, -0.16644739064327485, 0.8093351774867339, -0.19034956537818792, -0.33765099381775454, 0.14427754054549724, 0.6908872981882266, 0.7220286235061439, 0.19137623413666893, -0.8306767779591795, 0.19453321463834983, -0.5090925828337958, 0.46518689717993555, 0.7893025846334776, 0.0294679418262902, 0.20712702072041278, -0.8698643752343853, 0.08014945928561268, -0.7416264326591246, 0.22912569270066396, -0.2726993059103242, 0.5355160686614915, -0.902931727160895, -0.7803637637643119, 0.36804643024725525, 0.029307394167312983, 0.1432827432294983, 0.6874139879813108, -0.024524721700651453, 0.6202888442522898, 0.020487258589880097, 0.8534413864805024, 0.333855543079252, -0.7025463211318861, -0.27089364934848836, 0.7315498318881986, -0.29942957828896866, -0.6219484810876903, -0.0547573816684539, -0.21443765035574014, 0.23785985328818726, -0.12646741612097356, -0.47815568541100895, -0.17505557667448635, -0.16193193089539926, 0.8048437117522818, 0.9592325240809707, 0.24713767881382775, -0.8336317548582777, 0.46599743519199, 0.357370804957968, 0.6520457340504391, -0.3050973265778887, -0.8822398116837538, 0.2236436329105842, -0.751970763373456, 0.5190590583266628, 0.5888466351532844, -0.18274642650020412, 0.8875950117660911, -0.6524404124894483, 0.8851716994539605]",rhc,relu,False,False,100,[10],0.1,100,14
1491,91,0.24208670004736632,1.4336169808814412,2213.0,100,15,"[0.9340596780273533, 0.09446449835144466, 0.9453687199297687, 0.4296319873487293, 0.3954576491945416, -0.5678210088392472, 0.9525489095524835, -0.9875394895908203, -0.4940352752331121, -0.13041693519110842, 0.5587658435875049, -0.6046298507994938, 0.7259864711984445, 0.9668013543506255, -0.6723155171906026, 0.19466788786571843, -0.98202780466489, -0.22685743471274122, -0.9116798841370009, 0.9133059354284718, -0.1277067062404047, 0.8979546135631256, 0.5726119718701219, 0.7325785971633969, -0.6536691570081037, -0.850102825973786, 0.2014854427555386, -0.6640556325631923, 0.4667603350211398, -0.18311227969597055, 0.05581764683584067, 0.875143167901884, 0.043392244889916, -0.7836132342255386, -0.6835531856304011, 0.09040530340642561, 0.04880816013694678, 0.2752204882519873, -0.1970091128194542, 0.2996102180386846, -0.20619999419653467, 0.24783222709644614, 0.5348099341802477, -0.6420521799177383, -0.24884846282491524, 0.005066118653868745, 0.3733341598326916, -0.4926407026772337, 0.10948172588511706, 0.24986168812819542, 0.7910023321122921, -0.27429282313374714, 0.2751141460374733, -0.6171071957620733, -0.004411770765388567, -0.6351091908575863, 0.8367660782795254, -0.13635585731754474, 0.6603762041966925, -0.16644739064327485, 0.8093351774867339, -0.19034956537818792, -0.33765099381775454, 0.14427754054549724, 0.6908872981882266, 0.7220286235061439, 0.19137623413666893, -0.8306767779591795, 0.19453321463834983, -0.5090925828337958, 0.46518689717993555, 0.7893025846334776, 0.0294679418262902, 0.20712702072041278, -0.8698643752343853, 0.08014945928561268, -0.7416264326591246, 0.22912569270066396, -0.2726993059103242, 0.5355160686614915, -0.902931727160895, -0.7803637637643119, 0.36804643024725525, 0.029307394167312983, 0.1432827432294983, 0.6874139879813108, -0.024524721700651453, 0.6202888442522898, 0.020487258589880097, 0.8534413864805024, 0.333855543079252, -0.7025463211318861, -0.27089364934848836, 0.7315498318881986, -0.29942957828896866, -0.6219484810876903, -0.0547573816684539, -0.21443765035574014, 0.23785985328818726, -0.12646741612097356, -0.47815568541100895, -0.17505557667448635, -0.16193193089539926, 0.8048437117522818, 0.9592325240809707, 0.24713767881382775, -0.8336317548582777, 0.46599743519199, 0.357370804957968, 0.6520457340504391, -0.3050973265778887, -0.8822398116837538, 0.2236436329105842, -0.751970763373456, 0.5190590583266628, 0.5888466351532844, -0.18274642650020412, 0.8875950117660911, -0.6524404124894483, 0.8851716994539605]",rhc,relu,False,False,100,[10],0.1,100,14
1492,92,0.24406210007146,1.4336169808814412,2214.0,100,15,"[0.9340596780273533, 0.09446449835144466, 0.9453687199297687, 0.4296319873487293, 0.3954576491945416, -0.5678210088392472, 0.9525489095524835, -0.9875394895908203, -0.4940352752331121, -0.13041693519110842, 0.5587658435875049, -0.6046298507994938, 0.7259864711984445, 0.9668013543506255, -0.6723155171906026, 0.19466788786571843, -0.98202780466489, -0.22685743471274122, -0.9116798841370009, 0.9133059354284718, -0.1277067062404047, 0.8979546135631256, 0.5726119718701219, 0.7325785971633969, -0.6536691570081037, -0.850102825973786, 0.2014854427555386, -0.6640556325631923, 0.4667603350211398, -0.18311227969597055, 0.05581764683584067, 0.875143167901884, 0.043392244889916, -0.7836132342255386, -0.6835531856304011, 0.09040530340642561, 0.04880816013694678, 0.2752204882519873, -0.1970091128194542, 0.2996102180386846, -0.20619999419653467, 0.24783222709644614, 0.5348099341802477, -0.6420521799177383, -0.24884846282491524, 0.005066118653868745, 0.3733341598326916, -0.4926407026772337, 0.10948172588511706, 0.24986168812819542, 0.7910023321122921, -0.27429282313374714, 0.2751141460374733, -0.6171071957620733, -0.004411770765388567, -0.6351091908575863, 0.8367660782795254, -0.13635585731754474, 0.6603762041966925, -0.16644739064327485, 0.8093351774867339, -0.19034956537818792, -0.33765099381775454, 0.14427754054549724, 0.6908872981882266, 0.7220286235061439, 0.19137623413666893, -0.8306767779591795, 0.19453321463834983, -0.5090925828337958, 0.46518689717993555, 0.7893025846334776, 0.0294679418262902, 0.20712702072041278, -0.8698643752343853, 0.08014945928561268, -0.7416264326591246, 0.22912569270066396, -0.2726993059103242, 0.5355160686614915, -0.902931727160895, -0.7803637637643119, 0.36804643024725525, 0.029307394167312983, 0.1432827432294983, 0.6874139879813108, -0.024524721700651453, 0.6202888442522898, 0.020487258589880097, 0.8534413864805024, 0.333855543079252, -0.7025463211318861, -0.27089364934848836, 0.7315498318881986, -0.29942957828896866, -0.6219484810876903, -0.0547573816684539, -0.21443765035574014, 0.23785985328818726, -0.12646741612097356, -0.47815568541100895, -0.17505557667448635, -0.16193193089539926, 0.8048437117522818, 0.9592325240809707, 0.24713767881382775, -0.8336317548582777, 0.46599743519199, 0.357370804957968, 0.6520457340504391, -0.3050973265778887, -0.8822398116837538, 0.2236436329105842, -0.751970763373456, 0.5190590583266628, 0.5888466351532844, -0.18274642650020412, 0.8875950117660911, -0.6524404124894483, 0.8851716994539605]",rhc,relu,False,False,100,[10],0.1,100,14
1493,93,0.2456533000804484,1.4336169808814412,2215.0,100,15,"[0.9340596780273533, 0.09446449835144466, 0.9453687199297687, 0.4296319873487293, 0.3954576491945416, -0.5678210088392472, 0.9525489095524835, -0.9875394895908203, -0.4940352752331121, -0.13041693519110842, 0.5587658435875049, -0.6046298507994938, 0.7259864711984445, 0.9668013543506255, -0.6723155171906026, 0.19466788786571843, -0.98202780466489, -0.22685743471274122, -0.9116798841370009, 0.9133059354284718, -0.1277067062404047, 0.8979546135631256, 0.5726119718701219, 0.7325785971633969, -0.6536691570081037, -0.850102825973786, 0.2014854427555386, -0.6640556325631923, 0.4667603350211398, -0.18311227969597055, 0.05581764683584067, 0.875143167901884, 0.043392244889916, -0.7836132342255386, -0.6835531856304011, 0.09040530340642561, 0.04880816013694678, 0.2752204882519873, -0.1970091128194542, 0.2996102180386846, -0.20619999419653467, 0.24783222709644614, 0.5348099341802477, -0.6420521799177383, -0.24884846282491524, 0.005066118653868745, 0.3733341598326916, -0.4926407026772337, 0.10948172588511706, 0.24986168812819542, 0.7910023321122921, -0.27429282313374714, 0.2751141460374733, -0.6171071957620733, -0.004411770765388567, -0.6351091908575863, 0.8367660782795254, -0.13635585731754474, 0.6603762041966925, -0.16644739064327485, 0.8093351774867339, -0.19034956537818792, -0.33765099381775454, 0.14427754054549724, 0.6908872981882266, 0.7220286235061439, 0.19137623413666893, -0.8306767779591795, 0.19453321463834983, -0.5090925828337958, 0.46518689717993555, 0.7893025846334776, 0.0294679418262902, 0.20712702072041278, -0.8698643752343853, 0.08014945928561268, -0.7416264326591246, 0.22912569270066396, -0.2726993059103242, 0.5355160686614915, -0.902931727160895, -0.7803637637643119, 0.36804643024725525, 0.029307394167312983, 0.1432827432294983, 0.6874139879813108, -0.024524721700651453, 0.6202888442522898, 0.020487258589880097, 0.8534413864805024, 0.333855543079252, -0.7025463211318861, -0.27089364934848836, 0.7315498318881986, -0.29942957828896866, -0.6219484810876903, -0.0547573816684539, -0.21443765035574014, 0.23785985328818726, -0.12646741612097356, -0.47815568541100895, -0.17505557667448635, -0.16193193089539926, 0.8048437117522818, 0.9592325240809707, 0.24713767881382775, -0.8336317548582777, 0.46599743519199, 0.357370804957968, 0.6520457340504391, -0.3050973265778887, -0.8822398116837538, 0.2236436329105842, -0.751970763373456, 0.5190590583266628, 0.5888466351532844, -0.18274642650020412, 0.8875950117660911, -0.6524404124894483, 0.8851716994539605]",rhc,relu,False,False,100,[10],0.1,100,14
1494,94,0.24860799999441952,1.4311986102750043,2217.0,100,15,"[0.9340596780273533, 0.09446449835144466, 0.9453687199297687, 0.4296319873487293, 0.3954576491945416, -0.5678210088392472, 0.9525489095524835, -0.9875394895908203, -0.4940352752331121, -0.13041693519110842, 0.5587658435875049, -0.6046298507994938, 0.7259864711984445, 0.9668013543506255, -0.6723155171906026, 0.19466788786571843, -0.98202780466489, -0.22685743471274122, -0.9116798841370009, 0.9133059354284718, -0.1277067062404047, 0.8979546135631256, 0.5726119718701219, 0.7325785971633969, -0.6536691570081037, -0.850102825973786, 0.2014854427555386, -0.6640556325631923, 0.4667603350211398, -0.18311227969597055, 0.05581764683584067, 0.875143167901884, 0.043392244889916, -0.7836132342255386, -0.6835531856304011, 0.09040530340642561, 0.04880816013694678, 0.2752204882519873, -0.1970091128194542, 0.2996102180386846, -0.20619999419653467, 0.24783222709644614, 0.5348099341802477, -0.6420521799177383, -0.24884846282491524, 0.005066118653868745, 0.3733341598326916, -0.4926407026772337, 0.10948172588511706, 0.24986168812819542, 0.7910023321122921, -0.27429282313374714, 0.2751141460374733, -0.6171071957620733, -0.004411770765388567, -0.6351091908575863, 0.8367660782795254, -0.13635585731754474, 0.6603762041966925, -0.16644739064327485, 0.8093351774867339, -0.19034956537818792, -0.33765099381775454, 0.14427754054549724, 0.6908872981882266, 0.7220286235061439, 0.19137623413666893, -0.8306767779591795, 0.19453321463834983, -0.5090925828337958, 0.46518689717993555, 0.7893025846334776, 0.0294679418262902, 0.20712702072041278, -0.8698643752343853, 0.08014945928561268, -0.7416264326591246, 0.22912569270066396, -0.2726993059103242, 0.5355160686614915, -0.902931727160895, -0.7803637637643119, 0.36804643024725525, 0.029307394167312983, 0.1432827432294983, 0.6874139879813108, -0.024524721700651453, 0.6202888442522898, 0.020487258589880097, 0.8534413864805024, 0.333855543079252, -0.7025463211318861, -0.27089364934848836, 0.7315498318881986, -0.29942957828896866, -0.6219484810876903, -0.0547573816684539, -0.21443765035574014, 0.23785985328818726, -0.12646741612097356, -0.47815568541100895, -0.17505557667448635, -0.16193193089539926, 0.8048437117522818, 0.9592325240809707, 0.24713767881382775, -0.8336317548582777, 0.46599743519199, 0.357370804957968, 0.6520457340504391, -0.3050973265778887, -0.8822398116837538, 0.2236436329105842, -0.751970763373456, 0.5190590583266628, 0.5888466351532844, -0.18274642650020412, 0.8875950117660911, -0.6524404124894483, 0.8851716994539605]",rhc,relu,False,False,100,[10],0.1,100,14
1495,95,0.25007430010009557,1.4311986102750043,2218.0,100,15,"[0.9340596780273533, 0.09446449835144466, 0.9453687199297687, 0.4296319873487293, 0.3954576491945416, -0.5678210088392472, 0.9525489095524835, -0.9875394895908203, -0.4940352752331121, -0.13041693519110842, 0.5587658435875049, -0.6046298507994938, 0.7259864711984445, 0.9668013543506255, -0.6723155171906026, 0.19466788786571843, -0.98202780466489, -0.22685743471274122, -0.9116798841370009, 0.9133059354284718, -0.1277067062404047, 0.8979546135631256, 0.5726119718701219, 0.7325785971633969, -0.6536691570081037, -0.850102825973786, 0.2014854427555386, -0.6640556325631923, 0.4667603350211398, -0.18311227969597055, 0.05581764683584067, 0.875143167901884, 0.043392244889916, -0.7836132342255386, -0.6835531856304011, 0.09040530340642561, 0.04880816013694678, 0.2752204882519873, -0.1970091128194542, 0.2996102180386846, -0.20619999419653467, 0.24783222709644614, 0.5348099341802477, -0.6420521799177383, -0.24884846282491524, 0.005066118653868745, 0.3733341598326916, -0.4926407026772337, 0.10948172588511706, 0.24986168812819542, 0.7910023321122921, -0.27429282313374714, 0.2751141460374733, -0.6171071957620733, -0.004411770765388567, -0.6351091908575863, 0.8367660782795254, -0.13635585731754474, 0.6603762041966925, -0.16644739064327485, 0.8093351774867339, -0.19034956537818792, -0.33765099381775454, 0.14427754054549724, 0.6908872981882266, 0.7220286235061439, 0.19137623413666893, -0.8306767779591795, 0.19453321463834983, -0.5090925828337958, 0.46518689717993555, 0.7893025846334776, 0.0294679418262902, 0.20712702072041278, -0.8698643752343853, 0.08014945928561268, -0.7416264326591246, 0.22912569270066396, -0.2726993059103242, 0.5355160686614915, -0.902931727160895, -0.7803637637643119, 0.36804643024725525, 0.029307394167312983, 0.1432827432294983, 0.6874139879813108, -0.024524721700651453, 0.6202888442522898, 0.020487258589880097, 0.8534413864805024, 0.333855543079252, -0.7025463211318861, -0.27089364934848836, 0.7315498318881986, -0.29942957828896866, -0.6219484810876903, -0.0547573816684539, -0.21443765035574014, 0.23785985328818726, -0.12646741612097356, -0.47815568541100895, -0.17505557667448635, -0.16193193089539926, 0.8048437117522818, 0.9592325240809707, 0.24713767881382775, -0.8336317548582777, 0.46599743519199, 0.357370804957968, 0.6520457340504391, -0.3050973265778887, -0.8822398116837538, 0.2236436329105842, -0.751970763373456, 0.5190590583266628, 0.5888466351532844, -0.18274642650020412, 0.8875950117660911, -0.6524404124894483, 0.8851716994539605]",rhc,relu,False,False,100,[10],0.1,100,14
1496,96,0.253057699999772,1.4311986102750043,2219.0,100,15,"[0.9340596780273533, 0.09446449835144466, 0.9453687199297687, 0.4296319873487293, 0.3954576491945416, -0.5678210088392472, 0.9525489095524835, -0.9875394895908203, -0.4940352752331121, -0.13041693519110842, 0.5587658435875049, -0.6046298507994938, 0.7259864711984445, 0.9668013543506255, -0.6723155171906026, 0.19466788786571843, -0.98202780466489, -0.22685743471274122, -0.9116798841370009, 0.9133059354284718, -0.1277067062404047, 0.8979546135631256, 0.5726119718701219, 0.7325785971633969, -0.6536691570081037, -0.850102825973786, 0.2014854427555386, -0.6640556325631923, 0.4667603350211398, -0.18311227969597055, 0.05581764683584067, 0.875143167901884, 0.043392244889916, -0.7836132342255386, -0.6835531856304011, 0.09040530340642561, 0.04880816013694678, 0.2752204882519873, -0.1970091128194542, 0.2996102180386846, -0.20619999419653467, 0.24783222709644614, 0.5348099341802477, -0.6420521799177383, -0.24884846282491524, 0.005066118653868745, 0.3733341598326916, -0.4926407026772337, 0.10948172588511706, 0.24986168812819542, 0.7910023321122921, -0.27429282313374714, 0.2751141460374733, -0.6171071957620733, -0.004411770765388567, -0.6351091908575863, 0.8367660782795254, -0.13635585731754474, 0.6603762041966925, -0.16644739064327485, 0.8093351774867339, -0.19034956537818792, -0.33765099381775454, 0.14427754054549724, 0.6908872981882266, 0.7220286235061439, 0.19137623413666893, -0.8306767779591795, 0.19453321463834983, -0.5090925828337958, 0.46518689717993555, 0.7893025846334776, 0.0294679418262902, 0.20712702072041278, -0.8698643752343853, 0.08014945928561268, -0.7416264326591246, 0.22912569270066396, -0.2726993059103242, 0.5355160686614915, -0.902931727160895, -0.7803637637643119, 0.36804643024725525, 0.029307394167312983, 0.1432827432294983, 0.6874139879813108, -0.024524721700651453, 0.6202888442522898, 0.020487258589880097, 0.8534413864805024, 0.333855543079252, -0.7025463211318861, -0.27089364934848836, 0.7315498318881986, -0.29942957828896866, -0.6219484810876903, -0.0547573816684539, -0.21443765035574014, 0.23785985328818726, -0.12646741612097356, -0.47815568541100895, -0.17505557667448635, -0.16193193089539926, 0.8048437117522818, 0.9592325240809707, 0.24713767881382775, -0.8336317548582777, 0.46599743519199, 0.357370804957968, 0.6520457340504391, -0.3050973265778887, -0.8822398116837538, 0.2236436329105842, -0.751970763373456, 0.5190590583266628, 0.5888466351532844, -0.18274642650020412, 0.8875950117660911, -0.6524404124894483, 0.8851716994539605]",rhc,relu,False,False,100,[10],0.1,100,14
1497,97,0.2544917000923306,1.4115533886272458,2221.0,100,15,"[0.9340596780273533, 0.09446449835144466, 0.9453687199297687, 0.4296319873487293, 0.3954576491945416, -0.5678210088392472, 0.9525489095524835, -0.9875394895908203, -0.4940352752331121, -0.13041693519110842, 0.5587658435875049, -0.6046298507994938, 0.7259864711984445, 0.9668013543506255, -0.6723155171906026, 0.19466788786571843, -0.98202780466489, -0.22685743471274122, -0.9116798841370009, 0.9133059354284718, -0.1277067062404047, 0.8979546135631256, 0.5726119718701219, 0.7325785971633969, -0.6536691570081037, -0.850102825973786, 0.2014854427555386, -0.6640556325631923, 0.4667603350211398, -0.18311227969597055, 0.05581764683584067, 0.875143167901884, 0.043392244889916, -0.7836132342255386, -0.6835531856304011, 0.09040530340642561, 0.04880816013694678, 0.2752204882519873, -0.1970091128194542, 0.2996102180386846, -0.20619999419653467, 0.24783222709644614, 0.5348099341802477, -0.6420521799177383, -0.24884846282491524, 0.005066118653868745, 0.3733341598326916, -0.4926407026772337, 0.10948172588511706, 0.24986168812819542, 0.7910023321122921, -0.27429282313374714, 0.2751141460374733, -0.6171071957620733, -0.004411770765388567, -0.6351091908575863, 0.8367660782795254, -0.13635585731754474, 0.6603762041966925, -0.16644739064327485, 0.8093351774867339, -0.19034956537818792, -0.33765099381775454, 0.14427754054549724, 0.6908872981882266, 0.7220286235061439, 0.19137623413666893, -0.8306767779591795, 0.19453321463834983, -0.5090925828337958, 0.46518689717993555, 0.7893025846334776, 0.0294679418262902, 0.20712702072041278, -0.8698643752343853, 0.08014945928561268, -0.7416264326591246, 0.22912569270066396, -0.2726993059103242, 0.5355160686614915, -0.902931727160895, -0.7803637637643119, 0.36804643024725525, 0.029307394167312983, 0.1432827432294983, 0.6874139879813108, -0.024524721700651453, 0.6202888442522898, 0.020487258589880097, 0.8534413864805024, 0.333855543079252, -0.7025463211318861, -0.27089364934848836, 0.7315498318881986, -0.29942957828896866, -0.6219484810876903, -0.0547573816684539, -0.21443765035574014, 0.23785985328818726, -0.12646741612097356, -0.47815568541100895, -0.17505557667448635, -0.16193193089539926, 0.8048437117522818, 0.9592325240809707, 0.24713767881382775, -0.8336317548582777, 0.46599743519199, 0.357370804957968, 0.6520457340504391, -0.3050973265778887, -0.8822398116837538, 0.2236436329105842, -0.751970763373456, 0.5190590583266628, 0.5888466351532844, -0.18274642650020412, 0.8875950117660911, -0.6524404124894483, 0.8851716994539605]",rhc,relu,False,False,100,[10],0.1,100,14
1498,98,0.25626020005438477,1.4115533886272458,2222.0,100,15,"[0.9340596780273533, 0.09446449835144466, 0.9453687199297687, 0.4296319873487293, 0.3954576491945416, -0.5678210088392472, 0.9525489095524835, -0.9875394895908203, -0.4940352752331121, -0.13041693519110842, 0.5587658435875049, -0.6046298507994938, 0.7259864711984445, 0.9668013543506255, -0.6723155171906026, 0.19466788786571843, -0.98202780466489, -0.22685743471274122, -0.9116798841370009, 0.9133059354284718, -0.1277067062404047, 0.8979546135631256, 0.5726119718701219, 0.7325785971633969, -0.6536691570081037, -0.850102825973786, 0.2014854427555386, -0.6640556325631923, 0.4667603350211398, -0.18311227969597055, 0.05581764683584067, 0.875143167901884, 0.043392244889916, -0.7836132342255386, -0.6835531856304011, 0.09040530340642561, 0.04880816013694678, 0.2752204882519873, -0.1970091128194542, 0.2996102180386846, -0.20619999419653467, 0.24783222709644614, 0.5348099341802477, -0.6420521799177383, -0.24884846282491524, 0.005066118653868745, 0.3733341598326916, -0.4926407026772337, 0.10948172588511706, 0.24986168812819542, 0.7910023321122921, -0.27429282313374714, 0.2751141460374733, -0.6171071957620733, -0.004411770765388567, -0.6351091908575863, 0.8367660782795254, -0.13635585731754474, 0.6603762041966925, -0.16644739064327485, 0.8093351774867339, -0.19034956537818792, -0.33765099381775454, 0.14427754054549724, 0.6908872981882266, 0.7220286235061439, 0.19137623413666893, -0.8306767779591795, 0.19453321463834983, -0.5090925828337958, 0.46518689717993555, 0.7893025846334776, 0.0294679418262902, 0.20712702072041278, -0.8698643752343853, 0.08014945928561268, -0.7416264326591246, 0.22912569270066396, -0.2726993059103242, 0.5355160686614915, -0.902931727160895, -0.7803637637643119, 0.36804643024725525, 0.029307394167312983, 0.1432827432294983, 0.6874139879813108, -0.024524721700651453, 0.6202888442522898, 0.020487258589880097, 0.8534413864805024, 0.333855543079252, -0.7025463211318861, -0.27089364934848836, 0.7315498318881986, -0.29942957828896866, -0.6219484810876903, -0.0547573816684539, -0.21443765035574014, 0.23785985328818726, -0.12646741612097356, -0.47815568541100895, -0.17505557667448635, -0.16193193089539926, 0.8048437117522818, 0.9592325240809707, 0.24713767881382775, -0.8336317548582777, 0.46599743519199, 0.357370804957968, 0.6520457340504391, -0.3050973265778887, -0.8822398116837538, 0.2236436329105842, -0.751970763373456, 0.5190590583266628, 0.5888466351532844, -0.18274642650020412, 0.8875950117660911, -0.6524404124894483, 0.8851716994539605]",rhc,relu,False,False,100,[10],0.1,100,14
1499,99,0.2595394999952987,1.388305298431401,2224.0,100,15,"[0.9340596780273533, 0.09446449835144466, 0.9453687199297687, 0.4296319873487293, 0.3954576491945416, -0.5678210088392472, 0.9525489095524835, -0.9875394895908203, -0.4940352752331121, -0.13041693519110842, 0.5587658435875049, -0.6046298507994938, 0.7259864711984445, 0.9668013543506255, -0.6723155171906026, 0.19466788786571843, -0.98202780466489, -0.22685743471274122, -0.9116798841370009, 0.9133059354284718, -0.1277067062404047, 0.8979546135631256, 0.5726119718701219, 0.7325785971633969, -0.6536691570081037, -0.850102825973786, 0.2014854427555386, -0.6640556325631923, 0.4667603350211398, -0.18311227969597055, 0.05581764683584067, 0.875143167901884, 0.043392244889916, -0.7836132342255386, -0.6835531856304011, 0.09040530340642561, 0.04880816013694678, 0.2752204882519873, -0.1970091128194542, 0.2996102180386846, -0.20619999419653467, 0.24783222709644614, 0.5348099341802477, -0.6420521799177383, -0.24884846282491524, 0.005066118653868745, 0.3733341598326916, -0.4926407026772337, 0.10948172588511706, 0.24986168812819542, 0.7910023321122921, -0.27429282313374714, 0.2751141460374733, -0.6171071957620733, -0.004411770765388567, -0.6351091908575863, 0.8367660782795254, -0.13635585731754474, 0.6603762041966925, -0.16644739064327485, 0.8093351774867339, -0.19034956537818792, -0.33765099381775454, 0.14427754054549724, 0.6908872981882266, 0.7220286235061439, 0.19137623413666893, -0.8306767779591795, 0.19453321463834983, -0.5090925828337958, 0.46518689717993555, 0.7893025846334776, 0.0294679418262902, 0.20712702072041278, -0.8698643752343853, 0.08014945928561268, -0.7416264326591246, 0.22912569270066396, -0.2726993059103242, 0.5355160686614915, -0.902931727160895, -0.7803637637643119, 0.36804643024725525, 0.029307394167312983, 0.1432827432294983, 0.6874139879813108, -0.024524721700651453, 0.6202888442522898, 0.020487258589880097, 0.8534413864805024, 0.333855543079252, -0.7025463211318861, -0.27089364934848836, 0.7315498318881986, -0.29942957828896866, -0.6219484810876903, -0.0547573816684539, -0.21443765035574014, 0.23785985328818726, -0.12646741612097356, -0.47815568541100895, -0.17505557667448635, -0.16193193089539926, 0.8048437117522818, 0.9592325240809707, 0.24713767881382775, -0.8336317548582777, 0.46599743519199, 0.357370804957968, 0.6520457340504391, -0.3050973265778887, -0.8822398116837538, 0.2236436329105842, -0.751970763373456, 0.5190590583266628, 0.5888466351532844, -0.18274642650020412, 0.8875950117660911, -0.6524404124894483, 0.8851716994539605]",rhc,relu,False,False,100,[10],0.1,100,14
1500,100,0.26120120007544756,1.388305298431401,2225.0,100,15,"[0.9340596780273533, 0.09446449835144466, 0.9453687199297687, 0.4296319873487293, 0.3954576491945416, -0.5678210088392472, 0.9525489095524835, -0.9875394895908203, -0.4940352752331121, -0.13041693519110842, 0.5587658435875049, -0.6046298507994938, 0.7259864711984445, 0.9668013543506255, -0.6723155171906026, 0.19466788786571843, -0.98202780466489, -0.22685743471274122, -0.9116798841370009, 0.9133059354284718, -0.1277067062404047, 0.8979546135631256, 0.5726119718701219, 0.7325785971633969, -0.6536691570081037, -0.850102825973786, 0.2014854427555386, -0.6640556325631923, 0.4667603350211398, -0.18311227969597055, 0.05581764683584067, 0.875143167901884, 0.043392244889916, -0.7836132342255386, -0.6835531856304011, 0.09040530340642561, 0.04880816013694678, 0.2752204882519873, -0.1970091128194542, 0.2996102180386846, -0.20619999419653467, 0.24783222709644614, 0.5348099341802477, -0.6420521799177383, -0.24884846282491524, 0.005066118653868745, 0.3733341598326916, -0.4926407026772337, 0.10948172588511706, 0.24986168812819542, 0.7910023321122921, -0.27429282313374714, 0.2751141460374733, -0.6171071957620733, -0.004411770765388567, -0.6351091908575863, 0.8367660782795254, -0.13635585731754474, 0.6603762041966925, -0.16644739064327485, 0.8093351774867339, -0.19034956537818792, -0.33765099381775454, 0.14427754054549724, 0.6908872981882266, 0.7220286235061439, 0.19137623413666893, -0.8306767779591795, 0.19453321463834983, -0.5090925828337958, 0.46518689717993555, 0.7893025846334776, 0.0294679418262902, 0.20712702072041278, -0.8698643752343853, 0.08014945928561268, -0.7416264326591246, 0.22912569270066396, -0.2726993059103242, 0.5355160686614915, -0.902931727160895, -0.7803637637643119, 0.36804643024725525, 0.029307394167312983, 0.1432827432294983, 0.6874139879813108, -0.024524721700651453, 0.6202888442522898, 0.020487258589880097, 0.8534413864805024, 0.333855543079252, -0.7025463211318861, -0.27089364934848836, 0.7315498318881986, -0.29942957828896866, -0.6219484810876903, -0.0547573816684539, -0.21443765035574014, 0.23785985328818726, -0.12646741612097356, -0.47815568541100895, -0.17505557667448635, -0.16193193089539926, 0.8048437117522818, 0.9592325240809707, 0.24713767881382775, -0.8336317548582777, 0.46599743519199, 0.357370804957968, 0.6520457340504391, -0.3050973265778887, -0.8822398116837538, 0.2236436329105842, -0.751970763373456, 0.5190590583266628, 0.5888466351532844, -0.18274642650020412, 0.8875950117660911, -0.6524404124894483, 0.8851716994539605]",rhc,relu,False,False,100,[10],0.1,100,14
1501,1,0.03315600007772446,1.8997513951243838,2227.0,100,15,"[0.9340596780273533, 0.09446449835144466, 0.9453687199297687, 0.4296319873487293, 0.3954576491945416, -0.5678210088392472, 0.9525489095524835, -0.9875394895908203, -0.4940352752331121, -0.13041693519110842, 0.5587658435875049, -0.6046298507994938, 0.7259864711984445, 0.9668013543506255, -0.6723155171906026, 0.19466788786571843, -0.98202780466489, -0.22685743471274122, -0.9116798841370009, 0.9133059354284718, -0.1277067062404047, 0.8979546135631256, 0.5726119718701219, 0.7325785971633969, -0.6536691570081037, -0.850102825973786, 0.2014854427555386, -0.6640556325631923, 0.4667603350211398, -0.18311227969597055, 0.05581764683584067, 0.875143167901884, 0.043392244889916, -0.7836132342255386, -0.6835531856304011, 0.09040530340642561, 0.04880816013694678, 0.2752204882519873, -0.1970091128194542, 0.2996102180386846, -0.20619999419653467, 0.24783222709644614, 0.5348099341802477, -0.6420521799177383, -0.24884846282491524, 0.005066118653868745, 0.3733341598326916, -0.4926407026772337, 0.10948172588511706, 0.24986168812819542, 0.7910023321122921, -0.27429282313374714, 0.2751141460374733, -0.6171071957620733, -0.004411770765388567, -0.6351091908575863, 0.8367660782795254, -0.13635585731754474, 0.6603762041966925, -0.16644739064327485, 0.8093351774867339, -0.19034956537818792, -0.33765099381775454, 0.14427754054549724, 0.6908872981882266, 0.7220286235061439, 0.19137623413666893, -0.8306767779591795, 0.19453321463834983, -0.5090925828337958, 0.46518689717993555, 0.7893025846334776, 0.0294679418262902, 0.20712702072041278, -0.8698643752343853, 0.08014945928561268, -0.7416264326591246, 0.22912569270066396, -0.2726993059103242, 0.5355160686614915, -0.902931727160895, -0.7803637637643119, 0.36804643024725525, 0.029307394167312983, 0.1432827432294983, 0.6874139879813108, -0.024524721700651453, 0.6202888442522898, 0.020487258589880097, 0.8534413864805024, 0.333855543079252, -0.7025463211318861, -0.27089364934848836, 0.7315498318881986, -0.29942957828896866, -0.6219484810876903, -0.0547573816684539, -0.21443765035574014, 0.23785985328818726, -0.12646741612097356, -0.47815568541100895, -0.17505557667448635, -0.16193193089539926, 0.8048437117522818, 0.9592325240809707, 0.24713767881382775, -0.8336317548582777, 0.46599743519199, 0.357370804957968, 0.6520457340504391, -0.3050973265778887, -0.8822398116837538, 0.2236436329105842, -0.751970763373456, 0.5190590583266628, 0.5888466351532844, -0.18274642650020412, 0.8875950117660911, -0.6524404124894483, 0.8851716994539605]",rhc,relu,False,False,100,[10],0.1,100,15
1502,2,0.03611099999397993,1.8997513951243838,2228.0,100,15,"[0.9340596780273533, 0.09446449835144466, 0.9453687199297687, 0.4296319873487293, 0.3954576491945416, -0.5678210088392472, 0.9525489095524835, -0.9875394895908203, -0.4940352752331121, -0.13041693519110842, 0.5587658435875049, -0.6046298507994938, 0.7259864711984445, 0.9668013543506255, -0.6723155171906026, 0.19466788786571843, -0.98202780466489, -0.22685743471274122, -0.9116798841370009, 0.9133059354284718, -0.1277067062404047, 0.8979546135631256, 0.5726119718701219, 0.7325785971633969, -0.6536691570081037, -0.850102825973786, 0.2014854427555386, -0.6640556325631923, 0.4667603350211398, -0.18311227969597055, 0.05581764683584067, 0.875143167901884, 0.043392244889916, -0.7836132342255386, -0.6835531856304011, 0.09040530340642561, 0.04880816013694678, 0.2752204882519873, -0.1970091128194542, 0.2996102180386846, -0.20619999419653467, 0.24783222709644614, 0.5348099341802477, -0.6420521799177383, -0.24884846282491524, 0.005066118653868745, 0.3733341598326916, -0.4926407026772337, 0.10948172588511706, 0.24986168812819542, 0.7910023321122921, -0.27429282313374714, 0.2751141460374733, -0.6171071957620733, -0.004411770765388567, -0.6351091908575863, 0.8367660782795254, -0.13635585731754474, 0.6603762041966925, -0.16644739064327485, 0.8093351774867339, -0.19034956537818792, -0.33765099381775454, 0.14427754054549724, 0.6908872981882266, 0.7220286235061439, 0.19137623413666893, -0.8306767779591795, 0.19453321463834983, -0.5090925828337958, 0.46518689717993555, 0.7893025846334776, 0.0294679418262902, 0.20712702072041278, -0.8698643752343853, 0.08014945928561268, -0.7416264326591246, 0.22912569270066396, -0.2726993059103242, 0.5355160686614915, -0.902931727160895, -0.7803637637643119, 0.36804643024725525, 0.029307394167312983, 0.1432827432294983, 0.6874139879813108, -0.024524721700651453, 0.6202888442522898, 0.020487258589880097, 0.8534413864805024, 0.333855543079252, -0.7025463211318861, -0.27089364934848836, 0.7315498318881986, -0.29942957828896866, -0.6219484810876903, -0.0547573816684539, -0.21443765035574014, 0.23785985328818726, -0.12646741612097356, -0.47815568541100895, -0.17505557667448635, -0.16193193089539926, 0.8048437117522818, 0.9592325240809707, 0.24713767881382775, -0.8336317548582777, 0.46599743519199, 0.357370804957968, 0.6520457340504391, -0.3050973265778887, -0.8822398116837538, 0.2236436329105842, -0.751970763373456, 0.5190590583266628, 0.5888466351532844, -0.18274642650020412, 0.8875950117660911, -0.6524404124894483, 0.8851716994539605]",rhc,relu,False,False,100,[10],0.1,100,15
1503,3,0.03751040005590767,1.8987166774164101,2230.0,100,15,"[0.9340596780273533, 0.09446449835144466, 0.9453687199297687, 0.4296319873487293, 0.3954576491945416, -0.5678210088392472, 0.9525489095524835, -0.9875394895908203, -0.4940352752331121, -0.13041693519110842, 0.5587658435875049, -0.6046298507994938, 0.7259864711984445, 0.9668013543506255, -0.6723155171906026, 0.19466788786571843, -0.98202780466489, -0.22685743471274122, -0.9116798841370009, 0.9133059354284718, -0.1277067062404047, 0.8979546135631256, 0.5726119718701219, 0.7325785971633969, -0.6536691570081037, -0.850102825973786, 0.2014854427555386, -0.6640556325631923, 0.4667603350211398, -0.18311227969597055, 0.05581764683584067, 0.875143167901884, 0.043392244889916, -0.7836132342255386, -0.6835531856304011, 0.09040530340642561, 0.04880816013694678, 0.2752204882519873, -0.1970091128194542, 0.2996102180386846, -0.20619999419653467, 0.24783222709644614, 0.5348099341802477, -0.6420521799177383, -0.24884846282491524, 0.005066118653868745, 0.3733341598326916, -0.4926407026772337, 0.10948172588511706, 0.24986168812819542, 0.7910023321122921, -0.27429282313374714, 0.2751141460374733, -0.6171071957620733, -0.004411770765388567, -0.6351091908575863, 0.8367660782795254, -0.13635585731754474, 0.6603762041966925, -0.16644739064327485, 0.8093351774867339, -0.19034956537818792, -0.33765099381775454, 0.14427754054549724, 0.6908872981882266, 0.7220286235061439, 0.19137623413666893, -0.8306767779591795, 0.19453321463834983, -0.5090925828337958, 0.46518689717993555, 0.7893025846334776, 0.0294679418262902, 0.20712702072041278, -0.8698643752343853, 0.08014945928561268, -0.7416264326591246, 0.22912569270066396, -0.2726993059103242, 0.5355160686614915, -0.902931727160895, -0.7803637637643119, 0.36804643024725525, 0.029307394167312983, 0.1432827432294983, 0.6874139879813108, -0.024524721700651453, 0.6202888442522898, 0.020487258589880097, 0.8534413864805024, 0.333855543079252, -0.7025463211318861, -0.27089364934848836, 0.7315498318881986, -0.29942957828896866, -0.6219484810876903, -0.0547573816684539, -0.21443765035574014, 0.23785985328818726, -0.12646741612097356, -0.47815568541100895, -0.17505557667448635, -0.16193193089539926, 0.8048437117522818, 0.9592325240809707, 0.24713767881382775, -0.8336317548582777, 0.46599743519199, 0.357370804957968, 0.6520457340504391, -0.3050973265778887, -0.8822398116837538, 0.2236436329105842, -0.751970763373456, 0.5190590583266628, 0.5888466351532844, -0.18274642650020412, 0.8875950117660911, -0.6524404124894483, 0.8851716994539605]",rhc,relu,False,False,100,[10],0.1,100,15
1504,4,0.0403158999979496,1.8987166774164101,2231.0,100,15,"[0.9340596780273533, 0.09446449835144466, 0.9453687199297687, 0.4296319873487293, 0.3954576491945416, -0.5678210088392472, 0.9525489095524835, -0.9875394895908203, -0.4940352752331121, -0.13041693519110842, 0.5587658435875049, -0.6046298507994938, 0.7259864711984445, 0.9668013543506255, -0.6723155171906026, 0.19466788786571843, -0.98202780466489, -0.22685743471274122, -0.9116798841370009, 0.9133059354284718, -0.1277067062404047, 0.8979546135631256, 0.5726119718701219, 0.7325785971633969, -0.6536691570081037, -0.850102825973786, 0.2014854427555386, -0.6640556325631923, 0.4667603350211398, -0.18311227969597055, 0.05581764683584067, 0.875143167901884, 0.043392244889916, -0.7836132342255386, -0.6835531856304011, 0.09040530340642561, 0.04880816013694678, 0.2752204882519873, -0.1970091128194542, 0.2996102180386846, -0.20619999419653467, 0.24783222709644614, 0.5348099341802477, -0.6420521799177383, -0.24884846282491524, 0.005066118653868745, 0.3733341598326916, -0.4926407026772337, 0.10948172588511706, 0.24986168812819542, 0.7910023321122921, -0.27429282313374714, 0.2751141460374733, -0.6171071957620733, -0.004411770765388567, -0.6351091908575863, 0.8367660782795254, -0.13635585731754474, 0.6603762041966925, -0.16644739064327485, 0.8093351774867339, -0.19034956537818792, -0.33765099381775454, 0.14427754054549724, 0.6908872981882266, 0.7220286235061439, 0.19137623413666893, -0.8306767779591795, 0.19453321463834983, -0.5090925828337958, 0.46518689717993555, 0.7893025846334776, 0.0294679418262902, 0.20712702072041278, -0.8698643752343853, 0.08014945928561268, -0.7416264326591246, 0.22912569270066396, -0.2726993059103242, 0.5355160686614915, -0.902931727160895, -0.7803637637643119, 0.36804643024725525, 0.029307394167312983, 0.1432827432294983, 0.6874139879813108, -0.024524721700651453, 0.6202888442522898, 0.020487258589880097, 0.8534413864805024, 0.333855543079252, -0.7025463211318861, -0.27089364934848836, 0.7315498318881986, -0.29942957828896866, -0.6219484810876903, -0.0547573816684539, -0.21443765035574014, 0.23785985328818726, -0.12646741612097356, -0.47815568541100895, -0.17505557667448635, -0.16193193089539926, 0.8048437117522818, 0.9592325240809707, 0.24713767881382775, -0.8336317548582777, 0.46599743519199, 0.357370804957968, 0.6520457340504391, -0.3050973265778887, -0.8822398116837538, 0.2236436329105842, -0.751970763373456, 0.5190590583266628, 0.5888466351532844, -0.18274642650020412, 0.8875950117660911, -0.6524404124894483, 0.8851716994539605]",rhc,relu,False,False,100,[10],0.1,100,15
1505,5,0.041674000094644725,1.896862694630461,2233.0,100,15,"[0.9340596780273533, 0.09446449835144466, 0.9453687199297687, 0.4296319873487293, 0.3954576491945416, -0.5678210088392472, 0.9525489095524835, -0.9875394895908203, -0.4940352752331121, -0.13041693519110842, 0.5587658435875049, -0.6046298507994938, 0.7259864711984445, 0.9668013543506255, -0.6723155171906026, 0.19466788786571843, -0.98202780466489, -0.22685743471274122, -0.9116798841370009, 0.9133059354284718, -0.1277067062404047, 0.8979546135631256, 0.5726119718701219, 0.7325785971633969, -0.6536691570081037, -0.850102825973786, 0.2014854427555386, -0.6640556325631923, 0.4667603350211398, -0.18311227969597055, 0.05581764683584067, 0.875143167901884, 0.043392244889916, -0.7836132342255386, -0.6835531856304011, 0.09040530340642561, 0.04880816013694678, 0.2752204882519873, -0.1970091128194542, 0.2996102180386846, -0.20619999419653467, 0.24783222709644614, 0.5348099341802477, -0.6420521799177383, -0.24884846282491524, 0.005066118653868745, 0.3733341598326916, -0.4926407026772337, 0.10948172588511706, 0.24986168812819542, 0.7910023321122921, -0.27429282313374714, 0.2751141460374733, -0.6171071957620733, -0.004411770765388567, -0.6351091908575863, 0.8367660782795254, -0.13635585731754474, 0.6603762041966925, -0.16644739064327485, 0.8093351774867339, -0.19034956537818792, -0.33765099381775454, 0.14427754054549724, 0.6908872981882266, 0.7220286235061439, 0.19137623413666893, -0.8306767779591795, 0.19453321463834983, -0.5090925828337958, 0.46518689717993555, 0.7893025846334776, 0.0294679418262902, 0.20712702072041278, -0.8698643752343853, 0.08014945928561268, -0.7416264326591246, 0.22912569270066396, -0.2726993059103242, 0.5355160686614915, -0.902931727160895, -0.7803637637643119, 0.36804643024725525, 0.029307394167312983, 0.1432827432294983, 0.6874139879813108, -0.024524721700651453, 0.6202888442522898, 0.020487258589880097, 0.8534413864805024, 0.333855543079252, -0.7025463211318861, -0.27089364934848836, 0.7315498318881986, -0.29942957828896866, -0.6219484810876903, -0.0547573816684539, -0.21443765035574014, 0.23785985328818726, -0.12646741612097356, -0.47815568541100895, -0.17505557667448635, -0.16193193089539926, 0.8048437117522818, 0.9592325240809707, 0.24713767881382775, -0.8336317548582777, 0.46599743519199, 0.357370804957968, 0.6520457340504391, -0.3050973265778887, -0.8822398116837538, 0.2236436329105842, -0.751970763373456, 0.5190590583266628, 0.5888466351532844, -0.18274642650020412, 0.8875950117660911, -0.6524404124894483, 0.8851716994539605]",rhc,relu,False,False,100,[10],0.1,100,15
1506,6,0.04435340000782162,1.896862694630461,2234.0,100,15,"[0.9340596780273533, 0.09446449835144466, 0.9453687199297687, 0.4296319873487293, 0.3954576491945416, -0.5678210088392472, 0.9525489095524835, -0.9875394895908203, -0.4940352752331121, -0.13041693519110842, 0.5587658435875049, -0.6046298507994938, 0.7259864711984445, 0.9668013543506255, -0.6723155171906026, 0.19466788786571843, -0.98202780466489, -0.22685743471274122, -0.9116798841370009, 0.9133059354284718, -0.1277067062404047, 0.8979546135631256, 0.5726119718701219, 0.7325785971633969, -0.6536691570081037, -0.850102825973786, 0.2014854427555386, -0.6640556325631923, 0.4667603350211398, -0.18311227969597055, 0.05581764683584067, 0.875143167901884, 0.043392244889916, -0.7836132342255386, -0.6835531856304011, 0.09040530340642561, 0.04880816013694678, 0.2752204882519873, -0.1970091128194542, 0.2996102180386846, -0.20619999419653467, 0.24783222709644614, 0.5348099341802477, -0.6420521799177383, -0.24884846282491524, 0.005066118653868745, 0.3733341598326916, -0.4926407026772337, 0.10948172588511706, 0.24986168812819542, 0.7910023321122921, -0.27429282313374714, 0.2751141460374733, -0.6171071957620733, -0.004411770765388567, -0.6351091908575863, 0.8367660782795254, -0.13635585731754474, 0.6603762041966925, -0.16644739064327485, 0.8093351774867339, -0.19034956537818792, -0.33765099381775454, 0.14427754054549724, 0.6908872981882266, 0.7220286235061439, 0.19137623413666893, -0.8306767779591795, 0.19453321463834983, -0.5090925828337958, 0.46518689717993555, 0.7893025846334776, 0.0294679418262902, 0.20712702072041278, -0.8698643752343853, 0.08014945928561268, -0.7416264326591246, 0.22912569270066396, -0.2726993059103242, 0.5355160686614915, -0.902931727160895, -0.7803637637643119, 0.36804643024725525, 0.029307394167312983, 0.1432827432294983, 0.6874139879813108, -0.024524721700651453, 0.6202888442522898, 0.020487258589880097, 0.8534413864805024, 0.333855543079252, -0.7025463211318861, -0.27089364934848836, 0.7315498318881986, -0.29942957828896866, -0.6219484810876903, -0.0547573816684539, -0.21443765035574014, 0.23785985328818726, -0.12646741612097356, -0.47815568541100895, -0.17505557667448635, -0.16193193089539926, 0.8048437117522818, 0.9592325240809707, 0.24713767881382775, -0.8336317548582777, 0.46599743519199, 0.357370804957968, 0.6520457340504391, -0.3050973265778887, -0.8822398116837538, 0.2236436329105842, -0.751970763373456, 0.5190590583266628, 0.5888466351532844, -0.18274642650020412, 0.8875950117660911, -0.6524404124894483, 0.8851716994539605]",rhc,relu,False,False,100,[10],0.1,100,15
1507,7,0.04734460008330643,1.894511271173834,2236.0,100,15,"[0.9340596780273533, 0.09446449835144466, 0.9453687199297687, 0.4296319873487293, 0.3954576491945416, -0.5678210088392472, 0.9525489095524835, -0.9875394895908203, -0.4940352752331121, -0.13041693519110842, 0.5587658435875049, -0.6046298507994938, 0.7259864711984445, 0.9668013543506255, -0.6723155171906026, 0.19466788786571843, -0.98202780466489, -0.22685743471274122, -0.9116798841370009, 0.9133059354284718, -0.1277067062404047, 0.8979546135631256, 0.5726119718701219, 0.7325785971633969, -0.6536691570081037, -0.850102825973786, 0.2014854427555386, -0.6640556325631923, 0.4667603350211398, -0.18311227969597055, 0.05581764683584067, 0.875143167901884, 0.043392244889916, -0.7836132342255386, -0.6835531856304011, 0.09040530340642561, 0.04880816013694678, 0.2752204882519873, -0.1970091128194542, 0.2996102180386846, -0.20619999419653467, 0.24783222709644614, 0.5348099341802477, -0.6420521799177383, -0.24884846282491524, 0.005066118653868745, 0.3733341598326916, -0.4926407026772337, 0.10948172588511706, 0.24986168812819542, 0.7910023321122921, -0.27429282313374714, 0.2751141460374733, -0.6171071957620733, -0.004411770765388567, -0.6351091908575863, 0.8367660782795254, -0.13635585731754474, 0.6603762041966925, -0.16644739064327485, 0.8093351774867339, -0.19034956537818792, -0.33765099381775454, 0.14427754054549724, 0.6908872981882266, 0.7220286235061439, 0.19137623413666893, -0.8306767779591795, 0.19453321463834983, -0.5090925828337958, 0.46518689717993555, 0.7893025846334776, 0.0294679418262902, 0.20712702072041278, -0.8698643752343853, 0.08014945928561268, -0.7416264326591246, 0.22912569270066396, -0.2726993059103242, 0.5355160686614915, -0.902931727160895, -0.7803637637643119, 0.36804643024725525, 0.029307394167312983, 0.1432827432294983, 0.6874139879813108, -0.024524721700651453, 0.6202888442522898, 0.020487258589880097, 0.8534413864805024, 0.333855543079252, -0.7025463211318861, -0.27089364934848836, 0.7315498318881986, -0.29942957828896866, -0.6219484810876903, -0.0547573816684539, -0.21443765035574014, 0.23785985328818726, -0.12646741612097356, -0.47815568541100895, -0.17505557667448635, -0.16193193089539926, 0.8048437117522818, 0.9592325240809707, 0.24713767881382775, -0.8336317548582777, 0.46599743519199, 0.357370804957968, 0.6520457340504391, -0.3050973265778887, -0.8822398116837538, 0.2236436329105842, -0.751970763373456, 0.5190590583266628, 0.5888466351532844, -0.18274642650020412, 0.8875950117660911, -0.6524404124894483, 0.8851716994539605]",rhc,relu,False,False,100,[10],0.1,100,15
1508,8,0.049982900032773614,1.894511271173834,2237.0,100,15,"[0.9340596780273533, 0.09446449835144466, 0.9453687199297687, 0.4296319873487293, 0.3954576491945416, -0.5678210088392472, 0.9525489095524835, -0.9875394895908203, -0.4940352752331121, -0.13041693519110842, 0.5587658435875049, -0.6046298507994938, 0.7259864711984445, 0.9668013543506255, -0.6723155171906026, 0.19466788786571843, -0.98202780466489, -0.22685743471274122, -0.9116798841370009, 0.9133059354284718, -0.1277067062404047, 0.8979546135631256, 0.5726119718701219, 0.7325785971633969, -0.6536691570081037, -0.850102825973786, 0.2014854427555386, -0.6640556325631923, 0.4667603350211398, -0.18311227969597055, 0.05581764683584067, 0.875143167901884, 0.043392244889916, -0.7836132342255386, -0.6835531856304011, 0.09040530340642561, 0.04880816013694678, 0.2752204882519873, -0.1970091128194542, 0.2996102180386846, -0.20619999419653467, 0.24783222709644614, 0.5348099341802477, -0.6420521799177383, -0.24884846282491524, 0.005066118653868745, 0.3733341598326916, -0.4926407026772337, 0.10948172588511706, 0.24986168812819542, 0.7910023321122921, -0.27429282313374714, 0.2751141460374733, -0.6171071957620733, -0.004411770765388567, -0.6351091908575863, 0.8367660782795254, -0.13635585731754474, 0.6603762041966925, -0.16644739064327485, 0.8093351774867339, -0.19034956537818792, -0.33765099381775454, 0.14427754054549724, 0.6908872981882266, 0.7220286235061439, 0.19137623413666893, -0.8306767779591795, 0.19453321463834983, -0.5090925828337958, 0.46518689717993555, 0.7893025846334776, 0.0294679418262902, 0.20712702072041278, -0.8698643752343853, 0.08014945928561268, -0.7416264326591246, 0.22912569270066396, -0.2726993059103242, 0.5355160686614915, -0.902931727160895, -0.7803637637643119, 0.36804643024725525, 0.029307394167312983, 0.1432827432294983, 0.6874139879813108, -0.024524721700651453, 0.6202888442522898, 0.020487258589880097, 0.8534413864805024, 0.333855543079252, -0.7025463211318861, -0.27089364934848836, 0.7315498318881986, -0.29942957828896866, -0.6219484810876903, -0.0547573816684539, -0.21443765035574014, 0.23785985328818726, -0.12646741612097356, -0.47815568541100895, -0.17505557667448635, -0.16193193089539926, 0.8048437117522818, 0.9592325240809707, 0.24713767881382775, -0.8336317548582777, 0.46599743519199, 0.357370804957968, 0.6520457340504391, -0.3050973265778887, -0.8822398116837538, 0.2236436329105842, -0.751970763373456, 0.5190590583266628, 0.5888466351532844, -0.18274642650020412, 0.8875950117660911, -0.6524404124894483, 0.8851716994539605]",rhc,relu,False,False,100,[10],0.1,100,15
1509,9,0.05281060002744198,1.8938163822851493,2239.0,100,15,"[0.9340596780273533, 0.09446449835144466, 0.9453687199297687, 0.4296319873487293, 0.3954576491945416, -0.5678210088392472, 0.9525489095524835, -0.9875394895908203, -0.4940352752331121, -0.13041693519110842, 0.5587658435875049, -0.6046298507994938, 0.7259864711984445, 0.9668013543506255, -0.6723155171906026, 0.19466788786571843, -0.98202780466489, -0.22685743471274122, -0.9116798841370009, 0.9133059354284718, -0.1277067062404047, 0.8979546135631256, 0.5726119718701219, 0.7325785971633969, -0.6536691570081037, -0.850102825973786, 0.2014854427555386, -0.6640556325631923, 0.4667603350211398, -0.18311227969597055, 0.05581764683584067, 0.875143167901884, 0.043392244889916, -0.7836132342255386, -0.6835531856304011, 0.09040530340642561, 0.04880816013694678, 0.2752204882519873, -0.1970091128194542, 0.2996102180386846, -0.20619999419653467, 0.24783222709644614, 0.5348099341802477, -0.6420521799177383, -0.24884846282491524, 0.005066118653868745, 0.3733341598326916, -0.4926407026772337, 0.10948172588511706, 0.24986168812819542, 0.7910023321122921, -0.27429282313374714, 0.2751141460374733, -0.6171071957620733, -0.004411770765388567, -0.6351091908575863, 0.8367660782795254, -0.13635585731754474, 0.6603762041966925, -0.16644739064327485, 0.8093351774867339, -0.19034956537818792, -0.33765099381775454, 0.14427754054549724, 0.6908872981882266, 0.7220286235061439, 0.19137623413666893, -0.8306767779591795, 0.19453321463834983, -0.5090925828337958, 0.46518689717993555, 0.7893025846334776, 0.0294679418262902, 0.20712702072041278, -0.8698643752343853, 0.08014945928561268, -0.7416264326591246, 0.22912569270066396, -0.2726993059103242, 0.5355160686614915, -0.902931727160895, -0.7803637637643119, 0.36804643024725525, 0.029307394167312983, 0.1432827432294983, 0.6874139879813108, -0.024524721700651453, 0.6202888442522898, 0.020487258589880097, 0.8534413864805024, 0.333855543079252, -0.7025463211318861, -0.27089364934848836, 0.7315498318881986, -0.29942957828896866, -0.6219484810876903, -0.0547573816684539, -0.21443765035574014, 0.23785985328818726, -0.12646741612097356, -0.47815568541100895, -0.17505557667448635, -0.16193193089539926, 0.8048437117522818, 0.9592325240809707, 0.24713767881382775, -0.8336317548582777, 0.46599743519199, 0.357370804957968, 0.6520457340504391, -0.3050973265778887, -0.8822398116837538, 0.2236436329105842, -0.751970763373456, 0.5190590583266628, 0.5888466351532844, -0.18274642650020412, 0.8875950117660911, -0.6524404124894483, 0.8851716994539605]",rhc,relu,False,False,100,[10],0.1,100,15
1510,10,0.054268900072202086,1.8892796346345415,2241.0,100,15,"[0.9340596780273533, 0.09446449835144466, 0.9453687199297687, 0.4296319873487293, 0.3954576491945416, -0.5678210088392472, 0.9525489095524835, -0.9875394895908203, -0.4940352752331121, -0.13041693519110842, 0.5587658435875049, -0.6046298507994938, 0.7259864711984445, 0.9668013543506255, -0.6723155171906026, 0.19466788786571843, -0.98202780466489, -0.22685743471274122, -0.9116798841370009, 0.9133059354284718, -0.1277067062404047, 0.8979546135631256, 0.5726119718701219, 0.7325785971633969, -0.6536691570081037, -0.850102825973786, 0.2014854427555386, -0.6640556325631923, 0.4667603350211398, -0.18311227969597055, 0.05581764683584067, 0.875143167901884, 0.043392244889916, -0.7836132342255386, -0.6835531856304011, 0.09040530340642561, 0.04880816013694678, 0.2752204882519873, -0.1970091128194542, 0.2996102180386846, -0.20619999419653467, 0.24783222709644614, 0.5348099341802477, -0.6420521799177383, -0.24884846282491524, 0.005066118653868745, 0.3733341598326916, -0.4926407026772337, 0.10948172588511706, 0.24986168812819542, 0.7910023321122921, -0.27429282313374714, 0.2751141460374733, -0.6171071957620733, -0.004411770765388567, -0.6351091908575863, 0.8367660782795254, -0.13635585731754474, 0.6603762041966925, -0.16644739064327485, 0.8093351774867339, -0.19034956537818792, -0.33765099381775454, 0.14427754054549724, 0.6908872981882266, 0.7220286235061439, 0.19137623413666893, -0.8306767779591795, 0.19453321463834983, -0.5090925828337958, 0.46518689717993555, 0.7893025846334776, 0.0294679418262902, 0.20712702072041278, -0.8698643752343853, 0.08014945928561268, -0.7416264326591246, 0.22912569270066396, -0.2726993059103242, 0.5355160686614915, -0.902931727160895, -0.7803637637643119, 0.36804643024725525, 0.029307394167312983, 0.1432827432294983, 0.6874139879813108, -0.024524721700651453, 0.6202888442522898, 0.020487258589880097, 0.8534413864805024, 0.333855543079252, -0.7025463211318861, -0.27089364934848836, 0.7315498318881986, -0.29942957828896866, -0.6219484810876903, -0.0547573816684539, -0.21443765035574014, 0.23785985328818726, -0.12646741612097356, -0.47815568541100895, -0.17505557667448635, -0.16193193089539926, 0.8048437117522818, 0.9592325240809707, 0.24713767881382775, -0.8336317548582777, 0.46599743519199, 0.357370804957968, 0.6520457340504391, -0.3050973265778887, -0.8822398116837538, 0.2236436329105842, -0.751970763373456, 0.5190590583266628, 0.5888466351532844, -0.18274642650020412, 0.8875950117660911, -0.6524404124894483, 0.8851716994539605]",rhc,relu,False,False,100,[10],0.1,100,15
1511,11,0.05699730000924319,1.8892796346345415,2242.0,100,15,"[0.9340596780273533, 0.09446449835144466, 0.9453687199297687, 0.4296319873487293, 0.3954576491945416, -0.5678210088392472, 0.9525489095524835, -0.9875394895908203, -0.4940352752331121, -0.13041693519110842, 0.5587658435875049, -0.6046298507994938, 0.7259864711984445, 0.9668013543506255, -0.6723155171906026, 0.19466788786571843, -0.98202780466489, -0.22685743471274122, -0.9116798841370009, 0.9133059354284718, -0.1277067062404047, 0.8979546135631256, 0.5726119718701219, 0.7325785971633969, -0.6536691570081037, -0.850102825973786, 0.2014854427555386, -0.6640556325631923, 0.4667603350211398, -0.18311227969597055, 0.05581764683584067, 0.875143167901884, 0.043392244889916, -0.7836132342255386, -0.6835531856304011, 0.09040530340642561, 0.04880816013694678, 0.2752204882519873, -0.1970091128194542, 0.2996102180386846, -0.20619999419653467, 0.24783222709644614, 0.5348099341802477, -0.6420521799177383, -0.24884846282491524, 0.005066118653868745, 0.3733341598326916, -0.4926407026772337, 0.10948172588511706, 0.24986168812819542, 0.7910023321122921, -0.27429282313374714, 0.2751141460374733, -0.6171071957620733, -0.004411770765388567, -0.6351091908575863, 0.8367660782795254, -0.13635585731754474, 0.6603762041966925, -0.16644739064327485, 0.8093351774867339, -0.19034956537818792, -0.33765099381775454, 0.14427754054549724, 0.6908872981882266, 0.7220286235061439, 0.19137623413666893, -0.8306767779591795, 0.19453321463834983, -0.5090925828337958, 0.46518689717993555, 0.7893025846334776, 0.0294679418262902, 0.20712702072041278, -0.8698643752343853, 0.08014945928561268, -0.7416264326591246, 0.22912569270066396, -0.2726993059103242, 0.5355160686614915, -0.902931727160895, -0.7803637637643119, 0.36804643024725525, 0.029307394167312983, 0.1432827432294983, 0.6874139879813108, -0.024524721700651453, 0.6202888442522898, 0.020487258589880097, 0.8534413864805024, 0.333855543079252, -0.7025463211318861, -0.27089364934848836, 0.7315498318881986, -0.29942957828896866, -0.6219484810876903, -0.0547573816684539, -0.21443765035574014, 0.23785985328818726, -0.12646741612097356, -0.47815568541100895, -0.17505557667448635, -0.16193193089539926, 0.8048437117522818, 0.9592325240809707, 0.24713767881382775, -0.8336317548582777, 0.46599743519199, 0.357370804957968, 0.6520457340504391, -0.3050973265778887, -0.8822398116837538, 0.2236436329105842, -0.751970763373456, 0.5190590583266628, 0.5888466351532844, -0.18274642650020412, 0.8875950117660911, -0.6524404124894483, 0.8851716994539605]",rhc,relu,False,False,100,[10],0.1,100,15
1512,12,0.05975670006591827,1.8892796346345415,2243.0,100,15,"[0.9340596780273533, 0.09446449835144466, 0.9453687199297687, 0.4296319873487293, 0.3954576491945416, -0.5678210088392472, 0.9525489095524835, -0.9875394895908203, -0.4940352752331121, -0.13041693519110842, 0.5587658435875049, -0.6046298507994938, 0.7259864711984445, 0.9668013543506255, -0.6723155171906026, 0.19466788786571843, -0.98202780466489, -0.22685743471274122, -0.9116798841370009, 0.9133059354284718, -0.1277067062404047, 0.8979546135631256, 0.5726119718701219, 0.7325785971633969, -0.6536691570081037, -0.850102825973786, 0.2014854427555386, -0.6640556325631923, 0.4667603350211398, -0.18311227969597055, 0.05581764683584067, 0.875143167901884, 0.043392244889916, -0.7836132342255386, -0.6835531856304011, 0.09040530340642561, 0.04880816013694678, 0.2752204882519873, -0.1970091128194542, 0.2996102180386846, -0.20619999419653467, 0.24783222709644614, 0.5348099341802477, -0.6420521799177383, -0.24884846282491524, 0.005066118653868745, 0.3733341598326916, -0.4926407026772337, 0.10948172588511706, 0.24986168812819542, 0.7910023321122921, -0.27429282313374714, 0.2751141460374733, -0.6171071957620733, -0.004411770765388567, -0.6351091908575863, 0.8367660782795254, -0.13635585731754474, 0.6603762041966925, -0.16644739064327485, 0.8093351774867339, -0.19034956537818792, -0.33765099381775454, 0.14427754054549724, 0.6908872981882266, 0.7220286235061439, 0.19137623413666893, -0.8306767779591795, 0.19453321463834983, -0.5090925828337958, 0.46518689717993555, 0.7893025846334776, 0.0294679418262902, 0.20712702072041278, -0.8698643752343853, 0.08014945928561268, -0.7416264326591246, 0.22912569270066396, -0.2726993059103242, 0.5355160686614915, -0.902931727160895, -0.7803637637643119, 0.36804643024725525, 0.029307394167312983, 0.1432827432294983, 0.6874139879813108, -0.024524721700651453, 0.6202888442522898, 0.020487258589880097, 0.8534413864805024, 0.333855543079252, -0.7025463211318861, -0.27089364934848836, 0.7315498318881986, -0.29942957828896866, -0.6219484810876903, -0.0547573816684539, -0.21443765035574014, 0.23785985328818726, -0.12646741612097356, -0.47815568541100895, -0.17505557667448635, -0.16193193089539926, 0.8048437117522818, 0.9592325240809707, 0.24713767881382775, -0.8336317548582777, 0.46599743519199, 0.357370804957968, 0.6520457340504391, -0.3050973265778887, -0.8822398116837538, 0.2236436329105842, -0.751970763373456, 0.5190590583266628, 0.5888466351532844, -0.18274642650020412, 0.8875950117660911, -0.6524404124894483, 0.8851716994539605]",rhc,relu,False,False,100,[10],0.1,100,15
1513,13,0.06276760005857795,1.8892796346345415,2244.0,100,15,"[0.9340596780273533, 0.09446449835144466, 0.9453687199297687, 0.4296319873487293, 0.3954576491945416, -0.5678210088392472, 0.9525489095524835, -0.9875394895908203, -0.4940352752331121, -0.13041693519110842, 0.5587658435875049, -0.6046298507994938, 0.7259864711984445, 0.9668013543506255, -0.6723155171906026, 0.19466788786571843, -0.98202780466489, -0.22685743471274122, -0.9116798841370009, 0.9133059354284718, -0.1277067062404047, 0.8979546135631256, 0.5726119718701219, 0.7325785971633969, -0.6536691570081037, -0.850102825973786, 0.2014854427555386, -0.6640556325631923, 0.4667603350211398, -0.18311227969597055, 0.05581764683584067, 0.875143167901884, 0.043392244889916, -0.7836132342255386, -0.6835531856304011, 0.09040530340642561, 0.04880816013694678, 0.2752204882519873, -0.1970091128194542, 0.2996102180386846, -0.20619999419653467, 0.24783222709644614, 0.5348099341802477, -0.6420521799177383, -0.24884846282491524, 0.005066118653868745, 0.3733341598326916, -0.4926407026772337, 0.10948172588511706, 0.24986168812819542, 0.7910023321122921, -0.27429282313374714, 0.2751141460374733, -0.6171071957620733, -0.004411770765388567, -0.6351091908575863, 0.8367660782795254, -0.13635585731754474, 0.6603762041966925, -0.16644739064327485, 0.8093351774867339, -0.19034956537818792, -0.33765099381775454, 0.14427754054549724, 0.6908872981882266, 0.7220286235061439, 0.19137623413666893, -0.8306767779591795, 0.19453321463834983, -0.5090925828337958, 0.46518689717993555, 0.7893025846334776, 0.0294679418262902, 0.20712702072041278, -0.8698643752343853, 0.08014945928561268, -0.7416264326591246, 0.22912569270066396, -0.2726993059103242, 0.5355160686614915, -0.902931727160895, -0.7803637637643119, 0.36804643024725525, 0.029307394167312983, 0.1432827432294983, 0.6874139879813108, -0.024524721700651453, 0.6202888442522898, 0.020487258589880097, 0.8534413864805024, 0.333855543079252, -0.7025463211318861, -0.27089364934848836, 0.7315498318881986, -0.29942957828896866, -0.6219484810876903, -0.0547573816684539, -0.21443765035574014, 0.23785985328818726, -0.12646741612097356, -0.47815568541100895, -0.17505557667448635, -0.16193193089539926, 0.8048437117522818, 0.9592325240809707, 0.24713767881382775, -0.8336317548582777, 0.46599743519199, 0.357370804957968, 0.6520457340504391, -0.3050973265778887, -0.8822398116837538, 0.2236436329105842, -0.751970763373456, 0.5190590583266628, 0.5888466351532844, -0.18274642650020412, 0.8875950117660911, -0.6524404124894483, 0.8851716994539605]",rhc,relu,False,False,100,[10],0.1,100,15
1514,14,0.06632550002541393,1.8892796346345415,2245.0,100,15,"[0.9340596780273533, 0.09446449835144466, 0.9453687199297687, 0.4296319873487293, 0.3954576491945416, -0.5678210088392472, 0.9525489095524835, -0.9875394895908203, -0.4940352752331121, -0.13041693519110842, 0.5587658435875049, -0.6046298507994938, 0.7259864711984445, 0.9668013543506255, -0.6723155171906026, 0.19466788786571843, -0.98202780466489, -0.22685743471274122, -0.9116798841370009, 0.9133059354284718, -0.1277067062404047, 0.8979546135631256, 0.5726119718701219, 0.7325785971633969, -0.6536691570081037, -0.850102825973786, 0.2014854427555386, -0.6640556325631923, 0.4667603350211398, -0.18311227969597055, 0.05581764683584067, 0.875143167901884, 0.043392244889916, -0.7836132342255386, -0.6835531856304011, 0.09040530340642561, 0.04880816013694678, 0.2752204882519873, -0.1970091128194542, 0.2996102180386846, -0.20619999419653467, 0.24783222709644614, 0.5348099341802477, -0.6420521799177383, -0.24884846282491524, 0.005066118653868745, 0.3733341598326916, -0.4926407026772337, 0.10948172588511706, 0.24986168812819542, 0.7910023321122921, -0.27429282313374714, 0.2751141460374733, -0.6171071957620733, -0.004411770765388567, -0.6351091908575863, 0.8367660782795254, -0.13635585731754474, 0.6603762041966925, -0.16644739064327485, 0.8093351774867339, -0.19034956537818792, -0.33765099381775454, 0.14427754054549724, 0.6908872981882266, 0.7220286235061439, 0.19137623413666893, -0.8306767779591795, 0.19453321463834983, -0.5090925828337958, 0.46518689717993555, 0.7893025846334776, 0.0294679418262902, 0.20712702072041278, -0.8698643752343853, 0.08014945928561268, -0.7416264326591246, 0.22912569270066396, -0.2726993059103242, 0.5355160686614915, -0.902931727160895, -0.7803637637643119, 0.36804643024725525, 0.029307394167312983, 0.1432827432294983, 0.6874139879813108, -0.024524721700651453, 0.6202888442522898, 0.020487258589880097, 0.8534413864805024, 0.333855543079252, -0.7025463211318861, -0.27089364934848836, 0.7315498318881986, -0.29942957828896866, -0.6219484810876903, -0.0547573816684539, -0.21443765035574014, 0.23785985328818726, -0.12646741612097356, -0.47815568541100895, -0.17505557667448635, -0.16193193089539926, 0.8048437117522818, 0.9592325240809707, 0.24713767881382775, -0.8336317548582777, 0.46599743519199, 0.357370804957968, 0.6520457340504391, -0.3050973265778887, -0.8822398116837538, 0.2236436329105842, -0.751970763373456, 0.5190590583266628, 0.5888466351532844, -0.18274642650020412, 0.8875950117660911, -0.6524404124894483, 0.8851716994539605]",rhc,relu,False,False,100,[10],0.1,100,15
1515,15,0.06922320008743554,1.8887531474235648,2247.0,100,15,"[0.9340596780273533, 0.09446449835144466, 0.9453687199297687, 0.4296319873487293, 0.3954576491945416, -0.5678210088392472, 0.9525489095524835, -0.9875394895908203, -0.4940352752331121, -0.13041693519110842, 0.5587658435875049, -0.6046298507994938, 0.7259864711984445, 0.9668013543506255, -0.6723155171906026, 0.19466788786571843, -0.98202780466489, -0.22685743471274122, -0.9116798841370009, 0.9133059354284718, -0.1277067062404047, 0.8979546135631256, 0.5726119718701219, 0.7325785971633969, -0.6536691570081037, -0.850102825973786, 0.2014854427555386, -0.6640556325631923, 0.4667603350211398, -0.18311227969597055, 0.05581764683584067, 0.875143167901884, 0.043392244889916, -0.7836132342255386, -0.6835531856304011, 0.09040530340642561, 0.04880816013694678, 0.2752204882519873, -0.1970091128194542, 0.2996102180386846, -0.20619999419653467, 0.24783222709644614, 0.5348099341802477, -0.6420521799177383, -0.24884846282491524, 0.005066118653868745, 0.3733341598326916, -0.4926407026772337, 0.10948172588511706, 0.24986168812819542, 0.7910023321122921, -0.27429282313374714, 0.2751141460374733, -0.6171071957620733, -0.004411770765388567, -0.6351091908575863, 0.8367660782795254, -0.13635585731754474, 0.6603762041966925, -0.16644739064327485, 0.8093351774867339, -0.19034956537818792, -0.33765099381775454, 0.14427754054549724, 0.6908872981882266, 0.7220286235061439, 0.19137623413666893, -0.8306767779591795, 0.19453321463834983, -0.5090925828337958, 0.46518689717993555, 0.7893025846334776, 0.0294679418262902, 0.20712702072041278, -0.8698643752343853, 0.08014945928561268, -0.7416264326591246, 0.22912569270066396, -0.2726993059103242, 0.5355160686614915, -0.902931727160895, -0.7803637637643119, 0.36804643024725525, 0.029307394167312983, 0.1432827432294983, 0.6874139879813108, -0.024524721700651453, 0.6202888442522898, 0.020487258589880097, 0.8534413864805024, 0.333855543079252, -0.7025463211318861, -0.27089364934848836, 0.7315498318881986, -0.29942957828896866, -0.6219484810876903, -0.0547573816684539, -0.21443765035574014, 0.23785985328818726, -0.12646741612097356, -0.47815568541100895, -0.17505557667448635, -0.16193193089539926, 0.8048437117522818, 0.9592325240809707, 0.24713767881382775, -0.8336317548582777, 0.46599743519199, 0.357370804957968, 0.6520457340504391, -0.3050973265778887, -0.8822398116837538, 0.2236436329105842, -0.751970763373456, 0.5190590583266628, 0.5888466351532844, -0.18274642650020412, 0.8875950117660911, -0.6524404124894483, 0.8851716994539605]",rhc,relu,False,False,100,[10],0.1,100,15
1516,16,0.07063110009767115,1.8887531474235648,2248.0,100,15,"[0.9340596780273533, 0.09446449835144466, 0.9453687199297687, 0.4296319873487293, 0.3954576491945416, -0.5678210088392472, 0.9525489095524835, -0.9875394895908203, -0.4940352752331121, -0.13041693519110842, 0.5587658435875049, -0.6046298507994938, 0.7259864711984445, 0.9668013543506255, -0.6723155171906026, 0.19466788786571843, -0.98202780466489, -0.22685743471274122, -0.9116798841370009, 0.9133059354284718, -0.1277067062404047, 0.8979546135631256, 0.5726119718701219, 0.7325785971633969, -0.6536691570081037, -0.850102825973786, 0.2014854427555386, -0.6640556325631923, 0.4667603350211398, -0.18311227969597055, 0.05581764683584067, 0.875143167901884, 0.043392244889916, -0.7836132342255386, -0.6835531856304011, 0.09040530340642561, 0.04880816013694678, 0.2752204882519873, -0.1970091128194542, 0.2996102180386846, -0.20619999419653467, 0.24783222709644614, 0.5348099341802477, -0.6420521799177383, -0.24884846282491524, 0.005066118653868745, 0.3733341598326916, -0.4926407026772337, 0.10948172588511706, 0.24986168812819542, 0.7910023321122921, -0.27429282313374714, 0.2751141460374733, -0.6171071957620733, -0.004411770765388567, -0.6351091908575863, 0.8367660782795254, -0.13635585731754474, 0.6603762041966925, -0.16644739064327485, 0.8093351774867339, -0.19034956537818792, -0.33765099381775454, 0.14427754054549724, 0.6908872981882266, 0.7220286235061439, 0.19137623413666893, -0.8306767779591795, 0.19453321463834983, -0.5090925828337958, 0.46518689717993555, 0.7893025846334776, 0.0294679418262902, 0.20712702072041278, -0.8698643752343853, 0.08014945928561268, -0.7416264326591246, 0.22912569270066396, -0.2726993059103242, 0.5355160686614915, -0.902931727160895, -0.7803637637643119, 0.36804643024725525, 0.029307394167312983, 0.1432827432294983, 0.6874139879813108, -0.024524721700651453, 0.6202888442522898, 0.020487258589880097, 0.8534413864805024, 0.333855543079252, -0.7025463211318861, -0.27089364934848836, 0.7315498318881986, -0.29942957828896866, -0.6219484810876903, -0.0547573816684539, -0.21443765035574014, 0.23785985328818726, -0.12646741612097356, -0.47815568541100895, -0.17505557667448635, -0.16193193089539926, 0.8048437117522818, 0.9592325240809707, 0.24713767881382775, -0.8336317548582777, 0.46599743519199, 0.357370804957968, 0.6520457340504391, -0.3050973265778887, -0.8822398116837538, 0.2236436329105842, -0.751970763373456, 0.5190590583266628, 0.5888466351532844, -0.18274642650020412, 0.8875950117660911, -0.6524404124894483, 0.8851716994539605]",rhc,relu,False,False,100,[10],0.1,100,15
1517,17,0.07200020004529506,1.8887531474235648,2249.0,100,15,"[0.9340596780273533, 0.09446449835144466, 0.9453687199297687, 0.4296319873487293, 0.3954576491945416, -0.5678210088392472, 0.9525489095524835, -0.9875394895908203, -0.4940352752331121, -0.13041693519110842, 0.5587658435875049, -0.6046298507994938, 0.7259864711984445, 0.9668013543506255, -0.6723155171906026, 0.19466788786571843, -0.98202780466489, -0.22685743471274122, -0.9116798841370009, 0.9133059354284718, -0.1277067062404047, 0.8979546135631256, 0.5726119718701219, 0.7325785971633969, -0.6536691570081037, -0.850102825973786, 0.2014854427555386, -0.6640556325631923, 0.4667603350211398, -0.18311227969597055, 0.05581764683584067, 0.875143167901884, 0.043392244889916, -0.7836132342255386, -0.6835531856304011, 0.09040530340642561, 0.04880816013694678, 0.2752204882519873, -0.1970091128194542, 0.2996102180386846, -0.20619999419653467, 0.24783222709644614, 0.5348099341802477, -0.6420521799177383, -0.24884846282491524, 0.005066118653868745, 0.3733341598326916, -0.4926407026772337, 0.10948172588511706, 0.24986168812819542, 0.7910023321122921, -0.27429282313374714, 0.2751141460374733, -0.6171071957620733, -0.004411770765388567, -0.6351091908575863, 0.8367660782795254, -0.13635585731754474, 0.6603762041966925, -0.16644739064327485, 0.8093351774867339, -0.19034956537818792, -0.33765099381775454, 0.14427754054549724, 0.6908872981882266, 0.7220286235061439, 0.19137623413666893, -0.8306767779591795, 0.19453321463834983, -0.5090925828337958, 0.46518689717993555, 0.7893025846334776, 0.0294679418262902, 0.20712702072041278, -0.8698643752343853, 0.08014945928561268, -0.7416264326591246, 0.22912569270066396, -0.2726993059103242, 0.5355160686614915, -0.902931727160895, -0.7803637637643119, 0.36804643024725525, 0.029307394167312983, 0.1432827432294983, 0.6874139879813108, -0.024524721700651453, 0.6202888442522898, 0.020487258589880097, 0.8534413864805024, 0.333855543079252, -0.7025463211318861, -0.27089364934848836, 0.7315498318881986, -0.29942957828896866, -0.6219484810876903, -0.0547573816684539, -0.21443765035574014, 0.23785985328818726, -0.12646741612097356, -0.47815568541100895, -0.17505557667448635, -0.16193193089539926, 0.8048437117522818, 0.9592325240809707, 0.24713767881382775, -0.8336317548582777, 0.46599743519199, 0.357370804957968, 0.6520457340504391, -0.3050973265778887, -0.8822398116837538, 0.2236436329105842, -0.751970763373456, 0.5190590583266628, 0.5888466351532844, -0.18274642650020412, 0.8875950117660911, -0.6524404124894483, 0.8851716994539605]",rhc,relu,False,False,100,[10],0.1,100,15
1518,18,0.07342060003429651,1.8794774930827534,2251.0,100,15,"[0.9340596780273533, 0.09446449835144466, 0.9453687199297687, 0.4296319873487293, 0.3954576491945416, -0.5678210088392472, 0.9525489095524835, -0.9875394895908203, -0.4940352752331121, -0.13041693519110842, 0.5587658435875049, -0.6046298507994938, 0.7259864711984445, 0.9668013543506255, -0.6723155171906026, 0.19466788786571843, -0.98202780466489, -0.22685743471274122, -0.9116798841370009, 0.9133059354284718, -0.1277067062404047, 0.8979546135631256, 0.5726119718701219, 0.7325785971633969, -0.6536691570081037, -0.850102825973786, 0.2014854427555386, -0.6640556325631923, 0.4667603350211398, -0.18311227969597055, 0.05581764683584067, 0.875143167901884, 0.043392244889916, -0.7836132342255386, -0.6835531856304011, 0.09040530340642561, 0.04880816013694678, 0.2752204882519873, -0.1970091128194542, 0.2996102180386846, -0.20619999419653467, 0.24783222709644614, 0.5348099341802477, -0.6420521799177383, -0.24884846282491524, 0.005066118653868745, 0.3733341598326916, -0.4926407026772337, 0.10948172588511706, 0.24986168812819542, 0.7910023321122921, -0.27429282313374714, 0.2751141460374733, -0.6171071957620733, -0.004411770765388567, -0.6351091908575863, 0.8367660782795254, -0.13635585731754474, 0.6603762041966925, -0.16644739064327485, 0.8093351774867339, -0.19034956537818792, -0.33765099381775454, 0.14427754054549724, 0.6908872981882266, 0.7220286235061439, 0.19137623413666893, -0.8306767779591795, 0.19453321463834983, -0.5090925828337958, 0.46518689717993555, 0.7893025846334776, 0.0294679418262902, 0.20712702072041278, -0.8698643752343853, 0.08014945928561268, -0.7416264326591246, 0.22912569270066396, -0.2726993059103242, 0.5355160686614915, -0.902931727160895, -0.7803637637643119, 0.36804643024725525, 0.029307394167312983, 0.1432827432294983, 0.6874139879813108, -0.024524721700651453, 0.6202888442522898, 0.020487258589880097, 0.8534413864805024, 0.333855543079252, -0.7025463211318861, -0.27089364934848836, 0.7315498318881986, -0.29942957828896866, -0.6219484810876903, -0.0547573816684539, -0.21443765035574014, 0.23785985328818726, -0.12646741612097356, -0.47815568541100895, -0.17505557667448635, -0.16193193089539926, 0.8048437117522818, 0.9592325240809707, 0.24713767881382775, -0.8336317548582777, 0.46599743519199, 0.357370804957968, 0.6520457340504391, -0.3050973265778887, -0.8822398116837538, 0.2236436329105842, -0.751970763373456, 0.5190590583266628, 0.5888466351532844, -0.18274642650020412, 0.8875950117660911, -0.6524404124894483, 0.8851716994539605]",rhc,relu,False,False,100,[10],0.1,100,15
1519,19,0.07618380000349134,1.877714427406937,2253.0,100,15,"[0.9340596780273533, 0.09446449835144466, 0.9453687199297687, 0.4296319873487293, 0.3954576491945416, -0.5678210088392472, 0.9525489095524835, -0.9875394895908203, -0.4940352752331121, -0.13041693519110842, 0.5587658435875049, -0.6046298507994938, 0.7259864711984445, 0.9668013543506255, -0.6723155171906026, 0.19466788786571843, -0.98202780466489, -0.22685743471274122, -0.9116798841370009, 0.9133059354284718, -0.1277067062404047, 0.8979546135631256, 0.5726119718701219, 0.7325785971633969, -0.6536691570081037, -0.850102825973786, 0.2014854427555386, -0.6640556325631923, 0.4667603350211398, -0.18311227969597055, 0.05581764683584067, 0.875143167901884, 0.043392244889916, -0.7836132342255386, -0.6835531856304011, 0.09040530340642561, 0.04880816013694678, 0.2752204882519873, -0.1970091128194542, 0.2996102180386846, -0.20619999419653467, 0.24783222709644614, 0.5348099341802477, -0.6420521799177383, -0.24884846282491524, 0.005066118653868745, 0.3733341598326916, -0.4926407026772337, 0.10948172588511706, 0.24986168812819542, 0.7910023321122921, -0.27429282313374714, 0.2751141460374733, -0.6171071957620733, -0.004411770765388567, -0.6351091908575863, 0.8367660782795254, -0.13635585731754474, 0.6603762041966925, -0.16644739064327485, 0.8093351774867339, -0.19034956537818792, -0.33765099381775454, 0.14427754054549724, 0.6908872981882266, 0.7220286235061439, 0.19137623413666893, -0.8306767779591795, 0.19453321463834983, -0.5090925828337958, 0.46518689717993555, 0.7893025846334776, 0.0294679418262902, 0.20712702072041278, -0.8698643752343853, 0.08014945928561268, -0.7416264326591246, 0.22912569270066396, -0.2726993059103242, 0.5355160686614915, -0.902931727160895, -0.7803637637643119, 0.36804643024725525, 0.029307394167312983, 0.1432827432294983, 0.6874139879813108, -0.024524721700651453, 0.6202888442522898, 0.020487258589880097, 0.8534413864805024, 0.333855543079252, -0.7025463211318861, -0.27089364934848836, 0.7315498318881986, -0.29942957828896866, -0.6219484810876903, -0.0547573816684539, -0.21443765035574014, 0.23785985328818726, -0.12646741612097356, -0.47815568541100895, -0.17505557667448635, -0.16193193089539926, 0.8048437117522818, 0.9592325240809707, 0.24713767881382775, -0.8336317548582777, 0.46599743519199, 0.357370804957968, 0.6520457340504391, -0.3050973265778887, -0.8822398116837538, 0.2236436329105842, -0.751970763373456, 0.5190590583266628, 0.5888466351532844, -0.18274642650020412, 0.8875950117660911, -0.6524404124894483, 0.8851716994539605]",rhc,relu,False,False,100,[10],0.1,100,15
1520,20,0.07762070000171661,1.877714427406937,2254.0,100,15,"[0.9340596780273533, 0.09446449835144466, 0.9453687199297687, 0.4296319873487293, 0.3954576491945416, -0.5678210088392472, 0.9525489095524835, -0.9875394895908203, -0.4940352752331121, -0.13041693519110842, 0.5587658435875049, -0.6046298507994938, 0.7259864711984445, 0.9668013543506255, -0.6723155171906026, 0.19466788786571843, -0.98202780466489, -0.22685743471274122, -0.9116798841370009, 0.9133059354284718, -0.1277067062404047, 0.8979546135631256, 0.5726119718701219, 0.7325785971633969, -0.6536691570081037, -0.850102825973786, 0.2014854427555386, -0.6640556325631923, 0.4667603350211398, -0.18311227969597055, 0.05581764683584067, 0.875143167901884, 0.043392244889916, -0.7836132342255386, -0.6835531856304011, 0.09040530340642561, 0.04880816013694678, 0.2752204882519873, -0.1970091128194542, 0.2996102180386846, -0.20619999419653467, 0.24783222709644614, 0.5348099341802477, -0.6420521799177383, -0.24884846282491524, 0.005066118653868745, 0.3733341598326916, -0.4926407026772337, 0.10948172588511706, 0.24986168812819542, 0.7910023321122921, -0.27429282313374714, 0.2751141460374733, -0.6171071957620733, -0.004411770765388567, -0.6351091908575863, 0.8367660782795254, -0.13635585731754474, 0.6603762041966925, -0.16644739064327485, 0.8093351774867339, -0.19034956537818792, -0.33765099381775454, 0.14427754054549724, 0.6908872981882266, 0.7220286235061439, 0.19137623413666893, -0.8306767779591795, 0.19453321463834983, -0.5090925828337958, 0.46518689717993555, 0.7893025846334776, 0.0294679418262902, 0.20712702072041278, -0.8698643752343853, 0.08014945928561268, -0.7416264326591246, 0.22912569270066396, -0.2726993059103242, 0.5355160686614915, -0.902931727160895, -0.7803637637643119, 0.36804643024725525, 0.029307394167312983, 0.1432827432294983, 0.6874139879813108, -0.024524721700651453, 0.6202888442522898, 0.020487258589880097, 0.8534413864805024, 0.333855543079252, -0.7025463211318861, -0.27089364934848836, 0.7315498318881986, -0.29942957828896866, -0.6219484810876903, -0.0547573816684539, -0.21443765035574014, 0.23785985328818726, -0.12646741612097356, -0.47815568541100895, -0.17505557667448635, -0.16193193089539926, 0.8048437117522818, 0.9592325240809707, 0.24713767881382775, -0.8336317548582777, 0.46599743519199, 0.357370804957968, 0.6520457340504391, -0.3050973265778887, -0.8822398116837538, 0.2236436329105842, -0.751970763373456, 0.5190590583266628, 0.5888466351532844, -0.18274642650020412, 0.8875950117660911, -0.6524404124894483, 0.8851716994539605]",rhc,relu,False,False,100,[10],0.1,100,15
1521,21,0.07905250007752329,1.877714427406937,2255.0,100,15,"[0.9340596780273533, 0.09446449835144466, 0.9453687199297687, 0.4296319873487293, 0.3954576491945416, -0.5678210088392472, 0.9525489095524835, -0.9875394895908203, -0.4940352752331121, -0.13041693519110842, 0.5587658435875049, -0.6046298507994938, 0.7259864711984445, 0.9668013543506255, -0.6723155171906026, 0.19466788786571843, -0.98202780466489, -0.22685743471274122, -0.9116798841370009, 0.9133059354284718, -0.1277067062404047, 0.8979546135631256, 0.5726119718701219, 0.7325785971633969, -0.6536691570081037, -0.850102825973786, 0.2014854427555386, -0.6640556325631923, 0.4667603350211398, -0.18311227969597055, 0.05581764683584067, 0.875143167901884, 0.043392244889916, -0.7836132342255386, -0.6835531856304011, 0.09040530340642561, 0.04880816013694678, 0.2752204882519873, -0.1970091128194542, 0.2996102180386846, -0.20619999419653467, 0.24783222709644614, 0.5348099341802477, -0.6420521799177383, -0.24884846282491524, 0.005066118653868745, 0.3733341598326916, -0.4926407026772337, 0.10948172588511706, 0.24986168812819542, 0.7910023321122921, -0.27429282313374714, 0.2751141460374733, -0.6171071957620733, -0.004411770765388567, -0.6351091908575863, 0.8367660782795254, -0.13635585731754474, 0.6603762041966925, -0.16644739064327485, 0.8093351774867339, -0.19034956537818792, -0.33765099381775454, 0.14427754054549724, 0.6908872981882266, 0.7220286235061439, 0.19137623413666893, -0.8306767779591795, 0.19453321463834983, -0.5090925828337958, 0.46518689717993555, 0.7893025846334776, 0.0294679418262902, 0.20712702072041278, -0.8698643752343853, 0.08014945928561268, -0.7416264326591246, 0.22912569270066396, -0.2726993059103242, 0.5355160686614915, -0.902931727160895, -0.7803637637643119, 0.36804643024725525, 0.029307394167312983, 0.1432827432294983, 0.6874139879813108, -0.024524721700651453, 0.6202888442522898, 0.020487258589880097, 0.8534413864805024, 0.333855543079252, -0.7025463211318861, -0.27089364934848836, 0.7315498318881986, -0.29942957828896866, -0.6219484810876903, -0.0547573816684539, -0.21443765035574014, 0.23785985328818726, -0.12646741612097356, -0.47815568541100895, -0.17505557667448635, -0.16193193089539926, 0.8048437117522818, 0.9592325240809707, 0.24713767881382775, -0.8336317548582777, 0.46599743519199, 0.357370804957968, 0.6520457340504391, -0.3050973265778887, -0.8822398116837538, 0.2236436329105842, -0.751970763373456, 0.5190590583266628, 0.5888466351532844, -0.18274642650020412, 0.8875950117660911, -0.6524404124894483, 0.8851716994539605]",rhc,relu,False,False,100,[10],0.1,100,15
1522,22,0.08195150003302842,1.877714427406937,2256.0,100,15,"[0.9340596780273533, 0.09446449835144466, 0.9453687199297687, 0.4296319873487293, 0.3954576491945416, -0.5678210088392472, 0.9525489095524835, -0.9875394895908203, -0.4940352752331121, -0.13041693519110842, 0.5587658435875049, -0.6046298507994938, 0.7259864711984445, 0.9668013543506255, -0.6723155171906026, 0.19466788786571843, -0.98202780466489, -0.22685743471274122, -0.9116798841370009, 0.9133059354284718, -0.1277067062404047, 0.8979546135631256, 0.5726119718701219, 0.7325785971633969, -0.6536691570081037, -0.850102825973786, 0.2014854427555386, -0.6640556325631923, 0.4667603350211398, -0.18311227969597055, 0.05581764683584067, 0.875143167901884, 0.043392244889916, -0.7836132342255386, -0.6835531856304011, 0.09040530340642561, 0.04880816013694678, 0.2752204882519873, -0.1970091128194542, 0.2996102180386846, -0.20619999419653467, 0.24783222709644614, 0.5348099341802477, -0.6420521799177383, -0.24884846282491524, 0.005066118653868745, 0.3733341598326916, -0.4926407026772337, 0.10948172588511706, 0.24986168812819542, 0.7910023321122921, -0.27429282313374714, 0.2751141460374733, -0.6171071957620733, -0.004411770765388567, -0.6351091908575863, 0.8367660782795254, -0.13635585731754474, 0.6603762041966925, -0.16644739064327485, 0.8093351774867339, -0.19034956537818792, -0.33765099381775454, 0.14427754054549724, 0.6908872981882266, 0.7220286235061439, 0.19137623413666893, -0.8306767779591795, 0.19453321463834983, -0.5090925828337958, 0.46518689717993555, 0.7893025846334776, 0.0294679418262902, 0.20712702072041278, -0.8698643752343853, 0.08014945928561268, -0.7416264326591246, 0.22912569270066396, -0.2726993059103242, 0.5355160686614915, -0.902931727160895, -0.7803637637643119, 0.36804643024725525, 0.029307394167312983, 0.1432827432294983, 0.6874139879813108, -0.024524721700651453, 0.6202888442522898, 0.020487258589880097, 0.8534413864805024, 0.333855543079252, -0.7025463211318861, -0.27089364934848836, 0.7315498318881986, -0.29942957828896866, -0.6219484810876903, -0.0547573816684539, -0.21443765035574014, 0.23785985328818726, -0.12646741612097356, -0.47815568541100895, -0.17505557667448635, -0.16193193089539926, 0.8048437117522818, 0.9592325240809707, 0.24713767881382775, -0.8336317548582777, 0.46599743519199, 0.357370804957968, 0.6520457340504391, -0.3050973265778887, -0.8822398116837538, 0.2236436329105842, -0.751970763373456, 0.5190590583266628, 0.5888466351532844, -0.18274642650020412, 0.8875950117660911, -0.6524404124894483, 0.8851716994539605]",rhc,relu,False,False,100,[10],0.1,100,15
1523,23,0.08453910006210208,1.8774108230642699,2258.0,100,15,"[0.9340596780273533, 0.09446449835144466, 0.9453687199297687, 0.4296319873487293, 0.3954576491945416, -0.5678210088392472, 0.9525489095524835, -0.9875394895908203, -0.4940352752331121, -0.13041693519110842, 0.5587658435875049, -0.6046298507994938, 0.7259864711984445, 0.9668013543506255, -0.6723155171906026, 0.19466788786571843, -0.98202780466489, -0.22685743471274122, -0.9116798841370009, 0.9133059354284718, -0.1277067062404047, 0.8979546135631256, 0.5726119718701219, 0.7325785971633969, -0.6536691570081037, -0.850102825973786, 0.2014854427555386, -0.6640556325631923, 0.4667603350211398, -0.18311227969597055, 0.05581764683584067, 0.875143167901884, 0.043392244889916, -0.7836132342255386, -0.6835531856304011, 0.09040530340642561, 0.04880816013694678, 0.2752204882519873, -0.1970091128194542, 0.2996102180386846, -0.20619999419653467, 0.24783222709644614, 0.5348099341802477, -0.6420521799177383, -0.24884846282491524, 0.005066118653868745, 0.3733341598326916, -0.4926407026772337, 0.10948172588511706, 0.24986168812819542, 0.7910023321122921, -0.27429282313374714, 0.2751141460374733, -0.6171071957620733, -0.004411770765388567, -0.6351091908575863, 0.8367660782795254, -0.13635585731754474, 0.6603762041966925, -0.16644739064327485, 0.8093351774867339, -0.19034956537818792, -0.33765099381775454, 0.14427754054549724, 0.6908872981882266, 0.7220286235061439, 0.19137623413666893, -0.8306767779591795, 0.19453321463834983, -0.5090925828337958, 0.46518689717993555, 0.7893025846334776, 0.0294679418262902, 0.20712702072041278, -0.8698643752343853, 0.08014945928561268, -0.7416264326591246, 0.22912569270066396, -0.2726993059103242, 0.5355160686614915, -0.902931727160895, -0.7803637637643119, 0.36804643024725525, 0.029307394167312983, 0.1432827432294983, 0.6874139879813108, -0.024524721700651453, 0.6202888442522898, 0.020487258589880097, 0.8534413864805024, 0.333855543079252, -0.7025463211318861, -0.27089364934848836, 0.7315498318881986, -0.29942957828896866, -0.6219484810876903, -0.0547573816684539, -0.21443765035574014, 0.23785985328818726, -0.12646741612097356, -0.47815568541100895, -0.17505557667448635, -0.16193193089539926, 0.8048437117522818, 0.9592325240809707, 0.24713767881382775, -0.8336317548582777, 0.46599743519199, 0.357370804957968, 0.6520457340504391, -0.3050973265778887, -0.8822398116837538, 0.2236436329105842, -0.751970763373456, 0.5190590583266628, 0.5888466351532844, -0.18274642650020412, 0.8875950117660911, -0.6524404124894483, 0.8851716994539605]",rhc,relu,False,False,100,[10],0.1,100,15
1524,24,0.08600310003384948,1.8774108230642699,2259.0,100,15,"[0.9340596780273533, 0.09446449835144466, 0.9453687199297687, 0.4296319873487293, 0.3954576491945416, -0.5678210088392472, 0.9525489095524835, -0.9875394895908203, -0.4940352752331121, -0.13041693519110842, 0.5587658435875049, -0.6046298507994938, 0.7259864711984445, 0.9668013543506255, -0.6723155171906026, 0.19466788786571843, -0.98202780466489, -0.22685743471274122, -0.9116798841370009, 0.9133059354284718, -0.1277067062404047, 0.8979546135631256, 0.5726119718701219, 0.7325785971633969, -0.6536691570081037, -0.850102825973786, 0.2014854427555386, -0.6640556325631923, 0.4667603350211398, -0.18311227969597055, 0.05581764683584067, 0.875143167901884, 0.043392244889916, -0.7836132342255386, -0.6835531856304011, 0.09040530340642561, 0.04880816013694678, 0.2752204882519873, -0.1970091128194542, 0.2996102180386846, -0.20619999419653467, 0.24783222709644614, 0.5348099341802477, -0.6420521799177383, -0.24884846282491524, 0.005066118653868745, 0.3733341598326916, -0.4926407026772337, 0.10948172588511706, 0.24986168812819542, 0.7910023321122921, -0.27429282313374714, 0.2751141460374733, -0.6171071957620733, -0.004411770765388567, -0.6351091908575863, 0.8367660782795254, -0.13635585731754474, 0.6603762041966925, -0.16644739064327485, 0.8093351774867339, -0.19034956537818792, -0.33765099381775454, 0.14427754054549724, 0.6908872981882266, 0.7220286235061439, 0.19137623413666893, -0.8306767779591795, 0.19453321463834983, -0.5090925828337958, 0.46518689717993555, 0.7893025846334776, 0.0294679418262902, 0.20712702072041278, -0.8698643752343853, 0.08014945928561268, -0.7416264326591246, 0.22912569270066396, -0.2726993059103242, 0.5355160686614915, -0.902931727160895, -0.7803637637643119, 0.36804643024725525, 0.029307394167312983, 0.1432827432294983, 0.6874139879813108, -0.024524721700651453, 0.6202888442522898, 0.020487258589880097, 0.8534413864805024, 0.333855543079252, -0.7025463211318861, -0.27089364934848836, 0.7315498318881986, -0.29942957828896866, -0.6219484810876903, -0.0547573816684539, -0.21443765035574014, 0.23785985328818726, -0.12646741612097356, -0.47815568541100895, -0.17505557667448635, -0.16193193089539926, 0.8048437117522818, 0.9592325240809707, 0.24713767881382775, -0.8336317548582777, 0.46599743519199, 0.357370804957968, 0.6520457340504391, -0.3050973265778887, -0.8822398116837538, 0.2236436329105842, -0.751970763373456, 0.5190590583266628, 0.5888466351532844, -0.18274642650020412, 0.8875950117660911, -0.6524404124894483, 0.8851716994539605]",rhc,relu,False,False,100,[10],0.1,100,15
1525,25,0.08905609999783337,1.8702201607365685,2261.0,100,15,"[0.9340596780273533, 0.09446449835144466, 0.9453687199297687, 0.4296319873487293, 0.3954576491945416, -0.5678210088392472, 0.9525489095524835, -0.9875394895908203, -0.4940352752331121, -0.13041693519110842, 0.5587658435875049, -0.6046298507994938, 0.7259864711984445, 0.9668013543506255, -0.6723155171906026, 0.19466788786571843, -0.98202780466489, -0.22685743471274122, -0.9116798841370009, 0.9133059354284718, -0.1277067062404047, 0.8979546135631256, 0.5726119718701219, 0.7325785971633969, -0.6536691570081037, -0.850102825973786, 0.2014854427555386, -0.6640556325631923, 0.4667603350211398, -0.18311227969597055, 0.05581764683584067, 0.875143167901884, 0.043392244889916, -0.7836132342255386, -0.6835531856304011, 0.09040530340642561, 0.04880816013694678, 0.2752204882519873, -0.1970091128194542, 0.2996102180386846, -0.20619999419653467, 0.24783222709644614, 0.5348099341802477, -0.6420521799177383, -0.24884846282491524, 0.005066118653868745, 0.3733341598326916, -0.4926407026772337, 0.10948172588511706, 0.24986168812819542, 0.7910023321122921, -0.27429282313374714, 0.2751141460374733, -0.6171071957620733, -0.004411770765388567, -0.6351091908575863, 0.8367660782795254, -0.13635585731754474, 0.6603762041966925, -0.16644739064327485, 0.8093351774867339, -0.19034956537818792, -0.33765099381775454, 0.14427754054549724, 0.6908872981882266, 0.7220286235061439, 0.19137623413666893, -0.8306767779591795, 0.19453321463834983, -0.5090925828337958, 0.46518689717993555, 0.7893025846334776, 0.0294679418262902, 0.20712702072041278, -0.8698643752343853, 0.08014945928561268, -0.7416264326591246, 0.22912569270066396, -0.2726993059103242, 0.5355160686614915, -0.902931727160895, -0.7803637637643119, 0.36804643024725525, 0.029307394167312983, 0.1432827432294983, 0.6874139879813108, -0.024524721700651453, 0.6202888442522898, 0.020487258589880097, 0.8534413864805024, 0.333855543079252, -0.7025463211318861, -0.27089364934848836, 0.7315498318881986, -0.29942957828896866, -0.6219484810876903, -0.0547573816684539, -0.21443765035574014, 0.23785985328818726, -0.12646741612097356, -0.47815568541100895, -0.17505557667448635, -0.16193193089539926, 0.8048437117522818, 0.9592325240809707, 0.24713767881382775, -0.8336317548582777, 0.46599743519199, 0.357370804957968, 0.6520457340504391, -0.3050973265778887, -0.8822398116837538, 0.2236436329105842, -0.751970763373456, 0.5190590583266628, 0.5888466351532844, -0.18274642650020412, 0.8875950117660911, -0.6524404124894483, 0.8851716994539605]",rhc,relu,False,False,100,[10],0.1,100,15
1526,26,0.09043240000028163,1.8702201607365685,2262.0,100,15,"[0.9340596780273533, 0.09446449835144466, 0.9453687199297687, 0.4296319873487293, 0.3954576491945416, -0.5678210088392472, 0.9525489095524835, -0.9875394895908203, -0.4940352752331121, -0.13041693519110842, 0.5587658435875049, -0.6046298507994938, 0.7259864711984445, 0.9668013543506255, -0.6723155171906026, 0.19466788786571843, -0.98202780466489, -0.22685743471274122, -0.9116798841370009, 0.9133059354284718, -0.1277067062404047, 0.8979546135631256, 0.5726119718701219, 0.7325785971633969, -0.6536691570081037, -0.850102825973786, 0.2014854427555386, -0.6640556325631923, 0.4667603350211398, -0.18311227969597055, 0.05581764683584067, 0.875143167901884, 0.043392244889916, -0.7836132342255386, -0.6835531856304011, 0.09040530340642561, 0.04880816013694678, 0.2752204882519873, -0.1970091128194542, 0.2996102180386846, -0.20619999419653467, 0.24783222709644614, 0.5348099341802477, -0.6420521799177383, -0.24884846282491524, 0.005066118653868745, 0.3733341598326916, -0.4926407026772337, 0.10948172588511706, 0.24986168812819542, 0.7910023321122921, -0.27429282313374714, 0.2751141460374733, -0.6171071957620733, -0.004411770765388567, -0.6351091908575863, 0.8367660782795254, -0.13635585731754474, 0.6603762041966925, -0.16644739064327485, 0.8093351774867339, -0.19034956537818792, -0.33765099381775454, 0.14427754054549724, 0.6908872981882266, 0.7220286235061439, 0.19137623413666893, -0.8306767779591795, 0.19453321463834983, -0.5090925828337958, 0.46518689717993555, 0.7893025846334776, 0.0294679418262902, 0.20712702072041278, -0.8698643752343853, 0.08014945928561268, -0.7416264326591246, 0.22912569270066396, -0.2726993059103242, 0.5355160686614915, -0.902931727160895, -0.7803637637643119, 0.36804643024725525, 0.029307394167312983, 0.1432827432294983, 0.6874139879813108, -0.024524721700651453, 0.6202888442522898, 0.020487258589880097, 0.8534413864805024, 0.333855543079252, -0.7025463211318861, -0.27089364934848836, 0.7315498318881986, -0.29942957828896866, -0.6219484810876903, -0.0547573816684539, -0.21443765035574014, 0.23785985328818726, -0.12646741612097356, -0.47815568541100895, -0.17505557667448635, -0.16193193089539926, 0.8048437117522818, 0.9592325240809707, 0.24713767881382775, -0.8336317548582777, 0.46599743519199, 0.357370804957968, 0.6520457340504391, -0.3050973265778887, -0.8822398116837538, 0.2236436329105842, -0.751970763373456, 0.5190590583266628, 0.5888466351532844, -0.18274642650020412, 0.8875950117660911, -0.6524404124894483, 0.8851716994539605]",rhc,relu,False,False,100,[10],0.1,100,15
1527,27,0.09306690003722906,1.8601847762056078,2264.0,100,15,"[0.9340596780273533, 0.09446449835144466, 0.9453687199297687, 0.4296319873487293, 0.3954576491945416, -0.5678210088392472, 0.9525489095524835, -0.9875394895908203, -0.4940352752331121, -0.13041693519110842, 0.5587658435875049, -0.6046298507994938, 0.7259864711984445, 0.9668013543506255, -0.6723155171906026, 0.19466788786571843, -0.98202780466489, -0.22685743471274122, -0.9116798841370009, 0.9133059354284718, -0.1277067062404047, 0.8979546135631256, 0.5726119718701219, 0.7325785971633969, -0.6536691570081037, -0.850102825973786, 0.2014854427555386, -0.6640556325631923, 0.4667603350211398, -0.18311227969597055, 0.05581764683584067, 0.875143167901884, 0.043392244889916, -0.7836132342255386, -0.6835531856304011, 0.09040530340642561, 0.04880816013694678, 0.2752204882519873, -0.1970091128194542, 0.2996102180386846, -0.20619999419653467, 0.24783222709644614, 0.5348099341802477, -0.6420521799177383, -0.24884846282491524, 0.005066118653868745, 0.3733341598326916, -0.4926407026772337, 0.10948172588511706, 0.24986168812819542, 0.7910023321122921, -0.27429282313374714, 0.2751141460374733, -0.6171071957620733, -0.004411770765388567, -0.6351091908575863, 0.8367660782795254, -0.13635585731754474, 0.6603762041966925, -0.16644739064327485, 0.8093351774867339, -0.19034956537818792, -0.33765099381775454, 0.14427754054549724, 0.6908872981882266, 0.7220286235061439, 0.19137623413666893, -0.8306767779591795, 0.19453321463834983, -0.5090925828337958, 0.46518689717993555, 0.7893025846334776, 0.0294679418262902, 0.20712702072041278, -0.8698643752343853, 0.08014945928561268, -0.7416264326591246, 0.22912569270066396, -0.2726993059103242, 0.5355160686614915, -0.902931727160895, -0.7803637637643119, 0.36804643024725525, 0.029307394167312983, 0.1432827432294983, 0.6874139879813108, -0.024524721700651453, 0.6202888442522898, 0.020487258589880097, 0.8534413864805024, 0.333855543079252, -0.7025463211318861, -0.27089364934848836, 0.7315498318881986, -0.29942957828896866, -0.6219484810876903, -0.0547573816684539, -0.21443765035574014, 0.23785985328818726, -0.12646741612097356, -0.47815568541100895, -0.17505557667448635, -0.16193193089539926, 0.8048437117522818, 0.9592325240809707, 0.24713767881382775, -0.8336317548582777, 0.46599743519199, 0.357370804957968, 0.6520457340504391, -0.3050973265778887, -0.8822398116837538, 0.2236436329105842, -0.751970763373456, 0.5190590583266628, 0.5888466351532844, -0.18274642650020412, 0.8875950117660911, -0.6524404124894483, 0.8851716994539605]",rhc,relu,False,False,100,[10],0.1,100,15
1528,28,0.0945393000729382,1.8601847762056078,2265.0,100,15,"[0.9340596780273533, 0.09446449835144466, 0.9453687199297687, 0.4296319873487293, 0.3954576491945416, -0.5678210088392472, 0.9525489095524835, -0.9875394895908203, -0.4940352752331121, -0.13041693519110842, 0.5587658435875049, -0.6046298507994938, 0.7259864711984445, 0.9668013543506255, -0.6723155171906026, 0.19466788786571843, -0.98202780466489, -0.22685743471274122, -0.9116798841370009, 0.9133059354284718, -0.1277067062404047, 0.8979546135631256, 0.5726119718701219, 0.7325785971633969, -0.6536691570081037, -0.850102825973786, 0.2014854427555386, -0.6640556325631923, 0.4667603350211398, -0.18311227969597055, 0.05581764683584067, 0.875143167901884, 0.043392244889916, -0.7836132342255386, -0.6835531856304011, 0.09040530340642561, 0.04880816013694678, 0.2752204882519873, -0.1970091128194542, 0.2996102180386846, -0.20619999419653467, 0.24783222709644614, 0.5348099341802477, -0.6420521799177383, -0.24884846282491524, 0.005066118653868745, 0.3733341598326916, -0.4926407026772337, 0.10948172588511706, 0.24986168812819542, 0.7910023321122921, -0.27429282313374714, 0.2751141460374733, -0.6171071957620733, -0.004411770765388567, -0.6351091908575863, 0.8367660782795254, -0.13635585731754474, 0.6603762041966925, -0.16644739064327485, 0.8093351774867339, -0.19034956537818792, -0.33765099381775454, 0.14427754054549724, 0.6908872981882266, 0.7220286235061439, 0.19137623413666893, -0.8306767779591795, 0.19453321463834983, -0.5090925828337958, 0.46518689717993555, 0.7893025846334776, 0.0294679418262902, 0.20712702072041278, -0.8698643752343853, 0.08014945928561268, -0.7416264326591246, 0.22912569270066396, -0.2726993059103242, 0.5355160686614915, -0.902931727160895, -0.7803637637643119, 0.36804643024725525, 0.029307394167312983, 0.1432827432294983, 0.6874139879813108, -0.024524721700651453, 0.6202888442522898, 0.020487258589880097, 0.8534413864805024, 0.333855543079252, -0.7025463211318861, -0.27089364934848836, 0.7315498318881986, -0.29942957828896866, -0.6219484810876903, -0.0547573816684539, -0.21443765035574014, 0.23785985328818726, -0.12646741612097356, -0.47815568541100895, -0.17505557667448635, -0.16193193089539926, 0.8048437117522818, 0.9592325240809707, 0.24713767881382775, -0.8336317548582777, 0.46599743519199, 0.357370804957968, 0.6520457340504391, -0.3050973265778887, -0.8822398116837538, 0.2236436329105842, -0.751970763373456, 0.5190590583266628, 0.5888466351532844, -0.18274642650020412, 0.8875950117660911, -0.6524404124894483, 0.8851716994539605]",rhc,relu,False,False,100,[10],0.1,100,15
1529,29,0.09622690000105649,1.8601847762056078,2266.0,100,15,"[0.9340596780273533, 0.09446449835144466, 0.9453687199297687, 0.4296319873487293, 0.3954576491945416, -0.5678210088392472, 0.9525489095524835, -0.9875394895908203, -0.4940352752331121, -0.13041693519110842, 0.5587658435875049, -0.6046298507994938, 0.7259864711984445, 0.9668013543506255, -0.6723155171906026, 0.19466788786571843, -0.98202780466489, -0.22685743471274122, -0.9116798841370009, 0.9133059354284718, -0.1277067062404047, 0.8979546135631256, 0.5726119718701219, 0.7325785971633969, -0.6536691570081037, -0.850102825973786, 0.2014854427555386, -0.6640556325631923, 0.4667603350211398, -0.18311227969597055, 0.05581764683584067, 0.875143167901884, 0.043392244889916, -0.7836132342255386, -0.6835531856304011, 0.09040530340642561, 0.04880816013694678, 0.2752204882519873, -0.1970091128194542, 0.2996102180386846, -0.20619999419653467, 0.24783222709644614, 0.5348099341802477, -0.6420521799177383, -0.24884846282491524, 0.005066118653868745, 0.3733341598326916, -0.4926407026772337, 0.10948172588511706, 0.24986168812819542, 0.7910023321122921, -0.27429282313374714, 0.2751141460374733, -0.6171071957620733, -0.004411770765388567, -0.6351091908575863, 0.8367660782795254, -0.13635585731754474, 0.6603762041966925, -0.16644739064327485, 0.8093351774867339, -0.19034956537818792, -0.33765099381775454, 0.14427754054549724, 0.6908872981882266, 0.7220286235061439, 0.19137623413666893, -0.8306767779591795, 0.19453321463834983, -0.5090925828337958, 0.46518689717993555, 0.7893025846334776, 0.0294679418262902, 0.20712702072041278, -0.8698643752343853, 0.08014945928561268, -0.7416264326591246, 0.22912569270066396, -0.2726993059103242, 0.5355160686614915, -0.902931727160895, -0.7803637637643119, 0.36804643024725525, 0.029307394167312983, 0.1432827432294983, 0.6874139879813108, -0.024524721700651453, 0.6202888442522898, 0.020487258589880097, 0.8534413864805024, 0.333855543079252, -0.7025463211318861, -0.27089364934848836, 0.7315498318881986, -0.29942957828896866, -0.6219484810876903, -0.0547573816684539, -0.21443765035574014, 0.23785985328818726, -0.12646741612097356, -0.47815568541100895, -0.17505557667448635, -0.16193193089539926, 0.8048437117522818, 0.9592325240809707, 0.24713767881382775, -0.8336317548582777, 0.46599743519199, 0.357370804957968, 0.6520457340504391, -0.3050973265778887, -0.8822398116837538, 0.2236436329105842, -0.751970763373456, 0.5190590583266628, 0.5888466351532844, -0.18274642650020412, 0.8875950117660911, -0.6524404124894483, 0.8851716994539605]",rhc,relu,False,False,100,[10],0.1,100,15
1530,30,0.09977780003100634,1.853212781993431,2268.0,100,15,"[0.9340596780273533, 0.09446449835144466, 0.9453687199297687, 0.4296319873487293, 0.3954576491945416, -0.5678210088392472, 0.9525489095524835, -0.9875394895908203, -0.4940352752331121, -0.13041693519110842, 0.5587658435875049, -0.6046298507994938, 0.7259864711984445, 0.9668013543506255, -0.6723155171906026, 0.19466788786571843, -0.98202780466489, -0.22685743471274122, -0.9116798841370009, 0.9133059354284718, -0.1277067062404047, 0.8979546135631256, 0.5726119718701219, 0.7325785971633969, -0.6536691570081037, -0.850102825973786, 0.2014854427555386, -0.6640556325631923, 0.4667603350211398, -0.18311227969597055, 0.05581764683584067, 0.875143167901884, 0.043392244889916, -0.7836132342255386, -0.6835531856304011, 0.09040530340642561, 0.04880816013694678, 0.2752204882519873, -0.1970091128194542, 0.2996102180386846, -0.20619999419653467, 0.24783222709644614, 0.5348099341802477, -0.6420521799177383, -0.24884846282491524, 0.005066118653868745, 0.3733341598326916, -0.4926407026772337, 0.10948172588511706, 0.24986168812819542, 0.7910023321122921, -0.27429282313374714, 0.2751141460374733, -0.6171071957620733, -0.004411770765388567, -0.6351091908575863, 0.8367660782795254, -0.13635585731754474, 0.6603762041966925, -0.16644739064327485, 0.8093351774867339, -0.19034956537818792, -0.33765099381775454, 0.14427754054549724, 0.6908872981882266, 0.7220286235061439, 0.19137623413666893, -0.8306767779591795, 0.19453321463834983, -0.5090925828337958, 0.46518689717993555, 0.7893025846334776, 0.0294679418262902, 0.20712702072041278, -0.8698643752343853, 0.08014945928561268, -0.7416264326591246, 0.22912569270066396, -0.2726993059103242, 0.5355160686614915, -0.902931727160895, -0.7803637637643119, 0.36804643024725525, 0.029307394167312983, 0.1432827432294983, 0.6874139879813108, -0.024524721700651453, 0.6202888442522898, 0.020487258589880097, 0.8534413864805024, 0.333855543079252, -0.7025463211318861, -0.27089364934848836, 0.7315498318881986, -0.29942957828896866, -0.6219484810876903, -0.0547573816684539, -0.21443765035574014, 0.23785985328818726, -0.12646741612097356, -0.47815568541100895, -0.17505557667448635, -0.16193193089539926, 0.8048437117522818, 0.9592325240809707, 0.24713767881382775, -0.8336317548582777, 0.46599743519199, 0.357370804957968, 0.6520457340504391, -0.3050973265778887, -0.8822398116837538, 0.2236436329105842, -0.751970763373456, 0.5190590583266628, 0.5888466351532844, -0.18274642650020412, 0.8875950117660911, -0.6524404124894483, 0.8851716994539605]",rhc,relu,False,False,100,[10],0.1,100,15
1531,31,0.10406230005901307,1.853212781993431,2269.0,100,15,"[0.9340596780273533, 0.09446449835144466, 0.9453687199297687, 0.4296319873487293, 0.3954576491945416, -0.5678210088392472, 0.9525489095524835, -0.9875394895908203, -0.4940352752331121, -0.13041693519110842, 0.5587658435875049, -0.6046298507994938, 0.7259864711984445, 0.9668013543506255, -0.6723155171906026, 0.19466788786571843, -0.98202780466489, -0.22685743471274122, -0.9116798841370009, 0.9133059354284718, -0.1277067062404047, 0.8979546135631256, 0.5726119718701219, 0.7325785971633969, -0.6536691570081037, -0.850102825973786, 0.2014854427555386, -0.6640556325631923, 0.4667603350211398, -0.18311227969597055, 0.05581764683584067, 0.875143167901884, 0.043392244889916, -0.7836132342255386, -0.6835531856304011, 0.09040530340642561, 0.04880816013694678, 0.2752204882519873, -0.1970091128194542, 0.2996102180386846, -0.20619999419653467, 0.24783222709644614, 0.5348099341802477, -0.6420521799177383, -0.24884846282491524, 0.005066118653868745, 0.3733341598326916, -0.4926407026772337, 0.10948172588511706, 0.24986168812819542, 0.7910023321122921, -0.27429282313374714, 0.2751141460374733, -0.6171071957620733, -0.004411770765388567, -0.6351091908575863, 0.8367660782795254, -0.13635585731754474, 0.6603762041966925, -0.16644739064327485, 0.8093351774867339, -0.19034956537818792, -0.33765099381775454, 0.14427754054549724, 0.6908872981882266, 0.7220286235061439, 0.19137623413666893, -0.8306767779591795, 0.19453321463834983, -0.5090925828337958, 0.46518689717993555, 0.7893025846334776, 0.0294679418262902, 0.20712702072041278, -0.8698643752343853, 0.08014945928561268, -0.7416264326591246, 0.22912569270066396, -0.2726993059103242, 0.5355160686614915, -0.902931727160895, -0.7803637637643119, 0.36804643024725525, 0.029307394167312983, 0.1432827432294983, 0.6874139879813108, -0.024524721700651453, 0.6202888442522898, 0.020487258589880097, 0.8534413864805024, 0.333855543079252, -0.7025463211318861, -0.27089364934848836, 0.7315498318881986, -0.29942957828896866, -0.6219484810876903, -0.0547573816684539, -0.21443765035574014, 0.23785985328818726, -0.12646741612097356, -0.47815568541100895, -0.17505557667448635, -0.16193193089539926, 0.8048437117522818, 0.9592325240809707, 0.24713767881382775, -0.8336317548582777, 0.46599743519199, 0.357370804957968, 0.6520457340504391, -0.3050973265778887, -0.8822398116837538, 0.2236436329105842, -0.751970763373456, 0.5190590583266628, 0.5888466351532844, -0.18274642650020412, 0.8875950117660911, -0.6524404124894483, 0.8851716994539605]",rhc,relu,False,False,100,[10],0.1,100,15
1532,32,0.1062065000878647,1.853212781993431,2270.0,100,15,"[0.9340596780273533, 0.09446449835144466, 0.9453687199297687, 0.4296319873487293, 0.3954576491945416, -0.5678210088392472, 0.9525489095524835, -0.9875394895908203, -0.4940352752331121, -0.13041693519110842, 0.5587658435875049, -0.6046298507994938, 0.7259864711984445, 0.9668013543506255, -0.6723155171906026, 0.19466788786571843, -0.98202780466489, -0.22685743471274122, -0.9116798841370009, 0.9133059354284718, -0.1277067062404047, 0.8979546135631256, 0.5726119718701219, 0.7325785971633969, -0.6536691570081037, -0.850102825973786, 0.2014854427555386, -0.6640556325631923, 0.4667603350211398, -0.18311227969597055, 0.05581764683584067, 0.875143167901884, 0.043392244889916, -0.7836132342255386, -0.6835531856304011, 0.09040530340642561, 0.04880816013694678, 0.2752204882519873, -0.1970091128194542, 0.2996102180386846, -0.20619999419653467, 0.24783222709644614, 0.5348099341802477, -0.6420521799177383, -0.24884846282491524, 0.005066118653868745, 0.3733341598326916, -0.4926407026772337, 0.10948172588511706, 0.24986168812819542, 0.7910023321122921, -0.27429282313374714, 0.2751141460374733, -0.6171071957620733, -0.004411770765388567, -0.6351091908575863, 0.8367660782795254, -0.13635585731754474, 0.6603762041966925, -0.16644739064327485, 0.8093351774867339, -0.19034956537818792, -0.33765099381775454, 0.14427754054549724, 0.6908872981882266, 0.7220286235061439, 0.19137623413666893, -0.8306767779591795, 0.19453321463834983, -0.5090925828337958, 0.46518689717993555, 0.7893025846334776, 0.0294679418262902, 0.20712702072041278, -0.8698643752343853, 0.08014945928561268, -0.7416264326591246, 0.22912569270066396, -0.2726993059103242, 0.5355160686614915, -0.902931727160895, -0.7803637637643119, 0.36804643024725525, 0.029307394167312983, 0.1432827432294983, 0.6874139879813108, -0.024524721700651453, 0.6202888442522898, 0.020487258589880097, 0.8534413864805024, 0.333855543079252, -0.7025463211318861, -0.27089364934848836, 0.7315498318881986, -0.29942957828896866, -0.6219484810876903, -0.0547573816684539, -0.21443765035574014, 0.23785985328818726, -0.12646741612097356, -0.47815568541100895, -0.17505557667448635, -0.16193193089539926, 0.8048437117522818, 0.9592325240809707, 0.24713767881382775, -0.8336317548582777, 0.46599743519199, 0.357370804957968, 0.6520457340504391, -0.3050973265778887, -0.8822398116837538, 0.2236436329105842, -0.751970763373456, 0.5190590583266628, 0.5888466351532844, -0.18274642650020412, 0.8875950117660911, -0.6524404124894483, 0.8851716994539605]",rhc,relu,False,False,100,[10],0.1,100,15
1533,33,0.10762970009818673,1.853212781993431,2271.0,100,15,"[0.9340596780273533, 0.09446449835144466, 0.9453687199297687, 0.4296319873487293, 0.3954576491945416, -0.5678210088392472, 0.9525489095524835, -0.9875394895908203, -0.4940352752331121, -0.13041693519110842, 0.5587658435875049, -0.6046298507994938, 0.7259864711984445, 0.9668013543506255, -0.6723155171906026, 0.19466788786571843, -0.98202780466489, -0.22685743471274122, -0.9116798841370009, 0.9133059354284718, -0.1277067062404047, 0.8979546135631256, 0.5726119718701219, 0.7325785971633969, -0.6536691570081037, -0.850102825973786, 0.2014854427555386, -0.6640556325631923, 0.4667603350211398, -0.18311227969597055, 0.05581764683584067, 0.875143167901884, 0.043392244889916, -0.7836132342255386, -0.6835531856304011, 0.09040530340642561, 0.04880816013694678, 0.2752204882519873, -0.1970091128194542, 0.2996102180386846, -0.20619999419653467, 0.24783222709644614, 0.5348099341802477, -0.6420521799177383, -0.24884846282491524, 0.005066118653868745, 0.3733341598326916, -0.4926407026772337, 0.10948172588511706, 0.24986168812819542, 0.7910023321122921, -0.27429282313374714, 0.2751141460374733, -0.6171071957620733, -0.004411770765388567, -0.6351091908575863, 0.8367660782795254, -0.13635585731754474, 0.6603762041966925, -0.16644739064327485, 0.8093351774867339, -0.19034956537818792, -0.33765099381775454, 0.14427754054549724, 0.6908872981882266, 0.7220286235061439, 0.19137623413666893, -0.8306767779591795, 0.19453321463834983, -0.5090925828337958, 0.46518689717993555, 0.7893025846334776, 0.0294679418262902, 0.20712702072041278, -0.8698643752343853, 0.08014945928561268, -0.7416264326591246, 0.22912569270066396, -0.2726993059103242, 0.5355160686614915, -0.902931727160895, -0.7803637637643119, 0.36804643024725525, 0.029307394167312983, 0.1432827432294983, 0.6874139879813108, -0.024524721700651453, 0.6202888442522898, 0.020487258589880097, 0.8534413864805024, 0.333855543079252, -0.7025463211318861, -0.27089364934848836, 0.7315498318881986, -0.29942957828896866, -0.6219484810876903, -0.0547573816684539, -0.21443765035574014, 0.23785985328818726, -0.12646741612097356, -0.47815568541100895, -0.17505557667448635, -0.16193193089539926, 0.8048437117522818, 0.9592325240809707, 0.24713767881382775, -0.8336317548582777, 0.46599743519199, 0.357370804957968, 0.6520457340504391, -0.3050973265778887, -0.8822398116837538, 0.2236436329105842, -0.751970763373456, 0.5190590583266628, 0.5888466351532844, -0.18274642650020412, 0.8875950117660911, -0.6524404124894483, 0.8851716994539605]",rhc,relu,False,False,100,[10],0.1,100,15
1534,34,0.10928710002917796,1.853212781993431,2272.0,100,15,"[0.9340596780273533, 0.09446449835144466, 0.9453687199297687, 0.4296319873487293, 0.3954576491945416, -0.5678210088392472, 0.9525489095524835, -0.9875394895908203, -0.4940352752331121, -0.13041693519110842, 0.5587658435875049, -0.6046298507994938, 0.7259864711984445, 0.9668013543506255, -0.6723155171906026, 0.19466788786571843, -0.98202780466489, -0.22685743471274122, -0.9116798841370009, 0.9133059354284718, -0.1277067062404047, 0.8979546135631256, 0.5726119718701219, 0.7325785971633969, -0.6536691570081037, -0.850102825973786, 0.2014854427555386, -0.6640556325631923, 0.4667603350211398, -0.18311227969597055, 0.05581764683584067, 0.875143167901884, 0.043392244889916, -0.7836132342255386, -0.6835531856304011, 0.09040530340642561, 0.04880816013694678, 0.2752204882519873, -0.1970091128194542, 0.2996102180386846, -0.20619999419653467, 0.24783222709644614, 0.5348099341802477, -0.6420521799177383, -0.24884846282491524, 0.005066118653868745, 0.3733341598326916, -0.4926407026772337, 0.10948172588511706, 0.24986168812819542, 0.7910023321122921, -0.27429282313374714, 0.2751141460374733, -0.6171071957620733, -0.004411770765388567, -0.6351091908575863, 0.8367660782795254, -0.13635585731754474, 0.6603762041966925, -0.16644739064327485, 0.8093351774867339, -0.19034956537818792, -0.33765099381775454, 0.14427754054549724, 0.6908872981882266, 0.7220286235061439, 0.19137623413666893, -0.8306767779591795, 0.19453321463834983, -0.5090925828337958, 0.46518689717993555, 0.7893025846334776, 0.0294679418262902, 0.20712702072041278, -0.8698643752343853, 0.08014945928561268, -0.7416264326591246, 0.22912569270066396, -0.2726993059103242, 0.5355160686614915, -0.902931727160895, -0.7803637637643119, 0.36804643024725525, 0.029307394167312983, 0.1432827432294983, 0.6874139879813108, -0.024524721700651453, 0.6202888442522898, 0.020487258589880097, 0.8534413864805024, 0.333855543079252, -0.7025463211318861, -0.27089364934848836, 0.7315498318881986, -0.29942957828896866, -0.6219484810876903, -0.0547573816684539, -0.21443765035574014, 0.23785985328818726, -0.12646741612097356, -0.47815568541100895, -0.17505557667448635, -0.16193193089539926, 0.8048437117522818, 0.9592325240809707, 0.24713767881382775, -0.8336317548582777, 0.46599743519199, 0.357370804957968, 0.6520457340504391, -0.3050973265778887, -0.8822398116837538, 0.2236436329105842, -0.751970763373456, 0.5190590583266628, 0.5888466351532844, -0.18274642650020412, 0.8875950117660911, -0.6524404124894483, 0.8851716994539605]",rhc,relu,False,False,100,[10],0.1,100,15
1535,35,0.11070370010565966,1.853212781993431,2273.0,100,15,"[0.9340596780273533, 0.09446449835144466, 0.9453687199297687, 0.4296319873487293, 0.3954576491945416, -0.5678210088392472, 0.9525489095524835, -0.9875394895908203, -0.4940352752331121, -0.13041693519110842, 0.5587658435875049, -0.6046298507994938, 0.7259864711984445, 0.9668013543506255, -0.6723155171906026, 0.19466788786571843, -0.98202780466489, -0.22685743471274122, -0.9116798841370009, 0.9133059354284718, -0.1277067062404047, 0.8979546135631256, 0.5726119718701219, 0.7325785971633969, -0.6536691570081037, -0.850102825973786, 0.2014854427555386, -0.6640556325631923, 0.4667603350211398, -0.18311227969597055, 0.05581764683584067, 0.875143167901884, 0.043392244889916, -0.7836132342255386, -0.6835531856304011, 0.09040530340642561, 0.04880816013694678, 0.2752204882519873, -0.1970091128194542, 0.2996102180386846, -0.20619999419653467, 0.24783222709644614, 0.5348099341802477, -0.6420521799177383, -0.24884846282491524, 0.005066118653868745, 0.3733341598326916, -0.4926407026772337, 0.10948172588511706, 0.24986168812819542, 0.7910023321122921, -0.27429282313374714, 0.2751141460374733, -0.6171071957620733, -0.004411770765388567, -0.6351091908575863, 0.8367660782795254, -0.13635585731754474, 0.6603762041966925, -0.16644739064327485, 0.8093351774867339, -0.19034956537818792, -0.33765099381775454, 0.14427754054549724, 0.6908872981882266, 0.7220286235061439, 0.19137623413666893, -0.8306767779591795, 0.19453321463834983, -0.5090925828337958, 0.46518689717993555, 0.7893025846334776, 0.0294679418262902, 0.20712702072041278, -0.8698643752343853, 0.08014945928561268, -0.7416264326591246, 0.22912569270066396, -0.2726993059103242, 0.5355160686614915, -0.902931727160895, -0.7803637637643119, 0.36804643024725525, 0.029307394167312983, 0.1432827432294983, 0.6874139879813108, -0.024524721700651453, 0.6202888442522898, 0.020487258589880097, 0.8534413864805024, 0.333855543079252, -0.7025463211318861, -0.27089364934848836, 0.7315498318881986, -0.29942957828896866, -0.6219484810876903, -0.0547573816684539, -0.21443765035574014, 0.23785985328818726, -0.12646741612097356, -0.47815568541100895, -0.17505557667448635, -0.16193193089539926, 0.8048437117522818, 0.9592325240809707, 0.24713767881382775, -0.8336317548582777, 0.46599743519199, 0.357370804957968, 0.6520457340504391, -0.3050973265778887, -0.8822398116837538, 0.2236436329105842, -0.751970763373456, 0.5190590583266628, 0.5888466351532844, -0.18274642650020412, 0.8875950117660911, -0.6524404124894483, 0.8851716994539605]",rhc,relu,False,False,100,[10],0.1,100,15
1536,36,0.1138131000334397,1.8508382191054211,2275.0,100,15,"[0.9340596780273533, 0.09446449835144466, 0.9453687199297687, 0.4296319873487293, 0.3954576491945416, -0.5678210088392472, 0.9525489095524835, -0.9875394895908203, -0.4940352752331121, -0.13041693519110842, 0.5587658435875049, -0.6046298507994938, 0.7259864711984445, 0.9668013543506255, -0.6723155171906026, 0.19466788786571843, -0.98202780466489, -0.22685743471274122, -0.9116798841370009, 0.9133059354284718, -0.1277067062404047, 0.8979546135631256, 0.5726119718701219, 0.7325785971633969, -0.6536691570081037, -0.850102825973786, 0.2014854427555386, -0.6640556325631923, 0.4667603350211398, -0.18311227969597055, 0.05581764683584067, 0.875143167901884, 0.043392244889916, -0.7836132342255386, -0.6835531856304011, 0.09040530340642561, 0.04880816013694678, 0.2752204882519873, -0.1970091128194542, 0.2996102180386846, -0.20619999419653467, 0.24783222709644614, 0.5348099341802477, -0.6420521799177383, -0.24884846282491524, 0.005066118653868745, 0.3733341598326916, -0.4926407026772337, 0.10948172588511706, 0.24986168812819542, 0.7910023321122921, -0.27429282313374714, 0.2751141460374733, -0.6171071957620733, -0.004411770765388567, -0.6351091908575863, 0.8367660782795254, -0.13635585731754474, 0.6603762041966925, -0.16644739064327485, 0.8093351774867339, -0.19034956537818792, -0.33765099381775454, 0.14427754054549724, 0.6908872981882266, 0.7220286235061439, 0.19137623413666893, -0.8306767779591795, 0.19453321463834983, -0.5090925828337958, 0.46518689717993555, 0.7893025846334776, 0.0294679418262902, 0.20712702072041278, -0.8698643752343853, 0.08014945928561268, -0.7416264326591246, 0.22912569270066396, -0.2726993059103242, 0.5355160686614915, -0.902931727160895, -0.7803637637643119, 0.36804643024725525, 0.029307394167312983, 0.1432827432294983, 0.6874139879813108, -0.024524721700651453, 0.6202888442522898, 0.020487258589880097, 0.8534413864805024, 0.333855543079252, -0.7025463211318861, -0.27089364934848836, 0.7315498318881986, -0.29942957828896866, -0.6219484810876903, -0.0547573816684539, -0.21443765035574014, 0.23785985328818726, -0.12646741612097356, -0.47815568541100895, -0.17505557667448635, -0.16193193089539926, 0.8048437117522818, 0.9592325240809707, 0.24713767881382775, -0.8336317548582777, 0.46599743519199, 0.357370804957968, 0.6520457340504391, -0.3050973265778887, -0.8822398116837538, 0.2236436329105842, -0.751970763373456, 0.5190590583266628, 0.5888466351532844, -0.18274642650020412, 0.8875950117660911, -0.6524404124894483, 0.8851716994539605]",rhc,relu,False,False,100,[10],0.1,100,15
1537,37,0.1166854000184685,1.8459359751553364,2277.0,100,15,"[0.9340596780273533, 0.09446449835144466, 0.9453687199297687, 0.4296319873487293, 0.3954576491945416, -0.5678210088392472, 0.9525489095524835, -0.9875394895908203, -0.4940352752331121, -0.13041693519110842, 0.5587658435875049, -0.6046298507994938, 0.7259864711984445, 0.9668013543506255, -0.6723155171906026, 0.19466788786571843, -0.98202780466489, -0.22685743471274122, -0.9116798841370009, 0.9133059354284718, -0.1277067062404047, 0.8979546135631256, 0.5726119718701219, 0.7325785971633969, -0.6536691570081037, -0.850102825973786, 0.2014854427555386, -0.6640556325631923, 0.4667603350211398, -0.18311227969597055, 0.05581764683584067, 0.875143167901884, 0.043392244889916, -0.7836132342255386, -0.6835531856304011, 0.09040530340642561, 0.04880816013694678, 0.2752204882519873, -0.1970091128194542, 0.2996102180386846, -0.20619999419653467, 0.24783222709644614, 0.5348099341802477, -0.6420521799177383, -0.24884846282491524, 0.005066118653868745, 0.3733341598326916, -0.4926407026772337, 0.10948172588511706, 0.24986168812819542, 0.7910023321122921, -0.27429282313374714, 0.2751141460374733, -0.6171071957620733, -0.004411770765388567, -0.6351091908575863, 0.8367660782795254, -0.13635585731754474, 0.6603762041966925, -0.16644739064327485, 0.8093351774867339, -0.19034956537818792, -0.33765099381775454, 0.14427754054549724, 0.6908872981882266, 0.7220286235061439, 0.19137623413666893, -0.8306767779591795, 0.19453321463834983, -0.5090925828337958, 0.46518689717993555, 0.7893025846334776, 0.0294679418262902, 0.20712702072041278, -0.8698643752343853, 0.08014945928561268, -0.7416264326591246, 0.22912569270066396, -0.2726993059103242, 0.5355160686614915, -0.902931727160895, -0.7803637637643119, 0.36804643024725525, 0.029307394167312983, 0.1432827432294983, 0.6874139879813108, -0.024524721700651453, 0.6202888442522898, 0.020487258589880097, 0.8534413864805024, 0.333855543079252, -0.7025463211318861, -0.27089364934848836, 0.7315498318881986, -0.29942957828896866, -0.6219484810876903, -0.0547573816684539, -0.21443765035574014, 0.23785985328818726, -0.12646741612097356, -0.47815568541100895, -0.17505557667448635, -0.16193193089539926, 0.8048437117522818, 0.9592325240809707, 0.24713767881382775, -0.8336317548582777, 0.46599743519199, 0.357370804957968, 0.6520457340504391, -0.3050973265778887, -0.8822398116837538, 0.2236436329105842, -0.751970763373456, 0.5190590583266628, 0.5888466351532844, -0.18274642650020412, 0.8875950117660911, -0.6524404124894483, 0.8851716994539605]",rhc,relu,False,False,100,[10],0.1,100,15
1538,38,0.11806140001863241,1.8459359751553364,2278.0,100,15,"[0.9340596780273533, 0.09446449835144466, 0.9453687199297687, 0.4296319873487293, 0.3954576491945416, -0.5678210088392472, 0.9525489095524835, -0.9875394895908203, -0.4940352752331121, -0.13041693519110842, 0.5587658435875049, -0.6046298507994938, 0.7259864711984445, 0.9668013543506255, -0.6723155171906026, 0.19466788786571843, -0.98202780466489, -0.22685743471274122, -0.9116798841370009, 0.9133059354284718, -0.1277067062404047, 0.8979546135631256, 0.5726119718701219, 0.7325785971633969, -0.6536691570081037, -0.850102825973786, 0.2014854427555386, -0.6640556325631923, 0.4667603350211398, -0.18311227969597055, 0.05581764683584067, 0.875143167901884, 0.043392244889916, -0.7836132342255386, -0.6835531856304011, 0.09040530340642561, 0.04880816013694678, 0.2752204882519873, -0.1970091128194542, 0.2996102180386846, -0.20619999419653467, 0.24783222709644614, 0.5348099341802477, -0.6420521799177383, -0.24884846282491524, 0.005066118653868745, 0.3733341598326916, -0.4926407026772337, 0.10948172588511706, 0.24986168812819542, 0.7910023321122921, -0.27429282313374714, 0.2751141460374733, -0.6171071957620733, -0.004411770765388567, -0.6351091908575863, 0.8367660782795254, -0.13635585731754474, 0.6603762041966925, -0.16644739064327485, 0.8093351774867339, -0.19034956537818792, -0.33765099381775454, 0.14427754054549724, 0.6908872981882266, 0.7220286235061439, 0.19137623413666893, -0.8306767779591795, 0.19453321463834983, -0.5090925828337958, 0.46518689717993555, 0.7893025846334776, 0.0294679418262902, 0.20712702072041278, -0.8698643752343853, 0.08014945928561268, -0.7416264326591246, 0.22912569270066396, -0.2726993059103242, 0.5355160686614915, -0.902931727160895, -0.7803637637643119, 0.36804643024725525, 0.029307394167312983, 0.1432827432294983, 0.6874139879813108, -0.024524721700651453, 0.6202888442522898, 0.020487258589880097, 0.8534413864805024, 0.333855543079252, -0.7025463211318861, -0.27089364934848836, 0.7315498318881986, -0.29942957828896866, -0.6219484810876903, -0.0547573816684539, -0.21443765035574014, 0.23785985328818726, -0.12646741612097356, -0.47815568541100895, -0.17505557667448635, -0.16193193089539926, 0.8048437117522818, 0.9592325240809707, 0.24713767881382775, -0.8336317548582777, 0.46599743519199, 0.357370804957968, 0.6520457340504391, -0.3050973265778887, -0.8822398116837538, 0.2236436329105842, -0.751970763373456, 0.5190590583266628, 0.5888466351532844, -0.18274642650020412, 0.8875950117660911, -0.6524404124894483, 0.8851716994539605]",rhc,relu,False,False,100,[10],0.1,100,15
1539,39,0.12082070007454604,1.8449416143080077,2280.0,100,15,"[0.9340596780273533, 0.09446449835144466, 0.9453687199297687, 0.4296319873487293, 0.3954576491945416, -0.5678210088392472, 0.9525489095524835, -0.9875394895908203, -0.4940352752331121, -0.13041693519110842, 0.5587658435875049, -0.6046298507994938, 0.7259864711984445, 0.9668013543506255, -0.6723155171906026, 0.19466788786571843, -0.98202780466489, -0.22685743471274122, -0.9116798841370009, 0.9133059354284718, -0.1277067062404047, 0.8979546135631256, 0.5726119718701219, 0.7325785971633969, -0.6536691570081037, -0.850102825973786, 0.2014854427555386, -0.6640556325631923, 0.4667603350211398, -0.18311227969597055, 0.05581764683584067, 0.875143167901884, 0.043392244889916, -0.7836132342255386, -0.6835531856304011, 0.09040530340642561, 0.04880816013694678, 0.2752204882519873, -0.1970091128194542, 0.2996102180386846, -0.20619999419653467, 0.24783222709644614, 0.5348099341802477, -0.6420521799177383, -0.24884846282491524, 0.005066118653868745, 0.3733341598326916, -0.4926407026772337, 0.10948172588511706, 0.24986168812819542, 0.7910023321122921, -0.27429282313374714, 0.2751141460374733, -0.6171071957620733, -0.004411770765388567, -0.6351091908575863, 0.8367660782795254, -0.13635585731754474, 0.6603762041966925, -0.16644739064327485, 0.8093351774867339, -0.19034956537818792, -0.33765099381775454, 0.14427754054549724, 0.6908872981882266, 0.7220286235061439, 0.19137623413666893, -0.8306767779591795, 0.19453321463834983, -0.5090925828337958, 0.46518689717993555, 0.7893025846334776, 0.0294679418262902, 0.20712702072041278, -0.8698643752343853, 0.08014945928561268, -0.7416264326591246, 0.22912569270066396, -0.2726993059103242, 0.5355160686614915, -0.902931727160895, -0.7803637637643119, 0.36804643024725525, 0.029307394167312983, 0.1432827432294983, 0.6874139879813108, -0.024524721700651453, 0.6202888442522898, 0.020487258589880097, 0.8534413864805024, 0.333855543079252, -0.7025463211318861, -0.27089364934848836, 0.7315498318881986, -0.29942957828896866, -0.6219484810876903, -0.0547573816684539, -0.21443765035574014, 0.23785985328818726, -0.12646741612097356, -0.47815568541100895, -0.17505557667448635, -0.16193193089539926, 0.8048437117522818, 0.9592325240809707, 0.24713767881382775, -0.8336317548582777, 0.46599743519199, 0.357370804957968, 0.6520457340504391, -0.3050973265778887, -0.8822398116837538, 0.2236436329105842, -0.751970763373456, 0.5190590583266628, 0.5888466351532844, -0.18274642650020412, 0.8875950117660911, -0.6524404124894483, 0.8851716994539605]",rhc,relu,False,False,100,[10],0.1,100,15
1540,40,0.12267690000589937,1.8449416143080077,2281.0,100,15,"[0.9340596780273533, 0.09446449835144466, 0.9453687199297687, 0.4296319873487293, 0.3954576491945416, -0.5678210088392472, 0.9525489095524835, -0.9875394895908203, -0.4940352752331121, -0.13041693519110842, 0.5587658435875049, -0.6046298507994938, 0.7259864711984445, 0.9668013543506255, -0.6723155171906026, 0.19466788786571843, -0.98202780466489, -0.22685743471274122, -0.9116798841370009, 0.9133059354284718, -0.1277067062404047, 0.8979546135631256, 0.5726119718701219, 0.7325785971633969, -0.6536691570081037, -0.850102825973786, 0.2014854427555386, -0.6640556325631923, 0.4667603350211398, -0.18311227969597055, 0.05581764683584067, 0.875143167901884, 0.043392244889916, -0.7836132342255386, -0.6835531856304011, 0.09040530340642561, 0.04880816013694678, 0.2752204882519873, -0.1970091128194542, 0.2996102180386846, -0.20619999419653467, 0.24783222709644614, 0.5348099341802477, -0.6420521799177383, -0.24884846282491524, 0.005066118653868745, 0.3733341598326916, -0.4926407026772337, 0.10948172588511706, 0.24986168812819542, 0.7910023321122921, -0.27429282313374714, 0.2751141460374733, -0.6171071957620733, -0.004411770765388567, -0.6351091908575863, 0.8367660782795254, -0.13635585731754474, 0.6603762041966925, -0.16644739064327485, 0.8093351774867339, -0.19034956537818792, -0.33765099381775454, 0.14427754054549724, 0.6908872981882266, 0.7220286235061439, 0.19137623413666893, -0.8306767779591795, 0.19453321463834983, -0.5090925828337958, 0.46518689717993555, 0.7893025846334776, 0.0294679418262902, 0.20712702072041278, -0.8698643752343853, 0.08014945928561268, -0.7416264326591246, 0.22912569270066396, -0.2726993059103242, 0.5355160686614915, -0.902931727160895, -0.7803637637643119, 0.36804643024725525, 0.029307394167312983, 0.1432827432294983, 0.6874139879813108, -0.024524721700651453, 0.6202888442522898, 0.020487258589880097, 0.8534413864805024, 0.333855543079252, -0.7025463211318861, -0.27089364934848836, 0.7315498318881986, -0.29942957828896866, -0.6219484810876903, -0.0547573816684539, -0.21443765035574014, 0.23785985328818726, -0.12646741612097356, -0.47815568541100895, -0.17505557667448635, -0.16193193089539926, 0.8048437117522818, 0.9592325240809707, 0.24713767881382775, -0.8336317548582777, 0.46599743519199, 0.357370804957968, 0.6520457340504391, -0.3050973265778887, -0.8822398116837538, 0.2236436329105842, -0.751970763373456, 0.5190590583266628, 0.5888466351532844, -0.18274642650020412, 0.8875950117660911, -0.6524404124894483, 0.8851716994539605]",rhc,relu,False,False,100,[10],0.1,100,15
1541,41,0.1255848000291735,1.8449416143080077,2282.0,100,15,"[0.9340596780273533, 0.09446449835144466, 0.9453687199297687, 0.4296319873487293, 0.3954576491945416, -0.5678210088392472, 0.9525489095524835, -0.9875394895908203, -0.4940352752331121, -0.13041693519110842, 0.5587658435875049, -0.6046298507994938, 0.7259864711984445, 0.9668013543506255, -0.6723155171906026, 0.19466788786571843, -0.98202780466489, -0.22685743471274122, -0.9116798841370009, 0.9133059354284718, -0.1277067062404047, 0.8979546135631256, 0.5726119718701219, 0.7325785971633969, -0.6536691570081037, -0.850102825973786, 0.2014854427555386, -0.6640556325631923, 0.4667603350211398, -0.18311227969597055, 0.05581764683584067, 0.875143167901884, 0.043392244889916, -0.7836132342255386, -0.6835531856304011, 0.09040530340642561, 0.04880816013694678, 0.2752204882519873, -0.1970091128194542, 0.2996102180386846, -0.20619999419653467, 0.24783222709644614, 0.5348099341802477, -0.6420521799177383, -0.24884846282491524, 0.005066118653868745, 0.3733341598326916, -0.4926407026772337, 0.10948172588511706, 0.24986168812819542, 0.7910023321122921, -0.27429282313374714, 0.2751141460374733, -0.6171071957620733, -0.004411770765388567, -0.6351091908575863, 0.8367660782795254, -0.13635585731754474, 0.6603762041966925, -0.16644739064327485, 0.8093351774867339, -0.19034956537818792, -0.33765099381775454, 0.14427754054549724, 0.6908872981882266, 0.7220286235061439, 0.19137623413666893, -0.8306767779591795, 0.19453321463834983, -0.5090925828337958, 0.46518689717993555, 0.7893025846334776, 0.0294679418262902, 0.20712702072041278, -0.8698643752343853, 0.08014945928561268, -0.7416264326591246, 0.22912569270066396, -0.2726993059103242, 0.5355160686614915, -0.902931727160895, -0.7803637637643119, 0.36804643024725525, 0.029307394167312983, 0.1432827432294983, 0.6874139879813108, -0.024524721700651453, 0.6202888442522898, 0.020487258589880097, 0.8534413864805024, 0.333855543079252, -0.7025463211318861, -0.27089364934848836, 0.7315498318881986, -0.29942957828896866, -0.6219484810876903, -0.0547573816684539, -0.21443765035574014, 0.23785985328818726, -0.12646741612097356, -0.47815568541100895, -0.17505557667448635, -0.16193193089539926, 0.8048437117522818, 0.9592325240809707, 0.24713767881382775, -0.8336317548582777, 0.46599743519199, 0.357370804957968, 0.6520457340504391, -0.3050973265778887, -0.8822398116837538, 0.2236436329105842, -0.751970763373456, 0.5190590583266628, 0.5888466351532844, -0.18274642650020412, 0.8875950117660911, -0.6524404124894483, 0.8851716994539605]",rhc,relu,False,False,100,[10],0.1,100,15
1542,42,0.12696350004989654,1.8384062450684824,2284.0,100,15,"[0.9340596780273533, 0.09446449835144466, 0.9453687199297687, 0.4296319873487293, 0.3954576491945416, -0.5678210088392472, 0.9525489095524835, -0.9875394895908203, -0.4940352752331121, -0.13041693519110842, 0.5587658435875049, -0.6046298507994938, 0.7259864711984445, 0.9668013543506255, -0.6723155171906026, 0.19466788786571843, -0.98202780466489, -0.22685743471274122, -0.9116798841370009, 0.9133059354284718, -0.1277067062404047, 0.8979546135631256, 0.5726119718701219, 0.7325785971633969, -0.6536691570081037, -0.850102825973786, 0.2014854427555386, -0.6640556325631923, 0.4667603350211398, -0.18311227969597055, 0.05581764683584067, 0.875143167901884, 0.043392244889916, -0.7836132342255386, -0.6835531856304011, 0.09040530340642561, 0.04880816013694678, 0.2752204882519873, -0.1970091128194542, 0.2996102180386846, -0.20619999419653467, 0.24783222709644614, 0.5348099341802477, -0.6420521799177383, -0.24884846282491524, 0.005066118653868745, 0.3733341598326916, -0.4926407026772337, 0.10948172588511706, 0.24986168812819542, 0.7910023321122921, -0.27429282313374714, 0.2751141460374733, -0.6171071957620733, -0.004411770765388567, -0.6351091908575863, 0.8367660782795254, -0.13635585731754474, 0.6603762041966925, -0.16644739064327485, 0.8093351774867339, -0.19034956537818792, -0.33765099381775454, 0.14427754054549724, 0.6908872981882266, 0.7220286235061439, 0.19137623413666893, -0.8306767779591795, 0.19453321463834983, -0.5090925828337958, 0.46518689717993555, 0.7893025846334776, 0.0294679418262902, 0.20712702072041278, -0.8698643752343853, 0.08014945928561268, -0.7416264326591246, 0.22912569270066396, -0.2726993059103242, 0.5355160686614915, -0.902931727160895, -0.7803637637643119, 0.36804643024725525, 0.029307394167312983, 0.1432827432294983, 0.6874139879813108, -0.024524721700651453, 0.6202888442522898, 0.020487258589880097, 0.8534413864805024, 0.333855543079252, -0.7025463211318861, -0.27089364934848836, 0.7315498318881986, -0.29942957828896866, -0.6219484810876903, -0.0547573816684539, -0.21443765035574014, 0.23785985328818726, -0.12646741612097356, -0.47815568541100895, -0.17505557667448635, -0.16193193089539926, 0.8048437117522818, 0.9592325240809707, 0.24713767881382775, -0.8336317548582777, 0.46599743519199, 0.357370804957968, 0.6520457340504391, -0.3050973265778887, -0.8822398116837538, 0.2236436329105842, -0.751970763373456, 0.5190590583266628, 0.5888466351532844, -0.18274642650020412, 0.8875950117660911, -0.6524404124894483, 0.8851716994539605]",rhc,relu,False,False,100,[10],0.1,100,15
1543,43,0.13002750009763986,1.837868155523022,2286.0,100,15,"[0.9340596780273533, 0.09446449835144466, 0.9453687199297687, 0.4296319873487293, 0.3954576491945416, -0.5678210088392472, 0.9525489095524835, -0.9875394895908203, -0.4940352752331121, -0.13041693519110842, 0.5587658435875049, -0.6046298507994938, 0.7259864711984445, 0.9668013543506255, -0.6723155171906026, 0.19466788786571843, -0.98202780466489, -0.22685743471274122, -0.9116798841370009, 0.9133059354284718, -0.1277067062404047, 0.8979546135631256, 0.5726119718701219, 0.7325785971633969, -0.6536691570081037, -0.850102825973786, 0.2014854427555386, -0.6640556325631923, 0.4667603350211398, -0.18311227969597055, 0.05581764683584067, 0.875143167901884, 0.043392244889916, -0.7836132342255386, -0.6835531856304011, 0.09040530340642561, 0.04880816013694678, 0.2752204882519873, -0.1970091128194542, 0.2996102180386846, -0.20619999419653467, 0.24783222709644614, 0.5348099341802477, -0.6420521799177383, -0.24884846282491524, 0.005066118653868745, 0.3733341598326916, -0.4926407026772337, 0.10948172588511706, 0.24986168812819542, 0.7910023321122921, -0.27429282313374714, 0.2751141460374733, -0.6171071957620733, -0.004411770765388567, -0.6351091908575863, 0.8367660782795254, -0.13635585731754474, 0.6603762041966925, -0.16644739064327485, 0.8093351774867339, -0.19034956537818792, -0.33765099381775454, 0.14427754054549724, 0.6908872981882266, 0.7220286235061439, 0.19137623413666893, -0.8306767779591795, 0.19453321463834983, -0.5090925828337958, 0.46518689717993555, 0.7893025846334776, 0.0294679418262902, 0.20712702072041278, -0.8698643752343853, 0.08014945928561268, -0.7416264326591246, 0.22912569270066396, -0.2726993059103242, 0.5355160686614915, -0.902931727160895, -0.7803637637643119, 0.36804643024725525, 0.029307394167312983, 0.1432827432294983, 0.6874139879813108, -0.024524721700651453, 0.6202888442522898, 0.020487258589880097, 0.8534413864805024, 0.333855543079252, -0.7025463211318861, -0.27089364934848836, 0.7315498318881986, -0.29942957828896866, -0.6219484810876903, -0.0547573816684539, -0.21443765035574014, 0.23785985328818726, -0.12646741612097356, -0.47815568541100895, -0.17505557667448635, -0.16193193089539926, 0.8048437117522818, 0.9592325240809707, 0.24713767881382775, -0.8336317548582777, 0.46599743519199, 0.357370804957968, 0.6520457340504391, -0.3050973265778887, -0.8822398116837538, 0.2236436329105842, -0.751970763373456, 0.5190590583266628, 0.5888466351532844, -0.18274642650020412, 0.8875950117660911, -0.6524404124894483, 0.8851716994539605]",rhc,relu,False,False,100,[10],0.1,100,15
1544,44,0.1314245000248775,1.8375045480789987,2288.0,100,15,"[0.9340596780273533, 0.09446449835144466, 0.9453687199297687, 0.4296319873487293, 0.3954576491945416, -0.5678210088392472, 0.9525489095524835, -0.9875394895908203, -0.4940352752331121, -0.13041693519110842, 0.5587658435875049, -0.6046298507994938, 0.7259864711984445, 0.9668013543506255, -0.6723155171906026, 0.19466788786571843, -0.98202780466489, -0.22685743471274122, -0.9116798841370009, 0.9133059354284718, -0.1277067062404047, 0.8979546135631256, 0.5726119718701219, 0.7325785971633969, -0.6536691570081037, -0.850102825973786, 0.2014854427555386, -0.6640556325631923, 0.4667603350211398, -0.18311227969597055, 0.05581764683584067, 0.875143167901884, 0.043392244889916, -0.7836132342255386, -0.6835531856304011, 0.09040530340642561, 0.04880816013694678, 0.2752204882519873, -0.1970091128194542, 0.2996102180386846, -0.20619999419653467, 0.24783222709644614, 0.5348099341802477, -0.6420521799177383, -0.24884846282491524, 0.005066118653868745, 0.3733341598326916, -0.4926407026772337, 0.10948172588511706, 0.24986168812819542, 0.7910023321122921, -0.27429282313374714, 0.2751141460374733, -0.6171071957620733, -0.004411770765388567, -0.6351091908575863, 0.8367660782795254, -0.13635585731754474, 0.6603762041966925, -0.16644739064327485, 0.8093351774867339, -0.19034956537818792, -0.33765099381775454, 0.14427754054549724, 0.6908872981882266, 0.7220286235061439, 0.19137623413666893, -0.8306767779591795, 0.19453321463834983, -0.5090925828337958, 0.46518689717993555, 0.7893025846334776, 0.0294679418262902, 0.20712702072041278, -0.8698643752343853, 0.08014945928561268, -0.7416264326591246, 0.22912569270066396, -0.2726993059103242, 0.5355160686614915, -0.902931727160895, -0.7803637637643119, 0.36804643024725525, 0.029307394167312983, 0.1432827432294983, 0.6874139879813108, -0.024524721700651453, 0.6202888442522898, 0.020487258589880097, 0.8534413864805024, 0.333855543079252, -0.7025463211318861, -0.27089364934848836, 0.7315498318881986, -0.29942957828896866, -0.6219484810876903, -0.0547573816684539, -0.21443765035574014, 0.23785985328818726, -0.12646741612097356, -0.47815568541100895, -0.17505557667448635, -0.16193193089539926, 0.8048437117522818, 0.9592325240809707, 0.24713767881382775, -0.8336317548582777, 0.46599743519199, 0.357370804957968, 0.6520457340504391, -0.3050973265778887, -0.8822398116837538, 0.2236436329105842, -0.751970763373456, 0.5190590583266628, 0.5888466351532844, -0.18274642650020412, 0.8875950117660911, -0.6524404124894483, 0.8851716994539605]",rhc,relu,False,False,100,[10],0.1,100,15
1545,45,0.13282990001607686,1.8361079308527752,2290.0,100,15,"[0.9340596780273533, 0.09446449835144466, 0.9453687199297687, 0.4296319873487293, 0.3954576491945416, -0.5678210088392472, 0.9525489095524835, -0.9875394895908203, -0.4940352752331121, -0.13041693519110842, 0.5587658435875049, -0.6046298507994938, 0.7259864711984445, 0.9668013543506255, -0.6723155171906026, 0.19466788786571843, -0.98202780466489, -0.22685743471274122, -0.9116798841370009, 0.9133059354284718, -0.1277067062404047, 0.8979546135631256, 0.5726119718701219, 0.7325785971633969, -0.6536691570081037, -0.850102825973786, 0.2014854427555386, -0.6640556325631923, 0.4667603350211398, -0.18311227969597055, 0.05581764683584067, 0.875143167901884, 0.043392244889916, -0.7836132342255386, -0.6835531856304011, 0.09040530340642561, 0.04880816013694678, 0.2752204882519873, -0.1970091128194542, 0.2996102180386846, -0.20619999419653467, 0.24783222709644614, 0.5348099341802477, -0.6420521799177383, -0.24884846282491524, 0.005066118653868745, 0.3733341598326916, -0.4926407026772337, 0.10948172588511706, 0.24986168812819542, 0.7910023321122921, -0.27429282313374714, 0.2751141460374733, -0.6171071957620733, -0.004411770765388567, -0.6351091908575863, 0.8367660782795254, -0.13635585731754474, 0.6603762041966925, -0.16644739064327485, 0.8093351774867339, -0.19034956537818792, -0.33765099381775454, 0.14427754054549724, 0.6908872981882266, 0.7220286235061439, 0.19137623413666893, -0.8306767779591795, 0.19453321463834983, -0.5090925828337958, 0.46518689717993555, 0.7893025846334776, 0.0294679418262902, 0.20712702072041278, -0.8698643752343853, 0.08014945928561268, -0.7416264326591246, 0.22912569270066396, -0.2726993059103242, 0.5355160686614915, -0.902931727160895, -0.7803637637643119, 0.36804643024725525, 0.029307394167312983, 0.1432827432294983, 0.6874139879813108, -0.024524721700651453, 0.6202888442522898, 0.020487258589880097, 0.8534413864805024, 0.333855543079252, -0.7025463211318861, -0.27089364934848836, 0.7315498318881986, -0.29942957828896866, -0.6219484810876903, -0.0547573816684539, -0.21443765035574014, 0.23785985328818726, -0.12646741612097356, -0.47815568541100895, -0.17505557667448635, -0.16193193089539926, 0.8048437117522818, 0.9592325240809707, 0.24713767881382775, -0.8336317548582777, 0.46599743519199, 0.357370804957968, 0.6520457340504391, -0.3050973265778887, -0.8822398116837538, 0.2236436329105842, -0.751970763373456, 0.5190590583266628, 0.5888466351532844, -0.18274642650020412, 0.8875950117660911, -0.6524404124894483, 0.8851716994539605]",rhc,relu,False,False,100,[10],0.1,100,15
1546,46,0.13423810002859682,1.8325526237363408,2292.0,100,15,"[0.9340596780273533, 0.09446449835144466, 0.9453687199297687, 0.4296319873487293, 0.3954576491945416, -0.5678210088392472, 0.9525489095524835, -0.9875394895908203, -0.4940352752331121, -0.13041693519110842, 0.5587658435875049, -0.6046298507994938, 0.7259864711984445, 0.9668013543506255, -0.6723155171906026, 0.19466788786571843, -0.98202780466489, -0.22685743471274122, -0.9116798841370009, 0.9133059354284718, -0.1277067062404047, 0.8979546135631256, 0.5726119718701219, 0.7325785971633969, -0.6536691570081037, -0.850102825973786, 0.2014854427555386, -0.6640556325631923, 0.4667603350211398, -0.18311227969597055, 0.05581764683584067, 0.875143167901884, 0.043392244889916, -0.7836132342255386, -0.6835531856304011, 0.09040530340642561, 0.04880816013694678, 0.2752204882519873, -0.1970091128194542, 0.2996102180386846, -0.20619999419653467, 0.24783222709644614, 0.5348099341802477, -0.6420521799177383, -0.24884846282491524, 0.005066118653868745, 0.3733341598326916, -0.4926407026772337, 0.10948172588511706, 0.24986168812819542, 0.7910023321122921, -0.27429282313374714, 0.2751141460374733, -0.6171071957620733, -0.004411770765388567, -0.6351091908575863, 0.8367660782795254, -0.13635585731754474, 0.6603762041966925, -0.16644739064327485, 0.8093351774867339, -0.19034956537818792, -0.33765099381775454, 0.14427754054549724, 0.6908872981882266, 0.7220286235061439, 0.19137623413666893, -0.8306767779591795, 0.19453321463834983, -0.5090925828337958, 0.46518689717993555, 0.7893025846334776, 0.0294679418262902, 0.20712702072041278, -0.8698643752343853, 0.08014945928561268, -0.7416264326591246, 0.22912569270066396, -0.2726993059103242, 0.5355160686614915, -0.902931727160895, -0.7803637637643119, 0.36804643024725525, 0.029307394167312983, 0.1432827432294983, 0.6874139879813108, -0.024524721700651453, 0.6202888442522898, 0.020487258589880097, 0.8534413864805024, 0.333855543079252, -0.7025463211318861, -0.27089364934848836, 0.7315498318881986, -0.29942957828896866, -0.6219484810876903, -0.0547573816684539, -0.21443765035574014, 0.23785985328818726, -0.12646741612097356, -0.47815568541100895, -0.17505557667448635, -0.16193193089539926, 0.8048437117522818, 0.9592325240809707, 0.24713767881382775, -0.8336317548582777, 0.46599743519199, 0.357370804957968, 0.6520457340504391, -0.3050973265778887, -0.8822398116837538, 0.2236436329105842, -0.751970763373456, 0.5190590583266628, 0.5888466351532844, -0.18274642650020412, 0.8875950117660911, -0.6524404124894483, 0.8851716994539605]",rhc,relu,False,False,100,[10],0.1,100,15
1547,47,0.13724380009807646,1.8325526237363408,2293.0,100,15,"[0.9340596780273533, 0.09446449835144466, 0.9453687199297687, 0.4296319873487293, 0.3954576491945416, -0.5678210088392472, 0.9525489095524835, -0.9875394895908203, -0.4940352752331121, -0.13041693519110842, 0.5587658435875049, -0.6046298507994938, 0.7259864711984445, 0.9668013543506255, -0.6723155171906026, 0.19466788786571843, -0.98202780466489, -0.22685743471274122, -0.9116798841370009, 0.9133059354284718, -0.1277067062404047, 0.8979546135631256, 0.5726119718701219, 0.7325785971633969, -0.6536691570081037, -0.850102825973786, 0.2014854427555386, -0.6640556325631923, 0.4667603350211398, -0.18311227969597055, 0.05581764683584067, 0.875143167901884, 0.043392244889916, -0.7836132342255386, -0.6835531856304011, 0.09040530340642561, 0.04880816013694678, 0.2752204882519873, -0.1970091128194542, 0.2996102180386846, -0.20619999419653467, 0.24783222709644614, 0.5348099341802477, -0.6420521799177383, -0.24884846282491524, 0.005066118653868745, 0.3733341598326916, -0.4926407026772337, 0.10948172588511706, 0.24986168812819542, 0.7910023321122921, -0.27429282313374714, 0.2751141460374733, -0.6171071957620733, -0.004411770765388567, -0.6351091908575863, 0.8367660782795254, -0.13635585731754474, 0.6603762041966925, -0.16644739064327485, 0.8093351774867339, -0.19034956537818792, -0.33765099381775454, 0.14427754054549724, 0.6908872981882266, 0.7220286235061439, 0.19137623413666893, -0.8306767779591795, 0.19453321463834983, -0.5090925828337958, 0.46518689717993555, 0.7893025846334776, 0.0294679418262902, 0.20712702072041278, -0.8698643752343853, 0.08014945928561268, -0.7416264326591246, 0.22912569270066396, -0.2726993059103242, 0.5355160686614915, -0.902931727160895, -0.7803637637643119, 0.36804643024725525, 0.029307394167312983, 0.1432827432294983, 0.6874139879813108, -0.024524721700651453, 0.6202888442522898, 0.020487258589880097, 0.8534413864805024, 0.333855543079252, -0.7025463211318861, -0.27089364934848836, 0.7315498318881986, -0.29942957828896866, -0.6219484810876903, -0.0547573816684539, -0.21443765035574014, 0.23785985328818726, -0.12646741612097356, -0.47815568541100895, -0.17505557667448635, -0.16193193089539926, 0.8048437117522818, 0.9592325240809707, 0.24713767881382775, -0.8336317548582777, 0.46599743519199, 0.357370804957968, 0.6520457340504391, -0.3050973265778887, -0.8822398116837538, 0.2236436329105842, -0.751970763373456, 0.5190590583266628, 0.5888466351532844, -0.18274642650020412, 0.8875950117660911, -0.6524404124894483, 0.8851716994539605]",rhc,relu,False,False,100,[10],0.1,100,15
1548,48,0.13920730003155768,1.8311137017249879,2295.0,100,15,"[0.9340596780273533, 0.09446449835144466, 0.9453687199297687, 0.4296319873487293, 0.3954576491945416, -0.5678210088392472, 0.9525489095524835, -0.9875394895908203, -0.4940352752331121, -0.13041693519110842, 0.5587658435875049, -0.6046298507994938, 0.7259864711984445, 0.9668013543506255, -0.6723155171906026, 0.19466788786571843, -0.98202780466489, -0.22685743471274122, -0.9116798841370009, 0.9133059354284718, -0.1277067062404047, 0.8979546135631256, 0.5726119718701219, 0.7325785971633969, -0.6536691570081037, -0.850102825973786, 0.2014854427555386, -0.6640556325631923, 0.4667603350211398, -0.18311227969597055, 0.05581764683584067, 0.875143167901884, 0.043392244889916, -0.7836132342255386, -0.6835531856304011, 0.09040530340642561, 0.04880816013694678, 0.2752204882519873, -0.1970091128194542, 0.2996102180386846, -0.20619999419653467, 0.24783222709644614, 0.5348099341802477, -0.6420521799177383, -0.24884846282491524, 0.005066118653868745, 0.3733341598326916, -0.4926407026772337, 0.10948172588511706, 0.24986168812819542, 0.7910023321122921, -0.27429282313374714, 0.2751141460374733, -0.6171071957620733, -0.004411770765388567, -0.6351091908575863, 0.8367660782795254, -0.13635585731754474, 0.6603762041966925, -0.16644739064327485, 0.8093351774867339, -0.19034956537818792, -0.33765099381775454, 0.14427754054549724, 0.6908872981882266, 0.7220286235061439, 0.19137623413666893, -0.8306767779591795, 0.19453321463834983, -0.5090925828337958, 0.46518689717993555, 0.7893025846334776, 0.0294679418262902, 0.20712702072041278, -0.8698643752343853, 0.08014945928561268, -0.7416264326591246, 0.22912569270066396, -0.2726993059103242, 0.5355160686614915, -0.902931727160895, -0.7803637637643119, 0.36804643024725525, 0.029307394167312983, 0.1432827432294983, 0.6874139879813108, -0.024524721700651453, 0.6202888442522898, 0.020487258589880097, 0.8534413864805024, 0.333855543079252, -0.7025463211318861, -0.27089364934848836, 0.7315498318881986, -0.29942957828896866, -0.6219484810876903, -0.0547573816684539, -0.21443765035574014, 0.23785985328818726, -0.12646741612097356, -0.47815568541100895, -0.17505557667448635, -0.16193193089539926, 0.8048437117522818, 0.9592325240809707, 0.24713767881382775, -0.8336317548582777, 0.46599743519199, 0.357370804957968, 0.6520457340504391, -0.3050973265778887, -0.8822398116837538, 0.2236436329105842, -0.751970763373456, 0.5190590583266628, 0.5888466351532844, -0.18274642650020412, 0.8875950117660911, -0.6524404124894483, 0.8851716994539605]",rhc,relu,False,False,100,[10],0.1,100,15
1549,49,0.14330590004101396,1.8238979626251854,2297.0,100,15,"[0.9340596780273533, 0.09446449835144466, 0.9453687199297687, 0.4296319873487293, 0.3954576491945416, -0.5678210088392472, 0.9525489095524835, -0.9875394895908203, -0.4940352752331121, -0.13041693519110842, 0.5587658435875049, -0.6046298507994938, 0.7259864711984445, 0.9668013543506255, -0.6723155171906026, 0.19466788786571843, -0.98202780466489, -0.22685743471274122, -0.9116798841370009, 0.9133059354284718, -0.1277067062404047, 0.8979546135631256, 0.5726119718701219, 0.7325785971633969, -0.6536691570081037, -0.850102825973786, 0.2014854427555386, -0.6640556325631923, 0.4667603350211398, -0.18311227969597055, 0.05581764683584067, 0.875143167901884, 0.043392244889916, -0.7836132342255386, -0.6835531856304011, 0.09040530340642561, 0.04880816013694678, 0.2752204882519873, -0.1970091128194542, 0.2996102180386846, -0.20619999419653467, 0.24783222709644614, 0.5348099341802477, -0.6420521799177383, -0.24884846282491524, 0.005066118653868745, 0.3733341598326916, -0.4926407026772337, 0.10948172588511706, 0.24986168812819542, 0.7910023321122921, -0.27429282313374714, 0.2751141460374733, -0.6171071957620733, -0.004411770765388567, -0.6351091908575863, 0.8367660782795254, -0.13635585731754474, 0.6603762041966925, -0.16644739064327485, 0.8093351774867339, -0.19034956537818792, -0.33765099381775454, 0.14427754054549724, 0.6908872981882266, 0.7220286235061439, 0.19137623413666893, -0.8306767779591795, 0.19453321463834983, -0.5090925828337958, 0.46518689717993555, 0.7893025846334776, 0.0294679418262902, 0.20712702072041278, -0.8698643752343853, 0.08014945928561268, -0.7416264326591246, 0.22912569270066396, -0.2726993059103242, 0.5355160686614915, -0.902931727160895, -0.7803637637643119, 0.36804643024725525, 0.029307394167312983, 0.1432827432294983, 0.6874139879813108, -0.024524721700651453, 0.6202888442522898, 0.020487258589880097, 0.8534413864805024, 0.333855543079252, -0.7025463211318861, -0.27089364934848836, 0.7315498318881986, -0.29942957828896866, -0.6219484810876903, -0.0547573816684539, -0.21443765035574014, 0.23785985328818726, -0.12646741612097356, -0.47815568541100895, -0.17505557667448635, -0.16193193089539926, 0.8048437117522818, 0.9592325240809707, 0.24713767881382775, -0.8336317548582777, 0.46599743519199, 0.357370804957968, 0.6520457340504391, -0.3050973265778887, -0.8822398116837538, 0.2236436329105842, -0.751970763373456, 0.5190590583266628, 0.5888466351532844, -0.18274642650020412, 0.8875950117660911, -0.6524404124894483, 0.8851716994539605]",rhc,relu,False,False,100,[10],0.1,100,15
1550,50,0.14690749999135733,1.8238979626251854,2298.0,100,15,"[0.9340596780273533, 0.09446449835144466, 0.9453687199297687, 0.4296319873487293, 0.3954576491945416, -0.5678210088392472, 0.9525489095524835, -0.9875394895908203, -0.4940352752331121, -0.13041693519110842, 0.5587658435875049, -0.6046298507994938, 0.7259864711984445, 0.9668013543506255, -0.6723155171906026, 0.19466788786571843, -0.98202780466489, -0.22685743471274122, -0.9116798841370009, 0.9133059354284718, -0.1277067062404047, 0.8979546135631256, 0.5726119718701219, 0.7325785971633969, -0.6536691570081037, -0.850102825973786, 0.2014854427555386, -0.6640556325631923, 0.4667603350211398, -0.18311227969597055, 0.05581764683584067, 0.875143167901884, 0.043392244889916, -0.7836132342255386, -0.6835531856304011, 0.09040530340642561, 0.04880816013694678, 0.2752204882519873, -0.1970091128194542, 0.2996102180386846, -0.20619999419653467, 0.24783222709644614, 0.5348099341802477, -0.6420521799177383, -0.24884846282491524, 0.005066118653868745, 0.3733341598326916, -0.4926407026772337, 0.10948172588511706, 0.24986168812819542, 0.7910023321122921, -0.27429282313374714, 0.2751141460374733, -0.6171071957620733, -0.004411770765388567, -0.6351091908575863, 0.8367660782795254, -0.13635585731754474, 0.6603762041966925, -0.16644739064327485, 0.8093351774867339, -0.19034956537818792, -0.33765099381775454, 0.14427754054549724, 0.6908872981882266, 0.7220286235061439, 0.19137623413666893, -0.8306767779591795, 0.19453321463834983, -0.5090925828337958, 0.46518689717993555, 0.7893025846334776, 0.0294679418262902, 0.20712702072041278, -0.8698643752343853, 0.08014945928561268, -0.7416264326591246, 0.22912569270066396, -0.2726993059103242, 0.5355160686614915, -0.902931727160895, -0.7803637637643119, 0.36804643024725525, 0.029307394167312983, 0.1432827432294983, 0.6874139879813108, -0.024524721700651453, 0.6202888442522898, 0.020487258589880097, 0.8534413864805024, 0.333855543079252, -0.7025463211318861, -0.27089364934848836, 0.7315498318881986, -0.29942957828896866, -0.6219484810876903, -0.0547573816684539, -0.21443765035574014, 0.23785985328818726, -0.12646741612097356, -0.47815568541100895, -0.17505557667448635, -0.16193193089539926, 0.8048437117522818, 0.9592325240809707, 0.24713767881382775, -0.8336317548582777, 0.46599743519199, 0.357370804957968, 0.6520457340504391, -0.3050973265778887, -0.8822398116837538, 0.2236436329105842, -0.751970763373456, 0.5190590583266628, 0.5888466351532844, -0.18274642650020412, 0.8875950117660911, -0.6524404124894483, 0.8851716994539605]",rhc,relu,False,False,100,[10],0.1,100,15
1551,51,0.14868640003260225,1.8238979626251854,2299.0,100,15,"[0.9340596780273533, 0.09446449835144466, 0.9453687199297687, 0.4296319873487293, 0.3954576491945416, -0.5678210088392472, 0.9525489095524835, -0.9875394895908203, -0.4940352752331121, -0.13041693519110842, 0.5587658435875049, -0.6046298507994938, 0.7259864711984445, 0.9668013543506255, -0.6723155171906026, 0.19466788786571843, -0.98202780466489, -0.22685743471274122, -0.9116798841370009, 0.9133059354284718, -0.1277067062404047, 0.8979546135631256, 0.5726119718701219, 0.7325785971633969, -0.6536691570081037, -0.850102825973786, 0.2014854427555386, -0.6640556325631923, 0.4667603350211398, -0.18311227969597055, 0.05581764683584067, 0.875143167901884, 0.043392244889916, -0.7836132342255386, -0.6835531856304011, 0.09040530340642561, 0.04880816013694678, 0.2752204882519873, -0.1970091128194542, 0.2996102180386846, -0.20619999419653467, 0.24783222709644614, 0.5348099341802477, -0.6420521799177383, -0.24884846282491524, 0.005066118653868745, 0.3733341598326916, -0.4926407026772337, 0.10948172588511706, 0.24986168812819542, 0.7910023321122921, -0.27429282313374714, 0.2751141460374733, -0.6171071957620733, -0.004411770765388567, -0.6351091908575863, 0.8367660782795254, -0.13635585731754474, 0.6603762041966925, -0.16644739064327485, 0.8093351774867339, -0.19034956537818792, -0.33765099381775454, 0.14427754054549724, 0.6908872981882266, 0.7220286235061439, 0.19137623413666893, -0.8306767779591795, 0.19453321463834983, -0.5090925828337958, 0.46518689717993555, 0.7893025846334776, 0.0294679418262902, 0.20712702072041278, -0.8698643752343853, 0.08014945928561268, -0.7416264326591246, 0.22912569270066396, -0.2726993059103242, 0.5355160686614915, -0.902931727160895, -0.7803637637643119, 0.36804643024725525, 0.029307394167312983, 0.1432827432294983, 0.6874139879813108, -0.024524721700651453, 0.6202888442522898, 0.020487258589880097, 0.8534413864805024, 0.333855543079252, -0.7025463211318861, -0.27089364934848836, 0.7315498318881986, -0.29942957828896866, -0.6219484810876903, -0.0547573816684539, -0.21443765035574014, 0.23785985328818726, -0.12646741612097356, -0.47815568541100895, -0.17505557667448635, -0.16193193089539926, 0.8048437117522818, 0.9592325240809707, 0.24713767881382775, -0.8336317548582777, 0.46599743519199, 0.357370804957968, 0.6520457340504391, -0.3050973265778887, -0.8822398116837538, 0.2236436329105842, -0.751970763373456, 0.5190590583266628, 0.5888466351532844, -0.18274642650020412, 0.8875950117660911, -0.6524404124894483, 0.8851716994539605]",rhc,relu,False,False,100,[10],0.1,100,15
1552,52,0.15030470001511276,1.8201427067205798,2301.0,100,15,"[0.9340596780273533, 0.09446449835144466, 0.9453687199297687, 0.4296319873487293, 0.3954576491945416, -0.5678210088392472, 0.9525489095524835, -0.9875394895908203, -0.4940352752331121, -0.13041693519110842, 0.5587658435875049, -0.6046298507994938, 0.7259864711984445, 0.9668013543506255, -0.6723155171906026, 0.19466788786571843, -0.98202780466489, -0.22685743471274122, -0.9116798841370009, 0.9133059354284718, -0.1277067062404047, 0.8979546135631256, 0.5726119718701219, 0.7325785971633969, -0.6536691570081037, -0.850102825973786, 0.2014854427555386, -0.6640556325631923, 0.4667603350211398, -0.18311227969597055, 0.05581764683584067, 0.875143167901884, 0.043392244889916, -0.7836132342255386, -0.6835531856304011, 0.09040530340642561, 0.04880816013694678, 0.2752204882519873, -0.1970091128194542, 0.2996102180386846, -0.20619999419653467, 0.24783222709644614, 0.5348099341802477, -0.6420521799177383, -0.24884846282491524, 0.005066118653868745, 0.3733341598326916, -0.4926407026772337, 0.10948172588511706, 0.24986168812819542, 0.7910023321122921, -0.27429282313374714, 0.2751141460374733, -0.6171071957620733, -0.004411770765388567, -0.6351091908575863, 0.8367660782795254, -0.13635585731754474, 0.6603762041966925, -0.16644739064327485, 0.8093351774867339, -0.19034956537818792, -0.33765099381775454, 0.14427754054549724, 0.6908872981882266, 0.7220286235061439, 0.19137623413666893, -0.8306767779591795, 0.19453321463834983, -0.5090925828337958, 0.46518689717993555, 0.7893025846334776, 0.0294679418262902, 0.20712702072041278, -0.8698643752343853, 0.08014945928561268, -0.7416264326591246, 0.22912569270066396, -0.2726993059103242, 0.5355160686614915, -0.902931727160895, -0.7803637637643119, 0.36804643024725525, 0.029307394167312983, 0.1432827432294983, 0.6874139879813108, -0.024524721700651453, 0.6202888442522898, 0.020487258589880097, 0.8534413864805024, 0.333855543079252, -0.7025463211318861, -0.27089364934848836, 0.7315498318881986, -0.29942957828896866, -0.6219484810876903, -0.0547573816684539, -0.21443765035574014, 0.23785985328818726, -0.12646741612097356, -0.47815568541100895, -0.17505557667448635, -0.16193193089539926, 0.8048437117522818, 0.9592325240809707, 0.24713767881382775, -0.8336317548582777, 0.46599743519199, 0.357370804957968, 0.6520457340504391, -0.3050973265778887, -0.8822398116837538, 0.2236436329105842, -0.751970763373456, 0.5190590583266628, 0.5888466351532844, -0.18274642650020412, 0.8875950117660911, -0.6524404124894483, 0.8851716994539605]",rhc,relu,False,False,100,[10],0.1,100,15
1553,53,0.15169550001155585,1.8185874223173224,2303.0,100,15,"[0.9340596780273533, 0.09446449835144466, 0.9453687199297687, 0.4296319873487293, 0.3954576491945416, -0.5678210088392472, 0.9525489095524835, -0.9875394895908203, -0.4940352752331121, -0.13041693519110842, 0.5587658435875049, -0.6046298507994938, 0.7259864711984445, 0.9668013543506255, -0.6723155171906026, 0.19466788786571843, -0.98202780466489, -0.22685743471274122, -0.9116798841370009, 0.9133059354284718, -0.1277067062404047, 0.8979546135631256, 0.5726119718701219, 0.7325785971633969, -0.6536691570081037, -0.850102825973786, 0.2014854427555386, -0.6640556325631923, 0.4667603350211398, -0.18311227969597055, 0.05581764683584067, 0.875143167901884, 0.043392244889916, -0.7836132342255386, -0.6835531856304011, 0.09040530340642561, 0.04880816013694678, 0.2752204882519873, -0.1970091128194542, 0.2996102180386846, -0.20619999419653467, 0.24783222709644614, 0.5348099341802477, -0.6420521799177383, -0.24884846282491524, 0.005066118653868745, 0.3733341598326916, -0.4926407026772337, 0.10948172588511706, 0.24986168812819542, 0.7910023321122921, -0.27429282313374714, 0.2751141460374733, -0.6171071957620733, -0.004411770765388567, -0.6351091908575863, 0.8367660782795254, -0.13635585731754474, 0.6603762041966925, -0.16644739064327485, 0.8093351774867339, -0.19034956537818792, -0.33765099381775454, 0.14427754054549724, 0.6908872981882266, 0.7220286235061439, 0.19137623413666893, -0.8306767779591795, 0.19453321463834983, -0.5090925828337958, 0.46518689717993555, 0.7893025846334776, 0.0294679418262902, 0.20712702072041278, -0.8698643752343853, 0.08014945928561268, -0.7416264326591246, 0.22912569270066396, -0.2726993059103242, 0.5355160686614915, -0.902931727160895, -0.7803637637643119, 0.36804643024725525, 0.029307394167312983, 0.1432827432294983, 0.6874139879813108, -0.024524721700651453, 0.6202888442522898, 0.020487258589880097, 0.8534413864805024, 0.333855543079252, -0.7025463211318861, -0.27089364934848836, 0.7315498318881986, -0.29942957828896866, -0.6219484810876903, -0.0547573816684539, -0.21443765035574014, 0.23785985328818726, -0.12646741612097356, -0.47815568541100895, -0.17505557667448635, -0.16193193089539926, 0.8048437117522818, 0.9592325240809707, 0.24713767881382775, -0.8336317548582777, 0.46599743519199, 0.357370804957968, 0.6520457340504391, -0.3050973265778887, -0.8822398116837538, 0.2236436329105842, -0.751970763373456, 0.5190590583266628, 0.5888466351532844, -0.18274642650020412, 0.8875950117660911, -0.6524404124894483, 0.8851716994539605]",rhc,relu,False,False,100,[10],0.1,100,15
1554,54,0.15469950006809086,1.8185874223173224,2304.0,100,15,"[0.9340596780273533, 0.09446449835144466, 0.9453687199297687, 0.4296319873487293, 0.3954576491945416, -0.5678210088392472, 0.9525489095524835, -0.9875394895908203, -0.4940352752331121, -0.13041693519110842, 0.5587658435875049, -0.6046298507994938, 0.7259864711984445, 0.9668013543506255, -0.6723155171906026, 0.19466788786571843, -0.98202780466489, -0.22685743471274122, -0.9116798841370009, 0.9133059354284718, -0.1277067062404047, 0.8979546135631256, 0.5726119718701219, 0.7325785971633969, -0.6536691570081037, -0.850102825973786, 0.2014854427555386, -0.6640556325631923, 0.4667603350211398, -0.18311227969597055, 0.05581764683584067, 0.875143167901884, 0.043392244889916, -0.7836132342255386, -0.6835531856304011, 0.09040530340642561, 0.04880816013694678, 0.2752204882519873, -0.1970091128194542, 0.2996102180386846, -0.20619999419653467, 0.24783222709644614, 0.5348099341802477, -0.6420521799177383, -0.24884846282491524, 0.005066118653868745, 0.3733341598326916, -0.4926407026772337, 0.10948172588511706, 0.24986168812819542, 0.7910023321122921, -0.27429282313374714, 0.2751141460374733, -0.6171071957620733, -0.004411770765388567, -0.6351091908575863, 0.8367660782795254, -0.13635585731754474, 0.6603762041966925, -0.16644739064327485, 0.8093351774867339, -0.19034956537818792, -0.33765099381775454, 0.14427754054549724, 0.6908872981882266, 0.7220286235061439, 0.19137623413666893, -0.8306767779591795, 0.19453321463834983, -0.5090925828337958, 0.46518689717993555, 0.7893025846334776, 0.0294679418262902, 0.20712702072041278, -0.8698643752343853, 0.08014945928561268, -0.7416264326591246, 0.22912569270066396, -0.2726993059103242, 0.5355160686614915, -0.902931727160895, -0.7803637637643119, 0.36804643024725525, 0.029307394167312983, 0.1432827432294983, 0.6874139879813108, -0.024524721700651453, 0.6202888442522898, 0.020487258589880097, 0.8534413864805024, 0.333855543079252, -0.7025463211318861, -0.27089364934848836, 0.7315498318881986, -0.29942957828896866, -0.6219484810876903, -0.0547573816684539, -0.21443765035574014, 0.23785985328818726, -0.12646741612097356, -0.47815568541100895, -0.17505557667448635, -0.16193193089539926, 0.8048437117522818, 0.9592325240809707, 0.24713767881382775, -0.8336317548582777, 0.46599743519199, 0.357370804957968, 0.6520457340504391, -0.3050973265778887, -0.8822398116837538, 0.2236436329105842, -0.751970763373456, 0.5190590583266628, 0.5888466351532844, -0.18274642650020412, 0.8875950117660911, -0.6524404124894483, 0.8851716994539605]",rhc,relu,False,False,100,[10],0.1,100,15
1555,55,0.15623610001057386,1.8132192898735924,2306.0,100,15,"[0.9340596780273533, 0.09446449835144466, 0.9453687199297687, 0.4296319873487293, 0.3954576491945416, -0.5678210088392472, 0.9525489095524835, -0.9875394895908203, -0.4940352752331121, -0.13041693519110842, 0.5587658435875049, -0.6046298507994938, 0.7259864711984445, 0.9668013543506255, -0.6723155171906026, 0.19466788786571843, -0.98202780466489, -0.22685743471274122, -0.9116798841370009, 0.9133059354284718, -0.1277067062404047, 0.8979546135631256, 0.5726119718701219, 0.7325785971633969, -0.6536691570081037, -0.850102825973786, 0.2014854427555386, -0.6640556325631923, 0.4667603350211398, -0.18311227969597055, 0.05581764683584067, 0.875143167901884, 0.043392244889916, -0.7836132342255386, -0.6835531856304011, 0.09040530340642561, 0.04880816013694678, 0.2752204882519873, -0.1970091128194542, 0.2996102180386846, -0.20619999419653467, 0.24783222709644614, 0.5348099341802477, -0.6420521799177383, -0.24884846282491524, 0.005066118653868745, 0.3733341598326916, -0.4926407026772337, 0.10948172588511706, 0.24986168812819542, 0.7910023321122921, -0.27429282313374714, 0.2751141460374733, -0.6171071957620733, -0.004411770765388567, -0.6351091908575863, 0.8367660782795254, -0.13635585731754474, 0.6603762041966925, -0.16644739064327485, 0.8093351774867339, -0.19034956537818792, -0.33765099381775454, 0.14427754054549724, 0.6908872981882266, 0.7220286235061439, 0.19137623413666893, -0.8306767779591795, 0.19453321463834983, -0.5090925828337958, 0.46518689717993555, 0.7893025846334776, 0.0294679418262902, 0.20712702072041278, -0.8698643752343853, 0.08014945928561268, -0.7416264326591246, 0.22912569270066396, -0.2726993059103242, 0.5355160686614915, -0.902931727160895, -0.7803637637643119, 0.36804643024725525, 0.029307394167312983, 0.1432827432294983, 0.6874139879813108, -0.024524721700651453, 0.6202888442522898, 0.020487258589880097, 0.8534413864805024, 0.333855543079252, -0.7025463211318861, -0.27089364934848836, 0.7315498318881986, -0.29942957828896866, -0.6219484810876903, -0.0547573816684539, -0.21443765035574014, 0.23785985328818726, -0.12646741612097356, -0.47815568541100895, -0.17505557667448635, -0.16193193089539926, 0.8048437117522818, 0.9592325240809707, 0.24713767881382775, -0.8336317548582777, 0.46599743519199, 0.357370804957968, 0.6520457340504391, -0.3050973265778887, -0.8822398116837538, 0.2236436329105842, -0.751970763373456, 0.5190590583266628, 0.5888466351532844, -0.18274642650020412, 0.8875950117660911, -0.6524404124894483, 0.8851716994539605]",rhc,relu,False,False,100,[10],0.1,100,15
1556,56,0.15794740000274032,1.8132192898735924,2307.0,100,15,"[0.9340596780273533, 0.09446449835144466, 0.9453687199297687, 0.4296319873487293, 0.3954576491945416, -0.5678210088392472, 0.9525489095524835, -0.9875394895908203, -0.4940352752331121, -0.13041693519110842, 0.5587658435875049, -0.6046298507994938, 0.7259864711984445, 0.9668013543506255, -0.6723155171906026, 0.19466788786571843, -0.98202780466489, -0.22685743471274122, -0.9116798841370009, 0.9133059354284718, -0.1277067062404047, 0.8979546135631256, 0.5726119718701219, 0.7325785971633969, -0.6536691570081037, -0.850102825973786, 0.2014854427555386, -0.6640556325631923, 0.4667603350211398, -0.18311227969597055, 0.05581764683584067, 0.875143167901884, 0.043392244889916, -0.7836132342255386, -0.6835531856304011, 0.09040530340642561, 0.04880816013694678, 0.2752204882519873, -0.1970091128194542, 0.2996102180386846, -0.20619999419653467, 0.24783222709644614, 0.5348099341802477, -0.6420521799177383, -0.24884846282491524, 0.005066118653868745, 0.3733341598326916, -0.4926407026772337, 0.10948172588511706, 0.24986168812819542, 0.7910023321122921, -0.27429282313374714, 0.2751141460374733, -0.6171071957620733, -0.004411770765388567, -0.6351091908575863, 0.8367660782795254, -0.13635585731754474, 0.6603762041966925, -0.16644739064327485, 0.8093351774867339, -0.19034956537818792, -0.33765099381775454, 0.14427754054549724, 0.6908872981882266, 0.7220286235061439, 0.19137623413666893, -0.8306767779591795, 0.19453321463834983, -0.5090925828337958, 0.46518689717993555, 0.7893025846334776, 0.0294679418262902, 0.20712702072041278, -0.8698643752343853, 0.08014945928561268, -0.7416264326591246, 0.22912569270066396, -0.2726993059103242, 0.5355160686614915, -0.902931727160895, -0.7803637637643119, 0.36804643024725525, 0.029307394167312983, 0.1432827432294983, 0.6874139879813108, -0.024524721700651453, 0.6202888442522898, 0.020487258589880097, 0.8534413864805024, 0.333855543079252, -0.7025463211318861, -0.27089364934848836, 0.7315498318881986, -0.29942957828896866, -0.6219484810876903, -0.0547573816684539, -0.21443765035574014, 0.23785985328818726, -0.12646741612097356, -0.47815568541100895, -0.17505557667448635, -0.16193193089539926, 0.8048437117522818, 0.9592325240809707, 0.24713767881382775, -0.8336317548582777, 0.46599743519199, 0.357370804957968, 0.6520457340504391, -0.3050973265778887, -0.8822398116837538, 0.2236436329105842, -0.751970763373456, 0.5190590583266628, 0.5888466351532844, -0.18274642650020412, 0.8875950117660911, -0.6524404124894483, 0.8851716994539605]",rhc,relu,False,False,100,[10],0.1,100,15
1557,57,0.15946009999606758,1.8132192898735924,2308.0,100,15,"[0.9340596780273533, 0.09446449835144466, 0.9453687199297687, 0.4296319873487293, 0.3954576491945416, -0.5678210088392472, 0.9525489095524835, -0.9875394895908203, -0.4940352752331121, -0.13041693519110842, 0.5587658435875049, -0.6046298507994938, 0.7259864711984445, 0.9668013543506255, -0.6723155171906026, 0.19466788786571843, -0.98202780466489, -0.22685743471274122, -0.9116798841370009, 0.9133059354284718, -0.1277067062404047, 0.8979546135631256, 0.5726119718701219, 0.7325785971633969, -0.6536691570081037, -0.850102825973786, 0.2014854427555386, -0.6640556325631923, 0.4667603350211398, -0.18311227969597055, 0.05581764683584067, 0.875143167901884, 0.043392244889916, -0.7836132342255386, -0.6835531856304011, 0.09040530340642561, 0.04880816013694678, 0.2752204882519873, -0.1970091128194542, 0.2996102180386846, -0.20619999419653467, 0.24783222709644614, 0.5348099341802477, -0.6420521799177383, -0.24884846282491524, 0.005066118653868745, 0.3733341598326916, -0.4926407026772337, 0.10948172588511706, 0.24986168812819542, 0.7910023321122921, -0.27429282313374714, 0.2751141460374733, -0.6171071957620733, -0.004411770765388567, -0.6351091908575863, 0.8367660782795254, -0.13635585731754474, 0.6603762041966925, -0.16644739064327485, 0.8093351774867339, -0.19034956537818792, -0.33765099381775454, 0.14427754054549724, 0.6908872981882266, 0.7220286235061439, 0.19137623413666893, -0.8306767779591795, 0.19453321463834983, -0.5090925828337958, 0.46518689717993555, 0.7893025846334776, 0.0294679418262902, 0.20712702072041278, -0.8698643752343853, 0.08014945928561268, -0.7416264326591246, 0.22912569270066396, -0.2726993059103242, 0.5355160686614915, -0.902931727160895, -0.7803637637643119, 0.36804643024725525, 0.029307394167312983, 0.1432827432294983, 0.6874139879813108, -0.024524721700651453, 0.6202888442522898, 0.020487258589880097, 0.8534413864805024, 0.333855543079252, -0.7025463211318861, -0.27089364934848836, 0.7315498318881986, -0.29942957828896866, -0.6219484810876903, -0.0547573816684539, -0.21443765035574014, 0.23785985328818726, -0.12646741612097356, -0.47815568541100895, -0.17505557667448635, -0.16193193089539926, 0.8048437117522818, 0.9592325240809707, 0.24713767881382775, -0.8336317548582777, 0.46599743519199, 0.357370804957968, 0.6520457340504391, -0.3050973265778887, -0.8822398116837538, 0.2236436329105842, -0.751970763373456, 0.5190590583266628, 0.5888466351532844, -0.18274642650020412, 0.8875950117660911, -0.6524404124894483, 0.8851716994539605]",rhc,relu,False,False,100,[10],0.1,100,15
1558,58,0.16259170009288937,1.8121018159312818,2310.0,100,15,"[0.9340596780273533, 0.09446449835144466, 0.9453687199297687, 0.4296319873487293, 0.3954576491945416, -0.5678210088392472, 0.9525489095524835, -0.9875394895908203, -0.4940352752331121, -0.13041693519110842, 0.5587658435875049, -0.6046298507994938, 0.7259864711984445, 0.9668013543506255, -0.6723155171906026, 0.19466788786571843, -0.98202780466489, -0.22685743471274122, -0.9116798841370009, 0.9133059354284718, -0.1277067062404047, 0.8979546135631256, 0.5726119718701219, 0.7325785971633969, -0.6536691570081037, -0.850102825973786, 0.2014854427555386, -0.6640556325631923, 0.4667603350211398, -0.18311227969597055, 0.05581764683584067, 0.875143167901884, 0.043392244889916, -0.7836132342255386, -0.6835531856304011, 0.09040530340642561, 0.04880816013694678, 0.2752204882519873, -0.1970091128194542, 0.2996102180386846, -0.20619999419653467, 0.24783222709644614, 0.5348099341802477, -0.6420521799177383, -0.24884846282491524, 0.005066118653868745, 0.3733341598326916, -0.4926407026772337, 0.10948172588511706, 0.24986168812819542, 0.7910023321122921, -0.27429282313374714, 0.2751141460374733, -0.6171071957620733, -0.004411770765388567, -0.6351091908575863, 0.8367660782795254, -0.13635585731754474, 0.6603762041966925, -0.16644739064327485, 0.8093351774867339, -0.19034956537818792, -0.33765099381775454, 0.14427754054549724, 0.6908872981882266, 0.7220286235061439, 0.19137623413666893, -0.8306767779591795, 0.19453321463834983, -0.5090925828337958, 0.46518689717993555, 0.7893025846334776, 0.0294679418262902, 0.20712702072041278, -0.8698643752343853, 0.08014945928561268, -0.7416264326591246, 0.22912569270066396, -0.2726993059103242, 0.5355160686614915, -0.902931727160895, -0.7803637637643119, 0.36804643024725525, 0.029307394167312983, 0.1432827432294983, 0.6874139879813108, -0.024524721700651453, 0.6202888442522898, 0.020487258589880097, 0.8534413864805024, 0.333855543079252, -0.7025463211318861, -0.27089364934848836, 0.7315498318881986, -0.29942957828896866, -0.6219484810876903, -0.0547573816684539, -0.21443765035574014, 0.23785985328818726, -0.12646741612097356, -0.47815568541100895, -0.17505557667448635, -0.16193193089539926, 0.8048437117522818, 0.9592325240809707, 0.24713767881382775, -0.8336317548582777, 0.46599743519199, 0.357370804957968, 0.6520457340504391, -0.3050973265778887, -0.8822398116837538, 0.2236436329105842, -0.751970763373456, 0.5190590583266628, 0.5888466351532844, -0.18274642650020412, 0.8875950117660911, -0.6524404124894483, 0.8851716994539605]",rhc,relu,False,False,100,[10],0.1,100,15
1559,59,0.16467890003696084,1.8121018159312818,2311.0,100,15,"[0.9340596780273533, 0.09446449835144466, 0.9453687199297687, 0.4296319873487293, 0.3954576491945416, -0.5678210088392472, 0.9525489095524835, -0.9875394895908203, -0.4940352752331121, -0.13041693519110842, 0.5587658435875049, -0.6046298507994938, 0.7259864711984445, 0.9668013543506255, -0.6723155171906026, 0.19466788786571843, -0.98202780466489, -0.22685743471274122, -0.9116798841370009, 0.9133059354284718, -0.1277067062404047, 0.8979546135631256, 0.5726119718701219, 0.7325785971633969, -0.6536691570081037, -0.850102825973786, 0.2014854427555386, -0.6640556325631923, 0.4667603350211398, -0.18311227969597055, 0.05581764683584067, 0.875143167901884, 0.043392244889916, -0.7836132342255386, -0.6835531856304011, 0.09040530340642561, 0.04880816013694678, 0.2752204882519873, -0.1970091128194542, 0.2996102180386846, -0.20619999419653467, 0.24783222709644614, 0.5348099341802477, -0.6420521799177383, -0.24884846282491524, 0.005066118653868745, 0.3733341598326916, -0.4926407026772337, 0.10948172588511706, 0.24986168812819542, 0.7910023321122921, -0.27429282313374714, 0.2751141460374733, -0.6171071957620733, -0.004411770765388567, -0.6351091908575863, 0.8367660782795254, -0.13635585731754474, 0.6603762041966925, -0.16644739064327485, 0.8093351774867339, -0.19034956537818792, -0.33765099381775454, 0.14427754054549724, 0.6908872981882266, 0.7220286235061439, 0.19137623413666893, -0.8306767779591795, 0.19453321463834983, -0.5090925828337958, 0.46518689717993555, 0.7893025846334776, 0.0294679418262902, 0.20712702072041278, -0.8698643752343853, 0.08014945928561268, -0.7416264326591246, 0.22912569270066396, -0.2726993059103242, 0.5355160686614915, -0.902931727160895, -0.7803637637643119, 0.36804643024725525, 0.029307394167312983, 0.1432827432294983, 0.6874139879813108, -0.024524721700651453, 0.6202888442522898, 0.020487258589880097, 0.8534413864805024, 0.333855543079252, -0.7025463211318861, -0.27089364934848836, 0.7315498318881986, -0.29942957828896866, -0.6219484810876903, -0.0547573816684539, -0.21443765035574014, 0.23785985328818726, -0.12646741612097356, -0.47815568541100895, -0.17505557667448635, -0.16193193089539926, 0.8048437117522818, 0.9592325240809707, 0.24713767881382775, -0.8336317548582777, 0.46599743519199, 0.357370804957968, 0.6520457340504391, -0.3050973265778887, -0.8822398116837538, 0.2236436329105842, -0.751970763373456, 0.5190590583266628, 0.5888466351532844, -0.18274642650020412, 0.8875950117660911, -0.6524404124894483, 0.8851716994539605]",rhc,relu,False,False,100,[10],0.1,100,15
1560,60,0.16787820006720722,1.8121018159312818,2312.0,100,15,"[0.9340596780273533, 0.09446449835144466, 0.9453687199297687, 0.4296319873487293, 0.3954576491945416, -0.5678210088392472, 0.9525489095524835, -0.9875394895908203, -0.4940352752331121, -0.13041693519110842, 0.5587658435875049, -0.6046298507994938, 0.7259864711984445, 0.9668013543506255, -0.6723155171906026, 0.19466788786571843, -0.98202780466489, -0.22685743471274122, -0.9116798841370009, 0.9133059354284718, -0.1277067062404047, 0.8979546135631256, 0.5726119718701219, 0.7325785971633969, -0.6536691570081037, -0.850102825973786, 0.2014854427555386, -0.6640556325631923, 0.4667603350211398, -0.18311227969597055, 0.05581764683584067, 0.875143167901884, 0.043392244889916, -0.7836132342255386, -0.6835531856304011, 0.09040530340642561, 0.04880816013694678, 0.2752204882519873, -0.1970091128194542, 0.2996102180386846, -0.20619999419653467, 0.24783222709644614, 0.5348099341802477, -0.6420521799177383, -0.24884846282491524, 0.005066118653868745, 0.3733341598326916, -0.4926407026772337, 0.10948172588511706, 0.24986168812819542, 0.7910023321122921, -0.27429282313374714, 0.2751141460374733, -0.6171071957620733, -0.004411770765388567, -0.6351091908575863, 0.8367660782795254, -0.13635585731754474, 0.6603762041966925, -0.16644739064327485, 0.8093351774867339, -0.19034956537818792, -0.33765099381775454, 0.14427754054549724, 0.6908872981882266, 0.7220286235061439, 0.19137623413666893, -0.8306767779591795, 0.19453321463834983, -0.5090925828337958, 0.46518689717993555, 0.7893025846334776, 0.0294679418262902, 0.20712702072041278, -0.8698643752343853, 0.08014945928561268, -0.7416264326591246, 0.22912569270066396, -0.2726993059103242, 0.5355160686614915, -0.902931727160895, -0.7803637637643119, 0.36804643024725525, 0.029307394167312983, 0.1432827432294983, 0.6874139879813108, -0.024524721700651453, 0.6202888442522898, 0.020487258589880097, 0.8534413864805024, 0.333855543079252, -0.7025463211318861, -0.27089364934848836, 0.7315498318881986, -0.29942957828896866, -0.6219484810876903, -0.0547573816684539, -0.21443765035574014, 0.23785985328818726, -0.12646741612097356, -0.47815568541100895, -0.17505557667448635, -0.16193193089539926, 0.8048437117522818, 0.9592325240809707, 0.24713767881382775, -0.8336317548582777, 0.46599743519199, 0.357370804957968, 0.6520457340504391, -0.3050973265778887, -0.8822398116837538, 0.2236436329105842, -0.751970763373456, 0.5190590583266628, 0.5888466351532844, -0.18274642650020412, 0.8875950117660911, -0.6524404124894483, 0.8851716994539605]",rhc,relu,False,False,100,[10],0.1,100,15
1561,61,0.16964800003916025,1.8065719992603697,2314.0,100,15,"[0.9340596780273533, 0.09446449835144466, 0.9453687199297687, 0.4296319873487293, 0.3954576491945416, -0.5678210088392472, 0.9525489095524835, -0.9875394895908203, -0.4940352752331121, -0.13041693519110842, 0.5587658435875049, -0.6046298507994938, 0.7259864711984445, 0.9668013543506255, -0.6723155171906026, 0.19466788786571843, -0.98202780466489, -0.22685743471274122, -0.9116798841370009, 0.9133059354284718, -0.1277067062404047, 0.8979546135631256, 0.5726119718701219, 0.7325785971633969, -0.6536691570081037, -0.850102825973786, 0.2014854427555386, -0.6640556325631923, 0.4667603350211398, -0.18311227969597055, 0.05581764683584067, 0.875143167901884, 0.043392244889916, -0.7836132342255386, -0.6835531856304011, 0.09040530340642561, 0.04880816013694678, 0.2752204882519873, -0.1970091128194542, 0.2996102180386846, -0.20619999419653467, 0.24783222709644614, 0.5348099341802477, -0.6420521799177383, -0.24884846282491524, 0.005066118653868745, 0.3733341598326916, -0.4926407026772337, 0.10948172588511706, 0.24986168812819542, 0.7910023321122921, -0.27429282313374714, 0.2751141460374733, -0.6171071957620733, -0.004411770765388567, -0.6351091908575863, 0.8367660782795254, -0.13635585731754474, 0.6603762041966925, -0.16644739064327485, 0.8093351774867339, -0.19034956537818792, -0.33765099381775454, 0.14427754054549724, 0.6908872981882266, 0.7220286235061439, 0.19137623413666893, -0.8306767779591795, 0.19453321463834983, -0.5090925828337958, 0.46518689717993555, 0.7893025846334776, 0.0294679418262902, 0.20712702072041278, -0.8698643752343853, 0.08014945928561268, -0.7416264326591246, 0.22912569270066396, -0.2726993059103242, 0.5355160686614915, -0.902931727160895, -0.7803637637643119, 0.36804643024725525, 0.029307394167312983, 0.1432827432294983, 0.6874139879813108, -0.024524721700651453, 0.6202888442522898, 0.020487258589880097, 0.8534413864805024, 0.333855543079252, -0.7025463211318861, -0.27089364934848836, 0.7315498318881986, -0.29942957828896866, -0.6219484810876903, -0.0547573816684539, -0.21443765035574014, 0.23785985328818726, -0.12646741612097356, -0.47815568541100895, -0.17505557667448635, -0.16193193089539926, 0.8048437117522818, 0.9592325240809707, 0.24713767881382775, -0.8336317548582777, 0.46599743519199, 0.357370804957968, 0.6520457340504391, -0.3050973265778887, -0.8822398116837538, 0.2236436329105842, -0.751970763373456, 0.5190590583266628, 0.5888466351532844, -0.18274642650020412, 0.8875950117660911, -0.6524404124894483, 0.8851716994539605]",rhc,relu,False,False,100,[10],0.1,100,15
1562,62,0.172666700091213,1.799178942569334,2316.0,100,15,"[0.9340596780273533, 0.09446449835144466, 0.9453687199297687, 0.4296319873487293, 0.3954576491945416, -0.5678210088392472, 0.9525489095524835, -0.9875394895908203, -0.4940352752331121, -0.13041693519110842, 0.5587658435875049, -0.6046298507994938, 0.7259864711984445, 0.9668013543506255, -0.6723155171906026, 0.19466788786571843, -0.98202780466489, -0.22685743471274122, -0.9116798841370009, 0.9133059354284718, -0.1277067062404047, 0.8979546135631256, 0.5726119718701219, 0.7325785971633969, -0.6536691570081037, -0.850102825973786, 0.2014854427555386, -0.6640556325631923, 0.4667603350211398, -0.18311227969597055, 0.05581764683584067, 0.875143167901884, 0.043392244889916, -0.7836132342255386, -0.6835531856304011, 0.09040530340642561, 0.04880816013694678, 0.2752204882519873, -0.1970091128194542, 0.2996102180386846, -0.20619999419653467, 0.24783222709644614, 0.5348099341802477, -0.6420521799177383, -0.24884846282491524, 0.005066118653868745, 0.3733341598326916, -0.4926407026772337, 0.10948172588511706, 0.24986168812819542, 0.7910023321122921, -0.27429282313374714, 0.2751141460374733, -0.6171071957620733, -0.004411770765388567, -0.6351091908575863, 0.8367660782795254, -0.13635585731754474, 0.6603762041966925, -0.16644739064327485, 0.8093351774867339, -0.19034956537818792, -0.33765099381775454, 0.14427754054549724, 0.6908872981882266, 0.7220286235061439, 0.19137623413666893, -0.8306767779591795, 0.19453321463834983, -0.5090925828337958, 0.46518689717993555, 0.7893025846334776, 0.0294679418262902, 0.20712702072041278, -0.8698643752343853, 0.08014945928561268, -0.7416264326591246, 0.22912569270066396, -0.2726993059103242, 0.5355160686614915, -0.902931727160895, -0.7803637637643119, 0.36804643024725525, 0.029307394167312983, 0.1432827432294983, 0.6874139879813108, -0.024524721700651453, 0.6202888442522898, 0.020487258589880097, 0.8534413864805024, 0.333855543079252, -0.7025463211318861, -0.27089364934848836, 0.7315498318881986, -0.29942957828896866, -0.6219484810876903, -0.0547573816684539, -0.21443765035574014, 0.23785985328818726, -0.12646741612097356, -0.47815568541100895, -0.17505557667448635, -0.16193193089539926, 0.8048437117522818, 0.9592325240809707, 0.24713767881382775, -0.8336317548582777, 0.46599743519199, 0.357370804957968, 0.6520457340504391, -0.3050973265778887, -0.8822398116837538, 0.2236436329105842, -0.751970763373456, 0.5190590583266628, 0.5888466351532844, -0.18274642650020412, 0.8875950117660911, -0.6524404124894483, 0.8851716994539605]",rhc,relu,False,False,100,[10],0.1,100,15
1563,63,0.1759350000647828,1.7964468608252873,2318.0,100,15,"[0.9340596780273533, 0.09446449835144466, 0.9453687199297687, 0.4296319873487293, 0.3954576491945416, -0.5678210088392472, 0.9525489095524835, -0.9875394895908203, -0.4940352752331121, -0.13041693519110842, 0.5587658435875049, -0.6046298507994938, 0.7259864711984445, 0.9668013543506255, -0.6723155171906026, 0.19466788786571843, -0.98202780466489, -0.22685743471274122, -0.9116798841370009, 0.9133059354284718, -0.1277067062404047, 0.8979546135631256, 0.5726119718701219, 0.7325785971633969, -0.6536691570081037, -0.850102825973786, 0.2014854427555386, -0.6640556325631923, 0.4667603350211398, -0.18311227969597055, 0.05581764683584067, 0.875143167901884, 0.043392244889916, -0.7836132342255386, -0.6835531856304011, 0.09040530340642561, 0.04880816013694678, 0.2752204882519873, -0.1970091128194542, 0.2996102180386846, -0.20619999419653467, 0.24783222709644614, 0.5348099341802477, -0.6420521799177383, -0.24884846282491524, 0.005066118653868745, 0.3733341598326916, -0.4926407026772337, 0.10948172588511706, 0.24986168812819542, 0.7910023321122921, -0.27429282313374714, 0.2751141460374733, -0.6171071957620733, -0.004411770765388567, -0.6351091908575863, 0.8367660782795254, -0.13635585731754474, 0.6603762041966925, -0.16644739064327485, 0.8093351774867339, -0.19034956537818792, -0.33765099381775454, 0.14427754054549724, 0.6908872981882266, 0.7220286235061439, 0.19137623413666893, -0.8306767779591795, 0.19453321463834983, -0.5090925828337958, 0.46518689717993555, 0.7893025846334776, 0.0294679418262902, 0.20712702072041278, -0.8698643752343853, 0.08014945928561268, -0.7416264326591246, 0.22912569270066396, -0.2726993059103242, 0.5355160686614915, -0.902931727160895, -0.7803637637643119, 0.36804643024725525, 0.029307394167312983, 0.1432827432294983, 0.6874139879813108, -0.024524721700651453, 0.6202888442522898, 0.020487258589880097, 0.8534413864805024, 0.333855543079252, -0.7025463211318861, -0.27089364934848836, 0.7315498318881986, -0.29942957828896866, -0.6219484810876903, -0.0547573816684539, -0.21443765035574014, 0.23785985328818726, -0.12646741612097356, -0.47815568541100895, -0.17505557667448635, -0.16193193089539926, 0.8048437117522818, 0.9592325240809707, 0.24713767881382775, -0.8336317548582777, 0.46599743519199, 0.357370804957968, 0.6520457340504391, -0.3050973265778887, -0.8822398116837538, 0.2236436329105842, -0.751970763373456, 0.5190590583266628, 0.5888466351532844, -0.18274642650020412, 0.8875950117660911, -0.6524404124894483, 0.8851716994539605]",rhc,relu,False,False,100,[10],0.1,100,15
1564,64,0.17886750004254282,1.7952562384630684,2320.0,100,15,"[0.9340596780273533, 0.09446449835144466, 0.9453687199297687, 0.4296319873487293, 0.3954576491945416, -0.5678210088392472, 0.9525489095524835, -0.9875394895908203, -0.4940352752331121, -0.13041693519110842, 0.5587658435875049, -0.6046298507994938, 0.7259864711984445, 0.9668013543506255, -0.6723155171906026, 0.19466788786571843, -0.98202780466489, -0.22685743471274122, -0.9116798841370009, 0.9133059354284718, -0.1277067062404047, 0.8979546135631256, 0.5726119718701219, 0.7325785971633969, -0.6536691570081037, -0.850102825973786, 0.2014854427555386, -0.6640556325631923, 0.4667603350211398, -0.18311227969597055, 0.05581764683584067, 0.875143167901884, 0.043392244889916, -0.7836132342255386, -0.6835531856304011, 0.09040530340642561, 0.04880816013694678, 0.2752204882519873, -0.1970091128194542, 0.2996102180386846, -0.20619999419653467, 0.24783222709644614, 0.5348099341802477, -0.6420521799177383, -0.24884846282491524, 0.005066118653868745, 0.3733341598326916, -0.4926407026772337, 0.10948172588511706, 0.24986168812819542, 0.7910023321122921, -0.27429282313374714, 0.2751141460374733, -0.6171071957620733, -0.004411770765388567, -0.6351091908575863, 0.8367660782795254, -0.13635585731754474, 0.6603762041966925, -0.16644739064327485, 0.8093351774867339, -0.19034956537818792, -0.33765099381775454, 0.14427754054549724, 0.6908872981882266, 0.7220286235061439, 0.19137623413666893, -0.8306767779591795, 0.19453321463834983, -0.5090925828337958, 0.46518689717993555, 0.7893025846334776, 0.0294679418262902, 0.20712702072041278, -0.8698643752343853, 0.08014945928561268, -0.7416264326591246, 0.22912569270066396, -0.2726993059103242, 0.5355160686614915, -0.902931727160895, -0.7803637637643119, 0.36804643024725525, 0.029307394167312983, 0.1432827432294983, 0.6874139879813108, -0.024524721700651453, 0.6202888442522898, 0.020487258589880097, 0.8534413864805024, 0.333855543079252, -0.7025463211318861, -0.27089364934848836, 0.7315498318881986, -0.29942957828896866, -0.6219484810876903, -0.0547573816684539, -0.21443765035574014, 0.23785985328818726, -0.12646741612097356, -0.47815568541100895, -0.17505557667448635, -0.16193193089539926, 0.8048437117522818, 0.9592325240809707, 0.24713767881382775, -0.8336317548582777, 0.46599743519199, 0.357370804957968, 0.6520457340504391, -0.3050973265778887, -0.8822398116837538, 0.2236436329105842, -0.751970763373456, 0.5190590583266628, 0.5888466351532844, -0.18274642650020412, 0.8875950117660911, -0.6524404124894483, 0.8851716994539605]",rhc,relu,False,False,100,[10],0.1,100,15
1565,65,0.1803774000145495,1.7952562384630684,2321.0,100,15,"[0.9340596780273533, 0.09446449835144466, 0.9453687199297687, 0.4296319873487293, 0.3954576491945416, -0.5678210088392472, 0.9525489095524835, -0.9875394895908203, -0.4940352752331121, -0.13041693519110842, 0.5587658435875049, -0.6046298507994938, 0.7259864711984445, 0.9668013543506255, -0.6723155171906026, 0.19466788786571843, -0.98202780466489, -0.22685743471274122, -0.9116798841370009, 0.9133059354284718, -0.1277067062404047, 0.8979546135631256, 0.5726119718701219, 0.7325785971633969, -0.6536691570081037, -0.850102825973786, 0.2014854427555386, -0.6640556325631923, 0.4667603350211398, -0.18311227969597055, 0.05581764683584067, 0.875143167901884, 0.043392244889916, -0.7836132342255386, -0.6835531856304011, 0.09040530340642561, 0.04880816013694678, 0.2752204882519873, -0.1970091128194542, 0.2996102180386846, -0.20619999419653467, 0.24783222709644614, 0.5348099341802477, -0.6420521799177383, -0.24884846282491524, 0.005066118653868745, 0.3733341598326916, -0.4926407026772337, 0.10948172588511706, 0.24986168812819542, 0.7910023321122921, -0.27429282313374714, 0.2751141460374733, -0.6171071957620733, -0.004411770765388567, -0.6351091908575863, 0.8367660782795254, -0.13635585731754474, 0.6603762041966925, -0.16644739064327485, 0.8093351774867339, -0.19034956537818792, -0.33765099381775454, 0.14427754054549724, 0.6908872981882266, 0.7220286235061439, 0.19137623413666893, -0.8306767779591795, 0.19453321463834983, -0.5090925828337958, 0.46518689717993555, 0.7893025846334776, 0.0294679418262902, 0.20712702072041278, -0.8698643752343853, 0.08014945928561268, -0.7416264326591246, 0.22912569270066396, -0.2726993059103242, 0.5355160686614915, -0.902931727160895, -0.7803637637643119, 0.36804643024725525, 0.029307394167312983, 0.1432827432294983, 0.6874139879813108, -0.024524721700651453, 0.6202888442522898, 0.020487258589880097, 0.8534413864805024, 0.333855543079252, -0.7025463211318861, -0.27089364934848836, 0.7315498318881986, -0.29942957828896866, -0.6219484810876903, -0.0547573816684539, -0.21443765035574014, 0.23785985328818726, -0.12646741612097356, -0.47815568541100895, -0.17505557667448635, -0.16193193089539926, 0.8048437117522818, 0.9592325240809707, 0.24713767881382775, -0.8336317548582777, 0.46599743519199, 0.357370804957968, 0.6520457340504391, -0.3050973265778887, -0.8822398116837538, 0.2236436329105842, -0.751970763373456, 0.5190590583266628, 0.5888466351532844, -0.18274642650020412, 0.8875950117660911, -0.6524404124894483, 0.8851716994539605]",rhc,relu,False,False,100,[10],0.1,100,15
1566,66,0.18194050004240125,1.7952562384630684,2322.0,100,15,"[0.9340596780273533, 0.09446449835144466, 0.9453687199297687, 0.4296319873487293, 0.3954576491945416, -0.5678210088392472, 0.9525489095524835, -0.9875394895908203, -0.4940352752331121, -0.13041693519110842, 0.5587658435875049, -0.6046298507994938, 0.7259864711984445, 0.9668013543506255, -0.6723155171906026, 0.19466788786571843, -0.98202780466489, -0.22685743471274122, -0.9116798841370009, 0.9133059354284718, -0.1277067062404047, 0.8979546135631256, 0.5726119718701219, 0.7325785971633969, -0.6536691570081037, -0.850102825973786, 0.2014854427555386, -0.6640556325631923, 0.4667603350211398, -0.18311227969597055, 0.05581764683584067, 0.875143167901884, 0.043392244889916, -0.7836132342255386, -0.6835531856304011, 0.09040530340642561, 0.04880816013694678, 0.2752204882519873, -0.1970091128194542, 0.2996102180386846, -0.20619999419653467, 0.24783222709644614, 0.5348099341802477, -0.6420521799177383, -0.24884846282491524, 0.005066118653868745, 0.3733341598326916, -0.4926407026772337, 0.10948172588511706, 0.24986168812819542, 0.7910023321122921, -0.27429282313374714, 0.2751141460374733, -0.6171071957620733, -0.004411770765388567, -0.6351091908575863, 0.8367660782795254, -0.13635585731754474, 0.6603762041966925, -0.16644739064327485, 0.8093351774867339, -0.19034956537818792, -0.33765099381775454, 0.14427754054549724, 0.6908872981882266, 0.7220286235061439, 0.19137623413666893, -0.8306767779591795, 0.19453321463834983, -0.5090925828337958, 0.46518689717993555, 0.7893025846334776, 0.0294679418262902, 0.20712702072041278, -0.8698643752343853, 0.08014945928561268, -0.7416264326591246, 0.22912569270066396, -0.2726993059103242, 0.5355160686614915, -0.902931727160895, -0.7803637637643119, 0.36804643024725525, 0.029307394167312983, 0.1432827432294983, 0.6874139879813108, -0.024524721700651453, 0.6202888442522898, 0.020487258589880097, 0.8534413864805024, 0.333855543079252, -0.7025463211318861, -0.27089364934848836, 0.7315498318881986, -0.29942957828896866, -0.6219484810876903, -0.0547573816684539, -0.21443765035574014, 0.23785985328818726, -0.12646741612097356, -0.47815568541100895, -0.17505557667448635, -0.16193193089539926, 0.8048437117522818, 0.9592325240809707, 0.24713767881382775, -0.8336317548582777, 0.46599743519199, 0.357370804957968, 0.6520457340504391, -0.3050973265778887, -0.8822398116837538, 0.2236436329105842, -0.751970763373456, 0.5190590583266628, 0.5888466351532844, -0.18274642650020412, 0.8875950117660911, -0.6524404124894483, 0.8851716994539605]",rhc,relu,False,False,100,[10],0.1,100,15
1567,67,0.1847929999930784,1.7952562384630684,2323.0,100,15,"[0.9340596780273533, 0.09446449835144466, 0.9453687199297687, 0.4296319873487293, 0.3954576491945416, -0.5678210088392472, 0.9525489095524835, -0.9875394895908203, -0.4940352752331121, -0.13041693519110842, 0.5587658435875049, -0.6046298507994938, 0.7259864711984445, 0.9668013543506255, -0.6723155171906026, 0.19466788786571843, -0.98202780466489, -0.22685743471274122, -0.9116798841370009, 0.9133059354284718, -0.1277067062404047, 0.8979546135631256, 0.5726119718701219, 0.7325785971633969, -0.6536691570081037, -0.850102825973786, 0.2014854427555386, -0.6640556325631923, 0.4667603350211398, -0.18311227969597055, 0.05581764683584067, 0.875143167901884, 0.043392244889916, -0.7836132342255386, -0.6835531856304011, 0.09040530340642561, 0.04880816013694678, 0.2752204882519873, -0.1970091128194542, 0.2996102180386846, -0.20619999419653467, 0.24783222709644614, 0.5348099341802477, -0.6420521799177383, -0.24884846282491524, 0.005066118653868745, 0.3733341598326916, -0.4926407026772337, 0.10948172588511706, 0.24986168812819542, 0.7910023321122921, -0.27429282313374714, 0.2751141460374733, -0.6171071957620733, -0.004411770765388567, -0.6351091908575863, 0.8367660782795254, -0.13635585731754474, 0.6603762041966925, -0.16644739064327485, 0.8093351774867339, -0.19034956537818792, -0.33765099381775454, 0.14427754054549724, 0.6908872981882266, 0.7220286235061439, 0.19137623413666893, -0.8306767779591795, 0.19453321463834983, -0.5090925828337958, 0.46518689717993555, 0.7893025846334776, 0.0294679418262902, 0.20712702072041278, -0.8698643752343853, 0.08014945928561268, -0.7416264326591246, 0.22912569270066396, -0.2726993059103242, 0.5355160686614915, -0.902931727160895, -0.7803637637643119, 0.36804643024725525, 0.029307394167312983, 0.1432827432294983, 0.6874139879813108, -0.024524721700651453, 0.6202888442522898, 0.020487258589880097, 0.8534413864805024, 0.333855543079252, -0.7025463211318861, -0.27089364934848836, 0.7315498318881986, -0.29942957828896866, -0.6219484810876903, -0.0547573816684539, -0.21443765035574014, 0.23785985328818726, -0.12646741612097356, -0.47815568541100895, -0.17505557667448635, -0.16193193089539926, 0.8048437117522818, 0.9592325240809707, 0.24713767881382775, -0.8336317548582777, 0.46599743519199, 0.357370804957968, 0.6520457340504391, -0.3050973265778887, -0.8822398116837538, 0.2236436329105842, -0.751970763373456, 0.5190590583266628, 0.5888466351532844, -0.18274642650020412, 0.8875950117660911, -0.6524404124894483, 0.8851716994539605]",rhc,relu,False,False,100,[10],0.1,100,15
1568,68,0.18640930007677525,1.7952562384630684,2324.0,100,15,"[0.9340596780273533, 0.09446449835144466, 0.9453687199297687, 0.4296319873487293, 0.3954576491945416, -0.5678210088392472, 0.9525489095524835, -0.9875394895908203, -0.4940352752331121, -0.13041693519110842, 0.5587658435875049, -0.6046298507994938, 0.7259864711984445, 0.9668013543506255, -0.6723155171906026, 0.19466788786571843, -0.98202780466489, -0.22685743471274122, -0.9116798841370009, 0.9133059354284718, -0.1277067062404047, 0.8979546135631256, 0.5726119718701219, 0.7325785971633969, -0.6536691570081037, -0.850102825973786, 0.2014854427555386, -0.6640556325631923, 0.4667603350211398, -0.18311227969597055, 0.05581764683584067, 0.875143167901884, 0.043392244889916, -0.7836132342255386, -0.6835531856304011, 0.09040530340642561, 0.04880816013694678, 0.2752204882519873, -0.1970091128194542, 0.2996102180386846, -0.20619999419653467, 0.24783222709644614, 0.5348099341802477, -0.6420521799177383, -0.24884846282491524, 0.005066118653868745, 0.3733341598326916, -0.4926407026772337, 0.10948172588511706, 0.24986168812819542, 0.7910023321122921, -0.27429282313374714, 0.2751141460374733, -0.6171071957620733, -0.004411770765388567, -0.6351091908575863, 0.8367660782795254, -0.13635585731754474, 0.6603762041966925, -0.16644739064327485, 0.8093351774867339, -0.19034956537818792, -0.33765099381775454, 0.14427754054549724, 0.6908872981882266, 0.7220286235061439, 0.19137623413666893, -0.8306767779591795, 0.19453321463834983, -0.5090925828337958, 0.46518689717993555, 0.7893025846334776, 0.0294679418262902, 0.20712702072041278, -0.8698643752343853, 0.08014945928561268, -0.7416264326591246, 0.22912569270066396, -0.2726993059103242, 0.5355160686614915, -0.902931727160895, -0.7803637637643119, 0.36804643024725525, 0.029307394167312983, 0.1432827432294983, 0.6874139879813108, -0.024524721700651453, 0.6202888442522898, 0.020487258589880097, 0.8534413864805024, 0.333855543079252, -0.7025463211318861, -0.27089364934848836, 0.7315498318881986, -0.29942957828896866, -0.6219484810876903, -0.0547573816684539, -0.21443765035574014, 0.23785985328818726, -0.12646741612097356, -0.47815568541100895, -0.17505557667448635, -0.16193193089539926, 0.8048437117522818, 0.9592325240809707, 0.24713767881382775, -0.8336317548582777, 0.46599743519199, 0.357370804957968, 0.6520457340504391, -0.3050973265778887, -0.8822398116837538, 0.2236436329105842, -0.751970763373456, 0.5190590583266628, 0.5888466351532844, -0.18274642650020412, 0.8875950117660911, -0.6524404124894483, 0.8851716994539605]",rhc,relu,False,False,100,[10],0.1,100,15
1569,69,0.18797269999049604,1.7872024078458844,2326.0,100,15,"[0.9340596780273533, 0.09446449835144466, 0.9453687199297687, 0.4296319873487293, 0.3954576491945416, -0.5678210088392472, 0.9525489095524835, -0.9875394895908203, -0.4940352752331121, -0.13041693519110842, 0.5587658435875049, -0.6046298507994938, 0.7259864711984445, 0.9668013543506255, -0.6723155171906026, 0.19466788786571843, -0.98202780466489, -0.22685743471274122, -0.9116798841370009, 0.9133059354284718, -0.1277067062404047, 0.8979546135631256, 0.5726119718701219, 0.7325785971633969, -0.6536691570081037, -0.850102825973786, 0.2014854427555386, -0.6640556325631923, 0.4667603350211398, -0.18311227969597055, 0.05581764683584067, 0.875143167901884, 0.043392244889916, -0.7836132342255386, -0.6835531856304011, 0.09040530340642561, 0.04880816013694678, 0.2752204882519873, -0.1970091128194542, 0.2996102180386846, -0.20619999419653467, 0.24783222709644614, 0.5348099341802477, -0.6420521799177383, -0.24884846282491524, 0.005066118653868745, 0.3733341598326916, -0.4926407026772337, 0.10948172588511706, 0.24986168812819542, 0.7910023321122921, -0.27429282313374714, 0.2751141460374733, -0.6171071957620733, -0.004411770765388567, -0.6351091908575863, 0.8367660782795254, -0.13635585731754474, 0.6603762041966925, -0.16644739064327485, 0.8093351774867339, -0.19034956537818792, -0.33765099381775454, 0.14427754054549724, 0.6908872981882266, 0.7220286235061439, 0.19137623413666893, -0.8306767779591795, 0.19453321463834983, -0.5090925828337958, 0.46518689717993555, 0.7893025846334776, 0.0294679418262902, 0.20712702072041278, -0.8698643752343853, 0.08014945928561268, -0.7416264326591246, 0.22912569270066396, -0.2726993059103242, 0.5355160686614915, -0.902931727160895, -0.7803637637643119, 0.36804643024725525, 0.029307394167312983, 0.1432827432294983, 0.6874139879813108, -0.024524721700651453, 0.6202888442522898, 0.020487258589880097, 0.8534413864805024, 0.333855543079252, -0.7025463211318861, -0.27089364934848836, 0.7315498318881986, -0.29942957828896866, -0.6219484810876903, -0.0547573816684539, -0.21443765035574014, 0.23785985328818726, -0.12646741612097356, -0.47815568541100895, -0.17505557667448635, -0.16193193089539926, 0.8048437117522818, 0.9592325240809707, 0.24713767881382775, -0.8336317548582777, 0.46599743519199, 0.357370804957968, 0.6520457340504391, -0.3050973265778887, -0.8822398116837538, 0.2236436329105842, -0.751970763373456, 0.5190590583266628, 0.5888466351532844, -0.18274642650020412, 0.8875950117660911, -0.6524404124894483, 0.8851716994539605]",rhc,relu,False,False,100,[10],0.1,100,15
1570,70,0.1908457000972703,1.7872024078458844,2327.0,100,15,"[0.9340596780273533, 0.09446449835144466, 0.9453687199297687, 0.4296319873487293, 0.3954576491945416, -0.5678210088392472, 0.9525489095524835, -0.9875394895908203, -0.4940352752331121, -0.13041693519110842, 0.5587658435875049, -0.6046298507994938, 0.7259864711984445, 0.9668013543506255, -0.6723155171906026, 0.19466788786571843, -0.98202780466489, -0.22685743471274122, -0.9116798841370009, 0.9133059354284718, -0.1277067062404047, 0.8979546135631256, 0.5726119718701219, 0.7325785971633969, -0.6536691570081037, -0.850102825973786, 0.2014854427555386, -0.6640556325631923, 0.4667603350211398, -0.18311227969597055, 0.05581764683584067, 0.875143167901884, 0.043392244889916, -0.7836132342255386, -0.6835531856304011, 0.09040530340642561, 0.04880816013694678, 0.2752204882519873, -0.1970091128194542, 0.2996102180386846, -0.20619999419653467, 0.24783222709644614, 0.5348099341802477, -0.6420521799177383, -0.24884846282491524, 0.005066118653868745, 0.3733341598326916, -0.4926407026772337, 0.10948172588511706, 0.24986168812819542, 0.7910023321122921, -0.27429282313374714, 0.2751141460374733, -0.6171071957620733, -0.004411770765388567, -0.6351091908575863, 0.8367660782795254, -0.13635585731754474, 0.6603762041966925, -0.16644739064327485, 0.8093351774867339, -0.19034956537818792, -0.33765099381775454, 0.14427754054549724, 0.6908872981882266, 0.7220286235061439, 0.19137623413666893, -0.8306767779591795, 0.19453321463834983, -0.5090925828337958, 0.46518689717993555, 0.7893025846334776, 0.0294679418262902, 0.20712702072041278, -0.8698643752343853, 0.08014945928561268, -0.7416264326591246, 0.22912569270066396, -0.2726993059103242, 0.5355160686614915, -0.902931727160895, -0.7803637637643119, 0.36804643024725525, 0.029307394167312983, 0.1432827432294983, 0.6874139879813108, -0.024524721700651453, 0.6202888442522898, 0.020487258589880097, 0.8534413864805024, 0.333855543079252, -0.7025463211318861, -0.27089364934848836, 0.7315498318881986, -0.29942957828896866, -0.6219484810876903, -0.0547573816684539, -0.21443765035574014, 0.23785985328818726, -0.12646741612097356, -0.47815568541100895, -0.17505557667448635, -0.16193193089539926, 0.8048437117522818, 0.9592325240809707, 0.24713767881382775, -0.8336317548582777, 0.46599743519199, 0.357370804957968, 0.6520457340504391, -0.3050973265778887, -0.8822398116837538, 0.2236436329105842, -0.751970763373456, 0.5190590583266628, 0.5888466351532844, -0.18274642650020412, 0.8875950117660911, -0.6524404124894483, 0.8851716994539605]",rhc,relu,False,False,100,[10],0.1,100,15
1571,71,0.1941902000689879,1.7872024078458844,2328.0,100,15,"[0.9340596780273533, 0.09446449835144466, 0.9453687199297687, 0.4296319873487293, 0.3954576491945416, -0.5678210088392472, 0.9525489095524835, -0.9875394895908203, -0.4940352752331121, -0.13041693519110842, 0.5587658435875049, -0.6046298507994938, 0.7259864711984445, 0.9668013543506255, -0.6723155171906026, 0.19466788786571843, -0.98202780466489, -0.22685743471274122, -0.9116798841370009, 0.9133059354284718, -0.1277067062404047, 0.8979546135631256, 0.5726119718701219, 0.7325785971633969, -0.6536691570081037, -0.850102825973786, 0.2014854427555386, -0.6640556325631923, 0.4667603350211398, -0.18311227969597055, 0.05581764683584067, 0.875143167901884, 0.043392244889916, -0.7836132342255386, -0.6835531856304011, 0.09040530340642561, 0.04880816013694678, 0.2752204882519873, -0.1970091128194542, 0.2996102180386846, -0.20619999419653467, 0.24783222709644614, 0.5348099341802477, -0.6420521799177383, -0.24884846282491524, 0.005066118653868745, 0.3733341598326916, -0.4926407026772337, 0.10948172588511706, 0.24986168812819542, 0.7910023321122921, -0.27429282313374714, 0.2751141460374733, -0.6171071957620733, -0.004411770765388567, -0.6351091908575863, 0.8367660782795254, -0.13635585731754474, 0.6603762041966925, -0.16644739064327485, 0.8093351774867339, -0.19034956537818792, -0.33765099381775454, 0.14427754054549724, 0.6908872981882266, 0.7220286235061439, 0.19137623413666893, -0.8306767779591795, 0.19453321463834983, -0.5090925828337958, 0.46518689717993555, 0.7893025846334776, 0.0294679418262902, 0.20712702072041278, -0.8698643752343853, 0.08014945928561268, -0.7416264326591246, 0.22912569270066396, -0.2726993059103242, 0.5355160686614915, -0.902931727160895, -0.7803637637643119, 0.36804643024725525, 0.029307394167312983, 0.1432827432294983, 0.6874139879813108, -0.024524721700651453, 0.6202888442522898, 0.020487258589880097, 0.8534413864805024, 0.333855543079252, -0.7025463211318861, -0.27089364934848836, 0.7315498318881986, -0.29942957828896866, -0.6219484810876903, -0.0547573816684539, -0.21443765035574014, 0.23785985328818726, -0.12646741612097356, -0.47815568541100895, -0.17505557667448635, -0.16193193089539926, 0.8048437117522818, 0.9592325240809707, 0.24713767881382775, -0.8336317548582777, 0.46599743519199, 0.357370804957968, 0.6520457340504391, -0.3050973265778887, -0.8822398116837538, 0.2236436329105842, -0.751970763373456, 0.5190590583266628, 0.5888466351532844, -0.18274642650020412, 0.8875950117660911, -0.6524404124894483, 0.8851716994539605]",rhc,relu,False,False,100,[10],0.1,100,15
1572,72,0.19706690008752048,1.7872024078458844,2329.0,100,15,"[0.9340596780273533, 0.09446449835144466, 0.9453687199297687, 0.4296319873487293, 0.3954576491945416, -0.5678210088392472, 0.9525489095524835, -0.9875394895908203, -0.4940352752331121, -0.13041693519110842, 0.5587658435875049, -0.6046298507994938, 0.7259864711984445, 0.9668013543506255, -0.6723155171906026, 0.19466788786571843, -0.98202780466489, -0.22685743471274122, -0.9116798841370009, 0.9133059354284718, -0.1277067062404047, 0.8979546135631256, 0.5726119718701219, 0.7325785971633969, -0.6536691570081037, -0.850102825973786, 0.2014854427555386, -0.6640556325631923, 0.4667603350211398, -0.18311227969597055, 0.05581764683584067, 0.875143167901884, 0.043392244889916, -0.7836132342255386, -0.6835531856304011, 0.09040530340642561, 0.04880816013694678, 0.2752204882519873, -0.1970091128194542, 0.2996102180386846, -0.20619999419653467, 0.24783222709644614, 0.5348099341802477, -0.6420521799177383, -0.24884846282491524, 0.005066118653868745, 0.3733341598326916, -0.4926407026772337, 0.10948172588511706, 0.24986168812819542, 0.7910023321122921, -0.27429282313374714, 0.2751141460374733, -0.6171071957620733, -0.004411770765388567, -0.6351091908575863, 0.8367660782795254, -0.13635585731754474, 0.6603762041966925, -0.16644739064327485, 0.8093351774867339, -0.19034956537818792, -0.33765099381775454, 0.14427754054549724, 0.6908872981882266, 0.7220286235061439, 0.19137623413666893, -0.8306767779591795, 0.19453321463834983, -0.5090925828337958, 0.46518689717993555, 0.7893025846334776, 0.0294679418262902, 0.20712702072041278, -0.8698643752343853, 0.08014945928561268, -0.7416264326591246, 0.22912569270066396, -0.2726993059103242, 0.5355160686614915, -0.902931727160895, -0.7803637637643119, 0.36804643024725525, 0.029307394167312983, 0.1432827432294983, 0.6874139879813108, -0.024524721700651453, 0.6202888442522898, 0.020487258589880097, 0.8534413864805024, 0.333855543079252, -0.7025463211318861, -0.27089364934848836, 0.7315498318881986, -0.29942957828896866, -0.6219484810876903, -0.0547573816684539, -0.21443765035574014, 0.23785985328818726, -0.12646741612097356, -0.47815568541100895, -0.17505557667448635, -0.16193193089539926, 0.8048437117522818, 0.9592325240809707, 0.24713767881382775, -0.8336317548582777, 0.46599743519199, 0.357370804957968, 0.6520457340504391, -0.3050973265778887, -0.8822398116837538, 0.2236436329105842, -0.751970763373456, 0.5190590583266628, 0.5888466351532844, -0.18274642650020412, 0.8875950117660911, -0.6524404124894483, 0.8851716994539605]",rhc,relu,False,False,100,[10],0.1,100,15
1573,73,0.19875830004457384,1.7872024078458844,2330.0,100,15,"[0.9340596780273533, 0.09446449835144466, 0.9453687199297687, 0.4296319873487293, 0.3954576491945416, -0.5678210088392472, 0.9525489095524835, -0.9875394895908203, -0.4940352752331121, -0.13041693519110842, 0.5587658435875049, -0.6046298507994938, 0.7259864711984445, 0.9668013543506255, -0.6723155171906026, 0.19466788786571843, -0.98202780466489, -0.22685743471274122, -0.9116798841370009, 0.9133059354284718, -0.1277067062404047, 0.8979546135631256, 0.5726119718701219, 0.7325785971633969, -0.6536691570081037, -0.850102825973786, 0.2014854427555386, -0.6640556325631923, 0.4667603350211398, -0.18311227969597055, 0.05581764683584067, 0.875143167901884, 0.043392244889916, -0.7836132342255386, -0.6835531856304011, 0.09040530340642561, 0.04880816013694678, 0.2752204882519873, -0.1970091128194542, 0.2996102180386846, -0.20619999419653467, 0.24783222709644614, 0.5348099341802477, -0.6420521799177383, -0.24884846282491524, 0.005066118653868745, 0.3733341598326916, -0.4926407026772337, 0.10948172588511706, 0.24986168812819542, 0.7910023321122921, -0.27429282313374714, 0.2751141460374733, -0.6171071957620733, -0.004411770765388567, -0.6351091908575863, 0.8367660782795254, -0.13635585731754474, 0.6603762041966925, -0.16644739064327485, 0.8093351774867339, -0.19034956537818792, -0.33765099381775454, 0.14427754054549724, 0.6908872981882266, 0.7220286235061439, 0.19137623413666893, -0.8306767779591795, 0.19453321463834983, -0.5090925828337958, 0.46518689717993555, 0.7893025846334776, 0.0294679418262902, 0.20712702072041278, -0.8698643752343853, 0.08014945928561268, -0.7416264326591246, 0.22912569270066396, -0.2726993059103242, 0.5355160686614915, -0.902931727160895, -0.7803637637643119, 0.36804643024725525, 0.029307394167312983, 0.1432827432294983, 0.6874139879813108, -0.024524721700651453, 0.6202888442522898, 0.020487258589880097, 0.8534413864805024, 0.333855543079252, -0.7025463211318861, -0.27089364934848836, 0.7315498318881986, -0.29942957828896866, -0.6219484810876903, -0.0547573816684539, -0.21443765035574014, 0.23785985328818726, -0.12646741612097356, -0.47815568541100895, -0.17505557667448635, -0.16193193089539926, 0.8048437117522818, 0.9592325240809707, 0.24713767881382775, -0.8336317548582777, 0.46599743519199, 0.357370804957968, 0.6520457340504391, -0.3050973265778887, -0.8822398116837538, 0.2236436329105842, -0.751970763373456, 0.5190590583266628, 0.5888466351532844, -0.18274642650020412, 0.8875950117660911, -0.6524404124894483, 0.8851716994539605]",rhc,relu,False,False,100,[10],0.1,100,15
1574,74,0.20192090002819896,1.7853661948781085,2332.0,100,15,"[0.9340596780273533, 0.09446449835144466, 0.9453687199297687, 0.4296319873487293, 0.3954576491945416, -0.5678210088392472, 0.9525489095524835, -0.9875394895908203, -0.4940352752331121, -0.13041693519110842, 0.5587658435875049, -0.6046298507994938, 0.7259864711984445, 0.9668013543506255, -0.6723155171906026, 0.19466788786571843, -0.98202780466489, -0.22685743471274122, -0.9116798841370009, 0.9133059354284718, -0.1277067062404047, 0.8979546135631256, 0.5726119718701219, 0.7325785971633969, -0.6536691570081037, -0.850102825973786, 0.2014854427555386, -0.6640556325631923, 0.4667603350211398, -0.18311227969597055, 0.05581764683584067, 0.875143167901884, 0.043392244889916, -0.7836132342255386, -0.6835531856304011, 0.09040530340642561, 0.04880816013694678, 0.2752204882519873, -0.1970091128194542, 0.2996102180386846, -0.20619999419653467, 0.24783222709644614, 0.5348099341802477, -0.6420521799177383, -0.24884846282491524, 0.005066118653868745, 0.3733341598326916, -0.4926407026772337, 0.10948172588511706, 0.24986168812819542, 0.7910023321122921, -0.27429282313374714, 0.2751141460374733, -0.6171071957620733, -0.004411770765388567, -0.6351091908575863, 0.8367660782795254, -0.13635585731754474, 0.6603762041966925, -0.16644739064327485, 0.8093351774867339, -0.19034956537818792, -0.33765099381775454, 0.14427754054549724, 0.6908872981882266, 0.7220286235061439, 0.19137623413666893, -0.8306767779591795, 0.19453321463834983, -0.5090925828337958, 0.46518689717993555, 0.7893025846334776, 0.0294679418262902, 0.20712702072041278, -0.8698643752343853, 0.08014945928561268, -0.7416264326591246, 0.22912569270066396, -0.2726993059103242, 0.5355160686614915, -0.902931727160895, -0.7803637637643119, 0.36804643024725525, 0.029307394167312983, 0.1432827432294983, 0.6874139879813108, -0.024524721700651453, 0.6202888442522898, 0.020487258589880097, 0.8534413864805024, 0.333855543079252, -0.7025463211318861, -0.27089364934848836, 0.7315498318881986, -0.29942957828896866, -0.6219484810876903, -0.0547573816684539, -0.21443765035574014, 0.23785985328818726, -0.12646741612097356, -0.47815568541100895, -0.17505557667448635, -0.16193193089539926, 0.8048437117522818, 0.9592325240809707, 0.24713767881382775, -0.8336317548582777, 0.46599743519199, 0.357370804957968, 0.6520457340504391, -0.3050973265778887, -0.8822398116837538, 0.2236436329105842, -0.751970763373456, 0.5190590583266628, 0.5888466351532844, -0.18274642650020412, 0.8875950117660911, -0.6524404124894483, 0.8851716994539605]",rhc,relu,False,False,100,[10],0.1,100,15
1575,75,0.2034730000887066,1.7809527581980424,2334.0,100,15,"[0.9340596780273533, 0.09446449835144466, 0.9453687199297687, 0.4296319873487293, 0.3954576491945416, -0.5678210088392472, 0.9525489095524835, -0.9875394895908203, -0.4940352752331121, -0.13041693519110842, 0.5587658435875049, -0.6046298507994938, 0.7259864711984445, 0.9668013543506255, -0.6723155171906026, 0.19466788786571843, -0.98202780466489, -0.22685743471274122, -0.9116798841370009, 0.9133059354284718, -0.1277067062404047, 0.8979546135631256, 0.5726119718701219, 0.7325785971633969, -0.6536691570081037, -0.850102825973786, 0.2014854427555386, -0.6640556325631923, 0.4667603350211398, -0.18311227969597055, 0.05581764683584067, 0.875143167901884, 0.043392244889916, -0.7836132342255386, -0.6835531856304011, 0.09040530340642561, 0.04880816013694678, 0.2752204882519873, -0.1970091128194542, 0.2996102180386846, -0.20619999419653467, 0.24783222709644614, 0.5348099341802477, -0.6420521799177383, -0.24884846282491524, 0.005066118653868745, 0.3733341598326916, -0.4926407026772337, 0.10948172588511706, 0.24986168812819542, 0.7910023321122921, -0.27429282313374714, 0.2751141460374733, -0.6171071957620733, -0.004411770765388567, -0.6351091908575863, 0.8367660782795254, -0.13635585731754474, 0.6603762041966925, -0.16644739064327485, 0.8093351774867339, -0.19034956537818792, -0.33765099381775454, 0.14427754054549724, 0.6908872981882266, 0.7220286235061439, 0.19137623413666893, -0.8306767779591795, 0.19453321463834983, -0.5090925828337958, 0.46518689717993555, 0.7893025846334776, 0.0294679418262902, 0.20712702072041278, -0.8698643752343853, 0.08014945928561268, -0.7416264326591246, 0.22912569270066396, -0.2726993059103242, 0.5355160686614915, -0.902931727160895, -0.7803637637643119, 0.36804643024725525, 0.029307394167312983, 0.1432827432294983, 0.6874139879813108, -0.024524721700651453, 0.6202888442522898, 0.020487258589880097, 0.8534413864805024, 0.333855543079252, -0.7025463211318861, -0.27089364934848836, 0.7315498318881986, -0.29942957828896866, -0.6219484810876903, -0.0547573816684539, -0.21443765035574014, 0.23785985328818726, -0.12646741612097356, -0.47815568541100895, -0.17505557667448635, -0.16193193089539926, 0.8048437117522818, 0.9592325240809707, 0.24713767881382775, -0.8336317548582777, 0.46599743519199, 0.357370804957968, 0.6520457340504391, -0.3050973265778887, -0.8822398116837538, 0.2236436329105842, -0.751970763373456, 0.5190590583266628, 0.5888466351532844, -0.18274642650020412, 0.8875950117660911, -0.6524404124894483, 0.8851716994539605]",rhc,relu,False,False,100,[10],0.1,100,15
1576,76,0.2065150000853464,1.7809527581980424,2335.0,100,15,"[0.9340596780273533, 0.09446449835144466, 0.9453687199297687, 0.4296319873487293, 0.3954576491945416, -0.5678210088392472, 0.9525489095524835, -0.9875394895908203, -0.4940352752331121, -0.13041693519110842, 0.5587658435875049, -0.6046298507994938, 0.7259864711984445, 0.9668013543506255, -0.6723155171906026, 0.19466788786571843, -0.98202780466489, -0.22685743471274122, -0.9116798841370009, 0.9133059354284718, -0.1277067062404047, 0.8979546135631256, 0.5726119718701219, 0.7325785971633969, -0.6536691570081037, -0.850102825973786, 0.2014854427555386, -0.6640556325631923, 0.4667603350211398, -0.18311227969597055, 0.05581764683584067, 0.875143167901884, 0.043392244889916, -0.7836132342255386, -0.6835531856304011, 0.09040530340642561, 0.04880816013694678, 0.2752204882519873, -0.1970091128194542, 0.2996102180386846, -0.20619999419653467, 0.24783222709644614, 0.5348099341802477, -0.6420521799177383, -0.24884846282491524, 0.005066118653868745, 0.3733341598326916, -0.4926407026772337, 0.10948172588511706, 0.24986168812819542, 0.7910023321122921, -0.27429282313374714, 0.2751141460374733, -0.6171071957620733, -0.004411770765388567, -0.6351091908575863, 0.8367660782795254, -0.13635585731754474, 0.6603762041966925, -0.16644739064327485, 0.8093351774867339, -0.19034956537818792, -0.33765099381775454, 0.14427754054549724, 0.6908872981882266, 0.7220286235061439, 0.19137623413666893, -0.8306767779591795, 0.19453321463834983, -0.5090925828337958, 0.46518689717993555, 0.7893025846334776, 0.0294679418262902, 0.20712702072041278, -0.8698643752343853, 0.08014945928561268, -0.7416264326591246, 0.22912569270066396, -0.2726993059103242, 0.5355160686614915, -0.902931727160895, -0.7803637637643119, 0.36804643024725525, 0.029307394167312983, 0.1432827432294983, 0.6874139879813108, -0.024524721700651453, 0.6202888442522898, 0.020487258589880097, 0.8534413864805024, 0.333855543079252, -0.7025463211318861, -0.27089364934848836, 0.7315498318881986, -0.29942957828896866, -0.6219484810876903, -0.0547573816684539, -0.21443765035574014, 0.23785985328818726, -0.12646741612097356, -0.47815568541100895, -0.17505557667448635, -0.16193193089539926, 0.8048437117522818, 0.9592325240809707, 0.24713767881382775, -0.8336317548582777, 0.46599743519199, 0.357370804957968, 0.6520457340504391, -0.3050973265778887, -0.8822398116837538, 0.2236436329105842, -0.751970763373456, 0.5190590583266628, 0.5888466351532844, -0.18274642650020412, 0.8875950117660911, -0.6524404124894483, 0.8851716994539605]",rhc,relu,False,False,100,[10],0.1,100,15
1577,77,0.20961990009527653,1.7746345687570722,2337.0,100,15,"[0.9340596780273533, 0.09446449835144466, 0.9453687199297687, 0.4296319873487293, 0.3954576491945416, -0.5678210088392472, 0.9525489095524835, -0.9875394895908203, -0.4940352752331121, -0.13041693519110842, 0.5587658435875049, -0.6046298507994938, 0.7259864711984445, 0.9668013543506255, -0.6723155171906026, 0.19466788786571843, -0.98202780466489, -0.22685743471274122, -0.9116798841370009, 0.9133059354284718, -0.1277067062404047, 0.8979546135631256, 0.5726119718701219, 0.7325785971633969, -0.6536691570081037, -0.850102825973786, 0.2014854427555386, -0.6640556325631923, 0.4667603350211398, -0.18311227969597055, 0.05581764683584067, 0.875143167901884, 0.043392244889916, -0.7836132342255386, -0.6835531856304011, 0.09040530340642561, 0.04880816013694678, 0.2752204882519873, -0.1970091128194542, 0.2996102180386846, -0.20619999419653467, 0.24783222709644614, 0.5348099341802477, -0.6420521799177383, -0.24884846282491524, 0.005066118653868745, 0.3733341598326916, -0.4926407026772337, 0.10948172588511706, 0.24986168812819542, 0.7910023321122921, -0.27429282313374714, 0.2751141460374733, -0.6171071957620733, -0.004411770765388567, -0.6351091908575863, 0.8367660782795254, -0.13635585731754474, 0.6603762041966925, -0.16644739064327485, 0.8093351774867339, -0.19034956537818792, -0.33765099381775454, 0.14427754054549724, 0.6908872981882266, 0.7220286235061439, 0.19137623413666893, -0.8306767779591795, 0.19453321463834983, -0.5090925828337958, 0.46518689717993555, 0.7893025846334776, 0.0294679418262902, 0.20712702072041278, -0.8698643752343853, 0.08014945928561268, -0.7416264326591246, 0.22912569270066396, -0.2726993059103242, 0.5355160686614915, -0.902931727160895, -0.7803637637643119, 0.36804643024725525, 0.029307394167312983, 0.1432827432294983, 0.6874139879813108, -0.024524721700651453, 0.6202888442522898, 0.020487258589880097, 0.8534413864805024, 0.333855543079252, -0.7025463211318861, -0.27089364934848836, 0.7315498318881986, -0.29942957828896866, -0.6219484810876903, -0.0547573816684539, -0.21443765035574014, 0.23785985328818726, -0.12646741612097356, -0.47815568541100895, -0.17505557667448635, -0.16193193089539926, 0.8048437117522818, 0.9592325240809707, 0.24713767881382775, -0.8336317548582777, 0.46599743519199, 0.357370804957968, 0.6520457340504391, -0.3050973265778887, -0.8822398116837538, 0.2236436329105842, -0.751970763373456, 0.5190590583266628, 0.5888466351532844, -0.18274642650020412, 0.8875950117660911, -0.6524404124894483, 0.8851716994539605]",rhc,relu,False,False,100,[10],0.1,100,15
1578,78,0.2124417000450194,1.7732009741907289,2339.0,100,15,"[0.9340596780273533, 0.09446449835144466, 0.9453687199297687, 0.4296319873487293, 0.3954576491945416, -0.5678210088392472, 0.9525489095524835, -0.9875394895908203, -0.4940352752331121, -0.13041693519110842, 0.5587658435875049, -0.6046298507994938, 0.7259864711984445, 0.9668013543506255, -0.6723155171906026, 0.19466788786571843, -0.98202780466489, -0.22685743471274122, -0.9116798841370009, 0.9133059354284718, -0.1277067062404047, 0.8979546135631256, 0.5726119718701219, 0.7325785971633969, -0.6536691570081037, -0.850102825973786, 0.2014854427555386, -0.6640556325631923, 0.4667603350211398, -0.18311227969597055, 0.05581764683584067, 0.875143167901884, 0.043392244889916, -0.7836132342255386, -0.6835531856304011, 0.09040530340642561, 0.04880816013694678, 0.2752204882519873, -0.1970091128194542, 0.2996102180386846, -0.20619999419653467, 0.24783222709644614, 0.5348099341802477, -0.6420521799177383, -0.24884846282491524, 0.005066118653868745, 0.3733341598326916, -0.4926407026772337, 0.10948172588511706, 0.24986168812819542, 0.7910023321122921, -0.27429282313374714, 0.2751141460374733, -0.6171071957620733, -0.004411770765388567, -0.6351091908575863, 0.8367660782795254, -0.13635585731754474, 0.6603762041966925, -0.16644739064327485, 0.8093351774867339, -0.19034956537818792, -0.33765099381775454, 0.14427754054549724, 0.6908872981882266, 0.7220286235061439, 0.19137623413666893, -0.8306767779591795, 0.19453321463834983, -0.5090925828337958, 0.46518689717993555, 0.7893025846334776, 0.0294679418262902, 0.20712702072041278, -0.8698643752343853, 0.08014945928561268, -0.7416264326591246, 0.22912569270066396, -0.2726993059103242, 0.5355160686614915, -0.902931727160895, -0.7803637637643119, 0.36804643024725525, 0.029307394167312983, 0.1432827432294983, 0.6874139879813108, -0.024524721700651453, 0.6202888442522898, 0.020487258589880097, 0.8534413864805024, 0.333855543079252, -0.7025463211318861, -0.27089364934848836, 0.7315498318881986, -0.29942957828896866, -0.6219484810876903, -0.0547573816684539, -0.21443765035574014, 0.23785985328818726, -0.12646741612097356, -0.47815568541100895, -0.17505557667448635, -0.16193193089539926, 0.8048437117522818, 0.9592325240809707, 0.24713767881382775, -0.8336317548582777, 0.46599743519199, 0.357370804957968, 0.6520457340504391, -0.3050973265778887, -0.8822398116837538, 0.2236436329105842, -0.751970763373456, 0.5190590583266628, 0.5888466351532844, -0.18274642650020412, 0.8875950117660911, -0.6524404124894483, 0.8851716994539605]",rhc,relu,False,False,100,[10],0.1,100,15
1579,79,0.21469990001060069,1.752033464523923,2341.0,100,15,"[0.9340596780273533, 0.09446449835144466, 0.9453687199297687, 0.4296319873487293, 0.3954576491945416, -0.5678210088392472, 0.9525489095524835, -0.9875394895908203, -0.4940352752331121, -0.13041693519110842, 0.5587658435875049, -0.6046298507994938, 0.7259864711984445, 0.9668013543506255, -0.6723155171906026, 0.19466788786571843, -0.98202780466489, -0.22685743471274122, -0.9116798841370009, 0.9133059354284718, -0.1277067062404047, 0.8979546135631256, 0.5726119718701219, 0.7325785971633969, -0.6536691570081037, -0.850102825973786, 0.2014854427555386, -0.6640556325631923, 0.4667603350211398, -0.18311227969597055, 0.05581764683584067, 0.875143167901884, 0.043392244889916, -0.7836132342255386, -0.6835531856304011, 0.09040530340642561, 0.04880816013694678, 0.2752204882519873, -0.1970091128194542, 0.2996102180386846, -0.20619999419653467, 0.24783222709644614, 0.5348099341802477, -0.6420521799177383, -0.24884846282491524, 0.005066118653868745, 0.3733341598326916, -0.4926407026772337, 0.10948172588511706, 0.24986168812819542, 0.7910023321122921, -0.27429282313374714, 0.2751141460374733, -0.6171071957620733, -0.004411770765388567, -0.6351091908575863, 0.8367660782795254, -0.13635585731754474, 0.6603762041966925, -0.16644739064327485, 0.8093351774867339, -0.19034956537818792, -0.33765099381775454, 0.14427754054549724, 0.6908872981882266, 0.7220286235061439, 0.19137623413666893, -0.8306767779591795, 0.19453321463834983, -0.5090925828337958, 0.46518689717993555, 0.7893025846334776, 0.0294679418262902, 0.20712702072041278, -0.8698643752343853, 0.08014945928561268, -0.7416264326591246, 0.22912569270066396, -0.2726993059103242, 0.5355160686614915, -0.902931727160895, -0.7803637637643119, 0.36804643024725525, 0.029307394167312983, 0.1432827432294983, 0.6874139879813108, -0.024524721700651453, 0.6202888442522898, 0.020487258589880097, 0.8534413864805024, 0.333855543079252, -0.7025463211318861, -0.27089364934848836, 0.7315498318881986, -0.29942957828896866, -0.6219484810876903, -0.0547573816684539, -0.21443765035574014, 0.23785985328818726, -0.12646741612097356, -0.47815568541100895, -0.17505557667448635, -0.16193193089539926, 0.8048437117522818, 0.9592325240809707, 0.24713767881382775, -0.8336317548582777, 0.46599743519199, 0.357370804957968, 0.6520457340504391, -0.3050973265778887, -0.8822398116837538, 0.2236436329105842, -0.751970763373456, 0.5190590583266628, 0.5888466351532844, -0.18274642650020412, 0.8875950117660911, -0.6524404124894483, 0.8851716994539605]",rhc,relu,False,False,100,[10],0.1,100,15
1580,80,0.21622890001162887,1.752033464523923,2342.0,100,15,"[0.9340596780273533, 0.09446449835144466, 0.9453687199297687, 0.4296319873487293, 0.3954576491945416, -0.5678210088392472, 0.9525489095524835, -0.9875394895908203, -0.4940352752331121, -0.13041693519110842, 0.5587658435875049, -0.6046298507994938, 0.7259864711984445, 0.9668013543506255, -0.6723155171906026, 0.19466788786571843, -0.98202780466489, -0.22685743471274122, -0.9116798841370009, 0.9133059354284718, -0.1277067062404047, 0.8979546135631256, 0.5726119718701219, 0.7325785971633969, -0.6536691570081037, -0.850102825973786, 0.2014854427555386, -0.6640556325631923, 0.4667603350211398, -0.18311227969597055, 0.05581764683584067, 0.875143167901884, 0.043392244889916, -0.7836132342255386, -0.6835531856304011, 0.09040530340642561, 0.04880816013694678, 0.2752204882519873, -0.1970091128194542, 0.2996102180386846, -0.20619999419653467, 0.24783222709644614, 0.5348099341802477, -0.6420521799177383, -0.24884846282491524, 0.005066118653868745, 0.3733341598326916, -0.4926407026772337, 0.10948172588511706, 0.24986168812819542, 0.7910023321122921, -0.27429282313374714, 0.2751141460374733, -0.6171071957620733, -0.004411770765388567, -0.6351091908575863, 0.8367660782795254, -0.13635585731754474, 0.6603762041966925, -0.16644739064327485, 0.8093351774867339, -0.19034956537818792, -0.33765099381775454, 0.14427754054549724, 0.6908872981882266, 0.7220286235061439, 0.19137623413666893, -0.8306767779591795, 0.19453321463834983, -0.5090925828337958, 0.46518689717993555, 0.7893025846334776, 0.0294679418262902, 0.20712702072041278, -0.8698643752343853, 0.08014945928561268, -0.7416264326591246, 0.22912569270066396, -0.2726993059103242, 0.5355160686614915, -0.902931727160895, -0.7803637637643119, 0.36804643024725525, 0.029307394167312983, 0.1432827432294983, 0.6874139879813108, -0.024524721700651453, 0.6202888442522898, 0.020487258589880097, 0.8534413864805024, 0.333855543079252, -0.7025463211318861, -0.27089364934848836, 0.7315498318881986, -0.29942957828896866, -0.6219484810876903, -0.0547573816684539, -0.21443765035574014, 0.23785985328818726, -0.12646741612097356, -0.47815568541100895, -0.17505557667448635, -0.16193193089539926, 0.8048437117522818, 0.9592325240809707, 0.24713767881382775, -0.8336317548582777, 0.46599743519199, 0.357370804957968, 0.6520457340504391, -0.3050973265778887, -0.8822398116837538, 0.2236436329105842, -0.751970763373456, 0.5190590583266628, 0.5888466351532844, -0.18274642650020412, 0.8875950117660911, -0.6524404124894483, 0.8851716994539605]",rhc,relu,False,False,100,[10],0.1,100,15
1581,81,0.21764280006755143,1.7491275342011041,2344.0,100,15,"[0.9340596780273533, 0.09446449835144466, 0.9453687199297687, 0.4296319873487293, 0.3954576491945416, -0.5678210088392472, 0.9525489095524835, -0.9875394895908203, -0.4940352752331121, -0.13041693519110842, 0.5587658435875049, -0.6046298507994938, 0.7259864711984445, 0.9668013543506255, -0.6723155171906026, 0.19466788786571843, -0.98202780466489, -0.22685743471274122, -0.9116798841370009, 0.9133059354284718, -0.1277067062404047, 0.8979546135631256, 0.5726119718701219, 0.7325785971633969, -0.6536691570081037, -0.850102825973786, 0.2014854427555386, -0.6640556325631923, 0.4667603350211398, -0.18311227969597055, 0.05581764683584067, 0.875143167901884, 0.043392244889916, -0.7836132342255386, -0.6835531856304011, 0.09040530340642561, 0.04880816013694678, 0.2752204882519873, -0.1970091128194542, 0.2996102180386846, -0.20619999419653467, 0.24783222709644614, 0.5348099341802477, -0.6420521799177383, -0.24884846282491524, 0.005066118653868745, 0.3733341598326916, -0.4926407026772337, 0.10948172588511706, 0.24986168812819542, 0.7910023321122921, -0.27429282313374714, 0.2751141460374733, -0.6171071957620733, -0.004411770765388567, -0.6351091908575863, 0.8367660782795254, -0.13635585731754474, 0.6603762041966925, -0.16644739064327485, 0.8093351774867339, -0.19034956537818792, -0.33765099381775454, 0.14427754054549724, 0.6908872981882266, 0.7220286235061439, 0.19137623413666893, -0.8306767779591795, 0.19453321463834983, -0.5090925828337958, 0.46518689717993555, 0.7893025846334776, 0.0294679418262902, 0.20712702072041278, -0.8698643752343853, 0.08014945928561268, -0.7416264326591246, 0.22912569270066396, -0.2726993059103242, 0.5355160686614915, -0.902931727160895, -0.7803637637643119, 0.36804643024725525, 0.029307394167312983, 0.1432827432294983, 0.6874139879813108, -0.024524721700651453, 0.6202888442522898, 0.020487258589880097, 0.8534413864805024, 0.333855543079252, -0.7025463211318861, -0.27089364934848836, 0.7315498318881986, -0.29942957828896866, -0.6219484810876903, -0.0547573816684539, -0.21443765035574014, 0.23785985328818726, -0.12646741612097356, -0.47815568541100895, -0.17505557667448635, -0.16193193089539926, 0.8048437117522818, 0.9592325240809707, 0.24713767881382775, -0.8336317548582777, 0.46599743519199, 0.357370804957968, 0.6520457340504391, -0.3050973265778887, -0.8822398116837538, 0.2236436329105842, -0.751970763373456, 0.5190590583266628, 0.5888466351532844, -0.18274642650020412, 0.8875950117660911, -0.6524404124894483, 0.8851716994539605]",rhc,relu,False,False,100,[10],0.1,100,15
1582,82,0.2193455999949947,1.7491275342011041,2345.0,100,15,"[0.9340596780273533, 0.09446449835144466, 0.9453687199297687, 0.4296319873487293, 0.3954576491945416, -0.5678210088392472, 0.9525489095524835, -0.9875394895908203, -0.4940352752331121, -0.13041693519110842, 0.5587658435875049, -0.6046298507994938, 0.7259864711984445, 0.9668013543506255, -0.6723155171906026, 0.19466788786571843, -0.98202780466489, -0.22685743471274122, -0.9116798841370009, 0.9133059354284718, -0.1277067062404047, 0.8979546135631256, 0.5726119718701219, 0.7325785971633969, -0.6536691570081037, -0.850102825973786, 0.2014854427555386, -0.6640556325631923, 0.4667603350211398, -0.18311227969597055, 0.05581764683584067, 0.875143167901884, 0.043392244889916, -0.7836132342255386, -0.6835531856304011, 0.09040530340642561, 0.04880816013694678, 0.2752204882519873, -0.1970091128194542, 0.2996102180386846, -0.20619999419653467, 0.24783222709644614, 0.5348099341802477, -0.6420521799177383, -0.24884846282491524, 0.005066118653868745, 0.3733341598326916, -0.4926407026772337, 0.10948172588511706, 0.24986168812819542, 0.7910023321122921, -0.27429282313374714, 0.2751141460374733, -0.6171071957620733, -0.004411770765388567, -0.6351091908575863, 0.8367660782795254, -0.13635585731754474, 0.6603762041966925, -0.16644739064327485, 0.8093351774867339, -0.19034956537818792, -0.33765099381775454, 0.14427754054549724, 0.6908872981882266, 0.7220286235061439, 0.19137623413666893, -0.8306767779591795, 0.19453321463834983, -0.5090925828337958, 0.46518689717993555, 0.7893025846334776, 0.0294679418262902, 0.20712702072041278, -0.8698643752343853, 0.08014945928561268, -0.7416264326591246, 0.22912569270066396, -0.2726993059103242, 0.5355160686614915, -0.902931727160895, -0.7803637637643119, 0.36804643024725525, 0.029307394167312983, 0.1432827432294983, 0.6874139879813108, -0.024524721700651453, 0.6202888442522898, 0.020487258589880097, 0.8534413864805024, 0.333855543079252, -0.7025463211318861, -0.27089364934848836, 0.7315498318881986, -0.29942957828896866, -0.6219484810876903, -0.0547573816684539, -0.21443765035574014, 0.23785985328818726, -0.12646741612097356, -0.47815568541100895, -0.17505557667448635, -0.16193193089539926, 0.8048437117522818, 0.9592325240809707, 0.24713767881382775, -0.8336317548582777, 0.46599743519199, 0.357370804957968, 0.6520457340504391, -0.3050973265778887, -0.8822398116837538, 0.2236436329105842, -0.751970763373456, 0.5190590583266628, 0.5888466351532844, -0.18274642650020412, 0.8875950117660911, -0.6524404124894483, 0.8851716994539605]",rhc,relu,False,False,100,[10],0.1,100,15
1583,83,0.22115360002499074,1.7415105671142976,2347.0,100,15,"[0.9340596780273533, 0.09446449835144466, 0.9453687199297687, 0.4296319873487293, 0.3954576491945416, -0.5678210088392472, 0.9525489095524835, -0.9875394895908203, -0.4940352752331121, -0.13041693519110842, 0.5587658435875049, -0.6046298507994938, 0.7259864711984445, 0.9668013543506255, -0.6723155171906026, 0.19466788786571843, -0.98202780466489, -0.22685743471274122, -0.9116798841370009, 0.9133059354284718, -0.1277067062404047, 0.8979546135631256, 0.5726119718701219, 0.7325785971633969, -0.6536691570081037, -0.850102825973786, 0.2014854427555386, -0.6640556325631923, 0.4667603350211398, -0.18311227969597055, 0.05581764683584067, 0.875143167901884, 0.043392244889916, -0.7836132342255386, -0.6835531856304011, 0.09040530340642561, 0.04880816013694678, 0.2752204882519873, -0.1970091128194542, 0.2996102180386846, -0.20619999419653467, 0.24783222709644614, 0.5348099341802477, -0.6420521799177383, -0.24884846282491524, 0.005066118653868745, 0.3733341598326916, -0.4926407026772337, 0.10948172588511706, 0.24986168812819542, 0.7910023321122921, -0.27429282313374714, 0.2751141460374733, -0.6171071957620733, -0.004411770765388567, -0.6351091908575863, 0.8367660782795254, -0.13635585731754474, 0.6603762041966925, -0.16644739064327485, 0.8093351774867339, -0.19034956537818792, -0.33765099381775454, 0.14427754054549724, 0.6908872981882266, 0.7220286235061439, 0.19137623413666893, -0.8306767779591795, 0.19453321463834983, -0.5090925828337958, 0.46518689717993555, 0.7893025846334776, 0.0294679418262902, 0.20712702072041278, -0.8698643752343853, 0.08014945928561268, -0.7416264326591246, 0.22912569270066396, -0.2726993059103242, 0.5355160686614915, -0.902931727160895, -0.7803637637643119, 0.36804643024725525, 0.029307394167312983, 0.1432827432294983, 0.6874139879813108, -0.024524721700651453, 0.6202888442522898, 0.020487258589880097, 0.8534413864805024, 0.333855543079252, -0.7025463211318861, -0.27089364934848836, 0.7315498318881986, -0.29942957828896866, -0.6219484810876903, -0.0547573816684539, -0.21443765035574014, 0.23785985328818726, -0.12646741612097356, -0.47815568541100895, -0.17505557667448635, -0.16193193089539926, 0.8048437117522818, 0.9592325240809707, 0.24713767881382775, -0.8336317548582777, 0.46599743519199, 0.357370804957968, 0.6520457340504391, -0.3050973265778887, -0.8822398116837538, 0.2236436329105842, -0.751970763373456, 0.5190590583266628, 0.5888466351532844, -0.18274642650020412, 0.8875950117660911, -0.6524404124894483, 0.8851716994539605]",rhc,relu,False,False,100,[10],0.1,100,15
1584,84,0.22437200008425862,1.7415105671142976,2348.0,100,15,"[0.9340596780273533, 0.09446449835144466, 0.9453687199297687, 0.4296319873487293, 0.3954576491945416, -0.5678210088392472, 0.9525489095524835, -0.9875394895908203, -0.4940352752331121, -0.13041693519110842, 0.5587658435875049, -0.6046298507994938, 0.7259864711984445, 0.9668013543506255, -0.6723155171906026, 0.19466788786571843, -0.98202780466489, -0.22685743471274122, -0.9116798841370009, 0.9133059354284718, -0.1277067062404047, 0.8979546135631256, 0.5726119718701219, 0.7325785971633969, -0.6536691570081037, -0.850102825973786, 0.2014854427555386, -0.6640556325631923, 0.4667603350211398, -0.18311227969597055, 0.05581764683584067, 0.875143167901884, 0.043392244889916, -0.7836132342255386, -0.6835531856304011, 0.09040530340642561, 0.04880816013694678, 0.2752204882519873, -0.1970091128194542, 0.2996102180386846, -0.20619999419653467, 0.24783222709644614, 0.5348099341802477, -0.6420521799177383, -0.24884846282491524, 0.005066118653868745, 0.3733341598326916, -0.4926407026772337, 0.10948172588511706, 0.24986168812819542, 0.7910023321122921, -0.27429282313374714, 0.2751141460374733, -0.6171071957620733, -0.004411770765388567, -0.6351091908575863, 0.8367660782795254, -0.13635585731754474, 0.6603762041966925, -0.16644739064327485, 0.8093351774867339, -0.19034956537818792, -0.33765099381775454, 0.14427754054549724, 0.6908872981882266, 0.7220286235061439, 0.19137623413666893, -0.8306767779591795, 0.19453321463834983, -0.5090925828337958, 0.46518689717993555, 0.7893025846334776, 0.0294679418262902, 0.20712702072041278, -0.8698643752343853, 0.08014945928561268, -0.7416264326591246, 0.22912569270066396, -0.2726993059103242, 0.5355160686614915, -0.902931727160895, -0.7803637637643119, 0.36804643024725525, 0.029307394167312983, 0.1432827432294983, 0.6874139879813108, -0.024524721700651453, 0.6202888442522898, 0.020487258589880097, 0.8534413864805024, 0.333855543079252, -0.7025463211318861, -0.27089364934848836, 0.7315498318881986, -0.29942957828896866, -0.6219484810876903, -0.0547573816684539, -0.21443765035574014, 0.23785985328818726, -0.12646741612097356, -0.47815568541100895, -0.17505557667448635, -0.16193193089539926, 0.8048437117522818, 0.9592325240809707, 0.24713767881382775, -0.8336317548582777, 0.46599743519199, 0.357370804957968, 0.6520457340504391, -0.3050973265778887, -0.8822398116837538, 0.2236436329105842, -0.751970763373456, 0.5190590583266628, 0.5888466351532844, -0.18274642650020412, 0.8875950117660911, -0.6524404124894483, 0.8851716994539605]",rhc,relu,False,False,100,[10],0.1,100,15
1585,85,0.2259537000209093,1.7415105671142976,2349.0,100,15,"[0.9340596780273533, 0.09446449835144466, 0.9453687199297687, 0.4296319873487293, 0.3954576491945416, -0.5678210088392472, 0.9525489095524835, -0.9875394895908203, -0.4940352752331121, -0.13041693519110842, 0.5587658435875049, -0.6046298507994938, 0.7259864711984445, 0.9668013543506255, -0.6723155171906026, 0.19466788786571843, -0.98202780466489, -0.22685743471274122, -0.9116798841370009, 0.9133059354284718, -0.1277067062404047, 0.8979546135631256, 0.5726119718701219, 0.7325785971633969, -0.6536691570081037, -0.850102825973786, 0.2014854427555386, -0.6640556325631923, 0.4667603350211398, -0.18311227969597055, 0.05581764683584067, 0.875143167901884, 0.043392244889916, -0.7836132342255386, -0.6835531856304011, 0.09040530340642561, 0.04880816013694678, 0.2752204882519873, -0.1970091128194542, 0.2996102180386846, -0.20619999419653467, 0.24783222709644614, 0.5348099341802477, -0.6420521799177383, -0.24884846282491524, 0.005066118653868745, 0.3733341598326916, -0.4926407026772337, 0.10948172588511706, 0.24986168812819542, 0.7910023321122921, -0.27429282313374714, 0.2751141460374733, -0.6171071957620733, -0.004411770765388567, -0.6351091908575863, 0.8367660782795254, -0.13635585731754474, 0.6603762041966925, -0.16644739064327485, 0.8093351774867339, -0.19034956537818792, -0.33765099381775454, 0.14427754054549724, 0.6908872981882266, 0.7220286235061439, 0.19137623413666893, -0.8306767779591795, 0.19453321463834983, -0.5090925828337958, 0.46518689717993555, 0.7893025846334776, 0.0294679418262902, 0.20712702072041278, -0.8698643752343853, 0.08014945928561268, -0.7416264326591246, 0.22912569270066396, -0.2726993059103242, 0.5355160686614915, -0.902931727160895, -0.7803637637643119, 0.36804643024725525, 0.029307394167312983, 0.1432827432294983, 0.6874139879813108, -0.024524721700651453, 0.6202888442522898, 0.020487258589880097, 0.8534413864805024, 0.333855543079252, -0.7025463211318861, -0.27089364934848836, 0.7315498318881986, -0.29942957828896866, -0.6219484810876903, -0.0547573816684539, -0.21443765035574014, 0.23785985328818726, -0.12646741612097356, -0.47815568541100895, -0.17505557667448635, -0.16193193089539926, 0.8048437117522818, 0.9592325240809707, 0.24713767881382775, -0.8336317548582777, 0.46599743519199, 0.357370804957968, 0.6520457340504391, -0.3050973265778887, -0.8822398116837538, 0.2236436329105842, -0.751970763373456, 0.5190590583266628, 0.5888466351532844, -0.18274642650020412, 0.8875950117660911, -0.6524404124894483, 0.8851716994539605]",rhc,relu,False,False,100,[10],0.1,100,15
1586,86,0.22897670010570437,1.732804140377146,2351.0,100,15,"[0.9340596780273533, 0.09446449835144466, 0.9453687199297687, 0.4296319873487293, 0.3954576491945416, -0.5678210088392472, 0.9525489095524835, -0.9875394895908203, -0.4940352752331121, -0.13041693519110842, 0.5587658435875049, -0.6046298507994938, 0.7259864711984445, 0.9668013543506255, -0.6723155171906026, 0.19466788786571843, -0.98202780466489, -0.22685743471274122, -0.9116798841370009, 0.9133059354284718, -0.1277067062404047, 0.8979546135631256, 0.5726119718701219, 0.7325785971633969, -0.6536691570081037, -0.850102825973786, 0.2014854427555386, -0.6640556325631923, 0.4667603350211398, -0.18311227969597055, 0.05581764683584067, 0.875143167901884, 0.043392244889916, -0.7836132342255386, -0.6835531856304011, 0.09040530340642561, 0.04880816013694678, 0.2752204882519873, -0.1970091128194542, 0.2996102180386846, -0.20619999419653467, 0.24783222709644614, 0.5348099341802477, -0.6420521799177383, -0.24884846282491524, 0.005066118653868745, 0.3733341598326916, -0.4926407026772337, 0.10948172588511706, 0.24986168812819542, 0.7910023321122921, -0.27429282313374714, 0.2751141460374733, -0.6171071957620733, -0.004411770765388567, -0.6351091908575863, 0.8367660782795254, -0.13635585731754474, 0.6603762041966925, -0.16644739064327485, 0.8093351774867339, -0.19034956537818792, -0.33765099381775454, 0.14427754054549724, 0.6908872981882266, 0.7220286235061439, 0.19137623413666893, -0.8306767779591795, 0.19453321463834983, -0.5090925828337958, 0.46518689717993555, 0.7893025846334776, 0.0294679418262902, 0.20712702072041278, -0.8698643752343853, 0.08014945928561268, -0.7416264326591246, 0.22912569270066396, -0.2726993059103242, 0.5355160686614915, -0.902931727160895, -0.7803637637643119, 0.36804643024725525, 0.029307394167312983, 0.1432827432294983, 0.6874139879813108, -0.024524721700651453, 0.6202888442522898, 0.020487258589880097, 0.8534413864805024, 0.333855543079252, -0.7025463211318861, -0.27089364934848836, 0.7315498318881986, -0.29942957828896866, -0.6219484810876903, -0.0547573816684539, -0.21443765035574014, 0.23785985328818726, -0.12646741612097356, -0.47815568541100895, -0.17505557667448635, -0.16193193089539926, 0.8048437117522818, 0.9592325240809707, 0.24713767881382775, -0.8336317548582777, 0.46599743519199, 0.357370804957968, 0.6520457340504391, -0.3050973265778887, -0.8822398116837538, 0.2236436329105842, -0.751970763373456, 0.5190590583266628, 0.5888466351532844, -0.18274642650020412, 0.8875950117660911, -0.6524404124894483, 0.8851716994539605]",rhc,relu,False,False,100,[10],0.1,100,15
1587,87,0.23168840003199875,1.732804140377146,2352.0,100,15,"[0.9340596780273533, 0.09446449835144466, 0.9453687199297687, 0.4296319873487293, 0.3954576491945416, -0.5678210088392472, 0.9525489095524835, -0.9875394895908203, -0.4940352752331121, -0.13041693519110842, 0.5587658435875049, -0.6046298507994938, 0.7259864711984445, 0.9668013543506255, -0.6723155171906026, 0.19466788786571843, -0.98202780466489, -0.22685743471274122, -0.9116798841370009, 0.9133059354284718, -0.1277067062404047, 0.8979546135631256, 0.5726119718701219, 0.7325785971633969, -0.6536691570081037, -0.850102825973786, 0.2014854427555386, -0.6640556325631923, 0.4667603350211398, -0.18311227969597055, 0.05581764683584067, 0.875143167901884, 0.043392244889916, -0.7836132342255386, -0.6835531856304011, 0.09040530340642561, 0.04880816013694678, 0.2752204882519873, -0.1970091128194542, 0.2996102180386846, -0.20619999419653467, 0.24783222709644614, 0.5348099341802477, -0.6420521799177383, -0.24884846282491524, 0.005066118653868745, 0.3733341598326916, -0.4926407026772337, 0.10948172588511706, 0.24986168812819542, 0.7910023321122921, -0.27429282313374714, 0.2751141460374733, -0.6171071957620733, -0.004411770765388567, -0.6351091908575863, 0.8367660782795254, -0.13635585731754474, 0.6603762041966925, -0.16644739064327485, 0.8093351774867339, -0.19034956537818792, -0.33765099381775454, 0.14427754054549724, 0.6908872981882266, 0.7220286235061439, 0.19137623413666893, -0.8306767779591795, 0.19453321463834983, -0.5090925828337958, 0.46518689717993555, 0.7893025846334776, 0.0294679418262902, 0.20712702072041278, -0.8698643752343853, 0.08014945928561268, -0.7416264326591246, 0.22912569270066396, -0.2726993059103242, 0.5355160686614915, -0.902931727160895, -0.7803637637643119, 0.36804643024725525, 0.029307394167312983, 0.1432827432294983, 0.6874139879813108, -0.024524721700651453, 0.6202888442522898, 0.020487258589880097, 0.8534413864805024, 0.333855543079252, -0.7025463211318861, -0.27089364934848836, 0.7315498318881986, -0.29942957828896866, -0.6219484810876903, -0.0547573816684539, -0.21443765035574014, 0.23785985328818726, -0.12646741612097356, -0.47815568541100895, -0.17505557667448635, -0.16193193089539926, 0.8048437117522818, 0.9592325240809707, 0.24713767881382775, -0.8336317548582777, 0.46599743519199, 0.357370804957968, 0.6520457340504391, -0.3050973265778887, -0.8822398116837538, 0.2236436329105842, -0.751970763373456, 0.5190590583266628, 0.5888466351532844, -0.18274642650020412, 0.8875950117660911, -0.6524404124894483, 0.8851716994539605]",rhc,relu,False,False,100,[10],0.1,100,15
1588,88,0.23309100000187755,1.7200369555869675,2354.0,100,15,"[0.9340596780273533, 0.09446449835144466, 0.9453687199297687, 0.4296319873487293, 0.3954576491945416, -0.5678210088392472, 0.9525489095524835, -0.9875394895908203, -0.4940352752331121, -0.13041693519110842, 0.5587658435875049, -0.6046298507994938, 0.7259864711984445, 0.9668013543506255, -0.6723155171906026, 0.19466788786571843, -0.98202780466489, -0.22685743471274122, -0.9116798841370009, 0.9133059354284718, -0.1277067062404047, 0.8979546135631256, 0.5726119718701219, 0.7325785971633969, -0.6536691570081037, -0.850102825973786, 0.2014854427555386, -0.6640556325631923, 0.4667603350211398, -0.18311227969597055, 0.05581764683584067, 0.875143167901884, 0.043392244889916, -0.7836132342255386, -0.6835531856304011, 0.09040530340642561, 0.04880816013694678, 0.2752204882519873, -0.1970091128194542, 0.2996102180386846, -0.20619999419653467, 0.24783222709644614, 0.5348099341802477, -0.6420521799177383, -0.24884846282491524, 0.005066118653868745, 0.3733341598326916, -0.4926407026772337, 0.10948172588511706, 0.24986168812819542, 0.7910023321122921, -0.27429282313374714, 0.2751141460374733, -0.6171071957620733, -0.004411770765388567, -0.6351091908575863, 0.8367660782795254, -0.13635585731754474, 0.6603762041966925, -0.16644739064327485, 0.8093351774867339, -0.19034956537818792, -0.33765099381775454, 0.14427754054549724, 0.6908872981882266, 0.7220286235061439, 0.19137623413666893, -0.8306767779591795, 0.19453321463834983, -0.5090925828337958, 0.46518689717993555, 0.7893025846334776, 0.0294679418262902, 0.20712702072041278, -0.8698643752343853, 0.08014945928561268, -0.7416264326591246, 0.22912569270066396, -0.2726993059103242, 0.5355160686614915, -0.902931727160895, -0.7803637637643119, 0.36804643024725525, 0.029307394167312983, 0.1432827432294983, 0.6874139879813108, -0.024524721700651453, 0.6202888442522898, 0.020487258589880097, 0.8534413864805024, 0.333855543079252, -0.7025463211318861, -0.27089364934848836, 0.7315498318881986, -0.29942957828896866, -0.6219484810876903, -0.0547573816684539, -0.21443765035574014, 0.23785985328818726, -0.12646741612097356, -0.47815568541100895, -0.17505557667448635, -0.16193193089539926, 0.8048437117522818, 0.9592325240809707, 0.24713767881382775, -0.8336317548582777, 0.46599743519199, 0.357370804957968, 0.6520457340504391, -0.3050973265778887, -0.8822398116837538, 0.2236436329105842, -0.751970763373456, 0.5190590583266628, 0.5888466351532844, -0.18274642650020412, 0.8875950117660911, -0.6524404124894483, 0.8851716994539605]",rhc,relu,False,False,100,[10],0.1,100,15
1589,89,0.23613770003430545,1.719065055230119,2356.0,100,15,"[0.9340596780273533, 0.09446449835144466, 0.9453687199297687, 0.4296319873487293, 0.3954576491945416, -0.5678210088392472, 0.9525489095524835, -0.9875394895908203, -0.4940352752331121, -0.13041693519110842, 0.5587658435875049, -0.6046298507994938, 0.7259864711984445, 0.9668013543506255, -0.6723155171906026, 0.19466788786571843, -0.98202780466489, -0.22685743471274122, -0.9116798841370009, 0.9133059354284718, -0.1277067062404047, 0.8979546135631256, 0.5726119718701219, 0.7325785971633969, -0.6536691570081037, -0.850102825973786, 0.2014854427555386, -0.6640556325631923, 0.4667603350211398, -0.18311227969597055, 0.05581764683584067, 0.875143167901884, 0.043392244889916, -0.7836132342255386, -0.6835531856304011, 0.09040530340642561, 0.04880816013694678, 0.2752204882519873, -0.1970091128194542, 0.2996102180386846, -0.20619999419653467, 0.24783222709644614, 0.5348099341802477, -0.6420521799177383, -0.24884846282491524, 0.005066118653868745, 0.3733341598326916, -0.4926407026772337, 0.10948172588511706, 0.24986168812819542, 0.7910023321122921, -0.27429282313374714, 0.2751141460374733, -0.6171071957620733, -0.004411770765388567, -0.6351091908575863, 0.8367660782795254, -0.13635585731754474, 0.6603762041966925, -0.16644739064327485, 0.8093351774867339, -0.19034956537818792, -0.33765099381775454, 0.14427754054549724, 0.6908872981882266, 0.7220286235061439, 0.19137623413666893, -0.8306767779591795, 0.19453321463834983, -0.5090925828337958, 0.46518689717993555, 0.7893025846334776, 0.0294679418262902, 0.20712702072041278, -0.8698643752343853, 0.08014945928561268, -0.7416264326591246, 0.22912569270066396, -0.2726993059103242, 0.5355160686614915, -0.902931727160895, -0.7803637637643119, 0.36804643024725525, 0.029307394167312983, 0.1432827432294983, 0.6874139879813108, -0.024524721700651453, 0.6202888442522898, 0.020487258589880097, 0.8534413864805024, 0.333855543079252, -0.7025463211318861, -0.27089364934848836, 0.7315498318881986, -0.29942957828896866, -0.6219484810876903, -0.0547573816684539, -0.21443765035574014, 0.23785985328818726, -0.12646741612097356, -0.47815568541100895, -0.17505557667448635, -0.16193193089539926, 0.8048437117522818, 0.9592325240809707, 0.24713767881382775, -0.8336317548582777, 0.46599743519199, 0.357370804957968, 0.6520457340504391, -0.3050973265778887, -0.8822398116837538, 0.2236436329105842, -0.751970763373456, 0.5190590583266628, 0.5888466351532844, -0.18274642650020412, 0.8875950117660911, -0.6524404124894483, 0.8851716994539605]",rhc,relu,False,False,100,[10],0.1,100,15
1590,90,0.23915060004219413,1.719065055230119,2357.0,100,15,"[0.9340596780273533, 0.09446449835144466, 0.9453687199297687, 0.4296319873487293, 0.3954576491945416, -0.5678210088392472, 0.9525489095524835, -0.9875394895908203, -0.4940352752331121, -0.13041693519110842, 0.5587658435875049, -0.6046298507994938, 0.7259864711984445, 0.9668013543506255, -0.6723155171906026, 0.19466788786571843, -0.98202780466489, -0.22685743471274122, -0.9116798841370009, 0.9133059354284718, -0.1277067062404047, 0.8979546135631256, 0.5726119718701219, 0.7325785971633969, -0.6536691570081037, -0.850102825973786, 0.2014854427555386, -0.6640556325631923, 0.4667603350211398, -0.18311227969597055, 0.05581764683584067, 0.875143167901884, 0.043392244889916, -0.7836132342255386, -0.6835531856304011, 0.09040530340642561, 0.04880816013694678, 0.2752204882519873, -0.1970091128194542, 0.2996102180386846, -0.20619999419653467, 0.24783222709644614, 0.5348099341802477, -0.6420521799177383, -0.24884846282491524, 0.005066118653868745, 0.3733341598326916, -0.4926407026772337, 0.10948172588511706, 0.24986168812819542, 0.7910023321122921, -0.27429282313374714, 0.2751141460374733, -0.6171071957620733, -0.004411770765388567, -0.6351091908575863, 0.8367660782795254, -0.13635585731754474, 0.6603762041966925, -0.16644739064327485, 0.8093351774867339, -0.19034956537818792, -0.33765099381775454, 0.14427754054549724, 0.6908872981882266, 0.7220286235061439, 0.19137623413666893, -0.8306767779591795, 0.19453321463834983, -0.5090925828337958, 0.46518689717993555, 0.7893025846334776, 0.0294679418262902, 0.20712702072041278, -0.8698643752343853, 0.08014945928561268, -0.7416264326591246, 0.22912569270066396, -0.2726993059103242, 0.5355160686614915, -0.902931727160895, -0.7803637637643119, 0.36804643024725525, 0.029307394167312983, 0.1432827432294983, 0.6874139879813108, -0.024524721700651453, 0.6202888442522898, 0.020487258589880097, 0.8534413864805024, 0.333855543079252, -0.7025463211318861, -0.27089364934848836, 0.7315498318881986, -0.29942957828896866, -0.6219484810876903, -0.0547573816684539, -0.21443765035574014, 0.23785985328818726, -0.12646741612097356, -0.47815568541100895, -0.17505557667448635, -0.16193193089539926, 0.8048437117522818, 0.9592325240809707, 0.24713767881382775, -0.8336317548582777, 0.46599743519199, 0.357370804957968, 0.6520457340504391, -0.3050973265778887, -0.8822398116837538, 0.2236436329105842, -0.751970763373456, 0.5190590583266628, 0.5888466351532844, -0.18274642650020412, 0.8875950117660911, -0.6524404124894483, 0.8851716994539605]",rhc,relu,False,False,100,[10],0.1,100,15
1591,91,0.24208670004736632,1.7167137690619818,2359.0,100,15,"[0.9340596780273533, 0.09446449835144466, 0.9453687199297687, 0.4296319873487293, 0.3954576491945416, -0.5678210088392472, 0.9525489095524835, -0.9875394895908203, -0.4940352752331121, -0.13041693519110842, 0.5587658435875049, -0.6046298507994938, 0.7259864711984445, 0.9668013543506255, -0.6723155171906026, 0.19466788786571843, -0.98202780466489, -0.22685743471274122, -0.9116798841370009, 0.9133059354284718, -0.1277067062404047, 0.8979546135631256, 0.5726119718701219, 0.7325785971633969, -0.6536691570081037, -0.850102825973786, 0.2014854427555386, -0.6640556325631923, 0.4667603350211398, -0.18311227969597055, 0.05581764683584067, 0.875143167901884, 0.043392244889916, -0.7836132342255386, -0.6835531856304011, 0.09040530340642561, 0.04880816013694678, 0.2752204882519873, -0.1970091128194542, 0.2996102180386846, -0.20619999419653467, 0.24783222709644614, 0.5348099341802477, -0.6420521799177383, -0.24884846282491524, 0.005066118653868745, 0.3733341598326916, -0.4926407026772337, 0.10948172588511706, 0.24986168812819542, 0.7910023321122921, -0.27429282313374714, 0.2751141460374733, -0.6171071957620733, -0.004411770765388567, -0.6351091908575863, 0.8367660782795254, -0.13635585731754474, 0.6603762041966925, -0.16644739064327485, 0.8093351774867339, -0.19034956537818792, -0.33765099381775454, 0.14427754054549724, 0.6908872981882266, 0.7220286235061439, 0.19137623413666893, -0.8306767779591795, 0.19453321463834983, -0.5090925828337958, 0.46518689717993555, 0.7893025846334776, 0.0294679418262902, 0.20712702072041278, -0.8698643752343853, 0.08014945928561268, -0.7416264326591246, 0.22912569270066396, -0.2726993059103242, 0.5355160686614915, -0.902931727160895, -0.7803637637643119, 0.36804643024725525, 0.029307394167312983, 0.1432827432294983, 0.6874139879813108, -0.024524721700651453, 0.6202888442522898, 0.020487258589880097, 0.8534413864805024, 0.333855543079252, -0.7025463211318861, -0.27089364934848836, 0.7315498318881986, -0.29942957828896866, -0.6219484810876903, -0.0547573816684539, -0.21443765035574014, 0.23785985328818726, -0.12646741612097356, -0.47815568541100895, -0.17505557667448635, -0.16193193089539926, 0.8048437117522818, 0.9592325240809707, 0.24713767881382775, -0.8336317548582777, 0.46599743519199, 0.357370804957968, 0.6520457340504391, -0.3050973265778887, -0.8822398116837538, 0.2236436329105842, -0.751970763373456, 0.5190590583266628, 0.5888466351532844, -0.18274642650020412, 0.8875950117660911, -0.6524404124894483, 0.8851716994539605]",rhc,relu,False,False,100,[10],0.1,100,15
1592,92,0.24406210007146,1.7167137690619818,2360.0,100,15,"[0.9340596780273533, 0.09446449835144466, 0.9453687199297687, 0.4296319873487293, 0.3954576491945416, -0.5678210088392472, 0.9525489095524835, -0.9875394895908203, -0.4940352752331121, -0.13041693519110842, 0.5587658435875049, -0.6046298507994938, 0.7259864711984445, 0.9668013543506255, -0.6723155171906026, 0.19466788786571843, -0.98202780466489, -0.22685743471274122, -0.9116798841370009, 0.9133059354284718, -0.1277067062404047, 0.8979546135631256, 0.5726119718701219, 0.7325785971633969, -0.6536691570081037, -0.850102825973786, 0.2014854427555386, -0.6640556325631923, 0.4667603350211398, -0.18311227969597055, 0.05581764683584067, 0.875143167901884, 0.043392244889916, -0.7836132342255386, -0.6835531856304011, 0.09040530340642561, 0.04880816013694678, 0.2752204882519873, -0.1970091128194542, 0.2996102180386846, -0.20619999419653467, 0.24783222709644614, 0.5348099341802477, -0.6420521799177383, -0.24884846282491524, 0.005066118653868745, 0.3733341598326916, -0.4926407026772337, 0.10948172588511706, 0.24986168812819542, 0.7910023321122921, -0.27429282313374714, 0.2751141460374733, -0.6171071957620733, -0.004411770765388567, -0.6351091908575863, 0.8367660782795254, -0.13635585731754474, 0.6603762041966925, -0.16644739064327485, 0.8093351774867339, -0.19034956537818792, -0.33765099381775454, 0.14427754054549724, 0.6908872981882266, 0.7220286235061439, 0.19137623413666893, -0.8306767779591795, 0.19453321463834983, -0.5090925828337958, 0.46518689717993555, 0.7893025846334776, 0.0294679418262902, 0.20712702072041278, -0.8698643752343853, 0.08014945928561268, -0.7416264326591246, 0.22912569270066396, -0.2726993059103242, 0.5355160686614915, -0.902931727160895, -0.7803637637643119, 0.36804643024725525, 0.029307394167312983, 0.1432827432294983, 0.6874139879813108, -0.024524721700651453, 0.6202888442522898, 0.020487258589880097, 0.8534413864805024, 0.333855543079252, -0.7025463211318861, -0.27089364934848836, 0.7315498318881986, -0.29942957828896866, -0.6219484810876903, -0.0547573816684539, -0.21443765035574014, 0.23785985328818726, -0.12646741612097356, -0.47815568541100895, -0.17505557667448635, -0.16193193089539926, 0.8048437117522818, 0.9592325240809707, 0.24713767881382775, -0.8336317548582777, 0.46599743519199, 0.357370804957968, 0.6520457340504391, -0.3050973265778887, -0.8822398116837538, 0.2236436329105842, -0.751970763373456, 0.5190590583266628, 0.5888466351532844, -0.18274642650020412, 0.8875950117660911, -0.6524404124894483, 0.8851716994539605]",rhc,relu,False,False,100,[10],0.1,100,15
1593,93,0.2456533000804484,1.7167137690619818,2361.0,100,15,"[0.9340596780273533, 0.09446449835144466, 0.9453687199297687, 0.4296319873487293, 0.3954576491945416, -0.5678210088392472, 0.9525489095524835, -0.9875394895908203, -0.4940352752331121, -0.13041693519110842, 0.5587658435875049, -0.6046298507994938, 0.7259864711984445, 0.9668013543506255, -0.6723155171906026, 0.19466788786571843, -0.98202780466489, -0.22685743471274122, -0.9116798841370009, 0.9133059354284718, -0.1277067062404047, 0.8979546135631256, 0.5726119718701219, 0.7325785971633969, -0.6536691570081037, -0.850102825973786, 0.2014854427555386, -0.6640556325631923, 0.4667603350211398, -0.18311227969597055, 0.05581764683584067, 0.875143167901884, 0.043392244889916, -0.7836132342255386, -0.6835531856304011, 0.09040530340642561, 0.04880816013694678, 0.2752204882519873, -0.1970091128194542, 0.2996102180386846, -0.20619999419653467, 0.24783222709644614, 0.5348099341802477, -0.6420521799177383, -0.24884846282491524, 0.005066118653868745, 0.3733341598326916, -0.4926407026772337, 0.10948172588511706, 0.24986168812819542, 0.7910023321122921, -0.27429282313374714, 0.2751141460374733, -0.6171071957620733, -0.004411770765388567, -0.6351091908575863, 0.8367660782795254, -0.13635585731754474, 0.6603762041966925, -0.16644739064327485, 0.8093351774867339, -0.19034956537818792, -0.33765099381775454, 0.14427754054549724, 0.6908872981882266, 0.7220286235061439, 0.19137623413666893, -0.8306767779591795, 0.19453321463834983, -0.5090925828337958, 0.46518689717993555, 0.7893025846334776, 0.0294679418262902, 0.20712702072041278, -0.8698643752343853, 0.08014945928561268, -0.7416264326591246, 0.22912569270066396, -0.2726993059103242, 0.5355160686614915, -0.902931727160895, -0.7803637637643119, 0.36804643024725525, 0.029307394167312983, 0.1432827432294983, 0.6874139879813108, -0.024524721700651453, 0.6202888442522898, 0.020487258589880097, 0.8534413864805024, 0.333855543079252, -0.7025463211318861, -0.27089364934848836, 0.7315498318881986, -0.29942957828896866, -0.6219484810876903, -0.0547573816684539, -0.21443765035574014, 0.23785985328818726, -0.12646741612097356, -0.47815568541100895, -0.17505557667448635, -0.16193193089539926, 0.8048437117522818, 0.9592325240809707, 0.24713767881382775, -0.8336317548582777, 0.46599743519199, 0.357370804957968, 0.6520457340504391, -0.3050973265778887, -0.8822398116837538, 0.2236436329105842, -0.751970763373456, 0.5190590583266628, 0.5888466351532844, -0.18274642650020412, 0.8875950117660911, -0.6524404124894483, 0.8851716994539605]",rhc,relu,False,False,100,[10],0.1,100,15
1594,94,0.24860799999441952,1.7167137690619818,2362.0,100,15,"[0.9340596780273533, 0.09446449835144466, 0.9453687199297687, 0.4296319873487293, 0.3954576491945416, -0.5678210088392472, 0.9525489095524835, -0.9875394895908203, -0.4940352752331121, -0.13041693519110842, 0.5587658435875049, -0.6046298507994938, 0.7259864711984445, 0.9668013543506255, -0.6723155171906026, 0.19466788786571843, -0.98202780466489, -0.22685743471274122, -0.9116798841370009, 0.9133059354284718, -0.1277067062404047, 0.8979546135631256, 0.5726119718701219, 0.7325785971633969, -0.6536691570081037, -0.850102825973786, 0.2014854427555386, -0.6640556325631923, 0.4667603350211398, -0.18311227969597055, 0.05581764683584067, 0.875143167901884, 0.043392244889916, -0.7836132342255386, -0.6835531856304011, 0.09040530340642561, 0.04880816013694678, 0.2752204882519873, -0.1970091128194542, 0.2996102180386846, -0.20619999419653467, 0.24783222709644614, 0.5348099341802477, -0.6420521799177383, -0.24884846282491524, 0.005066118653868745, 0.3733341598326916, -0.4926407026772337, 0.10948172588511706, 0.24986168812819542, 0.7910023321122921, -0.27429282313374714, 0.2751141460374733, -0.6171071957620733, -0.004411770765388567, -0.6351091908575863, 0.8367660782795254, -0.13635585731754474, 0.6603762041966925, -0.16644739064327485, 0.8093351774867339, -0.19034956537818792, -0.33765099381775454, 0.14427754054549724, 0.6908872981882266, 0.7220286235061439, 0.19137623413666893, -0.8306767779591795, 0.19453321463834983, -0.5090925828337958, 0.46518689717993555, 0.7893025846334776, 0.0294679418262902, 0.20712702072041278, -0.8698643752343853, 0.08014945928561268, -0.7416264326591246, 0.22912569270066396, -0.2726993059103242, 0.5355160686614915, -0.902931727160895, -0.7803637637643119, 0.36804643024725525, 0.029307394167312983, 0.1432827432294983, 0.6874139879813108, -0.024524721700651453, 0.6202888442522898, 0.020487258589880097, 0.8534413864805024, 0.333855543079252, -0.7025463211318861, -0.27089364934848836, 0.7315498318881986, -0.29942957828896866, -0.6219484810876903, -0.0547573816684539, -0.21443765035574014, 0.23785985328818726, -0.12646741612097356, -0.47815568541100895, -0.17505557667448635, -0.16193193089539926, 0.8048437117522818, 0.9592325240809707, 0.24713767881382775, -0.8336317548582777, 0.46599743519199, 0.357370804957968, 0.6520457340504391, -0.3050973265778887, -0.8822398116837538, 0.2236436329105842, -0.751970763373456, 0.5190590583266628, 0.5888466351532844, -0.18274642650020412, 0.8875950117660911, -0.6524404124894483, 0.8851716994539605]",rhc,relu,False,False,100,[10],0.1,100,15
1595,95,0.25007430010009557,1.7167137690619818,2363.0,100,15,"[0.9340596780273533, 0.09446449835144466, 0.9453687199297687, 0.4296319873487293, 0.3954576491945416, -0.5678210088392472, 0.9525489095524835, -0.9875394895908203, -0.4940352752331121, -0.13041693519110842, 0.5587658435875049, -0.6046298507994938, 0.7259864711984445, 0.9668013543506255, -0.6723155171906026, 0.19466788786571843, -0.98202780466489, -0.22685743471274122, -0.9116798841370009, 0.9133059354284718, -0.1277067062404047, 0.8979546135631256, 0.5726119718701219, 0.7325785971633969, -0.6536691570081037, -0.850102825973786, 0.2014854427555386, -0.6640556325631923, 0.4667603350211398, -0.18311227969597055, 0.05581764683584067, 0.875143167901884, 0.043392244889916, -0.7836132342255386, -0.6835531856304011, 0.09040530340642561, 0.04880816013694678, 0.2752204882519873, -0.1970091128194542, 0.2996102180386846, -0.20619999419653467, 0.24783222709644614, 0.5348099341802477, -0.6420521799177383, -0.24884846282491524, 0.005066118653868745, 0.3733341598326916, -0.4926407026772337, 0.10948172588511706, 0.24986168812819542, 0.7910023321122921, -0.27429282313374714, 0.2751141460374733, -0.6171071957620733, -0.004411770765388567, -0.6351091908575863, 0.8367660782795254, -0.13635585731754474, 0.6603762041966925, -0.16644739064327485, 0.8093351774867339, -0.19034956537818792, -0.33765099381775454, 0.14427754054549724, 0.6908872981882266, 0.7220286235061439, 0.19137623413666893, -0.8306767779591795, 0.19453321463834983, -0.5090925828337958, 0.46518689717993555, 0.7893025846334776, 0.0294679418262902, 0.20712702072041278, -0.8698643752343853, 0.08014945928561268, -0.7416264326591246, 0.22912569270066396, -0.2726993059103242, 0.5355160686614915, -0.902931727160895, -0.7803637637643119, 0.36804643024725525, 0.029307394167312983, 0.1432827432294983, 0.6874139879813108, -0.024524721700651453, 0.6202888442522898, 0.020487258589880097, 0.8534413864805024, 0.333855543079252, -0.7025463211318861, -0.27089364934848836, 0.7315498318881986, -0.29942957828896866, -0.6219484810876903, -0.0547573816684539, -0.21443765035574014, 0.23785985328818726, -0.12646741612097356, -0.47815568541100895, -0.17505557667448635, -0.16193193089539926, 0.8048437117522818, 0.9592325240809707, 0.24713767881382775, -0.8336317548582777, 0.46599743519199, 0.357370804957968, 0.6520457340504391, -0.3050973265778887, -0.8822398116837538, 0.2236436329105842, -0.751970763373456, 0.5190590583266628, 0.5888466351532844, -0.18274642650020412, 0.8875950117660911, -0.6524404124894483, 0.8851716994539605]",rhc,relu,False,False,100,[10],0.1,100,15
1596,96,0.253057699999772,1.7162898251534202,2365.0,100,15,"[0.9340596780273533, 0.09446449835144466, 0.9453687199297687, 0.4296319873487293, 0.3954576491945416, -0.5678210088392472, 0.9525489095524835, -0.9875394895908203, -0.4940352752331121, -0.13041693519110842, 0.5587658435875049, -0.6046298507994938, 0.7259864711984445, 0.9668013543506255, -0.6723155171906026, 0.19466788786571843, -0.98202780466489, -0.22685743471274122, -0.9116798841370009, 0.9133059354284718, -0.1277067062404047, 0.8979546135631256, 0.5726119718701219, 0.7325785971633969, -0.6536691570081037, -0.850102825973786, 0.2014854427555386, -0.6640556325631923, 0.4667603350211398, -0.18311227969597055, 0.05581764683584067, 0.875143167901884, 0.043392244889916, -0.7836132342255386, -0.6835531856304011, 0.09040530340642561, 0.04880816013694678, 0.2752204882519873, -0.1970091128194542, 0.2996102180386846, -0.20619999419653467, 0.24783222709644614, 0.5348099341802477, -0.6420521799177383, -0.24884846282491524, 0.005066118653868745, 0.3733341598326916, -0.4926407026772337, 0.10948172588511706, 0.24986168812819542, 0.7910023321122921, -0.27429282313374714, 0.2751141460374733, -0.6171071957620733, -0.004411770765388567, -0.6351091908575863, 0.8367660782795254, -0.13635585731754474, 0.6603762041966925, -0.16644739064327485, 0.8093351774867339, -0.19034956537818792, -0.33765099381775454, 0.14427754054549724, 0.6908872981882266, 0.7220286235061439, 0.19137623413666893, -0.8306767779591795, 0.19453321463834983, -0.5090925828337958, 0.46518689717993555, 0.7893025846334776, 0.0294679418262902, 0.20712702072041278, -0.8698643752343853, 0.08014945928561268, -0.7416264326591246, 0.22912569270066396, -0.2726993059103242, 0.5355160686614915, -0.902931727160895, -0.7803637637643119, 0.36804643024725525, 0.029307394167312983, 0.1432827432294983, 0.6874139879813108, -0.024524721700651453, 0.6202888442522898, 0.020487258589880097, 0.8534413864805024, 0.333855543079252, -0.7025463211318861, -0.27089364934848836, 0.7315498318881986, -0.29942957828896866, -0.6219484810876903, -0.0547573816684539, -0.21443765035574014, 0.23785985328818726, -0.12646741612097356, -0.47815568541100895, -0.17505557667448635, -0.16193193089539926, 0.8048437117522818, 0.9592325240809707, 0.24713767881382775, -0.8336317548582777, 0.46599743519199, 0.357370804957968, 0.6520457340504391, -0.3050973265778887, -0.8822398116837538, 0.2236436329105842, -0.751970763373456, 0.5190590583266628, 0.5888466351532844, -0.18274642650020412, 0.8875950117660911, -0.6524404124894483, 0.8851716994539605]",rhc,relu,False,False,100,[10],0.1,100,15
1597,97,0.2544917000923306,1.7084557590806961,2367.0,100,15,"[0.9340596780273533, 0.09446449835144466, 0.9453687199297687, 0.4296319873487293, 0.3954576491945416, -0.5678210088392472, 0.9525489095524835, -0.9875394895908203, -0.4940352752331121, -0.13041693519110842, 0.5587658435875049, -0.6046298507994938, 0.7259864711984445, 0.9668013543506255, -0.6723155171906026, 0.19466788786571843, -0.98202780466489, -0.22685743471274122, -0.9116798841370009, 0.9133059354284718, -0.1277067062404047, 0.8979546135631256, 0.5726119718701219, 0.7325785971633969, -0.6536691570081037, -0.850102825973786, 0.2014854427555386, -0.6640556325631923, 0.4667603350211398, -0.18311227969597055, 0.05581764683584067, 0.875143167901884, 0.043392244889916, -0.7836132342255386, -0.6835531856304011, 0.09040530340642561, 0.04880816013694678, 0.2752204882519873, -0.1970091128194542, 0.2996102180386846, -0.20619999419653467, 0.24783222709644614, 0.5348099341802477, -0.6420521799177383, -0.24884846282491524, 0.005066118653868745, 0.3733341598326916, -0.4926407026772337, 0.10948172588511706, 0.24986168812819542, 0.7910023321122921, -0.27429282313374714, 0.2751141460374733, -0.6171071957620733, -0.004411770765388567, -0.6351091908575863, 0.8367660782795254, -0.13635585731754474, 0.6603762041966925, -0.16644739064327485, 0.8093351774867339, -0.19034956537818792, -0.33765099381775454, 0.14427754054549724, 0.6908872981882266, 0.7220286235061439, 0.19137623413666893, -0.8306767779591795, 0.19453321463834983, -0.5090925828337958, 0.46518689717993555, 0.7893025846334776, 0.0294679418262902, 0.20712702072041278, -0.8698643752343853, 0.08014945928561268, -0.7416264326591246, 0.22912569270066396, -0.2726993059103242, 0.5355160686614915, -0.902931727160895, -0.7803637637643119, 0.36804643024725525, 0.029307394167312983, 0.1432827432294983, 0.6874139879813108, -0.024524721700651453, 0.6202888442522898, 0.020487258589880097, 0.8534413864805024, 0.333855543079252, -0.7025463211318861, -0.27089364934848836, 0.7315498318881986, -0.29942957828896866, -0.6219484810876903, -0.0547573816684539, -0.21443765035574014, 0.23785985328818726, -0.12646741612097356, -0.47815568541100895, -0.17505557667448635, -0.16193193089539926, 0.8048437117522818, 0.9592325240809707, 0.24713767881382775, -0.8336317548582777, 0.46599743519199, 0.357370804957968, 0.6520457340504391, -0.3050973265778887, -0.8822398116837538, 0.2236436329105842, -0.751970763373456, 0.5190590583266628, 0.5888466351532844, -0.18274642650020412, 0.8875950117660911, -0.6524404124894483, 0.8851716994539605]",rhc,relu,False,False,100,[10],0.1,100,15
1598,98,0.25626020005438477,1.7061007993269477,2369.0,100,15,"[0.9340596780273533, 0.09446449835144466, 0.9453687199297687, 0.4296319873487293, 0.3954576491945416, -0.5678210088392472, 0.9525489095524835, -0.9875394895908203, -0.4940352752331121, -0.13041693519110842, 0.5587658435875049, -0.6046298507994938, 0.7259864711984445, 0.9668013543506255, -0.6723155171906026, 0.19466788786571843, -0.98202780466489, -0.22685743471274122, -0.9116798841370009, 0.9133059354284718, -0.1277067062404047, 0.8979546135631256, 0.5726119718701219, 0.7325785971633969, -0.6536691570081037, -0.850102825973786, 0.2014854427555386, -0.6640556325631923, 0.4667603350211398, -0.18311227969597055, 0.05581764683584067, 0.875143167901884, 0.043392244889916, -0.7836132342255386, -0.6835531856304011, 0.09040530340642561, 0.04880816013694678, 0.2752204882519873, -0.1970091128194542, 0.2996102180386846, -0.20619999419653467, 0.24783222709644614, 0.5348099341802477, -0.6420521799177383, -0.24884846282491524, 0.005066118653868745, 0.3733341598326916, -0.4926407026772337, 0.10948172588511706, 0.24986168812819542, 0.7910023321122921, -0.27429282313374714, 0.2751141460374733, -0.6171071957620733, -0.004411770765388567, -0.6351091908575863, 0.8367660782795254, -0.13635585731754474, 0.6603762041966925, -0.16644739064327485, 0.8093351774867339, -0.19034956537818792, -0.33765099381775454, 0.14427754054549724, 0.6908872981882266, 0.7220286235061439, 0.19137623413666893, -0.8306767779591795, 0.19453321463834983, -0.5090925828337958, 0.46518689717993555, 0.7893025846334776, 0.0294679418262902, 0.20712702072041278, -0.8698643752343853, 0.08014945928561268, -0.7416264326591246, 0.22912569270066396, -0.2726993059103242, 0.5355160686614915, -0.902931727160895, -0.7803637637643119, 0.36804643024725525, 0.029307394167312983, 0.1432827432294983, 0.6874139879813108, -0.024524721700651453, 0.6202888442522898, 0.020487258589880097, 0.8534413864805024, 0.333855543079252, -0.7025463211318861, -0.27089364934848836, 0.7315498318881986, -0.29942957828896866, -0.6219484810876903, -0.0547573816684539, -0.21443765035574014, 0.23785985328818726, -0.12646741612097356, -0.47815568541100895, -0.17505557667448635, -0.16193193089539926, 0.8048437117522818, 0.9592325240809707, 0.24713767881382775, -0.8336317548582777, 0.46599743519199, 0.357370804957968, 0.6520457340504391, -0.3050973265778887, -0.8822398116837538, 0.2236436329105842, -0.751970763373456, 0.5190590583266628, 0.5888466351532844, -0.18274642650020412, 0.8875950117660911, -0.6524404124894483, 0.8851716994539605]",rhc,relu,False,False,100,[10],0.1,100,15
1599,99,0.2595394999952987,1.6862995833784993,2371.0,100,15,"[0.9340596780273533, 0.09446449835144466, 0.9453687199297687, 0.4296319873487293, 0.3954576491945416, -0.5678210088392472, 0.9525489095524835, -0.9875394895908203, -0.4940352752331121, -0.13041693519110842, 0.5587658435875049, -0.6046298507994938, 0.7259864711984445, 0.9668013543506255, -0.6723155171906026, 0.19466788786571843, -0.98202780466489, -0.22685743471274122, -0.9116798841370009, 0.9133059354284718, -0.1277067062404047, 0.8979546135631256, 0.5726119718701219, 0.7325785971633969, -0.6536691570081037, -0.850102825973786, 0.2014854427555386, -0.6640556325631923, 0.4667603350211398, -0.18311227969597055, 0.05581764683584067, 0.875143167901884, 0.043392244889916, -0.7836132342255386, -0.6835531856304011, 0.09040530340642561, 0.04880816013694678, 0.2752204882519873, -0.1970091128194542, 0.2996102180386846, -0.20619999419653467, 0.24783222709644614, 0.5348099341802477, -0.6420521799177383, -0.24884846282491524, 0.005066118653868745, 0.3733341598326916, -0.4926407026772337, 0.10948172588511706, 0.24986168812819542, 0.7910023321122921, -0.27429282313374714, 0.2751141460374733, -0.6171071957620733, -0.004411770765388567, -0.6351091908575863, 0.8367660782795254, -0.13635585731754474, 0.6603762041966925, -0.16644739064327485, 0.8093351774867339, -0.19034956537818792, -0.33765099381775454, 0.14427754054549724, 0.6908872981882266, 0.7220286235061439, 0.19137623413666893, -0.8306767779591795, 0.19453321463834983, -0.5090925828337958, 0.46518689717993555, 0.7893025846334776, 0.0294679418262902, 0.20712702072041278, -0.8698643752343853, 0.08014945928561268, -0.7416264326591246, 0.22912569270066396, -0.2726993059103242, 0.5355160686614915, -0.902931727160895, -0.7803637637643119, 0.36804643024725525, 0.029307394167312983, 0.1432827432294983, 0.6874139879813108, -0.024524721700651453, 0.6202888442522898, 0.020487258589880097, 0.8534413864805024, 0.333855543079252, -0.7025463211318861, -0.27089364934848836, 0.7315498318881986, -0.29942957828896866, -0.6219484810876903, -0.0547573816684539, -0.21443765035574014, 0.23785985328818726, -0.12646741612097356, -0.47815568541100895, -0.17505557667448635, -0.16193193089539926, 0.8048437117522818, 0.9592325240809707, 0.24713767881382775, -0.8336317548582777, 0.46599743519199, 0.357370804957968, 0.6520457340504391, -0.3050973265778887, -0.8822398116837538, 0.2236436329105842, -0.751970763373456, 0.5190590583266628, 0.5888466351532844, -0.18274642650020412, 0.8875950117660911, -0.6524404124894483, 0.8851716994539605]",rhc,relu,False,False,100,[10],0.1,100,15
1600,100,0.26120120007544756,1.6862995833784993,2372.0,100,15,"[0.9340596780273533, 0.09446449835144466, 0.9453687199297687, 0.4296319873487293, 0.3954576491945416, -0.5678210088392472, 0.9525489095524835, -0.9875394895908203, -0.4940352752331121, -0.13041693519110842, 0.5587658435875049, -0.6046298507994938, 0.7259864711984445, 0.9668013543506255, -0.6723155171906026, 0.19466788786571843, -0.98202780466489, -0.22685743471274122, -0.9116798841370009, 0.9133059354284718, -0.1277067062404047, 0.8979546135631256, 0.5726119718701219, 0.7325785971633969, -0.6536691570081037, -0.850102825973786, 0.2014854427555386, -0.6640556325631923, 0.4667603350211398, -0.18311227969597055, 0.05581764683584067, 0.875143167901884, 0.043392244889916, -0.7836132342255386, -0.6835531856304011, 0.09040530340642561, 0.04880816013694678, 0.2752204882519873, -0.1970091128194542, 0.2996102180386846, -0.20619999419653467, 0.24783222709644614, 0.5348099341802477, -0.6420521799177383, -0.24884846282491524, 0.005066118653868745, 0.3733341598326916, -0.4926407026772337, 0.10948172588511706, 0.24986168812819542, 0.7910023321122921, -0.27429282313374714, 0.2751141460374733, -0.6171071957620733, -0.004411770765388567, -0.6351091908575863, 0.8367660782795254, -0.13635585731754474, 0.6603762041966925, -0.16644739064327485, 0.8093351774867339, -0.19034956537818792, -0.33765099381775454, 0.14427754054549724, 0.6908872981882266, 0.7220286235061439, 0.19137623413666893, -0.8306767779591795, 0.19453321463834983, -0.5090925828337958, 0.46518689717993555, 0.7893025846334776, 0.0294679418262902, 0.20712702072041278, -0.8698643752343853, 0.08014945928561268, -0.7416264326591246, 0.22912569270066396, -0.2726993059103242, 0.5355160686614915, -0.902931727160895, -0.7803637637643119, 0.36804643024725525, 0.029307394167312983, 0.1432827432294983, 0.6874139879813108, -0.024524721700651453, 0.6202888442522898, 0.020487258589880097, 0.8534413864805024, 0.333855543079252, -0.7025463211318861, -0.27089364934848836, 0.7315498318881986, -0.29942957828896866, -0.6219484810876903, -0.0547573816684539, -0.21443765035574014, 0.23785985328818726, -0.12646741612097356, -0.47815568541100895, -0.17505557667448635, -0.16193193089539926, 0.8048437117522818, 0.9592325240809707, 0.24713767881382775, -0.8336317548582777, 0.46599743519199, 0.357370804957968, 0.6520457340504391, -0.3050973265778887, -0.8822398116837538, 0.2236436329105842, -0.751970763373456, 0.5190590583266628, 0.5888466351532844, -0.18274642650020412, 0.8875950117660911, -0.6524404124894483, 0.8851716994539605]",rhc,relu,False,False,100,[10],0.1,100,15
12, 0.8875950117660911, -0.6524404124894483, 0.8851716994539605]",rhc,relu,False,False,100,[10],0.1,100,15
